evaluation number	reward	policy entropy
0	2.7182817459106445	69.48726654052734
0	2.7182817459106445	70.65461730957031
0	2.7182817459106445	70.61050415039062
0	0.031363002955913544	70.32789611816406
0	0.025261931121349335	70.55989837646484
0	2.7182817459106445	70.51220703125
0	2.7182817459106445	70.32231140136719
0	2.7182817459106445	70.32231140136719
0	2.7182817459106445	70.32231140136719
0	2.7182817459106445	70.32231140136719
0	2.7182817459106445	70.32231140136719
0	2.7182817459106445	70.32231140136719
0	2.7182817459106445	70.32231140136719
0	2.7182817459106445	70.32231140136719
0	2.7182817459106445	70.32231140136719
0	2.7182817459106445	70.32231140136719
0	2.7182817459106445	70.32231140136719
0	2.7182817459106445	70.32231140136719
0	2.7182817459106445	70.32231140136719
0	2.7182817459106445	70.32231140136719
0	2.7182817459106445	70.32231140136719
0	2.7182817459106445	70.32231140136719
0	2.7182817459106445	70.32231140136719
0	2.7182817459106445	70.32231140136719
0	2.7182817459106445	70.32231140136719
0	2.7182817459106445	70.32231140136719
0	2.7182817459106445	70.32231140136719
0	2.7182817459106445	70.32231140136719
0	2.7182817459106445	70.32231140136719
0	2.7182817459106445	70.32231140136719
0	2.7182817459106445	70.32231140136719
0	2.7182817459106445	70.32231140136719
0	2.7182817459106445	70.32231140136719
0	2.7182817459106445	70.32231140136719
0	2.7182817459106445	70.32231140136719
0	2.7182817459106445	70.32231140136719
0	2.7182817459106445	70.32231140136719
0	2.7182817459106445	70.32231140136719
0	2.7182817459106445	70.32231140136719
0	2.7182817459106445	70.32231140136719
0	2.7182817459106445	70.32231140136719
0	2.7182817459106445	70.32231140136719
0	2.7182817459106445	70.32231140136719
0	2.7182817459106445	70.32231140136719
0	2.7182817459106445	70.32231140136719
0	2.7182817459106445	70.32231140136719
0	2.7182817459106445	70.32231140136719
0	2.7182817459106445	70.32231140136719
0	2.7182817459106445	70.32231140136719
0	2.7182817459106445	70.32231140136719
1	2.7182817459106445	0.008831055834889412
1	2.7182817459106445	0.012841179966926575
1	2.7182817459106445	0.012841179966926575
1	2.7182817459106445	0.012841179966926575
1	2.7182817459106445	0.012841179966926575
1	2.7182817459106445	0.012841179966926575
1	2.7182817459106445	0.012841179966926575
1	2.7182817459106445	0.012841179966926575
1	2.7182817459106445	0.012841179966926575
1	2.7182817459106445	0.012841179966926575
1	2.7182817459106445	0.012841179966926575
1	2.7182817459106445	0.012841179966926575
1	2.7182817459106445	0.012841179966926575
1	2.7182817459106445	0.012841179966926575
1	2.7182817459106445	0.012841179966926575
1	2.7182817459106445	0.012841179966926575
1	2.7182817459106445	0.012841179966926575
1	2.7182817459106445	0.012841179966926575
1	2.7182817459106445	0.012841179966926575
1	2.7182817459106445	0.012841179966926575
1	2.7182817459106445	0.012841179966926575
1	2.7182817459106445	0.012841179966926575
1	2.7182817459106445	0.012841179966926575
1	2.7182817459106445	0.012841179966926575
1	2.7182817459106445	0.012841179966926575
1	2.7182817459106445	0.012841179966926575
1	2.7182817459106445	0.012841179966926575
1	2.7182817459106445	0.012841179966926575
1	2.7182817459106445	0.012841179966926575
1	2.7182817459106445	0.012841179966926575
1	2.7182817459106445	0.012841179966926575
1	2.7182817459106445	0.012841179966926575
1	2.7182817459106445	0.012841179966926575
1	2.7182817459106445	0.012841179966926575
1	2.7182817459106445	0.012841179966926575
1	2.7182817459106445	0.012841179966926575
1	2.7182817459106445	0.012841179966926575
1	2.7182817459106445	0.012841179966926575
1	2.7182817459106445	0.012841179966926575
1	2.7182817459106445	0.012841179966926575
1	2.7182817459106445	0.012841179966926575
1	2.7182817459106445	0.012841179966926575
1	2.7182817459106445	0.012841179966926575
1	2.7182817459106445	0.012841179966926575
1	2.7182817459106445	0.012841179966926575
1	2.7182817459106445	0.012841179966926575
1	2.7182817459106445	0.012841179966926575
1	2.7182817459106445	0.012841179966926575
1	2.7182817459106445	0.012841179966926575
1	2.7182817459106445	0.012841179966926575
2	2.7182817459106445	0.0018973193364217877
2	2.7182817459106445	0.0023258470464497805
2	2.7182817459106445	0.0023258470464497805
2	2.7182817459106445	0.0023258470464497805
2	2.7182817459106445	0.0023258470464497805
2	2.7182817459106445	0.0023258470464497805
2	2.7182817459106445	0.0023258470464497805
2	2.7182817459106445	0.0023258470464497805
2	2.7182817459106445	0.0023258470464497805
2	2.7182817459106445	0.0023258470464497805
2	2.7182817459106445	0.0023258470464497805
2	2.7182817459106445	0.0023258470464497805
2	2.7182817459106445	0.0023258470464497805
2	2.7182817459106445	0.0023258470464497805
2	2.7182817459106445	0.0023258470464497805
2	2.7182817459106445	0.0023258470464497805
2	2.7182817459106445	0.0023258470464497805
2	2.7182817459106445	0.0023258470464497805
2	2.7182817459106445	0.0023258470464497805
2	2.7182817459106445	0.0023258470464497805
2	2.7182817459106445	0.0023258470464497805
2	2.7182817459106445	0.0023258470464497805
2	2.7182817459106445	0.0023258470464497805
2	2.7182817459106445	0.0023258470464497805
2	2.7182817459106445	0.0023258470464497805
2	2.7182817459106445	0.0023258470464497805
2	2.7182817459106445	0.0023258470464497805
2	2.7182817459106445	0.0023258470464497805
2	2.7182817459106445	0.0023258470464497805
2	2.7182817459106445	0.0023258470464497805
2	2.7182817459106445	0.0023258470464497805
2	2.7182817459106445	0.0023258470464497805
2	2.7182817459106445	0.0023258470464497805
2	2.7182817459106445	0.0023258470464497805
2	2.7182817459106445	0.0023258470464497805
2	2.7182817459106445	0.0023258470464497805
2	2.7182817459106445	0.0023258470464497805
2	2.7182817459106445	0.0023258470464497805
2	2.7182817459106445	0.0023258470464497805
2	2.7182817459106445	0.0023258470464497805
2	2.7182817459106445	0.0023258470464497805
2	2.7182817459106445	0.0023258470464497805
2	2.7182817459106445	0.0023258470464497805
2	2.7182817459106445	0.0023258470464497805
2	2.7182817459106445	0.0023258470464497805
2	2.7182817459106445	0.0023258470464497805
2	2.7182817459106445	0.0023258470464497805
2	2.7182817459106445	0.0023258470464497805
2	2.7182817459106445	0.0023258470464497805
2	2.7182817459106445	0.0023258470464497805
3	2.7182817459106445	0.00011270313552813604
3	2.7182817459106445	0.00014348191325552762
3	2.7182817459106445	0.00014348191325552762
3	2.7182817459106445	0.00014348191325552762
3	2.7182817459106445	0.00014348191325552762
3	2.7182817459106445	0.00014348191325552762
3	2.7182817459106445	0.00014348191325552762
3	2.7182817459106445	0.00014348191325552762
3	2.7182817459106445	0.00014348191325552762
3	2.7182817459106445	0.00014348191325552762
3	2.7182817459106445	0.00014348191325552762
3	2.7182817459106445	0.00014348191325552762
3	2.7182817459106445	0.00014348191325552762
3	2.7182817459106445	0.00014348191325552762
3	2.7182817459106445	0.00014348191325552762
3	2.7182817459106445	0.00014348191325552762
3	2.7182817459106445	0.00014348191325552762
3	2.7182817459106445	0.00014348191325552762
3	2.7182817459106445	0.00014348191325552762
3	2.7182817459106445	0.00014348191325552762
3	2.7182817459106445	0.00014348191325552762
3	2.7182817459106445	0.00014348191325552762
3	2.7182817459106445	0.00014348191325552762
3	2.7182817459106445	0.00014348191325552762
3	2.7182817459106445	0.00014348191325552762
3	2.7182817459106445	0.00014348191325552762
3	2.7182817459106445	0.00014348191325552762
3	2.7182817459106445	0.00014348191325552762
3	2.7182817459106445	0.00014348191325552762
3	2.7182817459106445	0.00014348191325552762
3	2.7182817459106445	0.00014348191325552762
3	2.7182817459106445	0.00014348191325552762
3	2.7182817459106445	0.00014348191325552762
3	2.7182817459106445	0.00014348191325552762
3	2.7182817459106445	0.00014348191325552762
3	2.7182817459106445	0.00014348191325552762
3	2.7182817459106445	0.00014348191325552762
3	2.7182817459106445	0.00014348191325552762
3	2.7182817459106445	0.00014348191325552762
3	2.7182817459106445	0.00014348191325552762
3	2.7182817459106445	0.00014348191325552762
3	2.7182817459106445	0.00014348191325552762
3	2.7182817459106445	0.00014348191325552762
3	2.7182817459106445	0.00014348191325552762
3	2.7182817459106445	0.00014348191325552762
3	2.7182817459106445	0.00014348191325552762
3	2.7182817459106445	0.00014348191325552762
3	2.7182817459106445	0.00014348191325552762
3	2.7182817459106445	0.00014348191325552762
3	2.7182817459106445	0.00014348191325552762
4	2.7182817459106445	5.092026913189329e-05
4	2.7182817459106445	6.763984129065648e-05
4	2.7182817459106445	6.763984129065648e-05
4	2.7182817459106445	6.763984129065648e-05
4	2.7182817459106445	6.763984129065648e-05
4	2.7182817459106445	6.763984129065648e-05
4	2.7182817459106445	6.763984129065648e-05
4	2.7182817459106445	6.763984129065648e-05
4	2.7182817459106445	6.763984129065648e-05
4	2.7182817459106445	6.763984129065648e-05
4	2.7182817459106445	6.763984129065648e-05
4	2.7182817459106445	6.763984129065648e-05
4	2.7182817459106445	6.763984129065648e-05
4	2.7182817459106445	6.763984129065648e-05
4	2.7182817459106445	6.763984129065648e-05
4	2.7182817459106445	6.763984129065648e-05
4	2.7182817459106445	6.763984129065648e-05
4	2.7182817459106445	6.763984129065648e-05
4	2.7182817459106445	6.763984129065648e-05
4	2.7182817459106445	6.763984129065648e-05
4	2.7182817459106445	6.763984129065648e-05
4	2.7182817459106445	6.763984129065648e-05
4	2.7182817459106445	6.763984129065648e-05
4	2.7182817459106445	6.763984129065648e-05
4	2.7182817459106445	6.763984129065648e-05
4	2.7182817459106445	6.763984129065648e-05
4	2.7182817459106445	6.763984129065648e-05
4	2.7182817459106445	6.763984129065648e-05
4	2.7182817459106445	6.763984129065648e-05
4	2.7182817459106445	6.763984129065648e-05
4	2.7182817459106445	6.763984129065648e-05
4	2.7182817459106445	6.763984129065648e-05
4	2.7182817459106445	6.763984129065648e-05
4	2.7182817459106445	6.763984129065648e-05
4	2.7182817459106445	6.763984129065648e-05
4	2.7182817459106445	6.763984129065648e-05
4	2.7182817459106445	6.763984129065648e-05
4	2.7182817459106445	6.763984129065648e-05
4	2.7182817459106445	6.763984129065648e-05
4	2.7182817459106445	6.763984129065648e-05
4	2.7182817459106445	6.763984129065648e-05
4	2.7182817459106445	6.763984129065648e-05
4	2.7182817459106445	6.763984129065648e-05
4	2.7182817459106445	6.763984129065648e-05
4	2.7182817459106445	6.763984129065648e-05
4	2.7182817459106445	6.763984129065648e-05
4	2.7182817459106445	6.763984129065648e-05
4	2.7182817459106445	6.763984129065648e-05
4	2.7182817459106445	6.763984129065648e-05
4	2.7182817459106445	6.763984129065648e-05
5	2.7182817459106445	3.724035923369229e-05
5	2.7182817459106445	4.83199764858e-05
5	2.7182817459106445	4.83199764858e-05
5	2.7182817459106445	4.83199764858e-05
5	2.7182817459106445	4.83199764858e-05
5	2.7182817459106445	4.83199764858e-05
5	2.7182817459106445	4.83199764858e-05
5	2.7182817459106445	4.83199764858e-05
5	2.7182817459106445	4.83199764858e-05
5	2.7182817459106445	4.83199764858e-05
5	2.7182817459106445	4.83199764858e-05
5	2.7182817459106445	4.83199764858e-05
5	2.7182817459106445	4.83199764858e-05
5	2.7182817459106445	4.83199764858e-05
5	2.7182817459106445	4.83199764858e-05
5	2.7182817459106445	4.83199764858e-05
5	2.7182817459106445	4.83199764858e-05
5	2.7182817459106445	4.83199764858e-05
5	2.7182817459106445	4.83199764858e-05
5	2.7182817459106445	4.83199764858e-05
5	2.7182817459106445	4.83199764858e-05
5	2.7182817459106445	4.83199764858e-05
5	2.7182817459106445	4.83199764858e-05
5	2.7182817459106445	4.83199764858e-05
5	2.7182817459106445	4.83199764858e-05
5	2.7182817459106445	4.83199764858e-05
5	2.7182817459106445	4.83199764858e-05
5	2.7182817459106445	4.83199764858e-05
5	2.7182817459106445	4.83199764858e-05
5	2.7182817459106445	4.83199764858e-05
5	2.7182817459106445	4.83199764858e-05
5	2.7182817459106445	4.83199764858e-05
5	2.7182817459106445	4.83199764858e-05
5	2.7182817459106445	4.83199764858e-05
5	2.7182817459106445	4.83199764858e-05
5	2.7182817459106445	4.83199764858e-05
5	2.7182817459106445	4.83199764858e-05
5	2.7182817459106445	4.83199764858e-05
5	2.7182817459106445	4.83199764858e-05
5	2.7182817459106445	4.83199764858e-05
5	2.7182817459106445	4.83199764858e-05
5	2.7182817459106445	4.83199764858e-05
5	2.7182817459106445	4.83199764858e-05
5	2.7182817459106445	4.83199764858e-05
5	2.7182817459106445	4.83199764858e-05
5	2.7182817459106445	4.83199764858e-05
5	2.7182817459106445	4.83199764858e-05
5	2.7182817459106445	4.83199764858e-05
5	2.7182817459106445	4.83199764858e-05
5	2.7182817459106445	4.83199764858e-05
6	2.7182817459106445	6.027790732332505e-06
6	2.7182817459106445	9.77222589426674e-06
6	2.7182817459106445	9.77222589426674e-06
6	2.7182817459106445	9.77222589426674e-06
6	2.7182817459106445	9.77222589426674e-06
6	2.7182817459106445	9.77222589426674e-06
6	2.7182817459106445	9.77222589426674e-06
6	2.7182817459106445	9.77222589426674e-06
6	2.7182817459106445	9.77222589426674e-06
6	2.7182817459106445	9.77222589426674e-06
6	2.7182817459106445	9.77222589426674e-06
6	2.7182817459106445	9.77222589426674e-06
6	2.7182817459106445	9.77222589426674e-06
6	2.7182817459106445	9.77222589426674e-06
6	2.7182817459106445	9.77222589426674e-06
6	2.7182817459106445	9.77222589426674e-06
6	2.7182817459106445	9.77222589426674e-06
6	2.7182817459106445	9.77222589426674e-06
6	2.7182817459106445	9.77222589426674e-06
6	2.7182817459106445	9.77222589426674e-06
6	2.7182817459106445	9.77222589426674e-06
6	2.7182817459106445	9.77222589426674e-06
6	2.7182817459106445	9.77222589426674e-06
6	2.7182817459106445	9.77222589426674e-06
6	2.7182817459106445	9.77222589426674e-06
6	2.7182817459106445	9.77222589426674e-06
6	2.7182817459106445	9.77222589426674e-06
6	2.7182817459106445	9.77222589426674e-06
6	2.7182817459106445	9.77222589426674e-06
6	2.7182817459106445	9.77222589426674e-06
6	2.7182817459106445	9.77222589426674e-06
6	2.7182817459106445	9.77222589426674e-06
6	2.7182817459106445	9.77222589426674e-06
6	2.7182817459106445	9.77222589426674e-06
6	2.7182817459106445	9.77222589426674e-06
6	2.7182817459106445	9.77222589426674e-06
6	2.7182817459106445	9.77222589426674e-06
6	2.7182817459106445	9.77222589426674e-06
6	2.7182817459106445	9.77222589426674e-06
6	2.7182817459106445	9.77222589426674e-06
6	2.7182817459106445	9.77222589426674e-06
6	2.7182817459106445	9.77222589426674e-06
6	2.7182817459106445	9.77222589426674e-06
6	2.7182817459106445	9.77222589426674e-06
6	2.7182817459106445	9.77222589426674e-06
6	2.7182817459106445	9.77222589426674e-06
6	2.7182817459106445	9.77222589426674e-06
6	2.7182817459106445	9.77222589426674e-06
6	2.7182817459106445	9.77222589426674e-06
6	2.7182817459106445	9.77222589426674e-06
7	2.7182817459106445	4.013973011751659e-06
7	2.7182817459106445	5.938996764598414e-06
7	2.7182817459106445	5.938996764598414e-06
7	2.7182817459106445	5.938996764598414e-06
7	2.7182817459106445	5.938996764598414e-06
7	2.7182817459106445	5.938996764598414e-06
7	2.7182817459106445	5.938996764598414e-06
7	2.7182817459106445	5.938996764598414e-06
7	2.7182817459106445	5.938996764598414e-06
7	2.7182817459106445	5.938996764598414e-06
7	2.7182817459106445	5.938996764598414e-06
7	2.7182817459106445	5.938996764598414e-06
7	2.7182817459106445	5.938996764598414e-06
7	2.7182817459106445	5.938996764598414e-06
7	2.7182817459106445	5.938996764598414e-06
7	2.7182817459106445	5.938996764598414e-06
7	2.7182817459106445	5.938996764598414e-06
7	2.7182817459106445	5.938996764598414e-06
7	2.7182817459106445	5.938996764598414e-06
7	2.7182817459106445	5.938996764598414e-06
7	2.7182817459106445	5.938996764598414e-06
7	2.7182817459106445	5.938996764598414e-06
7	2.7182817459106445	5.938996764598414e-06
7	2.7182817459106445	5.938996764598414e-06
7	2.7182817459106445	5.938996764598414e-06
7	2.7182817459106445	5.938996764598414e-06
7	2.7182817459106445	5.938996764598414e-06
7	2.7182817459106445	5.938996764598414e-06
7	2.7182817459106445	5.938996764598414e-06
7	2.7182817459106445	5.938996764598414e-06
7	2.7182817459106445	5.938996764598414e-06
7	2.7182817459106445	5.938996764598414e-06
7	2.7182817459106445	5.938996764598414e-06
7	2.7182817459106445	5.938996764598414e-06
7	2.7182817459106445	5.938996764598414e-06
7	2.7182817459106445	5.938996764598414e-06
7	2.7182817459106445	5.938996764598414e-06
7	2.7182817459106445	5.938996764598414e-06
7	2.7182817459106445	5.938996764598414e-06
7	2.7182817459106445	5.938996764598414e-06
7	2.7182817459106445	5.938996764598414e-06
7	2.7182817459106445	5.938996764598414e-06
7	2.7182817459106445	5.938996764598414e-06
7	2.7182817459106445	5.938996764598414e-06
7	2.7182817459106445	5.938996764598414e-06
7	2.7182817459106445	5.938996764598414e-06
7	2.7182817459106445	5.938996764598414e-06
7	2.7182817459106445	5.938996764598414e-06
7	2.7182817459106445	5.938996764598414e-06
7	2.7182817459106445	5.938996764598414e-06
8	2.7182817459106445	1.0630569846625804e-07
8	2.7182817459106445	2.0519619283732027e-06
8	2.7182817459106445	2.0519619283732027e-06
8	2.7182817459106445	2.0519619283732027e-06
8	2.7182817459106445	2.0519619283732027e-06
8	2.7182817459106445	2.0519619283732027e-06
8	2.7182817459106445	2.0519619283732027e-06
8	2.7182817459106445	2.0519619283732027e-06
8	2.7182817459106445	2.0519619283732027e-06
8	2.7182817459106445	2.0519619283732027e-06
8	2.7182817459106445	2.0519619283732027e-06
8	2.7182817459106445	2.0519619283732027e-06
8	2.7182817459106445	2.0519619283732027e-06
8	2.7182817459106445	2.0519619283732027e-06
8	2.7182817459106445	2.0519619283732027e-06
8	2.7182817459106445	2.0519619283732027e-06
8	2.7182817459106445	2.0519619283732027e-06
8	2.7182817459106445	2.0519619283732027e-06
8	2.7182817459106445	2.0519619283732027e-06
8	2.7182817459106445	2.0519619283732027e-06
8	2.7182817459106445	2.0519619283732027e-06
8	2.7182817459106445	2.0519619283732027e-06
8	2.7182817459106445	2.0519619283732027e-06
8	2.7182817459106445	2.0519619283732027e-06
8	2.7182817459106445	2.0519619283732027e-06
8	2.7182817459106445	2.0519619283732027e-06
8	2.7182817459106445	2.0519619283732027e-06
8	2.7182817459106445	2.0519619283732027e-06
8	2.7182817459106445	2.0519619283732027e-06
8	2.7182817459106445	2.0519619283732027e-06
8	2.7182817459106445	2.0519619283732027e-06
8	2.7182817459106445	2.0519619283732027e-06
8	2.7182817459106445	2.0519619283732027e-06
8	2.7182817459106445	2.0519619283732027e-06
8	2.7182817459106445	2.0519619283732027e-06
8	2.7182817459106445	2.0519619283732027e-06
8	2.7182817459106445	2.0519619283732027e-06
8	2.7182817459106445	2.0519619283732027e-06
8	2.7182817459106445	2.0519619283732027e-06
8	2.7182817459106445	2.0519619283732027e-06
8	2.7182817459106445	2.0519619283732027e-06
8	2.7182817459106445	2.0519619283732027e-06
8	2.7182817459106445	2.0519619283732027e-06
8	2.7182817459106445	2.0519619283732027e-06
8	2.7182817459106445	2.0519619283732027e-06
8	2.7182817459106445	2.0519619283732027e-06
8	2.7182817459106445	2.0519619283732027e-06
8	2.7182817459106445	2.0519619283732027e-06
8	2.7182817459106445	2.0519619283732027e-06
8	2.7182817459106445	2.0519619283732027e-06
9	2.7182817459106445	3.921412371710176e-06
9	2.7182817459106445	3.9602527976967394e-06
9	2.7182817459106445	3.9602527976967394e-06
9	2.7182817459106445	3.9602527976967394e-06
9	2.7182817459106445	3.9602527976967394e-06
9	2.7182817459106445	3.9602527976967394e-06
9	2.7182817459106445	3.9602527976967394e-06
9	2.7182817459106445	3.9602527976967394e-06
9	2.7182817459106445	3.9602527976967394e-06
9	2.7182817459106445	3.9602527976967394e-06
9	2.7182817459106445	3.9602527976967394e-06
9	2.7182817459106445	3.9602527976967394e-06
9	2.7182817459106445	3.9602527976967394e-06
9	2.7182817459106445	3.9602527976967394e-06
9	2.7182817459106445	3.9602527976967394e-06
9	2.7182817459106445	3.9602527976967394e-06
9	2.7182817459106445	3.9602527976967394e-06
9	2.7182817459106445	3.9602527976967394e-06
9	2.7182817459106445	3.9602527976967394e-06
9	2.7182817459106445	3.9602527976967394e-06
9	2.7182817459106445	3.9602527976967394e-06
9	2.7182817459106445	3.9602527976967394e-06
9	2.7182817459106445	3.9602527976967394e-06
9	2.7182817459106445	3.9602527976967394e-06
9	2.7182817459106445	3.9602527976967394e-06
9	2.7182817459106445	3.9602527976967394e-06
9	2.7182817459106445	3.9602527976967394e-06
9	2.7182817459106445	3.9602527976967394e-06
9	2.7182817459106445	3.9602527976967394e-06
9	2.7182817459106445	3.9602527976967394e-06
9	2.7182817459106445	3.9602527976967394e-06
9	2.7182817459106445	3.9602527976967394e-06
9	2.7182817459106445	3.9602527976967394e-06
9	2.7182817459106445	3.9602527976967394e-06
9	2.7182817459106445	3.9602527976967394e-06
9	2.7182817459106445	3.9602527976967394e-06
9	2.7182817459106445	3.9602527976967394e-06
9	2.7182817459106445	3.9602527976967394e-06
9	2.7182817459106445	3.9602527976967394e-06
9	2.7182817459106445	3.9602527976967394e-06
9	2.7182817459106445	3.9602527976967394e-06
9	2.7182817459106445	3.9602527976967394e-06
9	2.7182817459106445	3.9602527976967394e-06
9	2.7182817459106445	3.9602527976967394e-06
9	2.7182817459106445	3.9602527976967394e-06
9	2.7182817459106445	3.9602527976967394e-06
9	2.7182817459106445	3.9602527976967394e-06
9	2.7182817459106445	3.9602527976967394e-06
9	2.7182817459106445	3.9602527976967394e-06
9	2.7182817459106445	3.9602527976967394e-06
10	2.7182817459106445	3.922859377780696e-06
10	2.7182817459106445	4.916385478281882e-06
10	2.7182817459106445	4.916385478281882e-06
10	2.7182817459106445	4.916385478281882e-06
10	2.7182817459106445	4.916385478281882e-06
10	2.7182817459106445	4.916385478281882e-06
10	2.7182817459106445	4.916385478281882e-06
10	2.7182817459106445	4.916385478281882e-06
10	2.7182817459106445	4.916385478281882e-06
10	2.7182817459106445	4.916385478281882e-06
10	2.7182817459106445	4.916385478281882e-06
10	2.7182817459106445	4.916385478281882e-06
10	2.7182817459106445	4.916385478281882e-06
10	2.7182817459106445	4.916385478281882e-06
10	2.7182817459106445	4.916385478281882e-06
10	2.7182817459106445	4.916385478281882e-06
10	2.7182817459106445	4.916385478281882e-06
10	2.7182817459106445	4.916385478281882e-06
10	2.7182817459106445	4.916385478281882e-06
10	2.7182817459106445	4.916385478281882e-06
10	2.7182817459106445	4.916385478281882e-06
10	2.7182817459106445	4.916385478281882e-06
10	2.7182817459106445	4.916385478281882e-06
10	2.7182817459106445	4.916385478281882e-06
10	2.7182817459106445	4.916385478281882e-06
10	2.7182817459106445	4.916385478281882e-06
10	2.7182817459106445	4.916385478281882e-06
10	2.7182817459106445	4.916385478281882e-06
10	2.7182817459106445	4.916385478281882e-06
10	2.7182817459106445	4.916385478281882e-06
10	2.7182817459106445	4.916385478281882e-06
10	2.7182817459106445	4.916385478281882e-06
10	2.7182817459106445	4.916385478281882e-06
10	2.7182817459106445	4.916385478281882e-06
10	2.7182817459106445	4.916385478281882e-06
10	2.7182817459106445	4.916385478281882e-06
10	2.7182817459106445	4.916385478281882e-06
10	2.7182817459106445	4.916385478281882e-06
10	2.7182817459106445	4.916385478281882e-06
10	2.7182817459106445	4.916385478281882e-06
10	2.7182817459106445	4.916385478281882e-06
10	2.7182817459106445	4.916385478281882e-06
10	2.7182817459106445	4.916385478281882e-06
10	2.7182817459106445	4.916385478281882e-06
10	2.7182817459106445	4.916385478281882e-06
10	2.7182817459106445	4.916385478281882e-06
10	2.7182817459106445	4.916385478281882e-06
10	2.7182817459106445	4.916385478281882e-06
10	2.7182817459106445	4.916385478281882e-06
10	2.7182817459106445	4.916385478281882e-06
