# num_workers = 11
# num_cells = 256
# seed_for_environment = 89463095
# lr = 0.0003
# max_grad_norm = 1.0
# eval_rollout_length = 30
# scaling_factor = 100
# frames_per_batch = 500
# sub_batch_size = 64
# num_epochs = 15
# clip_epsilon = 0.2
# gamma = 0.99
# lmbda = 0.95
# entropy_eps = 0.03
# env_reward_engineering = True
# env_minimum_number_of_qubits = 16
# log_name = experiment_21_18_seed_89463095.txt
# env_error_range = geometric5
# env_version = qecc/bbcode-ldpc-v0
# env_bit_flipping = True
# env_l = 21
# env_m = 18
# env_use_dict_observation = True
# env_number_of_decoder_iterations = 50
# env_number_of_samples = 50
# env_code_logging = False
# env_reset_type = random3
# env_max_step = 30
# env_max_decoding_usage = 1073741824
# model_architecture = hybrid
# model_surrogate_model_path = /vol/bitbucket/osella/rl-qecc-data//supervisedLearning/sweep2/g5_ground_anch_H10_s3000.pth
# model_use_pretrained_encoder = True
# index_to_unfreeze_encoder_updates = 20
# encoder_lr_factor = 0.1
# training_device = cpu
# Resolved arguments:
# Resolved_env_reward_engineering = True
# Resolved_env_bit_flipping = True
# Resolved_env_useDictObservation = True
# Resolved_env_code_logging = False
# Resolved_env_max_step = 30
# Resolved_env_max_decoding_usage = 1073741824
# Resolved_env_reset_type = random3
# Resolved_env_error_range = [np.float64(0.001), np.float64(0.003162), np.float64(0.01), np.float64(0.031623), np.float64(0.1)]
# Resolved_model_use_pretrained_encoder = True
# Resolved_trainingDevice = cpu
# Resolved_model_architecture = hybrid
# Just for information, not used in actual run: SLURM CPUS queried from os environment: 12
# Number of workers: 11
# Does torch identify cuda: True
evaluation number	time	reward	time	policy entropy	time	policy entropy aX	time	policy entropy bX	time	policy entropy aY	time	policy entropy bY	time	Encoder freeze	time	preAction_aX	time	preAction_bX	time	preAction_aY	time	preAction_bY	time	preAction_k	time	postAction_aX	time	postAction_bX	time	postAction_aY	time	postAction_bY	time	postAction_k	time
0	2026-08-11_21-50-20	-0.875	2026-08-11_21-50-20	11.974271774291992	2026-08-11_21-50-20	3.0661017894744873	2026-08-11_21-50-20	3.0704004764556885	2026-08-11_21-50-20	2.921494245529175	2026-08-11_21-50-20	2.9162755012512207	2026-08-11_21-50-20	True	2026-08-11_21-50-20	[0 0 0 0 0 0 0 0 0 0 0 0 0 0 0 0 0 0 0 0 1]	2026-08-11_21-50-20	[1 0 0 0 0 0 0 0 0 0 0 0 0 0 1 1 0 0 0 0 0]	2026-08-11_21-50-20	[1 0 0 0 0 0 0 0 0 1 0 0 0 0 0 1 0 0]	2026-08-11_21-50-20	[0 1 0 0 0 0 0 1 0 0 1 0 0 0 0 0 0 0]	2026-08-11_21-50-20	[4]	2026-08-11_21-50-20	[0 1 0 0 0 0 0 0 0 0 0 0 0 0 0 0 0 0 0 0 1]	2026-08-11_21-50-20	[1 0 1 0 0 0 0 0 0 0 0 0 0 0 1 1 0 0 0 0 0]	2026-08-11_21-50-20	[1 0 0 0 0 0 0 0 0 1 0 0 0 0 0 1 0 1]	2026-08-11_21-50-20	[0 1 0 0 0 1 0 1 0 0 1 0 0 0 0 0 0 0]	2026-08-11_21-50-20	[2]	2026-08-11_21-50-20
0	2026-08-11_21-50-20	-0.75	2026-08-11_21-50-20	11.995553970336914	2026-08-11_21-50-20	3.0727503299713135	2026-08-11_21-50-20	3.077580690383911	2026-08-11_21-50-20	2.9223275184631348	2026-08-11_21-50-20	2.9228954315185547	2026-08-11_21-50-20	True	2026-08-11_21-50-20	[0 1 0 0 0 0 0 0 0 0 0 0 0 0 0 0 0 0 0 0 1]	2026-08-11_21-50-20	[1 0 1 0 0 0 0 0 0 0 0 0 0 0 1 1 0 0 0 0 0]	2026-08-11_21-50-20	[1 0 0 0 0 0 0 0 0 1 0 0 0 0 0 1 0 1]	2026-08-11_21-50-20	[0 1 0 0 0 1 0 1 0 0 1 0 0 0 0 0 0 0]	2026-08-11_21-50-20	[2]	2026-08-11_21-50-20	[0 1 0 0 0 0 0 0 0 0 0 0 1 0 0 0 0 0 0 0 1]	2026-08-11_21-50-20	[1 0 1 0 0 0 0 0 0 0 1 0 0 0 1 1 0 0 0 0 0]	2026-08-11_21-50-20	[1 0 0 0 0 0 0 0 0 1 0 0 0 0 0 1 0 0]	2026-08-11_21-50-20	[0 1 0 0 0 0 0 1 0 0 1 0 0 0 0 0 0 0]	2026-08-11_21-50-20	[4]	2026-08-11_21-50-20
0	2026-08-11_21-50-20	-0.875	2026-08-11_21-50-20	11.992637634277344	2026-08-11_21-50-20	3.071657657623291	2026-08-11_21-50-20	3.076397657394409	2026-08-11_21-50-20	2.92384934425354	2026-08-11_21-50-20	2.9207334518432617	2026-08-11_21-50-20	True	2026-08-11_21-50-20	[0 1 0 0 0 0 0 0 0 0 0 0 1 0 0 0 0 0 0 0 1]	2026-08-11_21-50-20	[1 0 1 0 0 0 0 0 0 0 1 0 0 0 1 1 0 0 0 0 0]	2026-08-11_21-50-20	[1 0 0 0 0 0 0 0 0 1 0 0 0 0 0 1 0 0]	2026-08-11_21-50-20	[0 1 0 0 0 0 0 1 0 0 1 0 0 0 0 0 0 0]	2026-08-11_21-50-20	[4]	2026-08-11_21-50-20	[0 1 0 0 0 0 0 0 0 0 0 0 0 0 0 0 0 0 0 0 1]	2026-08-11_21-50-20	[1 0 1 0 0 0 0 0 0 0 0 0 0 0 1 1 0 0 0 0 0]	2026-08-11_21-50-20	[1 0 1 0 0 0 0 0 0 1 0 0 0 0 0 1 0 0]	2026-08-11_21-50-20	[0 1 0 0 0 1 0 1 0 0 1 0 0 0 0 0 0 0]	2026-08-11_21-50-20	[2]	2026-08-11_21-50-20
0	2026-08-11_21-50-20	-0.875	2026-08-11_21-50-20	11.993833541870117	2026-08-11_21-50-20	3.0722134113311768	2026-08-11_21-50-20	3.076860189437866	2026-08-11_21-50-20	2.9219307899475098	2026-08-11_21-50-20	2.922828197479248	2026-08-11_21-50-20	True	2026-08-11_21-50-20	[0 1 0 0 0 0 0 0 0 0 0 0 0 0 0 0 0 0 0 0 1]	2026-08-11_21-50-20	[1 0 1 0 0 0 0 0 0 0 0 0 0 0 1 1 0 0 0 0 0]	2026-08-11_21-50-20	[1 0 1 0 0 0 0 0 0 1 0 0 0 0 0 1 0 0]	2026-08-11_21-50-20	[0 1 0 0 0 1 0 1 0 0 1 0 0 0 0 0 0 0]	2026-08-11_21-50-20	[2]	2026-08-11_21-50-20	[0 0 0 0 0 0 0 0 0 0 0 0 0 0 0 0 0 0 0 0 1]	2026-08-11_21-50-20	[1 0 0 0 0 0 0 0 0 0 0 0 0 0 1 1 0 0 0 0 0]	2026-08-11_21-50-20	[1 0 1 0 0 0 0 0 0 1 0 0 0 0 0 1 0 1]	2026-08-11_21-50-20	[0 1 0 0 0 0 0 1 0 0 1 0 0 0 0 0 0 0]	2026-08-11_21-50-20	[2]	2026-08-11_21-50-20
0	2026-08-11_21-50-20	-0.875	2026-08-11_21-50-20	11.974161148071289	2026-08-11_21-50-20	3.066114664077759	2026-08-11_21-50-20	3.073906183242798	2026-08-11_21-50-20	2.9199185371398926	2026-08-11_21-50-20	2.914222002029419	2026-08-11_21-50-20	True	2026-08-11_21-50-20	[0 0 0 0 0 0 0 0 0 0 0 0 0 0 0 0 0 0 0 0 1]	2026-08-11_21-50-20	[1 0 0 0 0 0 0 0 0 0 0 0 0 0 1 1 0 0 0 0 0]	2026-08-11_21-50-20	[1 0 1 0 0 0 0 0 0 1 0 0 0 0 0 1 0 1]	2026-08-11_21-50-20	[0 1 0 0 0 0 0 1 0 0 1 0 0 0 0 0 0 0]	2026-08-11_21-50-20	[2]	2026-08-11_21-50-20	[0 1 0 0 0 0 0 0 0 0 0 0 0 0 0 0 0 0 0 0 1]	2026-08-11_21-50-20	[1 0 0 0 0 0 0 0 0 0 1 0 0 0 1 1 0 0 0 0 0]	2026-08-11_21-50-20	[1 0 1 0 0 0 0 0 0 1 0 0 0 0 0 1 0 0]	2026-08-11_21-50-20	[0 1 0 0 0 1 0 1 0 0 1 0 0 0 0 0 0 0]	2026-08-11_21-50-20	[2]	2026-08-11_21-50-20
0	2026-08-11_21-50-20	-0.875	2026-08-11_21-50-20	11.989931106567383	2026-08-11_21-50-20	3.0683043003082275	2026-08-11_21-50-20	3.0748231410980225	2026-08-11_21-50-20	2.9242422580718994	2026-08-11_21-50-20	2.9225618839263916	2026-08-11_21-50-20	True	2026-08-11_21-50-20	[0 1 0 0 0 0 0 0 0 0 0 0 0 0 0 0 0 0 0 0 1]	2026-08-11_21-50-20	[1 0 0 0 0 0 0 0 0 0 1 0 0 0 1 1 0 0 0 0 0]	2026-08-11_21-50-20	[1 0 1 0 0 0 0 0 0 1 0 0 0 0 0 1 0 0]	2026-08-11_21-50-20	[0 1 0 0 0 1 0 1 0 0 1 0 0 0 0 0 0 0]	2026-08-11_21-50-20	[2]	2026-08-11_21-50-20	[0 0 0 0 0 0 0 0 0 0 0 0 0 0 0 0 0 0 0 0 1]	2026-08-11_21-50-20	[1 0 0 0 0 0 0 0 0 0 0 0 0 0 1 1 0 0 0 0 0]	2026-08-11_21-50-20	[1 0 1 0 0 0 0 0 0 1 0 0 0 0 0 1 0 1]	2026-08-11_21-50-20	[0 1 0 0 0 0 0 1 0 0 1 0 0 0 0 0 0 0]	2026-08-11_21-50-20	[2]	2026-08-11_21-50-20
0	2026-08-11_21-50-20	-0.875	2026-08-11_21-50-20	11.981301307678223	2026-08-11_21-50-20	3.0676422119140625	2026-08-11_21-50-20	3.075725555419922	2026-08-11_21-50-20	2.920523166656494	2026-08-11_21-50-20	2.9174108505249023	2026-08-11_21-50-20	True	2026-08-11_21-50-20	[0 0 0 0 0 0 0 0 0 0 0 0 0 0 0 0 0 0 0 0 1]	2026-08-11_21-50-20	[1 0 0 0 0 0 0 0 0 0 0 0 0 0 1 1 0 0 0 0 0]	2026-08-11_21-50-20	[1 0 1 0 0 0 0 0 0 1 0 0 0 0 0 1 0 1]	2026-08-11_21-50-20	[0 1 0 0 0 0 0 1 0 0 1 0 0 0 0 0 0 0]	2026-08-11_21-50-20	[2]	2026-08-11_21-50-20	[0 0 0 0 0 0 0 0 0 1 0 0 0 0 0 0 0 0 0 0 1]	2026-08-11_21-50-20	[1 0 1 0 0 0 0 0 0 0 0 0 0 0 1 1 0 0 0 0 0]	2026-08-11_21-50-20	[1 0 1 0 0 0 0 0 0 1 0 0 0 0 0 1 0 0]	2026-08-11_21-50-20	[0 1 0 0 0 1 0 1 0 0 1 0 0 0 0 0 0 0]	2026-08-11_21-50-20	[2]	2026-08-11_21-50-20
0	2026-08-11_21-50-20	-0.875	2026-08-11_21-50-20	11.987266540527344	2026-08-11_21-50-20	3.0706260204315186	2026-08-11_21-50-20	3.074300765991211	2026-08-11_21-50-20	2.9228086471557617	2026-08-11_21-50-20	2.9195308685302734	2026-08-11_21-50-20	True	2026-08-11_21-50-20	[0 0 0 0 0 0 0 0 0 1 0 0 0 0 0 0 0 0 0 0 1]	2026-08-11_21-50-20	[1 0 1 0 0 0 0 0 0 0 0 0 0 0 1 1 0 0 0 0 0]	2026-08-11_21-50-20	[1 0 1 0 0 0 0 0 0 1 0 0 0 0 0 1 0 0]	2026-08-11_21-50-20	[0 1 0 0 0 1 0 1 0 0 1 0 0 0 0 0 0 0]	2026-08-11_21-50-20	[2]	2026-08-11_21-50-20	[0 1 0 0 0 0 0 0 0 1 0 0 0 0 0 0 0 0 0 0 1]	2026-08-11_21-50-20	[1 0 1 0 0 0 0 0 0 0 1 0 0 0 1 1 0 0 0 0 0]	2026-08-11_21-50-20	[1 0 1 0 0 0 0 0 0 1 0 0 0 0 0 1 0 1]	2026-08-11_21-50-20	[0 1 0 0 0 0 0 1 0 0 1 0 0 0 0 0 0 0]	2026-08-11_21-50-20	[2]	2026-08-11_21-50-20
0	2026-08-11_21-50-20	-0.875	2026-08-11_21-50-20	11.994329452514648	2026-08-11_21-50-20	3.0709331035614014	2026-08-11_21-50-20	3.0750606060028076	2026-08-11_21-50-20	2.925837755203247	2026-08-11_21-50-20	2.922497510910034	2026-08-11_21-50-20	True	2026-08-11_21-50-20	[0 1 0 0 0 0 0 0 0 1 0 0 0 0 0 0 0 0 0 0 1]	2026-08-11_21-50-20	[1 0 1 0 0 0 0 0 0 0 1 0 0 0 1 1 0 0 0 0 0]	2026-08-11_21-50-20	[1 0 1 0 0 0 0 0 0 1 0 0 0 0 0 1 0 1]	2026-08-11_21-50-20	[0 1 0 0 0 0 0 1 0 0 1 0 0 0 0 0 0 0]	2026-08-11_21-50-20	[2]	2026-08-11_21-50-20	[0 1 0 0 0 0 0 0 0 1 0 0 1 0 0 0 0 0 0 0 1]	2026-08-11_21-50-20	[1 0 1 0 0 0 0 0 0 0 0 0 0 0 1 1 0 0 0 0 0]	2026-08-11_21-50-20	[1 0 1 0 0 0 0 0 0 1 0 0 0 0 0 1 0 0]	2026-08-11_21-50-20	[0 1 0 0 0 1 0 1 0 0 1 0 0 0 0 0 0 0]	2026-08-11_21-50-20	[2]	2026-08-11_21-50-20
0	2026-08-11_21-50-20	-0.875	2026-08-11_21-50-20	11.999567031860352	2026-08-11_21-50-20	3.0731170177459717	2026-08-11_21-50-20	3.0760817527770996	2026-08-11_21-50-20	2.9258737564086914	2026-08-11_21-50-20	2.9244942665100098	2026-08-11_21-50-20	True	2026-08-11_21-50-20	[0 1 0 0 0 0 0 0 0 1 0 0 1 0 0 0 0 0 0 0 1]	2026-08-11_21-50-20	[1 0 1 0 0 0 0 0 0 0 0 0 0 0 1 1 0 0 0 0 0]	2026-08-11_21-50-20	[1 0 1 0 0 0 0 0 0 1 0 0 0 0 0 1 0 0]	2026-08-11_21-50-20	[0 1 0 0 0 1 0 1 0 0 1 0 0 0 0 0 0 0]	2026-08-11_21-50-20	[2]	2026-08-11_21-50-20	[0 1 0 0 0 0 0 0 0 1 0 0 0 0 0 0 0 0 0 0 1]	2026-08-11_21-50-20	[1 0 1 0 0 0 0 0 0 0 1 0 0 0 1 1 0 0 0 0 0]	2026-08-11_21-50-20	[1 0 1 0 0 0 0 0 0 1 0 0 0 0 0 1 0 1]	2026-08-11_21-50-20	[0 1 0 0 0 0 0 1 0 0 1 0 0 0 0 0 0 0]	2026-08-11_21-50-20	[2]	2026-08-11_21-50-20
0	2026-08-11_21-50-20	-0.875	2026-08-11_21-50-20	11.992778778076172	2026-08-11_21-50-20	3.0711944103240967	2026-08-11_21-50-20	3.0752809047698975	2026-08-11_21-50-20	2.925349473953247	2026-08-11_21-50-20	2.9209532737731934	2026-08-11_21-50-20	True	2026-08-11_21-50-20	[0 1 0 0 0 0 0 0 0 1 0 0 0 0 0 0 0 0 0 0 1]	2026-08-11_21-50-20	[1 0 1 0 0 0 0 0 0 0 1 0 0 0 1 1 0 0 0 0 0]	2026-08-11_21-50-20	[1 0 1 0 0 0 0 0 0 1 0 0 0 0 0 1 0 1]	2026-08-11_21-50-20	[0 1 0 0 0 0 0 1 0 0 1 0 0 0 0 0 0 0]	2026-08-11_21-50-20	[2]	2026-08-11_21-50-20	[0 1 0 0 0 0 0 0 0 1 0 0 1 0 0 0 0 0 0 0 1]	2026-08-11_21-50-20	[1 0 1 0 0 0 0 0 0 0 0 0 0 0 1 1 0 0 0 0 0]	2026-08-11_21-50-20	[1 0 1 0 0 0 0 0 0 1 0 0 0 0 0 1 0 0]	2026-08-11_21-50-20	[0 1 0 0 0 1 0 1 0 0 1 0 0 0 0 0 0 0]	2026-08-11_21-50-20	[2]	2026-08-11_21-50-20
0	2026-08-11_21-50-20	-0.875	2026-08-11_21-50-20	11.993707656860352	2026-08-11_21-50-20	3.070101261138916	2026-08-11_21-50-20	3.0760385990142822	2026-08-11_21-50-20	2.923832416534424	2026-08-11_21-50-20	2.923734664916992	2026-08-11_21-50-20	True	2026-08-11_21-50-20	[0 1 0 0 0 0 0 0 0 1 0 0 1 0 0 0 0 0 0 0 1]	2026-08-11_21-50-20	[1 0 1 0 0 0 0 0 0 0 0 0 0 0 1 1 0 0 0 0 0]	2026-08-11_21-50-20	[1 0 1 0 0 0 0 0 0 1 0 0 0 0 0 1 0 0]	2026-08-11_21-50-20	[0 1 0 0 0 1 0 1 0 0 1 0 0 0 0 0 0 0]	2026-08-11_21-50-20	[2]	2026-08-11_21-50-20	[0 1 0 0 0 0 0 0 0 1 0 0 0 0 0 0 0 0 0 0 1]	2026-08-11_21-50-20	[1 0 1 0 0 0 0 0 0 0 1 0 0 0 1 1 0 0 0 0 0]	2026-08-11_21-50-20	[1 0 1 0 0 0 0 0 0 1 0 0 0 0 0 1 0 1]	2026-08-11_21-50-20	[0 1 0 0 0 0 0 1 0 0 1 0 0 0 0 0 0 0]	2026-08-11_21-50-20	[2]	2026-08-11_21-50-20
0	2026-08-11_21-50-20	-0.875	2026-08-11_21-50-20	11.994792938232422	2026-08-11_21-50-20	3.0713183879852295	2026-08-11_21-50-20	3.075482130050659	2026-08-11_21-50-20	2.9258615970611572	2026-08-11_21-50-20	2.922130584716797	2026-08-11_21-50-20	True	2026-08-11_21-50-20	[0 1 0 0 0 0 0 0 0 1 0 0 0 0 0 0 0 0 0 0 1]	2026-08-11_21-50-20	[1 0 1 0 0 0 0 0 0 0 1 0 0 0 1 1 0 0 0 0 0]	2026-08-11_21-50-20	[1 0 1 0 0 0 0 0 0 1 0 0 0 0 0 1 0 1]	2026-08-11_21-50-20	[0 1 0 0 0 0 0 1 0 0 1 0 0 0 0 0 0 0]	2026-08-11_21-50-20	[2]	2026-08-11_21-50-20	[0 1 0 0 0 0 0 0 0 1 0 0 1 0 0 0 0 0 0 0 1]	2026-08-11_21-50-20	[1 0 1 0 0 0 0 0 0 0 0 0 0 0 1 1 0 0 0 0 0]	2026-08-11_21-50-20	[1 0 1 0 0 0 0 0 0 1 0 0 0 0 0 1 0 0]	2026-08-11_21-50-20	[0 1 0 0 0 1 0 1 0 0 1 0 0 0 0 0 0 0]	2026-08-11_21-50-20	[2]	2026-08-11_21-50-20
0	2026-08-11_21-50-20	-0.875	2026-08-11_21-50-20	11.994047164916992	2026-08-11_21-50-20	3.0693514347076416	2026-08-11_21-50-20	3.0747976303100586	2026-08-11_21-50-20	2.925013303756714	2026-08-11_21-50-20	2.924884557723999	2026-08-11_21-50-20	True	2026-08-11_21-50-20	[0 1 0 0 0 0 0 0 0 1 0 0 1 0 0 0 0 0 0 0 1]	2026-08-11_21-50-20	[1 0 1 0 0 0 0 0 0 0 0 0 0 0 1 1 0 0 0 0 0]	2026-08-11_21-50-20	[1 0 1 0 0 0 0 0 0 1 0 0 0 0 0 1 0 0]	2026-08-11_21-50-20	[0 1 0 0 0 1 0 1 0 0 1 0 0 0 0 0 0 0]	2026-08-11_21-50-20	[2]	2026-08-11_21-50-20	[0 1 0 0 0 0 0 0 0 1 0 0 1 0 0 0 1 0 0 0 1]	2026-08-11_21-50-20	[1 0 1 0 0 0 0 0 0 0 1 0 0 0 1 1 0 0 0 0 0]	2026-08-11_21-50-20	[1 0 1 0 0 0 0 0 0 1 0 0 0 0 0 1 0 1]	2026-08-11_21-50-20	[0 1 0 0 0 0 0 1 0 0 1 0 0 0 0 0 0 0]	2026-08-11_21-50-20	[2]	2026-08-11_21-50-20
0	2026-08-11_21-50-20	-0.875	2026-08-11_21-50-20	11.994234085083008	2026-08-11_21-50-20	3.0701141357421875	2026-08-11_21-50-20	3.0748846530914307	2026-08-11_21-50-20	2.9258439540863037	2026-08-11_21-50-20	2.923391819000244	2026-08-11_21-50-20	True	2026-08-11_21-50-20	[0 1 0 0 0 0 0 0 0 1 0 0 1 0 0 0 1 0 0 0 1]	2026-08-11_21-50-20	[1 0 1 0 0 0 0 0 0 0 1 0 0 0 1 1 0 0 0 0 0]	2026-08-11_21-50-20	[1 0 1 0 0 0 0 0 0 1 0 0 0 0 0 1 0 1]	2026-08-11_21-50-20	[0 1 0 0 0 0 0 1 0 0 1 0 0 0 0 0 0 0]	2026-08-11_21-50-20	[2]	2026-08-11_21-50-20	[0 1 0 0 0 0 0 0 0 1 0 0 0 0 0 0 1 0 0 0 1]	2026-08-11_21-50-20	[1 0 1 0 0 0 0 0 0 0 0 0 0 0 1 1 0 0 0 0 0]	2026-08-11_21-50-20	[1 0 1 0 0 0 0 0 0 1 0 0 0 0 0 1 0 0]	2026-08-11_21-50-20	[0 1 0 0 0 1 0 1 0 0 1 0 0 0 0 0 0 0]	2026-08-11_21-50-20	[2]	2026-08-11_21-50-20
0	2026-08-11_21-50-20	-0.875	2026-08-11_21-50-20	11.994935035705566	2026-08-11_21-50-20	3.0720415115356445	2026-08-11_21-50-20	3.076101064682007	2026-08-11_21-50-20	2.922665596008301	2026-08-11_21-50-20	2.924126386642456	2026-08-11_21-50-20	True	2026-08-11_21-50-20	[0 1 0 0 0 0 0 0 0 1 0 0 0 0 0 0 1 0 0 0 1]	2026-08-11_21-50-20	[1 0 1 0 0 0 0 0 0 0 0 0 0 0 1 1 0 0 0 0 0]	2026-08-11_21-50-20	[1 0 1 0 0 0 0 0 0 1 0 0 0 0 0 1 0 0]	2026-08-11_21-50-20	[0 1 0 0 0 1 0 1 0 0 1 0 0 0 0 0 0 0]	2026-08-11_21-50-20	[2]	2026-08-11_21-50-20	[0 0 0 0 0 0 0 0 0 1 0 0 0 0 0 0 1 0 0 0 1]	2026-08-11_21-50-20	[1 0 0 0 0 0 0 0 0 0 0 0 0 0 1 1 0 0 0 0 0]	2026-08-11_21-50-20	[1 0 1 0 0 0 0 0 0 1 0 0 0 0 0 1 0 1]	2026-08-11_21-50-20	[0 1 0 0 0 0 0 1 0 0 1 0 0 0 0 0 0 0]	2026-08-11_21-50-20	[2]	2026-08-11_21-50-20
0	2026-08-11_21-50-20	-0.875	2026-08-11_21-50-20	11.985699653625488	2026-08-11_21-50-20	3.068709135055542	2026-08-11_21-50-20	3.0750436782836914	2026-08-11_21-50-20	2.9226157665252686	2026-08-11_21-50-20	2.9193308353424072	2026-08-11_21-50-20	True	2026-08-11_21-50-20	[0 0 0 0 0 0 0 0 0 1 0 0 0 0 0 0 1 0 0 0 1]	2026-08-11_21-50-20	[1 0 0 0 0 0 0 0 0 0 0 0 0 0 1 1 0 0 0 0 0]	2026-08-11_21-50-20	[1 0 1 0 0 0 0 0 0 1 0 0 0 0 0 1 0 1]	2026-08-11_21-50-20	[0 1 0 0 0 0 0 1 0 0 1 0 0 0 0 0 0 0]	2026-08-11_21-50-20	[2]	2026-08-11_21-50-20	[0 0 0 0 0 0 0 0 0 1 0 0 1 0 0 0 1 0 0 0 1]	2026-08-11_21-50-20	[1 0 0 0 0 0 0 0 0 0 1 0 0 0 1 1 0 0 0 0 0]	2026-08-11_21-50-20	[1 0 1 0 0 0 0 0 0 1 0 0 0 0 0 1 0 0]	2026-08-11_21-50-20	[0 1 0 0 0 1 0 1 0 0 1 0 0 0 0 0 0 0]	2026-08-11_21-50-20	[2]	2026-08-11_21-50-20
0	2026-08-11_21-50-20	-0.875	2026-08-11_21-50-20	11.993718147277832	2026-08-11_21-50-20	3.068415403366089	2026-08-11_21-50-20	3.0754270553588867	2026-08-11_21-50-20	2.9258534908294678	2026-08-11_21-50-20	2.9240214824676514	2026-08-11_21-50-20	True	2026-08-11_21-50-20	[0 0 0 0 0 0 0 0 0 1 0 0 1 0 0 0 1 0 0 0 1]	2026-08-11_21-50-20	[1 0 0 0 0 0 0 0 0 0 1 0 0 0 1 1 0 0 0 0 0]	2026-08-11_21-50-20	[1 0 1 0 0 0 0 0 0 1 0 0 0 0 0 1 0 0]	2026-08-11_21-50-20	[0 1 0 0 0 1 0 1 0 0 1 0 0 0 0 0 0 0]	2026-08-11_21-50-20	[2]	2026-08-11_21-50-20	[0 0 0 0 0 0 0 0 0 1 0 0 1 0 0 0 0 0 0 0 1]	2026-08-11_21-50-20	[1 0 0 0 0 0 0 0 0 0 0 0 0 0 1 1 0 0 0 0 0]	2026-08-11_21-50-20	[1 0 1 0 0 0 0 0 0 1 0 0 0 0 0 1 0 1]	2026-08-11_21-50-20	[0 1 0 0 0 0 0 1 0 0 1 0 0 0 0 0 0 0]	2026-08-11_21-50-20	[2]	2026-08-11_21-50-20
0	2026-08-11_21-50-20	-0.625	2026-08-11_21-50-20	11.98880672454834	2026-08-11_21-50-20	3.070556879043579	2026-08-11_21-50-20	3.075552225112915	2026-08-11_21-50-20	2.922647476196289	2026-08-11_21-50-20	2.9200503826141357	2026-08-11_21-50-20	True	2026-08-11_21-50-20	[0 0 0 0 0 0 0 0 0 1 0 0 1 0 0 0 0 0 0 0 1]	2026-08-11_21-50-20	[1 0 0 0 0 0 0 0 0 0 0 0 0 0 1 1 0 0 0 0 0]	2026-08-11_21-50-20	[1 0 1 0 0 0 0 0 0 1 0 0 0 0 0 1 0 1]	2026-08-11_21-50-20	[0 1 0 0 0 0 0 1 0 0 1 0 0 0 0 0 0 0]	2026-08-11_21-50-20	[2]	2026-08-11_21-50-20	[0 0 0 0 0 0 0 0 0 0 0 0 1 0 0 0 0 0 0 0 1]	2026-08-11_21-50-20	[1 0 0 0 0 0 0 0 0 0 1 0 0 0 1 1 0 0 0 0 0]	2026-08-11_21-50-20	[1 0 1 0 0 0 0 0 0 1 0 0 0 0 0 1 0 0]	2026-08-11_21-50-20	[0 1 0 0 0 1 0 1 0 0 1 0 0 0 0 0 0 0]	2026-08-11_21-50-20	[6]	2026-08-11_21-50-20
0	2026-08-11_21-50-20	-0.875	2026-08-11_21-50-20	11.987462997436523	2026-08-11_21-50-20	3.066453218460083	2026-08-11_21-50-20	3.073317289352417	2026-08-11_21-50-20	2.924401044845581	2026-08-11_21-50-20	2.923290729522705	2026-08-11_21-50-20	True	2026-08-11_21-50-20	[0 0 0 0 0 0 0 0 0 0 0 0 1 0 0 0 0 0 0 0 1]	2026-08-11_21-50-20	[1 0 0 0 0 0 0 0 0 0 1 0 0 0 1 1 0 0 0 0 0]	2026-08-11_21-50-20	[1 0 1 0 0 0 0 0 0 1 0 0 0 0 0 1 0 0]	2026-08-11_21-50-20	[0 1 0 0 0 1 0 1 0 0 1 0 0 0 0 0 0 0]	2026-08-11_21-50-20	[6]	2026-08-11_21-50-20	[0 1 0 0 0 0 0 0 0 0 0 0 1 0 0 0 0 0 0 0 1]	2026-08-11_21-50-20	[1 0 0 0 0 0 0 0 0 0 0 0 0 0 1 1 0 0 0 0 0]	2026-08-11_21-50-20	[1 0 1 0 0 0 0 0 0 1 0 0 0 0 0 1 0 1]	2026-08-11_21-50-20	[0 1 0 0 0 0 0 1 0 0 1 0 0 0 0 0 0 0]	2026-08-11_21-50-20	[2]	2026-08-11_21-50-20
0	2026-08-11_21-50-20	-0.875	2026-08-11_21-50-20	11.987531661987305	2026-08-11_21-50-20	3.0702030658721924	2026-08-11_21-50-20	3.0738258361816406	2026-08-11_21-50-20	2.9235360622406006	2026-08-11_21-50-20	2.919966220855713	2026-08-11_21-50-20	True	2026-08-11_21-50-20	[0 1 0 0 0 0 0 0 0 0 0 0 1 0 0 0 0 0 0 0 1]	2026-08-11_21-50-20	[1 0 0 0 0 0 0 0 0 0 0 0 0 0 1 1 0 0 0 0 0]	2026-08-11_21-50-20	[1 0 1 0 0 0 0 0 0 1 0 0 0 0 0 1 0 1]	2026-08-11_21-50-20	[0 1 0 0 0 0 0 1 0 0 1 0 0 0 0 0 0 0]	2026-08-11_21-50-20	[2]	2026-08-11_21-50-20	[0 1 0 0 0 0 0 0 0 1 0 0 1 0 0 0 0 0 0 0 1]	2026-08-11_21-50-20	[1 0 0 0 0 0 0 0 0 0 1 0 0 0 1 1 0 0 0 0 0]	2026-08-11_21-50-20	[1 0 1 0 0 0 0 0 0 1 0 0 0 0 0 1 0 0]	2026-08-11_21-50-20	[0 1 0 0 0 1 0 1 0 0 1 0 0 0 0 0 0 0]	2026-08-11_21-50-20	[2]	2026-08-11_21-50-20
0	2026-08-11_21-50-20	-0.875	2026-08-11_21-50-20	11.9998779296875	2026-08-11_21-50-20	3.072457790374756	2026-08-11_21-50-20	3.0764479637145996	2026-08-11_21-50-20	2.9258852005004883	2026-08-11_21-50-20	2.9250869750976562	2026-08-11_21-50-20	True	2026-08-11_21-50-20	[0 1 0 0 0 0 0 0 0 1 0 0 1 0 0 0 0 0 0 0 1]	2026-08-11_21-50-20	[1 0 0 0 0 0 0 0 0 0 1 0 0 0 1 1 0 0 0 0 0]	2026-08-11_21-50-20	[1 0 1 0 0 0 0 0 0 1 0 0 0 0 0 1 0 0]	2026-08-11_21-50-20	[0 1 0 0 0 1 0 1 0 0 1 0 0 0 0 0 0 0]	2026-08-11_21-50-20	[2]	2026-08-11_21-50-20	[0 0 0 0 0 0 0 0 0 1 0 0 1 0 0 0 0 0 0 0 1]	2026-08-11_21-50-20	[1 0 0 0 0 0 0 0 0 0 0 0 0 0 1 1 0 0 0 0 0]	2026-08-11_21-50-20	[1 0 1 0 0 0 0 0 0 1 0 0 0 0 0 1 0 1]	2026-08-11_21-50-20	[0 1 0 0 0 0 0 1 0 0 1 0 0 0 0 0 0 0]	2026-08-11_21-50-20	[2]	2026-08-11_21-50-20
0	2026-08-11_21-50-20	-0.625	2026-08-11_21-50-20	11.98672103881836	2026-08-11_21-50-20	3.070246458053589	2026-08-11_21-50-20	3.075681686401367	2026-08-11_21-50-20	2.9223828315734863	2026-08-11_21-50-20	2.9184088706970215	2026-08-11_21-50-20	True	2026-08-11_21-50-20	[0 0 0 0 0 0 0 0 0 1 0 0 1 0 0 0 0 0 0 0 1]	2026-08-11_21-50-20	[1 0 0 0 0 0 0 0 0 0 0 0 0 0 1 1 0 0 0 0 0]	2026-08-11_21-50-20	[1 0 1 0 0 0 0 0 0 1 0 0 0 0 0 1 0 1]	2026-08-11_21-50-20	[0 1 0 0 0 0 0 1 0 0 1 0 0 0 0 0 0 0]	2026-08-11_21-50-20	[2]	2026-08-11_21-50-20	[0 0 0 0 0 0 0 0 0 1 0 0 0 0 0 0 0 0 0 0 1]	2026-08-11_21-50-20	[1 0 0 0 0 0 0 0 0 0 1 0 0 0 1 1 0 0 0 0 0]	2026-08-11_21-50-20	[1 0 1 0 0 0 0 0 0 1 0 0 0 0 0 1 0 0]	2026-08-11_21-50-20	[0 1 0 0 0 1 0 1 0 0 1 0 0 0 0 0 0 0]	2026-08-11_21-50-20	[6]	2026-08-11_21-50-20
0	2026-08-11_21-50-20	-0.875	2026-08-11_21-50-20	11.991332054138184	2026-08-11_21-50-20	3.0703930854797363	2026-08-11_21-50-20	3.076263189315796	2026-08-11_21-50-20	2.9222657680511475	2026-08-11_21-50-20	2.922409772872925	2026-08-11_21-50-20	True	2026-08-11_21-50-20	[0 0 0 0 0 0 0 0 0 1 0 0 0 0 0 0 0 0 0 0 1]	2026-08-11_21-50-20	[1 0 0 0 0 0 0 0 0 0 1 0 0 0 1 1 0 0 0 0 0]	2026-08-11_21-50-20	[1 0 1 0 0 0 0 0 0 1 0 0 0 0 0 1 0 0]	2026-08-11_21-50-20	[0 1 0 0 0 1 0 1 0 0 1 0 0 0 0 0 0 0]	2026-08-11_21-50-20	[6]	2026-08-11_21-50-20	[0 0 0 0 0 0 0 0 0 0 0 0 0 0 0 0 0 0 0 0 1]	2026-08-11_21-50-20	[1 0 0 0 0 0 0 0 0 0 0 0 0 0 1 1 0 0 0 0 0]	2026-08-11_21-50-20	[1 0 1 0 0 0 0 0 0 1 0 0 0 0 0 1 0 1]	2026-08-11_21-50-20	[0 1 0 0 0 0 0 1 0 0 1 0 0 0 0 0 0 0]	2026-08-11_21-50-20	[2]	2026-08-11_21-50-20
0	2026-08-11_21-50-20	-0.875	2026-08-11_21-50-20	11.982162475585938	2026-08-11_21-50-20	3.0704245567321777	2026-08-11_21-50-20	3.07491397857666	2026-08-11_21-50-20	2.9205610752105713	2026-08-11_21-50-20	2.916262626647949	2026-08-11_21-50-20	True	2026-08-11_21-50-20	[0 0 0 0 0 0 0 0 0 0 0 0 0 0 0 0 0 0 0 0 1]	2026-08-11_21-50-20	[1 0 0 0 0 0 0 0 0 0 0 0 0 0 1 1 0 0 0 0 0]	2026-08-11_21-50-20	[1 0 1 0 0 0 0 0 0 1 0 0 0 0 0 1 0 1]	2026-08-11_21-50-20	[0 1 0 0 0 0 0 1 0 0 1 0 0 0 0 0 0 0]	2026-08-11_21-50-20	[2]	2026-08-11_21-50-20	[0 1 0 0 0 0 0 0 0 0 0 0 0 0 0 0 0 0 0 0 1]	2026-08-11_21-50-20	[1 0 1 0 0 0 0 0 0 0 0 0 0 0 1 1 0 0 0 0 0]	2026-08-11_21-50-20	[1 0 1 0 0 0 0 0 0 1 0 0 0 0 0 1 0 0]	2026-08-11_21-50-20	[0 1 0 0 0 1 0 1 0 0 1 0 0 0 0 0 0 0]	2026-08-11_21-50-20	[2]	2026-08-11_21-50-20
0	2026-08-11_21-50-20	-0.75	2026-08-11_21-50-20	11.987590789794922	2026-08-11_21-50-20	3.0696182250976562	2026-08-11_21-50-20	3.0746798515319824	2026-08-11_21-50-20	2.92262601852417	2026-08-11_21-50-20	2.9206671714782715	2026-08-11_21-50-20	True	2026-08-11_21-50-20	[0 1 0 0 0 0 0 0 0 0 0 0 0 0 0 0 0 0 0 0 1]	2026-08-11_21-50-20	[1 0 1 0 0 0 0 0 0 0 0 0 0 0 1 1 0 0 0 0 0]	2026-08-11_21-50-20	[1 0 1 0 0 0 0 0 0 1 0 0 0 0 0 1 0 0]	2026-08-11_21-50-20	[0 1 0 0 0 1 0 1 0 0 1 0 0 0 0 0 0 0]	2026-08-11_21-50-20	[2]	2026-08-11_21-50-20	[0 1 0 0 0 0 0 0 0 0 0 0 1 0 0 0 0 0 0 0 1]	2026-08-11_21-50-20	[1 0 1 0 0 0 0 0 0 0 1 0 0 0 1 1 0 0 0 0 0]	2026-08-11_21-50-20	[1 0 0 0 0 0 0 0 0 1 0 0 0 0 0 1 0 0]	2026-08-11_21-50-20	[0 1 0 0 0 0 0 1 0 0 1 0 0 0 0 0 0 0]	2026-08-11_21-50-20	[4]	2026-08-11_21-50-20
0	2026-08-11_21-50-20	-0.875	2026-08-11_21-50-20	11.986562728881836	2026-08-11_21-50-20	3.068023443222046	2026-08-11_21-50-20	3.074603319168091	2026-08-11_21-50-20	2.9237399101257324	2026-08-11_21-50-20	2.920197010040283	2026-08-11_21-50-20	True	2026-08-11_21-50-20	[0 1 0 0 0 0 0 0 0 0 0 0 1 0 0 0 0 0 0 0 1]	2026-08-11_21-50-20	[1 0 1 0 0 0 0 0 0 0 1 0 0 0 1 1 0 0 0 0 0]	2026-08-11_21-50-20	[1 0 0 0 0 0 0 0 0 1 0 0 0 0 0 1 0 0]	2026-08-11_21-50-20	[0 1 0 0 0 0 0 1 0 0 1 0 0 0 0 0 0 0]	2026-08-11_21-50-20	[4]	2026-08-11_21-50-20	[0 1 0 0 0 0 0 0 0 1 0 0 1 0 0 0 0 0 0 0 1]	2026-08-11_21-50-20	[1 0 0 0 0 0 0 0 0 0 1 0 0 0 1 1 0 0 0 0 0]	2026-08-11_21-50-20	[1 0 0 0 0 0 0 0 0 1 0 0 0 0 0 1 0 1]	2026-08-11_21-50-20	[0 1 0 0 0 1 0 1 0 0 1 0 0 0 0 0 0 0]	2026-08-11_21-50-20	[2]	2026-08-11_21-50-20
0	2026-08-11_21-50-20	-0.75	2026-08-11_21-50-20	11.996047973632812	2026-08-11_21-50-20	3.070591926574707	2026-08-11_21-50-20	3.0759310722351074	2026-08-11_21-50-20	2.926116943359375	2026-08-11_21-50-20	2.9234089851379395	2026-08-11_21-50-20	True	2026-08-11_21-50-20	[0 1 0 0 0 0 0 0 0 1 0 0 1 0 0 0 0 0 0 0 1]	2026-08-11_21-50-20	[1 0 0 0 0 0 0 0 0 0 1 0 0 0 1 1 0 0 0 0 0]	2026-08-11_21-50-20	[1 0 0 0 0 0 0 0 0 1 0 0 0 0 0 1 0 1]	2026-08-11_21-50-20	[0 1 0 0 0 1 0 1 0 0 1 0 0 0 0 0 0 0]	2026-08-11_21-50-20	[2]	2026-08-11_21-50-20	[0 1 0 0 0 0 0 0 0 1 0 0 0 0 0 0 0 0 0 0 1]	2026-08-11_21-50-20	[1 0 0 0 0 0 0 0 0 0 0 0 0 0 1 1 0 0 0 0 0]	2026-08-11_21-50-20	[1 0 0 0 0 0 0 0 0 1 0 0 0 0 0 1 0 0]	2026-08-11_21-50-20	[0 1 0 0 0 0 0 1 0 0 1 0 0 0 0 0 0 0]	2026-08-11_21-50-20	[4]	2026-08-11_21-50-20
0	2026-08-11_21-50-20	-0.875	2026-08-11_21-50-20	11.983081817626953	2026-08-11_21-50-20	3.068549394607544	2026-08-11_21-50-20	3.074436902999878	2026-08-11_21-50-20	2.921508550643921	2026-08-11_21-50-20	2.9185867309570312	2026-08-11_21-50-20	True	2026-08-11_21-50-20	[0 1 0 0 0 0 0 0 0 1 0 0 0 0 0 0 0 0 0 0 1]	2026-08-11_21-50-20	[1 0 0 0 0 0 0 0 0 0 0 0 0 0 1 1 0 0 0 0 0]	2026-08-11_21-50-20	[1 0 0 0 0 0 0 0 0 1 0 0 0 0 0 1 0 0]	2026-08-11_21-50-20	[0 1 0 0 0 0 0 1 0 0 1 0 0 0 0 0 0 0]	2026-08-11_21-50-20	[4]	2026-08-11_21-50-20	[0 1 0 0 0 0 0 0 0 1 0 0 1 0 0 0 0 0 0 0 1]	2026-08-11_21-50-20	[1 0 1 0 0 0 0 0 0 0 0 0 0 0 1 1 0 0 0 0 0]	2026-08-11_21-50-20	[1 0 0 0 0 0 0 0 0 1 0 0 0 0 0 1 0 1]	2026-08-11_21-50-20	[0 1 0 0 0 1 0 1 0 0 1 0 0 0 0 0 0 0]	2026-08-11_21-50-20	[2]	2026-08-11_21-50-20
0	2026-08-11_21-50-20	-0.75	2026-08-11_21-50-20	11.998432159423828	2026-08-11_21-50-20	3.0699520111083984	2026-08-11_21-50-20	3.0766782760620117	2026-08-11_21-50-20	2.927459716796875	2026-08-11_21-50-20	2.924342155456543	2026-08-11_21-50-20	True	2026-08-11_21-50-20	[0 1 0 0 0 0 0 0 0 1 0 0 1 0 0 0 0 0 0 0 1]	2026-08-11_21-50-20	[1 0 1 0 0 0 0 0 0 0 0 0 0 0 1 1 0 0 0 0 0]	2026-08-11_21-50-20	[1 0 0 0 0 0 0 0 0 1 0 0 0 0 0 1 0 1]	2026-08-11_21-50-20	[0 1 0 0 0 1 0 1 0 0 1 0 0 0 0 0 0 0]	2026-08-11_21-50-20	[2]	2026-08-11_21-50-20	[0 1 0 0 0 0 0 0 0 1 0 0 0 0 0 0 0 0 0 0 1]	2026-08-11_21-50-20	[1 0 1 0 0 0 0 0 0 0 1 0 0 0 1 1 0 0 0 0 0]	2026-08-11_21-50-20	[1 0 0 0 0 0 0 0 0 1 0 0 0 0 0 1 0 0]	2026-08-11_21-50-20	[0 1 0 0 0 0 0 1 0 0 1 0 0 0 0 0 0 0]	2026-08-11_21-50-20	[4]	2026-08-11_21-50-20
1	2026-08-12_23-24-09	-1.0	2026-08-12_23-24-09	11.022137641906738	2026-08-12_23-24-09	2.878849506378174	2026-08-12_23-24-09	2.7085516452789307	2026-08-12_23-24-09	2.7535033226013184	2026-08-12_23-24-09	2.6812334060668945	2026-08-12_23-24-09	True	2026-08-12_23-24-09	[0 0 0 0 1 0 0 0 0 0 0 0 0 0 0 0 0 0 0 0 0]	2026-08-12_23-24-09	[0 0 0 0 0 0 0 0 0 0 0 0 0 0 0 0 0 0 0 0 0]	2026-08-12_23-24-09	[0 0 0 0 0 0 0 0 0 0 0 0 0 0 0 0 0 0]	2026-08-12_23-24-09	[0 0 1 1 0 0 0 0 0 0 0 0 0 0 0 0 0 0]	2026-08-12_23-24-09	[0]	2026-08-12_23-24-09	[0 0 0 0 1 0 0 0 0 0 0 0 0 1 0 0 0 0 0 0 0]	2026-08-12_23-24-09	[0 0 0 0 1 0 0 0 0 0 0 0 0 0 0 0 0 0 0 0 0]	2026-08-12_23-24-09	[1 0 0 0 0 0 0 0 0 0 0 0 0 0 0 0 0 0]	2026-08-12_23-24-09	[0 0 1 1 0 0 1 0 0 0 0 0 0 0 0 0 0 0]	2026-08-12_23-24-09	[0]	2026-08-12_23-24-09
1	2026-08-12_23-24-09	-1.0	2026-08-12_23-24-09	11.051350593566895	2026-08-12_23-24-09	2.9091978073120117	2026-08-12_23-24-09	2.706146717071533	2026-08-12_23-24-09	2.7540152072906494	2026-08-12_23-24-09	2.681990623474121	2026-08-12_23-24-09	True	2026-08-12_23-24-09	[0 0 0 0 1 0 0 0 0 0 0 0 0 1 0 0 0 0 0 0 0]	2026-08-12_23-24-09	[0 0 0 0 1 0 0 0 0 0 0 0 0 0 0 0 0 0 0 0 0]	2026-08-12_23-24-09	[1 0 0 0 0 0 0 0 0 0 0 0 0 0 0 0 0 0]	2026-08-12_23-24-09	[0 0 1 1 0 0 1 0 0 0 0 0 0 0 0 0 0 0]	2026-08-12_23-24-09	[0]	2026-08-12_23-24-09	[0 0 0 0 1 0 0 0 0 0 0 0 0 0 0 0 0 0 0 0 0]	2026-08-12_23-24-09	[0 0 0 0 0 0 0 0 0 0 0 0 0 0 0 0 0 0 0 0 0]	2026-08-12_23-24-09	[0 0 0 0 0 0 0 0 0 0 0 0 0 0 0 0 0 0]	2026-08-12_23-24-09	[0 0 1 1 0 0 1 0 0 0 0 0 0 1 0 0 0 0]	2026-08-12_23-24-09	[0]	2026-08-12_23-24-09
1	2026-08-12_23-24-09	-1.0	2026-08-12_23-24-09	11.129791259765625	2026-08-12_23-24-09	2.902006149291992	2026-08-12_23-24-09	2.7547311782836914	2026-08-12_23-24-09	2.767508029937744	2026-08-12_23-24-09	2.7055459022521973	2026-08-12_23-24-09	True	2026-08-12_23-24-09	[0 0 0 0 1 0 0 0 0 0 0 0 0 0 0 0 0 0 0 0 0]	2026-08-12_23-24-09	[0 0 0 0 0 0 0 0 0 0 0 0 0 0 0 0 0 0 0 0 0]	2026-08-12_23-24-09	[0 0 0 0 0 0 0 0 0 0 0 0 0 0 0 0 0 0]	2026-08-12_23-24-09	[0 0 1 1 0 0 1 0 0 0 0 0 0 1 0 0 0 0]	2026-08-12_23-24-09	[0]	2026-08-12_23-24-09	[0 0 0 0 1 0 0 0 0 0 0 0 0 1 0 0 0 0 0 0 0]	2026-08-12_23-24-09	[0 0 0 0 1 0 0 0 0 0 0 0 0 0 0 0 0 0 0 0 0]	2026-08-12_23-24-09	[1 0 0 0 0 0 0 0 0 0 0 0 0 0 0 0 0 0]	2026-08-12_23-24-09	[0 0 1 1 0 0 0 0 0 0 0 0 0 1 0 0 0 0]	2026-08-12_23-24-09	[0]	2026-08-12_23-24-09
1	2026-08-12_23-24-09	-1.0	2026-08-12_23-24-09	11.175959587097168	2026-08-12_23-24-09	2.907608985900879	2026-08-12_23-24-09	2.772956609725952	2026-08-12_23-24-09	2.7662296295166016	2026-08-12_23-24-09	2.7291643619537354	2026-08-12_23-24-09	True	2026-08-12_23-24-09	[0 0 0 0 1 0 0 0 0 0 0 0 0 1 0 0 0 0 0 0 0]	2026-08-12_23-24-09	[0 0 0 0 1 0 0 0 0 0 0 0 0 0 0 0 0 0 0 0 0]	2026-08-12_23-24-09	[1 0 0 0 0 0 0 0 0 0 0 0 0 0 0 0 0 0]	2026-08-12_23-24-09	[0 0 1 1 0 0 0 0 0 0 0 0 0 1 0 0 0 0]	2026-08-12_23-24-09	[0]	2026-08-12_23-24-09	[0 0 0 0 1 0 0 0 0 0 0 0 0 0 0 0 0 0 0 0 0]	2026-08-12_23-24-09	[0 0 0 0 0 0 0 0 0 0 0 0 0 0 0 0 0 0 0 0 0]	2026-08-12_23-24-09	[1 0 0 0 0 0 0 0 0 1 0 0 0 0 0 0 0 0]	2026-08-12_23-24-09	[0 0 1 1 0 0 0 0 0 0 0 0 0 0 0 0 0 0]	2026-08-12_23-24-09	[0]	2026-08-12_23-24-09
1	2026-08-12_23-24-09	-1.0	2026-08-12_23-24-09	10.973115921020508	2026-08-12_23-24-09	2.882855176925659	2026-08-12_23-24-09	2.6816253662109375	2026-08-12_23-24-09	2.7521989345550537	2026-08-12_23-24-09	2.6564362049102783	2026-08-12_23-24-09	True	2026-08-12_23-24-09	[0 0 0 0 1 0 0 0 0 0 0 0 0 0 0 0 0 0 0 0 0]	2026-08-12_23-24-09	[0 0 0 0 0 0 0 0 0 0 0 0 0 0 0 0 0 0 0 0 0]	2026-08-12_23-24-09	[1 0 0 0 0 0 0 0 0 1 0 0 0 0 0 0 0 0]	2026-08-12_23-24-09	[0 0 1 1 0 0 0 0 0 0 0 0 0 0 0 0 0 0]	2026-08-12_23-24-09	[0]	2026-08-12_23-24-09	[0 0 0 0 1 0 0 0 0 0 0 0 0 1 0 0 0 0 0 0 0]	2026-08-12_23-24-09	[0 0 0 0 1 0 0 0 0 0 0 0 0 0 0 0 0 0 0 0 0]	2026-08-12_23-24-09	[1 1 0 0 0 0 0 0 0 1 0 0 0 0 0 0 0 0]	2026-08-12_23-24-09	[0 0 1 1 0 0 0 0 0 0 0 0 0 1 0 0 0 0]	2026-08-12_23-24-09	[0]	2026-08-12_23-24-09
1	2026-08-12_23-24-09	-1.0	2026-08-12_23-24-09	10.822235107421875	2026-08-12_23-24-09	2.920081615447998	2026-08-12_23-24-09	2.607860565185547	2026-08-12_23-24-09	2.719989776611328	2026-08-12_23-24-09	2.574302911758423	2026-08-12_23-24-09	True	2026-08-12_23-24-09	[0 0 0 0 1 0 0 0 0 0 0 0 0 1 0 0 0 0 0 0 0]	2026-08-12_23-24-09	[0 0 0 0 1 0 0 0 0 0 0 0 0 0 0 0 0 0 0 0 0]	2026-08-12_23-24-09	[1 1 0 0 0 0 0 0 0 1 0 0 0 0 0 0 0 0]	2026-08-12_23-24-09	[0 0 1 1 0 0 0 0 0 0 0 0 0 1 0 0 0 0]	2026-08-12_23-24-09	[0]	2026-08-12_23-24-09	[0 0 0 0 1 0 0 0 0 0 0 0 0 0 0 0 0 0 0 0 0]	2026-08-12_23-24-09	[0 0 0 0 0 0 0 0 0 0 0 0 0 0 0 0 0 0 0 0 0]	2026-08-12_23-24-09	[1 1 0 0 0 0 0 0 0 0 0 0 0 0 0 0 0 0]	2026-08-12_23-24-09	[0 0 1 1 0 0 0 0 0 0 0 0 0 0 0 0 0 0]	2026-08-12_23-24-09	[0]	2026-08-12_23-24-09
1	2026-08-12_23-24-09	-1.0	2026-08-12_23-24-09	11.094712257385254	2026-08-12_23-24-09	2.9181160926818848	2026-08-12_23-24-09	2.7368006706237793	2026-08-12_23-24-09	2.7657785415649414	2026-08-12_23-24-09	2.6740169525146484	2026-08-12_23-24-09	True	2026-08-12_23-24-09	[0 0 0 0 1 0 0 0 0 0 0 0 0 0 0 0 0 0 0 0 0]	2026-08-12_23-24-09	[0 0 0 0 0 0 0 0 0 0 0 0 0 0 0 0 0 0 0 0 0]	2026-08-12_23-24-09	[1 1 0 0 0 0 0 0 0 0 0 0 0 0 0 0 0 0]	2026-08-12_23-24-09	[0 0 1 1 0 0 0 0 0 0 0 0 0 0 0 0 0 0]	2026-08-12_23-24-09	[0]	2026-08-12_23-24-09	[0 0 0 0 1 0 0 0 0 0 0 0 0 1 0 0 0 0 0 0 0]	2026-08-12_23-24-09	[0 0 0 0 1 0 0 0 0 0 0 0 0 0 0 0 0 0 0 0 0]	2026-08-12_23-24-09	[1 1 0 0 0 0 0 0 0 1 0 0 0 0 0 0 0 0]	2026-08-12_23-24-09	[0 0 1 1 0 0 0 0 0 0 0 0 0 1 0 0 0 0]	2026-08-12_23-24-09	[0]	2026-08-12_23-24-09
1	2026-08-12_23-24-09	0.5273877382278442	2026-08-12_23-24-09	10.949230194091797	2026-08-12_23-24-09	2.944314479827881	2026-08-12_23-24-09	2.662794351577759	2026-08-12_23-24-09	2.734829902648926	2026-08-12_23-24-09	2.6072914600372314	2026-08-12_23-24-09	True	2026-08-12_23-24-09	[0 0 0 0 1 0 0 0 0 0 0 0 0 1 0 0 0 0 0 0 0]	2026-08-12_23-24-09	[0 0 0 0 1 0 0 0 0 0 0 0 0 0 0 0 0 0 0 0 0]	2026-08-12_23-24-09	[1 1 0 0 0 0 0 0 0 1 0 0 0 0 0 0 0 0]	2026-08-12_23-24-09	[0 0 1 1 0 0 0 0 0 0 0 0 0 1 0 0 0 0]	2026-08-12_23-24-09	[0]	2026-08-12_23-24-09	[0 0 0 0 1 0 0 1 0 0 0 0 0 1 0 0 0 0 0 0 0]	2026-08-12_23-24-09	[0 0 0 0 0 0 0 0 0 0 0 0 0 0 0 0 0 0 0 0 0]	2026-08-12_23-24-09	[1 1 1 0 0 0 0 0 0 1 0 0 0 0 0 0 0 0]	2026-08-12_23-24-09	[0 0 1 1 0 0 0 0 0 0 0 0 0 0 0 0 0 0]	2026-08-12_23-24-09	[18]	2026-08-12_23-24-09
1	2026-08-12_23-24-09	-1.0	2026-08-12_23-24-09	10.843852996826172	2026-08-12_23-24-09	2.87872576713562	2026-08-12_23-24-09	2.7602734565734863	2026-08-12_23-24-09	2.727473258972168	2026-08-12_23-24-09	2.4773809909820557	2026-08-12_23-24-09	True	2026-08-12_23-24-09	[0 0 0 0 1 0 0 1 0 0 0 0 0 1 0 0 0 0 0 0 0]	2026-08-12_23-24-09	[0 0 0 0 0 0 0 0 0 0 0 0 0 0 0 0 0 0 0 0 0]	2026-08-12_23-24-09	[1 1 1 0 0 0 0 0 0 1 0 0 0 0 0 0 0 0]	2026-08-12_23-24-09	[0 0 1 1 0 0 0 0 0 0 0 0 0 0 0 0 0 0]	2026-08-12_23-24-09	[18]	2026-08-12_23-24-09	[0 0 0 0 1 0 0 1 0 0 0 0 0 0 0 0 0 0 0 0 0]	2026-08-12_23-24-09	[0 0 0 0 1 0 0 0 0 0 0 0 0 0 0 0 0 0 0 0 0]	2026-08-12_23-24-09	[1 0 1 0 0 0 0 0 0 1 0 0 0 0 0 0 0 0]	2026-08-12_23-24-09	[0 0 1 1 0 0 0 0 0 0 0 0 0 1 0 0 0 0]	2026-08-12_23-24-09	[0]	2026-08-12_23-24-09
1	2026-08-12_23-24-09	-1.0	2026-08-12_23-24-09	10.928321838378906	2026-08-12_23-24-09	2.935030221939087	2026-08-12_23-24-09	2.6596903800964355	2026-08-12_23-24-09	2.737170696258545	2026-08-12_23-24-09	2.5964298248291016	2026-08-12_23-24-09	True	2026-08-12_23-24-09	[0 0 0 0 1 0 0 1 0 0 0 0 0 0 0 0 0 0 0 0 0]	2026-08-12_23-24-09	[0 0 0 0 1 0 0 0 0 0 0 0 0 0 0 0 0 0 0 0 0]	2026-08-12_23-24-09	[1 0 1 0 0 0 0 0 0 1 0 0 0 0 0 0 0 0]	2026-08-12_23-24-09	[0 0 1 1 0 0 0 0 0 0 0 0 0 1 0 0 0 0]	2026-08-12_23-24-09	[0]	2026-08-12_23-24-09	[0 0 0 0 1 0 0 0 0 0 0 0 0 0 0 0 0 0 0 0 0]	2026-08-12_23-24-09	[0 0 0 0 0 0 0 0 0 0 0 0 0 0 0 0 0 0 0 0 0]	2026-08-12_23-24-09	[1 0 0 0 0 0 0 0 0 1 0 0 0 0 0 0 0 0]	2026-08-12_23-24-09	[0 0 1 1 0 0 0 0 0 0 0 0 0 0 0 0 0 0]	2026-08-12_23-24-09	[0]	2026-08-12_23-24-09
1	2026-08-12_23-24-09	-1.0	2026-08-12_23-24-09	10.92715072631836	2026-08-12_23-24-09	2.8748273849487305	2026-08-12_23-24-09	2.6756691932678223	2026-08-12_23-24-09	2.738072633743286	2026-08-12_23-24-09	2.6385812759399414	2026-08-12_23-24-09	True	2026-08-12_23-24-09	[0 0 0 0 1 0 0 0 0 0 0 0 0 0 0 0 0 0 0 0 0]	2026-08-12_23-24-09	[0 0 0 0 0 0 0 0 0 0 0 0 0 0 0 0 0 0 0 0 0]	2026-08-12_23-24-09	[1 0 0 0 0 0 0 0 0 1 0 0 0 0 0 0 0 0]	2026-08-12_23-24-09	[0 0 1 1 0 0 0 0 0 0 0 0 0 0 0 0 0 0]	2026-08-12_23-24-09	[0]	2026-08-12_23-24-09	[0 0 0 0 1 0 0 0 0 0 0 0 0 1 0 0 0 0 0 0 0]	2026-08-12_23-24-09	[0 0 0 0 1 0 0 0 0 0 0 0 0 0 0 0 0 0 0 0 0]	2026-08-12_23-24-09	[1 1 0 0 0 0 0 0 0 1 0 0 0 0 0 0 0 0]	2026-08-12_23-24-09	[0 0 1 1 0 0 0 0 0 0 0 0 0 1 0 0 0 0]	2026-08-12_23-24-09	[0]	2026-08-12_23-24-09
1	2026-08-12_23-24-09	0.5364786982536316	2026-08-12_23-24-09	10.83719539642334	2026-08-12_23-24-09	2.921159029006958	2026-08-12_23-24-09	2.6341331005096436	2026-08-12_23-24-09	2.7283191680908203	2026-08-12_23-24-09	2.553584098815918	2026-08-12_23-24-09	True	2026-08-12_23-24-09	[0 0 0 0 1 0 0 0 0 0 0 0 0 1 0 0 0 0 0 0 0]	2026-08-12_23-24-09	[0 0 0 0 1 0 0 0 0 0 0 0 0 0 0 0 0 0 0 0 0]	2026-08-12_23-24-09	[1 1 0 0 0 0 0 0 0 1 0 0 0 0 0 0 0 0]	2026-08-12_23-24-09	[0 0 1 1 0 0 0 0 0 0 0 0 0 1 0 0 0 0]	2026-08-12_23-24-09	[0]	2026-08-12_23-24-09	[0 0 0 0 1 0 0 1 0 0 0 0 0 1 0 0 0 0 0 0 0]	2026-08-12_23-24-09	[0 0 0 0 0 0 0 0 0 0 0 0 0 0 0 0 0 0 0 0 0]	2026-08-12_23-24-09	[1 1 1 0 0 0 0 0 0 1 0 0 0 0 0 0 0 0]	2026-08-12_23-24-09	[0 0 1 1 0 0 0 0 0 0 0 0 0 0 0 0 0 0]	2026-08-12_23-24-09	[18]	2026-08-12_23-24-09
1	2026-08-12_23-24-09	-1.0	2026-08-12_23-24-09	10.782527923583984	2026-08-12_23-24-09	2.8720312118530273	2026-08-12_23-24-09	2.7383108139038086	2026-08-12_23-24-09	2.718996047973633	2026-08-12_23-24-09	2.4531898498535156	2026-08-12_23-24-09	True	2026-08-12_23-24-09	[0 0 0 0 1 0 0 1 0 0 0 0 0 1 0 0 0 0 0 0 0]	2026-08-12_23-24-09	[0 0 0 0 0 0 0 0 0 0 0 0 0 0 0 0 0 0 0 0 0]	2026-08-12_23-24-09	[1 1 1 0 0 0 0 0 0 1 0 0 0 0 0 0 0 0]	2026-08-12_23-24-09	[0 0 1 1 0 0 0 0 0 0 0 0 0 0 0 0 0 0]	2026-08-12_23-24-09	[18]	2026-08-12_23-24-09	[0 0 0 0 1 0 0 1 0 0 0 0 0 0 0 0 0 0 0 0 0]	2026-08-12_23-24-09	[0 0 0 0 1 0 0 0 0 0 0 0 0 0 0 0 0 0 0 0 0]	2026-08-12_23-24-09	[1 0 1 0 0 0 0 0 0 1 0 0 0 0 0 0 0 0]	2026-08-12_23-24-09	[0 0 1 1 0 0 0 0 0 0 0 0 0 1 0 0 0 0]	2026-08-12_23-24-09	[0]	2026-08-12_23-24-09
1	2026-08-12_23-24-09	0.31542205810546875	2026-08-12_23-24-09	11.006441116333008	2026-08-12_23-24-09	2.9409680366516113	2026-08-12_23-24-09	2.6994729042053223	2026-08-12_23-24-09	2.750429630279541	2026-08-12_23-24-09	2.615569591522217	2026-08-12_23-24-09	True	2026-08-12_23-24-09	[0 0 0 0 1 0 0 1 0 0 0 0 0 0 0 0 0 0 0 0 0]	2026-08-12_23-24-09	[0 0 0 0 1 0 0 0 0 0 0 0 0 0 0 0 0 0 0 0 0]	2026-08-12_23-24-09	[1 0 1 0 0 0 0 0 0 1 0 0 0 0 0 0 0 0]	2026-08-12_23-24-09	[0 0 1 1 0 0 0 0 0 0 0 0 0 1 0 0 0 0]	2026-08-12_23-24-09	[0]	2026-08-12_23-24-09	[0 0 0 0 1 0 0 1 0 0 0 0 0 1 0 0 0 0 0 0 0]	2026-08-12_23-24-09	[0 0 0 0 0 0 0 0 0 0 0 0 0 0 0 0 0 0 0 0 0]	2026-08-12_23-24-09	[1 0 0 0 0 0 0 0 0 1 0 0 0 0 0 0 0 0]	2026-08-12_23-24-09	[0 0 1 1 0 0 0 0 0 0 0 0 0 0 0 0 0 0]	2026-08-12_23-24-09	[18]	2026-08-12_23-24-09
1	2026-08-12_23-24-09	-1.0	2026-08-12_23-24-09	10.801813125610352	2026-08-12_23-24-09	2.843961715698242	2026-08-12_23-24-09	2.7400991916656494	2026-08-12_23-24-09	2.707491874694824	2026-08-12_23-24-09	2.5102601051330566	2026-08-12_23-24-09	True	2026-08-12_23-24-09	[0 0 0 0 1 0 0 1 0 0 0 0 0 1 0 0 0 0 0 0 0]	2026-08-12_23-24-09	[0 0 0 0 0 0 0 0 0 0 0 0 0 0 0 0 0 0 0 0 0]	2026-08-12_23-24-09	[1 0 0 0 0 0 0 0 0 1 0 0 0 0 0 0 0 0]	2026-08-12_23-24-09	[0 0 1 1 0 0 0 0 0 0 0 0 0 0 0 0 0 0]	2026-08-12_23-24-09	[18]	2026-08-12_23-24-09	[0 0 0 0 1 0 0 1 0 0 0 0 0 0 0 0 0 0 0 0 0]	2026-08-12_23-24-09	[0 0 0 0 1 0 0 0 0 0 0 0 0 0 0 0 0 0 0 0 0]	2026-08-12_23-24-09	[1 1 0 0 0 0 0 0 0 1 0 0 0 0 0 0 0 0]	2026-08-12_23-24-09	[0 0 1 1 0 0 0 0 0 0 0 0 0 1 0 0 0 0]	2026-08-12_23-24-09	[0]	2026-08-12_23-24-09
1	2026-08-12_23-24-09	-0.625	2026-08-12_23-24-09	10.86153793334961	2026-08-12_23-24-09	2.930820941925049	2026-08-12_23-24-09	2.6261003017425537	2026-08-12_23-24-09	2.7304978370666504	2026-08-12_23-24-09	2.574119806289673	2026-08-12_23-24-09	True	2026-08-12_23-24-09	[0 0 0 0 1 0 0 1 0 0 0 0 0 0 0 0 0 0 0 0 0]	2026-08-12_23-24-09	[0 0 0 0 1 0 0 0 0 0 0 0 0 0 0 0 0 0 0 0 0]	2026-08-12_23-24-09	[1 1 0 0 0 0 0 0 0 1 0 0 0 0 0 0 0 0]	2026-08-12_23-24-09	[0 0 1 1 0 0 0 0 0 0 0 0 0 1 0 0 0 0]	2026-08-12_23-24-09	[0]	2026-08-12_23-24-09	[0 0 0 0 1 1 0 1 0 0 0 0 0 0 0 0 0 0 0 0 0]	2026-08-12_23-24-09	[0 0 0 0 0 0 0 0 0 0 0 0 0 0 0 0 0 0 0 0 0]	2026-08-12_23-24-09	[1 1 1 0 0 0 0 0 0 1 0 0 0 0 0 0 0 0]	2026-08-12_23-24-09	[0 0 1 1 0 0 0 0 0 0 0 0 0 0 0 0 0 0]	2026-08-12_23-24-09	[6]	2026-08-12_23-24-09
1	2026-08-12_23-24-09	-1.0	2026-08-12_23-24-09	11.21420669555664	2026-08-12_23-24-09	2.9441447257995605	2026-08-12_23-24-09	2.8395986557006836	2026-08-12_23-24-09	2.78131103515625	2026-08-12_23-24-09	2.6491522789001465	2026-08-12_23-24-09	True	2026-08-12_23-24-09	[0 0 0 0 1 1 0 1 0 0 0 0 0 0 0 0 0 0 0 0 0]	2026-08-12_23-24-09	[0 0 0 0 0 0 0 0 0 0 0 0 0 0 0 0 0 0 0 0 0]	2026-08-12_23-24-09	[1 1 1 0 0 0 0 0 0 1 0 0 0 0 0 0 0 0]	2026-08-12_23-24-09	[0 0 1 1 0 0 0 0 0 0 0 0 0 0 0 0 0 0]	2026-08-12_23-24-09	[6]	2026-08-12_23-24-09	[0 0 0 0 1 1 0 1 0 0 0 0 0 1 0 0 0 0 0 0 0]	2026-08-12_23-24-09	[0 0 0 0 1 0 0 0 0 0 0 0 0 0 0 0 0 0 0 0 0]	2026-08-12_23-24-09	[1 0 1 0 0 0 0 0 0 1 0 0 0 0 0 0 0 0]	2026-08-12_23-24-09	[0 0 1 1 0 0 0 0 0 0 0 0 0 1 0 0 0 0]	2026-08-12_23-24-09	[0]	2026-08-12_23-24-09
1	2026-08-12_23-24-09	-0.625	2026-08-12_23-24-09	11.14737319946289	2026-08-12_23-24-09	2.9390761852264404	2026-08-12_23-24-09	2.759594678878784	2026-08-12_23-24-09	2.7610435485839844	2026-08-12_23-24-09	2.6876585483551025	2026-08-12_23-24-09	True	2026-08-12_23-24-09	[0 0 0 0 1 1 0 1 0 0 0 0 0 1 0 0 0 0 0 0 0]	2026-08-12_23-24-09	[0 0 0 0 1 0 0 0 0 0 0 0 0 0 0 0 0 0 0 0 0]	2026-08-12_23-24-09	[1 0 1 0 0 0 0 0 0 1 0 0 0 0 0 0 0 0]	2026-08-12_23-24-09	[0 0 1 1 0 0 0 0 0 0 0 0 0 1 0 0 0 0]	2026-08-12_23-24-09	[0]	2026-08-12_23-24-09	[0 0 0 0 1 1 0 1 0 0 0 0 0 0 0 0 0 0 0 0 0]	2026-08-12_23-24-09	[0 0 0 0 0 0 0 0 0 0 0 0 0 0 0 0 0 0 0 0 0]	2026-08-12_23-24-09	[1 0 0 0 0 0 0 0 0 1 0 0 0 0 0 0 0 0]	2026-08-12_23-24-09	[0 0 1 1 0 0 0 0 0 0 0 0 0 0 0 0 0 0]	2026-08-12_23-24-09	[6]	2026-08-12_23-24-09
1	2026-08-12_23-24-09	-1.0	2026-08-12_23-24-09	10.989005088806152	2026-08-12_23-24-09	2.884545087814331	2026-08-12_23-24-09	2.750433921813965	2026-08-12_23-24-09	2.7506439685821533	2026-08-12_23-24-09	2.603381872177124	2026-08-12_23-24-09	True	2026-08-12_23-24-09	[0 0 0 0 1 1 0 1 0 0 0 0 0 0 0 0 0 0 0 0 0]	2026-08-12_23-24-09	[0 0 0 0 0 0 0 0 0 0 0 0 0 0 0 0 0 0 0 0 0]	2026-08-12_23-24-09	[1 0 0 0 0 0 0 0 0 1 0 0 0 0 0 0 0 0]	2026-08-12_23-24-09	[0 0 1 1 0 0 0 0 0 0 0 0 0 0 0 0 0 0]	2026-08-12_23-24-09	[6]	2026-08-12_23-24-09	[0 0 0 0 1 1 0 1 0 0 0 0 0 1 0 0 0 0 0 0 0]	2026-08-12_23-24-09	[0 0 0 0 1 0 0 0 0 0 0 0 0 0 0 0 0 0 0 0 0]	2026-08-12_23-24-09	[1 1 0 0 0 0 0 0 0 1 0 0 0 0 0 0 0 0]	2026-08-12_23-24-09	[0 0 1 1 0 0 0 0 0 0 0 0 0 1 0 0 0 0]	2026-08-12_23-24-09	[0]	2026-08-12_23-24-09
1	2026-08-12_23-24-09	-0.625	2026-08-12_23-24-09	11.105525016784668	2026-08-12_23-24-09	2.957834482192993	2026-08-12_23-24-09	2.7418808937072754	2026-08-12_23-24-09	2.764136791229248	2026-08-12_23-24-09	2.6416730880737305	2026-08-12_23-24-09	True	2026-08-12_23-24-09	[0 0 0 0 1 1 0 1 0 0 0 0 0 1 0 0 0 0 0 0 0]	2026-08-12_23-24-09	[0 0 0 0 1 0 0 0 0 0 0 0 0 0 0 0 0 0 0 0 0]	2026-08-12_23-24-09	[1 1 0 0 0 0 0 0 0 1 0 0 0 0 0 0 0 0]	2026-08-12_23-24-09	[0 0 1 1 0 0 0 0 0 0 0 0 0 1 0 0 0 0]	2026-08-12_23-24-09	[0]	2026-08-12_23-24-09	[0 0 0 0 1 1 0 1 0 0 0 0 0 0 0 0 0 0 0 0 0]	2026-08-12_23-24-09	[0 0 0 0 0 0 0 0 0 0 0 0 0 0 0 0 0 0 0 0 0]	2026-08-12_23-24-09	[1 1 1 0 0 0 0 0 0 1 0 0 0 0 0 0 0 0]	2026-08-12_23-24-09	[0 0 1 1 0 0 0 0 0 0 0 0 0 0 0 0 0 0]	2026-08-12_23-24-09	[6]	2026-08-12_23-24-09
1	2026-08-12_23-24-09	-1.0	2026-08-12_23-24-09	11.172510147094727	2026-08-12_23-24-09	2.935368537902832	2026-08-12_23-24-09	2.823472738265991	2026-08-12_23-24-09	2.777649164199829	2026-08-12_23-24-09	2.636019706726074	2026-08-12_23-24-09	True	2026-08-12_23-24-09	[0 0 0 0 1 1 0 1 0 0 0 0 0 0 0 0 0 0 0 0 0]	2026-08-12_23-24-09	[0 0 0 0 0 0 0 0 0 0 0 0 0 0 0 0 0 0 0 0 0]	2026-08-12_23-24-09	[1 1 1 0 0 0 0 0 0 1 0 0 0 0 0 0 0 0]	2026-08-12_23-24-09	[0 0 1 1 0 0 0 0 0 0 0 0 0 0 0 0 0 0]	2026-08-12_23-24-09	[6]	2026-08-12_23-24-09	[0 0 0 0 1 1 0 1 0 0 0 0 0 1 0 0 0 0 0 0 0]	2026-08-12_23-24-09	[0 0 0 0 1 0 0 0 0 0 0 0 0 0 0 0 0 0 0 0 0]	2026-08-12_23-24-09	[1 0 1 0 0 0 0 0 0 1 0 0 0 0 0 0 0 0]	2026-08-12_23-24-09	[0 0 1 1 0 0 0 0 0 0 0 0 0 1 0 0 0 0]	2026-08-12_23-24-09	[0]	2026-08-12_23-24-09
1	2026-08-12_23-24-09	-0.625	2026-08-12_23-24-09	11.076887130737305	2026-08-12_23-24-09	2.9524307250976562	2026-08-12_23-24-09	2.7223124504089355	2026-08-12_23-24-09	2.7576863765716553	2026-08-12_23-24-09	2.644458055496216	2026-08-12_23-24-09	True	2026-08-12_23-24-09	[0 0 0 0 1 1 0 1 0 0 0 0 0 1 0 0 0 0 0 0 0]	2026-08-12_23-24-09	[0 0 0 0 1 0 0 0 0 0 0 0 0 0 0 0 0 0 0 0 0]	2026-08-12_23-24-09	[1 0 1 0 0 0 0 0 0 1 0 0 0 0 0 0 0 0]	2026-08-12_23-24-09	[0 0 1 1 0 0 0 0 0 0 0 0 0 1 0 0 0 0]	2026-08-12_23-24-09	[0]	2026-08-12_23-24-09	[0 0 0 0 1 1 0 1 0 0 0 0 0 0 0 0 0 0 0 0 0]	2026-08-12_23-24-09	[0 0 0 0 0 0 0 0 0 0 0 0 0 0 0 0 0 0 0 0 0]	2026-08-12_23-24-09	[1 0 0 0 0 0 0 0 0 1 0 0 0 0 0 0 0 0]	2026-08-12_23-24-09	[0 0 1 1 0 0 0 0 0 0 0 0 0 0 0 0 0 0]	2026-08-12_23-24-09	[6]	2026-08-12_23-24-09
1	2026-08-12_23-24-09	-1.0	2026-08-12_23-24-09	10.927152633666992	2026-08-12_23-24-09	2.875072956085205	2026-08-12_23-24-09	2.736546277999878	2026-08-12_23-24-09	2.7403998374938965	2026-08-12_23-24-09	2.57513427734375	2026-08-12_23-24-09	True	2026-08-12_23-24-09	[0 0 0 0 1 1 0 1 0 0 0 0 0 0 0 0 0 0 0 0 0]	2026-08-12_23-24-09	[0 0 0 0 0 0 0 0 0 0 0 0 0 0 0 0 0 0 0 0 0]	2026-08-12_23-24-09	[1 0 0 0 0 0 0 0 0 1 0 0 0 0 0 0 0 0]	2026-08-12_23-24-09	[0 0 1 1 0 0 0 0 0 0 0 0 0 0 0 0 0 0]	2026-08-12_23-24-09	[6]	2026-08-12_23-24-09	[0 0 0 0 1 1 0 1 0 0 0 0 0 1 0 0 0 0 0 0 0]	2026-08-12_23-24-09	[0 0 0 0 1 0 0 0 0 0 0 0 0 0 0 0 0 0 0 0 0]	2026-08-12_23-24-09	[1 1 0 0 0 0 0 0 0 1 0 0 0 0 0 0 0 0]	2026-08-12_23-24-09	[0 0 1 1 0 0 0 0 0 0 0 0 0 1 0 0 0 0]	2026-08-12_23-24-09	[0]	2026-08-12_23-24-09
1	2026-08-12_23-24-09	-0.625	2026-08-12_23-24-09	11.105942726135254	2026-08-12_23-24-09	2.9591281414031982	2026-08-12_23-24-09	2.739215850830078	2026-08-12_23-24-09	2.761709690093994	2026-08-12_23-24-09	2.645888328552246	2026-08-12_23-24-09	True	2026-08-12_23-24-09	[0 0 0 0 1 1 0 1 0 0 0 0 0 1 0 0 0 0 0 0 0]	2026-08-12_23-24-09	[0 0 0 0 1 0 0 0 0 0 0 0 0 0 0 0 0 0 0 0 0]	2026-08-12_23-24-09	[1 1 0 0 0 0 0 0 0 1 0 0 0 0 0 0 0 0]	2026-08-12_23-24-09	[0 0 1 1 0 0 0 0 0 0 0 0 0 1 0 0 0 0]	2026-08-12_23-24-09	[0]	2026-08-12_23-24-09	[0 0 0 0 1 1 0 1 0 0 0 0 0 0 0 0 0 0 0 0 0]	2026-08-12_23-24-09	[0 0 0 0 0 0 0 0 0 0 0 0 0 0 0 0 0 0 0 0 0]	2026-08-12_23-24-09	[1 1 1 0 0 0 0 0 0 1 0 0 0 0 0 0 0 0]	2026-08-12_23-24-09	[0 0 1 1 0 0 0 0 0 0 0 0 0 0 0 0 0 0]	2026-08-12_23-24-09	[6]	2026-08-12_23-24-09
1	2026-08-12_23-24-09	-1.0	2026-08-12_23-24-09	11.187746047973633	2026-08-12_23-24-09	2.936098575592041	2026-08-12_23-24-09	2.8320837020874023	2026-08-12_23-24-09	2.778911828994751	2026-08-12_23-24-09	2.6406514644622803	2026-08-12_23-24-09	True	2026-08-12_23-24-09	[0 0 0 0 1 1 0 1 0 0 0 0 0 0 0 0 0 0 0 0 0]	2026-08-12_23-24-09	[0 0 0 0 0 0 0 0 0 0 0 0 0 0 0 0 0 0 0 0 0]	2026-08-12_23-24-09	[1 1 1 0 0 0 0 0 0 1 0 0 0 0 0 0 0 0]	2026-08-12_23-24-09	[0 0 1 1 0 0 0 0 0 0 0 0 0 0 0 0 0 0]	2026-08-12_23-24-09	[6]	2026-08-12_23-24-09	[0 0 0 0 1 1 0 1 0 0 0 0 0 1 0 0 0 0 0 0 0]	2026-08-12_23-24-09	[0 0 0 0 1 0 0 0 0 0 0 0 0 0 0 0 0 0 0 0 0]	2026-08-12_23-24-09	[1 0 1 0 0 0 0 0 0 1 0 0 0 0 0 0 0 0]	2026-08-12_23-24-09	[0 0 1 1 0 0 0 0 0 0 0 0 0 1 0 0 0 0]	2026-08-12_23-24-09	[0]	2026-08-12_23-24-09
1	2026-08-12_23-24-09	-0.625	2026-08-12_23-24-09	11.001811981201172	2026-08-12_23-24-09	2.9249794483184814	2026-08-12_23-24-09	2.703225612640381	2026-08-12_23-24-09	2.7408275604248047	2026-08-12_23-24-09	2.632779598236084	2026-08-12_23-24-09	True	2026-08-12_23-24-09	[0 0 0 0 1 1 0 1 0 0 0 0 0 1 0 0 0 0 0 0 0]	2026-08-12_23-24-09	[0 0 0 0 1 0 0 0 0 0 0 0 0 0 0 0 0 0 0 0 0]	2026-08-12_23-24-09	[1 0 1 0 0 0 0 0 0 1 0 0 0 0 0 0 0 0]	2026-08-12_23-24-09	[0 0 1 1 0 0 0 0 0 0 0 0 0 1 0 0 0 0]	2026-08-12_23-24-09	[0]	2026-08-12_23-24-09	[0 0 0 0 1 1 0 1 0 0 0 0 0 0 0 0 0 0 0 0 0]	2026-08-12_23-24-09	[0 0 0 0 0 0 0 0 0 0 0 0 0 0 0 0 0 0 0 0 0]	2026-08-12_23-24-09	[1 0 0 0 0 0 0 0 0 1 0 0 0 0 0 0 0 0]	2026-08-12_23-24-09	[0 0 1 1 0 0 0 0 0 0 0 0 0 0 0 0 0 0]	2026-08-12_23-24-09	[6]	2026-08-12_23-24-09
1	2026-08-12_23-24-09	-1.0	2026-08-12_23-24-09	10.89200496673584	2026-08-12_23-24-09	2.86380934715271	2026-08-12_23-24-09	2.7270681858062744	2026-08-12_23-24-09	2.7301838397979736	2026-08-12_23-24-09	2.570943832397461	2026-08-12_23-24-09	True	2026-08-12_23-24-09	[0 0 0 0 1 1 0 1 0 0 0 0 0 0 0 0 0 0 0 0 0]	2026-08-12_23-24-09	[0 0 0 0 0 0 0 0 0 0 0 0 0 0 0 0 0 0 0 0 0]	2026-08-12_23-24-09	[1 0 0 0 0 0 0 0 0 1 0 0 0 0 0 0 0 0]	2026-08-12_23-24-09	[0 0 1 1 0 0 0 0 0 0 0 0 0 0 0 0 0 0]	2026-08-12_23-24-09	[6]	2026-08-12_23-24-09	[0 0 0 0 1 1 0 1 0 0 0 0 0 1 0 0 0 0 0 0 0]	2026-08-12_23-24-09	[0 0 0 0 1 0 0 0 0 0 0 0 0 0 0 0 0 0 0 0 0]	2026-08-12_23-24-09	[1 1 0 0 0 0 0 0 0 1 0 0 0 0 0 0 0 0]	2026-08-12_23-24-09	[0 0 1 1 0 0 0 0 0 0 0 0 0 1 0 0 0 0]	2026-08-12_23-24-09	[0]	2026-08-12_23-24-09
1	2026-08-12_23-24-09	-0.625	2026-08-12_23-24-09	11.120455741882324	2026-08-12_23-24-09	2.9558629989624023	2026-08-12_23-24-09	2.7425801753997803	2026-08-12_23-24-09	2.765850305557251	2026-08-12_23-24-09	2.6561625003814697	2026-08-12_23-24-09	True	2026-08-12_23-24-09	[0 0 0 0 1 1 0 1 0 0 0 0 0 1 0 0 0 0 0 0 0]	2026-08-12_23-24-09	[0 0 0 0 1 0 0 0 0 0 0 0 0 0 0 0 0 0 0 0 0]	2026-08-12_23-24-09	[1 1 0 0 0 0 0 0 0 1 0 0 0 0 0 0 0 0]	2026-08-12_23-24-09	[0 0 1 1 0 0 0 0 0 0 0 0 0 1 0 0 0 0]	2026-08-12_23-24-09	[0]	2026-08-12_23-24-09	[0 0 0 0 1 1 0 1 0 0 0 0 0 0 0 0 0 0 0 0 0]	2026-08-12_23-24-09	[0 0 0 0 0 0 0 0 0 0 0 0 0 0 0 0 0 0 0 0 0]	2026-08-12_23-24-09	[1 1 1 0 0 0 0 0 0 1 0 0 0 0 0 0 0 0]	2026-08-12_23-24-09	[0 0 1 1 0 0 0 0 0 0 0 0 0 0 0 0 0 0]	2026-08-12_23-24-09	[6]	2026-08-12_23-24-09
1	2026-08-12_23-24-09	-1.0	2026-08-12_23-24-09	10.999334335327148	2026-08-12_23-24-09	2.905026435852051	2026-08-12_23-24-09	2.7653536796569824	2026-08-12_23-24-09	2.7545666694641113	2026-08-12_23-24-09	2.5743870735168457	2026-08-12_23-24-09	True	2026-08-12_23-24-09	[0 0 0 0 1 1 0 1 0 0 0 0 0 0 0 0 0 0 0 0 0]	2026-08-12_23-24-09	[0 0 0 0 0 0 0 0 0 0 0 0 0 0 0 0 0 0 0 0 0]	2026-08-12_23-24-09	[1 1 1 0 0 0 0 0 0 1 0 0 0 0 0 0 0 0]	2026-08-12_23-24-09	[0 0 1 1 0 0 0 0 0 0 0 0 0 0 0 0 0 0]	2026-08-12_23-24-09	[6]	2026-08-12_23-24-09	[0 0 0 0 1 1 0 1 0 0 0 0 0 1 0 0 0 0 0 0 0]	2026-08-12_23-24-09	[0 0 0 0 1 0 0 0 0 0 0 0 0 0 0 0 0 0 0 0 0]	2026-08-12_23-24-09	[1 0 1 0 0 0 0 0 0 1 0 0 0 0 0 0 0 0]	2026-08-12_23-24-09	[0 0 1 1 0 0 0 0 0 0 0 0 0 1 0 0 0 0]	2026-08-12_23-24-09	[0]	2026-08-12_23-24-09
1	2026-08-12_23-24-09	-0.625	2026-08-12_23-24-09	11.012460708618164	2026-08-12_23-24-09	2.9286141395568848	2026-08-12_23-24-09	2.7016701698303223	2026-08-12_23-24-09	2.747377395629883	2026-08-12_23-24-09	2.6347994804382324	2026-08-12_23-24-09	True	2026-08-12_23-24-09	[0 0 0 0 1 1 0 1 0 0 0 0 0 1 0 0 0 0 0 0 0]	2026-08-12_23-24-09	[0 0 0 0 1 0 0 0 0 0 0 0 0 0 0 0 0 0 0 0 0]	2026-08-12_23-24-09	[1 0 1 0 0 0 0 0 0 1 0 0 0 0 0 0 0 0]	2026-08-12_23-24-09	[0 0 1 1 0 0 0 0 0 0 0 0 0 1 0 0 0 0]	2026-08-12_23-24-09	[0]	2026-08-12_23-24-09	[0 0 0 0 1 1 0 1 0 0 0 0 0 0 0 0 0 0 0 0 0]	2026-08-12_23-24-09	[0 0 0 0 0 0 0 0 0 0 0 0 0 0 0 0 0 0 0 0 0]	2026-08-12_23-24-09	[1 0 0 0 0 0 0 0 0 1 0 0 0 0 0 0 0 0]	2026-08-12_23-24-09	[0 0 1 1 0 0 0 0 0 0 0 0 0 0 0 0 0 0]	2026-08-12_23-24-09	[6]	2026-08-12_23-24-09
2	2026-08-14_03-09-28	-1.0	2026-08-14_03-09-28	11.430404663085938	2026-08-14_03-09-28	2.9192333221435547	2026-08-14_03-09-28	2.8861794471740723	2026-08-14_03-09-28	2.8087992668151855	2026-08-14_03-09-28	2.816192388534546	2026-08-14_03-09-28	False	2026-08-14_03-09-28	[0 0 0 0 0 0 0 0 0 0 1 0 1 0 0 0 0 0 0 0 0]	2026-08-14_03-09-28	[0 0 0 0 0 0 0 0 0 0 0 0 0 0 0 0 0 0 0 0 0]	2026-08-14_03-09-28	[0 0 0 0 1 0 0 0 1 0 0 0 1 0 0 0 0 0]	2026-08-14_03-09-28	[0 0 0 0 0 0 0 0 0 0 1 0 1 0 0 1 0 0]	2026-08-14_03-09-28	[0]	2026-08-14_03-09-28	[0 0 0 0 0 0 0 0 0 0 1 0 1 0 0 0 0 0 0 0 0]	2026-08-14_03-09-28	[0 0 0 0 0 0 0 0 0 0 1 0 0 0 0 0 0 0 0 0 0]	2026-08-14_03-09-28	[0 0 0 0 1 0 0 0 1 0 0 0 0 0 0 0 0 0]	2026-08-14_03-09-28	[0 0 0 0 0 0 1 0 0 0 1 0 1 0 0 1 0 0]	2026-08-14_03-09-28	[0]	2026-08-14_03-09-28
2	2026-08-14_03-09-28	-1.0	2026-08-14_03-09-28	11.464239120483398	2026-08-14_03-09-28	2.936981678009033	2026-08-14_03-09-28	2.853241205215454	2026-08-14_03-09-28	2.8226540088653564	2026-08-14_03-09-28	2.8513622283935547	2026-08-14_03-09-28	False	2026-08-14_03-09-28	[0 0 0 0 0 0 0 0 0 0 1 0 1 0 0 0 0 0 0 0 0]	2026-08-14_03-09-28	[0 0 0 0 0 0 0 0 0 0 1 0 0 0 0 0 0 0 0 0 0]	2026-08-14_03-09-28	[0 0 0 0 1 0 0 0 1 0 0 0 0 0 0 0 0 0]	2026-08-14_03-09-28	[0 0 0 0 0 0 1 0 0 0 1 0 1 0 0 1 0 0]	2026-08-14_03-09-28	[0]	2026-08-14_03-09-28	[0 0 0 0 0 0 0 0 0 0 1 0 0 0 0 0 0 0 0 0 0]	2026-08-14_03-09-28	[0 0 0 0 0 0 0 0 0 0 0 0 0 0 0 0 0 0 0 0 0]	2026-08-14_03-09-28	[0 0 1 0 1 0 0 0 1 0 0 0 0 0 0 0 0 0]	2026-08-14_03-09-28	[0 0 0 0 0 0 0 0 0 0 1 0 1 0 0 1 0 0]	2026-08-14_03-09-28	[0]	2026-08-14_03-09-28
2	2026-08-14_03-09-28	-1.0	2026-08-14_03-09-28	11.59292984008789	2026-08-14_03-09-28	2.9553985595703125	2026-08-14_03-09-28	2.9445393085479736	2026-08-14_03-09-28	2.8457834720611572	2026-08-14_03-09-28	2.8472084999084473	2026-08-14_03-09-28	False	2026-08-14_03-09-28	[0 0 0 0 0 0 0 0 0 0 1 0 0 0 0 0 0 0 0 0 0]	2026-08-14_03-09-28	[0 0 0 0 0 0 0 0 0 0 0 0 0 0 0 0 0 0 0 0 0]	2026-08-14_03-09-28	[0 0 1 0 1 0 0 0 1 0 0 0 0 0 0 0 0 0]	2026-08-14_03-09-28	[0 0 0 0 0 0 0 0 0 0 1 0 1 0 0 1 0 0]	2026-08-14_03-09-28	[0]	2026-08-14_03-09-28	[0 0 0 0 0 0 0 0 0 0 1 0 0 0 0 0 0 0 0 0 0]	2026-08-14_03-09-28	[0 0 0 0 0 0 0 0 0 0 1 0 0 0 0 0 0 0 0 0 0]	2026-08-14_03-09-28	[0 0 1 0 1 0 0 0 1 0 0 0 1 0 0 0 0 0]	2026-08-14_03-09-28	[0 0 0 0 0 0 0 0 0 0 1 0 1 0 0 1 0 0]	2026-08-14_03-09-28	[0]	2026-08-14_03-09-28
2	2026-08-14_03-09-28	-1.0	2026-08-14_03-09-28	11.50045108795166	2026-08-14_03-09-28	2.943775177001953	2026-08-14_03-09-28	2.880516767501831	2026-08-14_03-09-28	2.826310396194458	2026-08-14_03-09-28	2.849848985671997	2026-08-14_03-09-28	False	2026-08-14_03-09-28	[0 0 0 0 0 0 0 0 0 0 1 0 0 0 0 0 0 0 0 0 0]	2026-08-14_03-09-28	[0 0 0 0 0 0 0 0 0 0 1 0 0 0 0 0 0 0 0 0 0]	2026-08-14_03-09-28	[0 0 1 0 1 0 0 0 1 0 0 0 1 0 0 0 0 0]	2026-08-14_03-09-28	[0 0 0 0 0 0 0 0 0 0 1 0 1 0 0 1 0 0]	2026-08-14_03-09-28	[0]	2026-08-14_03-09-28	[0 0 0 0 0 0 0 0 0 0 1 0 1 0 0 0 0 0 0 0 0]	2026-08-14_03-09-28	[0 0 0 0 0 0 0 0 0 0 0 0 0 0 0 0 0 0 0 0 0]	2026-08-14_03-09-28	[0 0 0 0 1 0 0 0 1 0 0 0 1 0 0 0 0 0]	2026-08-14_03-09-28	[0 0 0 0 0 0 1 0 0 0 1 0 1 0 0 1 0 0]	2026-08-14_03-09-28	[0]	2026-08-14_03-09-28
2	2026-08-14_03-09-28	-0.875	2026-08-14_03-09-28	11.518674850463867	2026-08-14_03-09-28	2.936807632446289	2026-08-14_03-09-28	2.892791748046875	2026-08-14_03-09-28	2.8404407501220703	2026-08-14_03-09-28	2.8486344814300537	2026-08-14_03-09-28	False	2026-08-14_03-09-28	[0 0 0 0 0 0 0 0 0 0 1 0 1 0 0 0 0 0 0 0 0]	2026-08-14_03-09-28	[0 0 0 0 0 0 0 0 0 0 0 0 0 0 0 0 0 0 0 0 0]	2026-08-14_03-09-28	[0 0 0 0 1 0 0 0 1 0 0 0 1 0 0 0 0 0]	2026-08-14_03-09-28	[0 0 0 0 0 0 1 0 0 0 1 0 1 0 0 1 0 0]	2026-08-14_03-09-28	[0]	2026-08-14_03-09-28	[0 0 0 0 0 0 0 0 0 0 1 0 1 0 0 0 0 0 0 0 0]	2026-08-14_03-09-28	[0 0 0 0 0 0 0 0 0 0 1 0 0 0 0 0 0 0 0 0 0]	2026-08-14_03-09-28	[0 0 0 0 1 0 0 0 1 0 0 0 0 0 0 0 0 0]	2026-08-14_03-09-28	[1 0 0 0 0 0 1 0 0 0 1 0 1 0 0 1 0 0]	2026-08-14_03-09-28	[2]	2026-08-14_03-09-28
2	2026-08-14_03-09-28	-0.875	2026-08-14_03-09-28	11.245183944702148	2026-08-14_03-09-28	2.909153938293457	2026-08-14_03-09-28	2.7478818893432617	2026-08-14_03-09-28	2.785944938659668	2026-08-14_03-09-28	2.80220365524292	2026-08-14_03-09-28	False	2026-08-14_03-09-28	[0 0 0 0 0 0 0 0 0 0 1 0 1 0 0 0 0 0 0 0 0]	2026-08-14_03-09-28	[0 0 0 0 0 0 0 0 0 0 1 0 0 0 0 0 0 0 0 0 0]	2026-08-14_03-09-28	[0 0 0 0 1 0 0 0 1 0 0 0 0 0 0 0 0 0]	2026-08-14_03-09-28	[1 0 0 0 0 0 1 0 0 0 1 0 1 0 0 1 0 0]	2026-08-14_03-09-28	[2]	2026-08-14_03-09-28	[0 0 0 0 0 0 0 0 0 0 1 0 1 0 0 1 0 0 0 0 0]	2026-08-14_03-09-28	[0 0 0 0 0 0 0 0 0 0 0 0 0 0 0 0 0 0 0 0 0]	2026-08-14_03-09-28	[0 1 0 0 1 0 0 0 1 0 0 0 0 0 0 0 0 0]	2026-08-14_03-09-28	[1 0 0 0 0 0 0 0 0 0 1 0 1 0 0 1 0 0]	2026-08-14_03-09-28	[2]	2026-08-14_03-09-28
2	2026-08-14_03-09-28	-0.875	2026-08-14_03-09-28	11.340667724609375	2026-08-14_03-09-28	2.9082107543945312	2026-08-14_03-09-28	2.8161091804504395	2026-08-14_03-09-28	2.807003974914551	2026-08-14_03-09-28	2.8093433380126953	2026-08-14_03-09-28	False	2026-08-14_03-09-28	[0 0 0 0 0 0 0 0 0 0 1 0 1 0 0 1 0 0 0 0 0]	2026-08-14_03-09-28	[0 0 0 0 0 0 0 0 0 0 0 0 0 0 0 0 0 0 0 0 0]	2026-08-14_03-09-28	[0 1 0 0 1 0 0 0 1 0 0 0 0 0 0 0 0 0]	2026-08-14_03-09-28	[1 0 0 0 0 0 0 0 0 0 1 0 1 0 0 1 0 0]	2026-08-14_03-09-28	[2]	2026-08-14_03-09-28	[0 0 0 0 0 0 0 0 0 0 1 0 1 0 0 0 0 0 0 0 0]	2026-08-14_03-09-28	[0 0 0 0 0 0 0 0 0 0 1 0 0 0 0 0 0 0 0 0 0]	2026-08-14_03-09-28	[0 0 0 0 1 0 0 0 1 0 0 0 0 0 0 0 0 0]	2026-08-14_03-09-28	[1 0 0 0 0 0 1 0 0 0 1 0 1 0 0 1 0 0]	2026-08-14_03-09-28	[2]	2026-08-14_03-09-28
2	2026-08-14_03-09-28	-0.875	2026-08-14_03-09-28	11.317203521728516	2026-08-14_03-09-28	2.9201083183288574	2026-08-14_03-09-28	2.7926487922668457	2026-08-14_03-09-28	2.8116180896759033	2026-08-14_03-09-28	2.7928290367126465	2026-08-14_03-09-28	False	2026-08-14_03-09-28	[0 0 0 0 0 0 0 0 0 0 1 0 1 0 0 0 0 0 0 0 0]	2026-08-14_03-09-28	[0 0 0 0 0 0 0 0 0 0 1 0 0 0 0 0 0 0 0 0 0]	2026-08-14_03-09-28	[0 0 0 0 1 0 0 0 1 0 0 0 0 0 0 0 0 0]	2026-08-14_03-09-28	[1 0 0 0 0 0 1 0 0 0 1 0 1 0 0 1 0 0]	2026-08-14_03-09-28	[2]	2026-08-14_03-09-28	[0 0 0 0 0 0 0 0 0 0 1 0 1 0 0 1 0 0 0 0 0]	2026-08-14_03-09-28	[0 0 0 0 0 0 0 0 0 0 0 0 0 0 0 0 0 0 0 0 0]	2026-08-14_03-09-28	[0 1 0 0 1 0 0 0 1 0 0 0 0 0 0 0 0 0]	2026-08-14_03-09-28	[1 0 0 0 0 0 0 0 0 0 1 0 1 0 0 1 0 0]	2026-08-14_03-09-28	[2]	2026-08-14_03-09-28
2	2026-08-14_03-09-28	-0.875	2026-08-14_03-09-28	11.31242847442627	2026-08-14_03-09-28	2.9125123023986816	2026-08-14_03-09-28	2.812244415283203	2026-08-14_03-09-28	2.7750773429870605	2026-08-14_03-09-28	2.812594413757324	2026-08-14_03-09-28	False	2026-08-14_03-09-28	[0 0 0 0 0 0 0 0 0 0 1 0 1 0 0 1 0 0 0 0 0]	2026-08-14_03-09-28	[0 0 0 0 0 0 0 0 0 0 0 0 0 0 0 0 0 0 0 0 0]	2026-08-14_03-09-28	[0 1 0 0 1 0 0 0 1 0 0 0 0 0 0 0 0 0]	2026-08-14_03-09-28	[1 0 0 0 0 0 0 0 0 0 1 0 1 0 0 1 0 0]	2026-08-14_03-09-28	[2]	2026-08-14_03-09-28	[0 0 0 0 0 0 0 0 0 0 1 0 1 0 0 0 0 0 0 0 0]	2026-08-14_03-09-28	[0 0 0 0 0 0 0 0 0 0 1 0 0 0 0 0 0 0 0 0 0]	2026-08-14_03-09-28	[0 0 0 0 1 0 0 0 1 0 0 0 0 0 0 0 0 0]	2026-08-14_03-09-28	[1 0 0 0 0 0 1 0 0 0 1 0 1 0 0 1 0 0]	2026-08-14_03-09-28	[2]	2026-08-14_03-09-28
2	2026-08-14_03-09-28	-0.875	2026-08-14_03-09-28	11.30078411102295	2026-08-14_03-09-28	2.9172370433807373	2026-08-14_03-09-28	2.764267921447754	2026-08-14_03-09-28	2.804396867752075	2026-08-14_03-09-28	2.8148820400238037	2026-08-14_03-09-28	False	2026-08-14_03-09-28	[0 0 0 0 0 0 0 0 0 0 1 0 1 0 0 0 0 0 0 0 0]	2026-08-14_03-09-28	[0 0 0 0 0 0 0 0 0 0 1 0 0 0 0 0 0 0 0 0 0]	2026-08-14_03-09-28	[0 0 0 0 1 0 0 0 1 0 0 0 0 0 0 0 0 0]	2026-08-14_03-09-28	[1 0 0 0 0 0 1 0 0 0 1 0 1 0 0 1 0 0]	2026-08-14_03-09-28	[2]	2026-08-14_03-09-28	[0 0 0 0 0 0 0 0 0 0 1 0 1 0 0 1 0 0 0 0 0]	2026-08-14_03-09-28	[0 0 0 0 0 0 0 0 0 0 0 0 0 0 0 0 0 0 0 0 0]	2026-08-14_03-09-28	[0 1 0 0 1 0 0 0 1 0 0 0 0 0 0 0 0 0]	2026-08-14_03-09-28	[1 0 0 0 0 0 0 0 0 0 1 0 1 0 0 1 0 0]	2026-08-14_03-09-28	[2]	2026-08-14_03-09-28
2	2026-08-14_03-09-28	-0.875	2026-08-14_03-09-28	11.385945320129395	2026-08-14_03-09-28	2.9188480377197266	2026-08-14_03-09-28	2.830881118774414	2026-08-14_03-09-28	2.814939498901367	2026-08-14_03-09-28	2.821276903152466	2026-08-14_03-09-28	False	2026-08-14_03-09-28	[0 0 0 0 0 0 0 0 0 0 1 0 1 0 0 1 0 0 0 0 0]	2026-08-14_03-09-28	[0 0 0 0 0 0 0 0 0 0 0 0 0 0 0 0 0 0 0 0 0]	2026-08-14_03-09-28	[0 1 0 0 1 0 0 0 1 0 0 0 0 0 0 0 0 0]	2026-08-14_03-09-28	[1 0 0 0 0 0 0 0 0 0 1 0 1 0 0 1 0 0]	2026-08-14_03-09-28	[2]	2026-08-14_03-09-28	[0 0 0 0 0 0 0 0 0 0 1 0 1 0 0 0 0 0 0 0 0]	2026-08-14_03-09-28	[0 0 0 0 0 0 0 0 0 0 1 0 0 0 0 0 0 0 0 0 0]	2026-08-14_03-09-28	[0 0 0 0 1 0 0 0 1 0 0 0 0 0 0 0 0 0]	2026-08-14_03-09-28	[1 0 0 0 0 0 1 0 0 0 1 0 1 0 0 1 0 0]	2026-08-14_03-09-28	[2]	2026-08-14_03-09-28
2	2026-08-14_03-09-28	-0.875	2026-08-14_03-09-28	11.338497161865234	2026-08-14_03-09-28	2.9244637489318848	2026-08-14_03-09-28	2.792813777923584	2026-08-14_03-09-28	2.8129806518554688	2026-08-14_03-09-28	2.8082387447357178	2026-08-14_03-09-28	False	2026-08-14_03-09-28	[0 0 0 0 0 0 0 0 0 0 1 0 1 0 0 0 0 0 0 0 0]	2026-08-14_03-09-28	[0 0 0 0 0 0 0 0 0 0 1 0 0 0 0 0 0 0 0 0 0]	2026-08-14_03-09-28	[0 0 0 0 1 0 0 0 1 0 0 0 0 0 0 0 0 0]	2026-08-14_03-09-28	[1 0 0 0 0 0 1 0 0 0 1 0 1 0 0 1 0 0]	2026-08-14_03-09-28	[2]	2026-08-14_03-09-28	[0 0 0 0 0 0 0 0 0 0 1 0 1 0 0 1 0 0 0 0 0]	2026-08-14_03-09-28	[0 0 0 0 0 0 0 0 0 0 0 0 0 0 0 0 0 0 0 0 0]	2026-08-14_03-09-28	[0 1 0 0 1 0 0 0 1 0 0 0 0 0 0 0 0 0]	2026-08-14_03-09-28	[1 0 0 0 0 0 0 0 0 0 1 0 1 0 0 1 0 0]	2026-08-14_03-09-28	[2]	2026-08-14_03-09-28
2	2026-08-14_03-09-28	-0.875	2026-08-14_03-09-28	11.346857070922852	2026-08-14_03-09-28	2.917733907699585	2026-08-14_03-09-28	2.812087297439575	2026-08-14_03-09-28	2.7938625812530518	2026-08-14_03-09-28	2.8231735229492188	2026-08-14_03-09-28	False	2026-08-14_03-09-28	[0 0 0 0 0 0 0 0 0 0 1 0 1 0 0 1 0 0 0 0 0]	2026-08-14_03-09-28	[0 0 0 0 0 0 0 0 0 0 0 0 0 0 0 0 0 0 0 0 0]	2026-08-14_03-09-28	[0 1 0 0 1 0 0 0 1 0 0 0 0 0 0 0 0 0]	2026-08-14_03-09-28	[1 0 0 0 0 0 0 0 0 0 1 0 1 0 0 1 0 0]	2026-08-14_03-09-28	[2]	2026-08-14_03-09-28	[0 0 0 0 0 0 0 0 0 0 1 0 1 0 0 0 0 0 0 0 0]	2026-08-14_03-09-28	[0 0 0 0 0 0 0 0 0 0 1 0 0 0 0 0 0 0 0 0 0]	2026-08-14_03-09-28	[0 0 0 0 1 0 0 0 1 0 0 0 0 0 0 0 0 0]	2026-08-14_03-09-28	[1 0 0 0 0 0 1 0 0 0 1 0 1 0 0 1 0 0]	2026-08-14_03-09-28	[2]	2026-08-14_03-09-28
2	2026-08-14_03-09-28	-0.875	2026-08-14_03-09-28	11.294368743896484	2026-08-14_03-09-28	2.9231555461883545	2026-08-14_03-09-28	2.763814926147461	2026-08-14_03-09-28	2.8031272888183594	2026-08-14_03-09-28	2.8042707443237305	2026-08-14_03-09-28	False	2026-08-14_03-09-28	[0 0 0 0 0 0 0 0 0 0 1 0 1 0 0 0 0 0 0 0 0]	2026-08-14_03-09-28	[0 0 0 0 0 0 0 0 0 0 1 0 0 0 0 0 0 0 0 0 0]	2026-08-14_03-09-28	[0 0 0 0 1 0 0 0 1 0 0 0 0 0 0 0 0 0]	2026-08-14_03-09-28	[1 0 0 0 0 0 1 0 0 0 1 0 1 0 0 1 0 0]	2026-08-14_03-09-28	[2]	2026-08-14_03-09-28	[0 0 0 0 0 0 0 0 0 0 1 0 0 0 0 0 0 0 0 0 0]	2026-08-14_03-09-28	[0 0 0 0 0 0 0 0 0 0 0 0 0 0 0 0 0 0 0 0 0]	2026-08-14_03-09-28	[0 1 0 0 1 0 0 0 1 0 0 0 0 0 0 0 0 0]	2026-08-14_03-09-28	[1 0 0 0 0 0 0 0 0 0 1 0 1 0 0 1 0 0]	2026-08-14_03-09-28	[2]	2026-08-14_03-09-28
2	2026-08-14_03-09-28	-0.875	2026-08-14_03-09-28	11.40794563293457	2026-08-14_03-09-28	2.9386727809906006	2026-08-14_03-09-28	2.8262133598327637	2026-08-14_03-09-28	2.811643123626709	2026-08-14_03-09-28	2.8314170837402344	2026-08-14_03-09-28	False	2026-08-14_03-09-28	[0 0 0 0 0 0 0 0 0 0 1 0 0 0 0 0 0 0 0 0 0]	2026-08-14_03-09-28	[0 0 0 0 0 0 0 0 0 0 0 0 0 0 0 0 0 0 0 0 0]	2026-08-14_03-09-28	[0 1 0 0 1 0 0 0 1 0 0 0 0 0 0 0 0 0]	2026-08-14_03-09-28	[1 0 0 0 0 0 0 0 0 0 1 0 1 0 0 1 0 0]	2026-08-14_03-09-28	[2]	2026-08-14_03-09-28	[0 0 0 0 0 0 0 0 0 0 1 0 0 0 0 0 0 0 0 1 0]	2026-08-14_03-09-28	[0 0 0 0 0 0 0 0 0 0 1 0 0 0 0 0 0 0 0 0 0]	2026-08-14_03-09-28	[1 1 0 0 1 0 0 0 1 0 0 0 0 0 0 0 0 0]	2026-08-14_03-09-28	[1 0 0 0 0 0 1 0 0 0 1 0 1 0 0 1 0 0]	2026-08-14_03-09-28	[2]	2026-08-14_03-09-28
2	2026-08-14_03-09-28	-0.625	2026-08-14_03-09-28	11.310688018798828	2026-08-14_03-09-28	2.920318365097046	2026-08-14_03-09-28	2.7802631855010986	2026-08-14_03-09-28	2.8065764904022217	2026-08-14_03-09-28	2.8035292625427246	2026-08-14_03-09-28	False	2026-08-14_03-09-28	[0 0 0 0 0 0 0 0 0 0 1 0 0 0 0 0 0 0 0 1 0]	2026-08-14_03-09-28	[0 0 0 0 0 0 0 0 0 0 1 0 0 0 0 0 0 0 0 0 0]	2026-08-14_03-09-28	[1 1 0 0 1 0 0 0 1 0 0 0 0 0 0 0 0 0]	2026-08-14_03-09-28	[1 0 0 0 0 0 1 0 0 0 1 0 1 0 0 1 0 0]	2026-08-14_03-09-28	[2]	2026-08-14_03-09-28	[0 0 0 0 0 0 0 0 0 0 1 0 0 0 0 1 0 0 0 1 0]	2026-08-14_03-09-28	[0 0 0 0 0 0 0 0 0 0 0 0 0 0 0 0 0 0 0 0 0]	2026-08-14_03-09-28	[1 0 0 0 1 0 0 0 1 0 0 0 0 0 0 0 0 0]	2026-08-14_03-09-28	[1 0 0 0 0 0 0 0 0 0 1 0 1 0 0 1 0 0]	2026-08-14_03-09-28	[6]	2026-08-14_03-09-28
2	2026-08-14_03-09-28	-0.875	2026-08-14_03-09-28	11.096423149108887	2026-08-14_03-09-28	2.8633666038513184	2026-08-14_03-09-28	2.7497618198394775	2026-08-14_03-09-28	2.7375388145446777	2026-08-14_03-09-28	2.745755434036255	2026-08-14_03-09-28	False	2026-08-14_03-09-28	[0 0 0 0 0 0 0 0 0 0 1 0 0 0 0 1 0 0 0 1 0]	2026-08-14_03-09-28	[0 0 0 0 0 0 0 0 0 0 0 0 0 0 0 0 0 0 0 0 0]	2026-08-14_03-09-28	[1 0 0 0 1 0 0 0 1 0 0 0 0 0 0 0 0 0]	2026-08-14_03-09-28	[1 0 0 0 0 0 0 0 0 0 1 0 1 0 0 1 0 0]	2026-08-14_03-09-28	[6]	2026-08-14_03-09-28	[0 0 0 0 0 0 0 0 0 0 1 0 0 0 0 0 0 0 0 1 0]	2026-08-14_03-09-28	[0 0 0 0 0 0 0 0 0 0 1 0 0 0 0 0 0 0 0 0 0]	2026-08-14_03-09-28	[1 1 0 0 1 0 0 0 1 0 0 0 0 0 0 0 0 0]	2026-08-14_03-09-28	[1 0 0 0 0 0 1 0 0 0 1 0 1 0 0 1 0 0]	2026-08-14_03-09-28	[2]	2026-08-14_03-09-28
2	2026-08-14_03-09-28	-0.625	2026-08-14_03-09-28	11.34933853149414	2026-08-14_03-09-28	2.9311509132385254	2026-08-14_03-09-28	2.800401210784912	2026-08-14_03-09-28	2.8119823932647705	2026-08-14_03-09-28	2.80580472946167	2026-08-14_03-09-28	False	2026-08-14_03-09-28	[0 0 0 0 0 0 0 0 0 0 1 0 0 0 0 0 0 0 0 1 0]	2026-08-14_03-09-28	[0 0 0 0 0 0 0 0 0 0 1 0 0 0 0 0 0 0 0 0 0]	2026-08-14_03-09-28	[1 1 0 0 1 0 0 0 1 0 0 0 0 0 0 0 0 0]	2026-08-14_03-09-28	[1 0 0 0 0 0 1 0 0 0 1 0 1 0 0 1 0 0]	2026-08-14_03-09-28	[2]	2026-08-14_03-09-28	[0 0 0 0 0 0 0 0 0 0 1 0 0 0 0 1 0 0 0 1 0]	2026-08-14_03-09-28	[0 0 0 0 0 0 0 0 0 0 0 0 0 0 0 0 0 0 0 0 0]	2026-08-14_03-09-28	[1 0 0 0 1 0 0 0 1 0 0 0 0 0 0 0 0 0]	2026-08-14_03-09-28	[1 0 0 0 0 0 0 0 0 0 1 0 1 0 0 1 0 0]	2026-08-14_03-09-28	[6]	2026-08-14_03-09-28
2	2026-08-14_03-09-28	-0.875	2026-08-14_03-09-28	11.032715797424316	2026-08-14_03-09-28	2.85137677192688	2026-08-14_03-09-28	2.723592758178711	2026-08-14_03-09-28	2.717285633087158	2026-08-14_03-09-28	2.740460157394409	2026-08-14_03-09-28	False	2026-08-14_03-09-28	[0 0 0 0 0 0 0 0 0 0 1 0 0 0 0 1 0 0 0 1 0]	2026-08-14_03-09-28	[0 0 0 0 0 0 0 0 0 0 0 0 0 0 0 0 0 0 0 0 0]	2026-08-14_03-09-28	[1 0 0 0 1 0 0 0 1 0 0 0 0 0 0 0 0 0]	2026-08-14_03-09-28	[1 0 0 0 0 0 0 0 0 0 1 0 1 0 0 1 0 0]	2026-08-14_03-09-28	[6]	2026-08-14_03-09-28	[0 0 0 0 0 0 0 0 0 0 1 0 0 0 0 0 0 0 0 1 0]	2026-08-14_03-09-28	[0 0 0 0 0 0 0 0 0 0 1 0 0 0 0 0 0 0 0 0 0]	2026-08-14_03-09-28	[1 1 0 0 1 0 0 0 1 0 0 0 0 0 0 0 0 0]	2026-08-14_03-09-28	[1 0 0 0 0 0 1 0 0 0 1 0 1 0 0 1 0 0]	2026-08-14_03-09-28	[2]	2026-08-14_03-09-28
2	2026-08-14_03-09-28	-0.625	2026-08-14_03-09-28	11.366903305053711	2026-08-14_03-09-28	2.9294490814208984	2026-08-14_03-09-28	2.8184499740600586	2026-08-14_03-09-28	2.8261282444000244	2026-08-14_03-09-28	2.7928762435913086	2026-08-14_03-09-28	False	2026-08-14_03-09-28	[0 0 0 0 0 0 0 0 0 0 1 0 0 0 0 0 0 0 0 1 0]	2026-08-14_03-09-28	[0 0 0 0 0 0 0 0 0 0 1 0 0 0 0 0 0 0 0 0 0]	2026-08-14_03-09-28	[1 1 0 0 1 0 0 0 1 0 0 0 0 0 0 0 0 0]	2026-08-14_03-09-28	[1 0 0 0 0 0 1 0 0 0 1 0 1 0 0 1 0 0]	2026-08-14_03-09-28	[2]	2026-08-14_03-09-28	[0 0 0 0 0 0 0 0 0 0 1 0 0 0 0 1 0 0 0 1 0]	2026-08-14_03-09-28	[0 0 0 0 0 0 0 0 0 0 0 0 0 0 0 0 0 0 0 0 0]	2026-08-14_03-09-28	[1 0 0 0 1 0 0 0 1 0 0 0 0 0 0 0 0 0]	2026-08-14_03-09-28	[1 0 0 0 0 0 0 0 0 0 1 0 1 0 0 1 0 0]	2026-08-14_03-09-28	[6]	2026-08-14_03-09-28
2	2026-08-14_03-09-28	-0.875	2026-08-14_03-09-28	11.101722717285156	2026-08-14_03-09-28	2.865814447402954	2026-08-14_03-09-28	2.7489171028137207	2026-08-14_03-09-28	2.74206280708313	2026-08-14_03-09-28	2.7449278831481934	2026-08-14_03-09-28	False	2026-08-14_03-09-28	[0 0 0 0 0 0 0 0 0 0 1 0 0 0 0 1 0 0 0 1 0]	2026-08-14_03-09-28	[0 0 0 0 0 0 0 0 0 0 0 0 0 0 0 0 0 0 0 0 0]	2026-08-14_03-09-28	[1 0 0 0 1 0 0 0 1 0 0 0 0 0 0 0 0 0]	2026-08-14_03-09-28	[1 0 0 0 0 0 0 0 0 0 1 0 1 0 0 1 0 0]	2026-08-14_03-09-28	[6]	2026-08-14_03-09-28	[0 0 0 0 0 0 0 0 0 0 1 0 0 0 0 0 0 0 0 1 0]	2026-08-14_03-09-28	[0 0 0 0 0 0 0 0 0 0 1 0 0 0 0 0 0 0 0 0 0]	2026-08-14_03-09-28	[1 1 0 0 1 0 0 0 1 0 0 0 0 0 0 0 0 0]	2026-08-14_03-09-28	[1 0 0 0 0 0 1 0 0 0 1 0 1 0 0 1 0 0]	2026-08-14_03-09-28	[2]	2026-08-14_03-09-28
2	2026-08-14_03-09-28	-0.625	2026-08-14_03-09-28	11.340450286865234	2026-08-14_03-09-28	2.920060873031616	2026-08-14_03-09-28	2.7905337810516357	2026-08-14_03-09-28	2.8144888877868652	2026-08-14_03-09-28	2.8153672218322754	2026-08-14_03-09-28	False	2026-08-14_03-09-28	[0 0 0 0 0 0 0 0 0 0 1 0 0 0 0 0 0 0 0 1 0]	2026-08-14_03-09-28	[0 0 0 0 0 0 0 0 0 0 1 0 0 0 0 0 0 0 0 0 0]	2026-08-14_03-09-28	[1 1 0 0 1 0 0 0 1 0 0 0 0 0 0 0 0 0]	2026-08-14_03-09-28	[1 0 0 0 0 0 1 0 0 0 1 0 1 0 0 1 0 0]	2026-08-14_03-09-28	[2]	2026-08-14_03-09-28	[0 0 0 0 0 0 0 0 0 0 1 0 0 0 0 1 0 0 0 1 0]	2026-08-14_03-09-28	[0 0 0 0 0 0 0 0 0 0 0 0 0 0 0 0 0 0 0 0 0]	2026-08-14_03-09-28	[1 0 0 0 1 0 0 0 1 0 0 0 0 0 0 0 0 0]	2026-08-14_03-09-28	[1 0 0 0 0 0 0 0 0 0 1 0 1 0 0 1 0 0]	2026-08-14_03-09-28	[6]	2026-08-14_03-09-28
2	2026-08-14_03-09-28	-0.875	2026-08-14_03-09-28	11.085082054138184	2026-08-14_03-09-28	2.861539363861084	2026-08-14_03-09-28	2.7465660572052	2026-08-14_03-09-28	2.732407569885254	2026-08-14_03-09-28	2.7445685863494873	2026-08-14_03-09-28	False	2026-08-14_03-09-28	[0 0 0 0 0 0 0 0 0 0 1 0 0 0 0 1 0 0 0 1 0]	2026-08-14_03-09-28	[0 0 0 0 0 0 0 0 0 0 0 0 0 0 0 0 0 0 0 0 0]	2026-08-14_03-09-28	[1 0 0 0 1 0 0 0 1 0 0 0 0 0 0 0 0 0]	2026-08-14_03-09-28	[1 0 0 0 0 0 0 0 0 0 1 0 1 0 0 1 0 0]	2026-08-14_03-09-28	[6]	2026-08-14_03-09-28	[0 0 0 0 0 0 0 0 0 0 1 0 0 0 0 0 0 0 0 1 0]	2026-08-14_03-09-28	[0 0 0 0 0 0 0 0 0 0 1 0 0 0 0 0 0 0 0 0 0]	2026-08-14_03-09-28	[1 1 0 0 1 0 0 0 1 0 0 0 0 0 0 0 0 0]	2026-08-14_03-09-28	[1 0 0 0 0 0 1 0 0 0 1 0 1 0 0 1 0 0]	2026-08-14_03-09-28	[2]	2026-08-14_03-09-28
2	2026-08-14_03-09-28	-0.625	2026-08-14_03-09-28	11.305919647216797	2026-08-14_03-09-28	2.9206490516662598	2026-08-14_03-09-28	2.778704881668091	2026-08-14_03-09-28	2.8026435375213623	2026-08-14_03-09-28	2.803921937942505	2026-08-14_03-09-28	False	2026-08-14_03-09-28	[0 0 0 0 0 0 0 0 0 0 1 0 0 0 0 0 0 0 0 1 0]	2026-08-14_03-09-28	[0 0 0 0 0 0 0 0 0 0 1 0 0 0 0 0 0 0 0 0 0]	2026-08-14_03-09-28	[1 1 0 0 1 0 0 0 1 0 0 0 0 0 0 0 0 0]	2026-08-14_03-09-28	[1 0 0 0 0 0 1 0 0 0 1 0 1 0 0 1 0 0]	2026-08-14_03-09-28	[2]	2026-08-14_03-09-28	[0 0 0 0 0 0 0 0 0 0 1 0 0 0 0 1 0 0 0 1 0]	2026-08-14_03-09-28	[0 0 0 0 0 0 0 0 0 0 0 0 0 0 0 0 0 0 0 0 0]	2026-08-14_03-09-28	[1 0 0 0 1 0 0 0 1 0 0 0 0 0 0 0 0 0]	2026-08-14_03-09-28	[1 0 0 0 0 0 0 0 0 0 1 0 1 0 0 1 0 0]	2026-08-14_03-09-28	[6]	2026-08-14_03-09-28
2	2026-08-14_03-09-28	-0.875	2026-08-14_03-09-28	11.044463157653809	2026-08-14_03-09-28	2.853893756866455	2026-08-14_03-09-28	2.72664475440979	2026-08-14_03-09-28	2.7226755619049072	2026-08-14_03-09-28	2.7412490844726562	2026-08-14_03-09-28	False	2026-08-14_03-09-28	[0 0 0 0 0 0 0 0 0 0 1 0 0 0 0 1 0 0 0 1 0]	2026-08-14_03-09-28	[0 0 0 0 0 0 0 0 0 0 0 0 0 0 0 0 0 0 0 0 0]	2026-08-14_03-09-28	[1 0 0 0 1 0 0 0 1 0 0 0 0 0 0 0 0 0]	2026-08-14_03-09-28	[1 0 0 0 0 0 0 0 0 0 1 0 1 0 0 1 0 0]	2026-08-14_03-09-28	[6]	2026-08-14_03-09-28	[0 0 0 0 0 0 0 0 0 0 1 0 0 0 0 0 0 0 0 1 0]	2026-08-14_03-09-28	[0 0 0 0 0 0 0 0 0 0 1 0 0 0 0 0 0 0 0 0 0]	2026-08-14_03-09-28	[1 1 0 0 1 0 0 0 1 0 0 0 0 0 0 0 0 0]	2026-08-14_03-09-28	[1 0 0 0 0 0 1 0 0 0 1 0 1 0 0 1 0 0]	2026-08-14_03-09-28	[2]	2026-08-14_03-09-28
2	2026-08-14_03-09-28	-0.625	2026-08-14_03-09-28	11.362857818603516	2026-08-14_03-09-28	2.9300549030303955	2026-08-14_03-09-28	2.8155999183654785	2026-08-14_03-09-28	2.810572624206543	2026-08-14_03-09-28	2.8066301345825195	2026-08-14_03-09-28	False	2026-08-14_03-09-28	[0 0 0 0 0 0 0 0 0 0 1 0 0 0 0 0 0 0 0 1 0]	2026-08-14_03-09-28	[0 0 0 0 0 0 0 0 0 0 1 0 0 0 0 0 0 0 0 0 0]	2026-08-14_03-09-28	[1 1 0 0 1 0 0 0 1 0 0 0 0 0 0 0 0 0]	2026-08-14_03-09-28	[1 0 0 0 0 0 1 0 0 0 1 0 1 0 0 1 0 0]	2026-08-14_03-09-28	[2]	2026-08-14_03-09-28	[0 0 0 0 0 0 0 0 0 0 1 0 0 0 0 1 0 0 0 1 0]	2026-08-14_03-09-28	[0 0 0 0 0 0 0 0 0 0 0 0 0 0 0 0 0 0 0 0 0]	2026-08-14_03-09-28	[1 0 0 0 1 0 0 0 1 0 0 0 0 0 0 0 0 0]	2026-08-14_03-09-28	[1 0 0 0 0 0 0 0 0 0 1 0 1 0 0 1 0 0]	2026-08-14_03-09-28	[6]	2026-08-14_03-09-28
2	2026-08-14_03-09-28	-0.875	2026-08-14_03-09-28	11.049744606018066	2026-08-14_03-09-28	2.859104871749878	2026-08-14_03-09-28	2.721179723739624	2026-08-14_03-09-28	2.7228660583496094	2026-08-14_03-09-28	2.7465944290161133	2026-08-14_03-09-28	False	2026-08-14_03-09-28	[0 0 0 0 0 0 0 0 0 0 1 0 0 0 0 1 0 0 0 1 0]	2026-08-14_03-09-28	[0 0 0 0 0 0 0 0 0 0 0 0 0 0 0 0 0 0 0 0 0]	2026-08-14_03-09-28	[1 0 0 0 1 0 0 0 1 0 0 0 0 0 0 0 0 0]	2026-08-14_03-09-28	[1 0 0 0 0 0 0 0 0 0 1 0 1 0 0 1 0 0]	2026-08-14_03-09-28	[6]	2026-08-14_03-09-28	[0 0 0 0 0 0 0 0 0 0 1 0 0 0 0 0 0 0 0 1 0]	2026-08-14_03-09-28	[0 0 0 0 0 0 0 0 0 0 1 0 0 0 0 0 0 0 0 0 0]	2026-08-14_03-09-28	[1 1 0 0 1 0 0 0 1 0 0 0 0 0 0 0 0 0]	2026-08-14_03-09-28	[1 0 0 0 0 0 1 0 0 0 1 0 1 0 0 1 0 0]	2026-08-14_03-09-28	[2]	2026-08-14_03-09-28
2	2026-08-14_03-09-28	-0.625	2026-08-14_03-09-28	11.308513641357422	2026-08-14_03-09-28	2.9193930625915527	2026-08-14_03-09-28	2.7785444259643555	2026-08-14_03-09-28	2.7997219562530518	2026-08-14_03-09-28	2.810853958129883	2026-08-14_03-09-28	False	2026-08-14_03-09-28	[0 0 0 0 0 0 0 0 0 0 1 0 0 0 0 0 0 0 0 1 0]	2026-08-14_03-09-28	[0 0 0 0 0 0 0 0 0 0 1 0 0 0 0 0 0 0 0 0 0]	2026-08-14_03-09-28	[1 1 0 0 1 0 0 0 1 0 0 0 0 0 0 0 0 0]	2026-08-14_03-09-28	[1 0 0 0 0 0 1 0 0 0 1 0 1 0 0 1 0 0]	2026-08-14_03-09-28	[2]	2026-08-14_03-09-28	[0 0 0 0 0 0 0 0 0 0 1 0 0 0 0 1 0 0 0 1 0]	2026-08-14_03-09-28	[0 0 0 0 0 0 0 0 0 0 0 0 0 0 0 0 0 0 0 0 0]	2026-08-14_03-09-28	[1 0 0 0 1 0 0 0 1 0 0 0 0 0 0 0 0 0]	2026-08-14_03-09-28	[1 0 0 0 0 0 0 0 0 0 1 0 1 0 0 1 0 0]	2026-08-14_03-09-28	[6]	2026-08-14_03-09-28
2	2026-08-14_03-09-28	-0.875	2026-08-14_03-09-28	11.046235084533691	2026-08-14_03-09-28	2.8527395725250244	2026-08-14_03-09-28	2.7313292026519775	2026-08-14_03-09-28	2.7212154865264893	2026-08-14_03-09-28	2.740950345993042	2026-08-14_03-09-28	False	2026-08-14_03-09-28	[0 0 0 0 0 0 0 0 0 0 1 0 0 0 0 1 0 0 0 1 0]	2026-08-14_03-09-28	[0 0 0 0 0 0 0 0 0 0 0 0 0 0 0 0 0 0 0 0 0]	2026-08-14_03-09-28	[1 0 0 0 1 0 0 0 1 0 0 0 0 0 0 0 0 0]	2026-08-14_03-09-28	[1 0 0 0 0 0 0 0 0 0 1 0 1 0 0 1 0 0]	2026-08-14_03-09-28	[6]	2026-08-14_03-09-28	[0 0 0 0 0 0 0 0 0 0 1 0 0 0 0 0 0 0 0 1 0]	2026-08-14_03-09-28	[0 0 0 0 0 0 0 0 0 0 1 0 0 0 0 0 0 0 0 0 0]	2026-08-14_03-09-28	[1 1 0 0 1 0 0 0 1 0 0 0 0 0 0 0 0 0]	2026-08-14_03-09-28	[1 0 0 0 0 0 1 0 0 0 1 0 1 0 0 1 0 0]	2026-08-14_03-09-28	[2]	2026-08-14_03-09-28
2	2026-08-14_03-09-28	-0.625	2026-08-14_03-09-28	11.327831268310547	2026-08-14_03-09-28	2.9193968772888184	2026-08-14_03-09-28	2.788638114929199	2026-08-14_03-09-28	2.81526517868042	2026-08-14_03-09-28	2.8045313358306885	2026-08-14_03-09-28	False	2026-08-14_03-09-28	[0 0 0 0 0 0 0 0 0 0 1 0 0 0 0 0 0 0 0 1 0]	2026-08-14_03-09-28	[0 0 0 0 0 0 0 0 0 0 1 0 0 0 0 0 0 0 0 0 0]	2026-08-14_03-09-28	[1 1 0 0 1 0 0 0 1 0 0 0 0 0 0 0 0 0]	2026-08-14_03-09-28	[1 0 0 0 0 0 1 0 0 0 1 0 1 0 0 1 0 0]	2026-08-14_03-09-28	[2]	2026-08-14_03-09-28	[0 0 0 0 0 0 0 0 0 0 1 0 0 0 0 1 0 0 0 1 0]	2026-08-14_03-09-28	[0 0 0 0 0 0 0 0 0 0 0 0 0 0 0 0 0 0 0 0 0]	2026-08-14_03-09-28	[1 0 0 0 1 0 0 0 1 0 0 0 0 0 0 0 0 0]	2026-08-14_03-09-28	[1 0 0 0 0 0 0 0 0 0 1 0 1 0 0 1 0 0]	2026-08-14_03-09-28	[6]	2026-08-14_03-09-28
