# num_workers = 32
# num_cells = 256
# seed_for_environment = 3003
# lr = 0.0003
# max_grad_norm = 1.0
# eval_rollout_length = 30
# scaling_factor = 1000
# frames_per_batch = 500
# sub_batch_size = 64
# num_epochs = 15
# clip_epsilon = 0.2
# gamma = 0.99
# lmbda = 0.95
# entropy_eps = 0.003
# env_reward_engineering = True
# env_minimum_number_of_qubits = 12
# log_name = None
# env_version = qecc/bbcode-ldpc-v0
# env_bit_flipping = True
# env_l = 6
# env_m = 6
# env_use_dict_observation = True
# env_number_of_decoder_iterations = 50
# env_number_of_samples = 50
# env_code_logging = False
# model_architecture = hybrid
# model_surrogate_model_path = /vol/bitbucket/osella/rl-qecc-data/supervisedLearning/2026-07-12_21-15-58/surrogate_6x6.pth
# model_use_pretrained_encoder = False
# index_to_unfreeze_encoder_updates = 0
# encoder_lr_factor = 0.1
# training_device = cpu
# Resolved arguments:
# Resolved_env_reward_engineering = True
# Resolved_env_bit_flipping = True
# Resolved_env_useDictObservation = True
# Resolved_env_code_logging = False
# Resolved_model_use_pretrained_encoder = False
# Resolved_trainingDevice = cpu
# Resolved_model_architecture = hybrid
# Just for information, not used in actual run: SLURM CPUS queried from os environment: 32
# Number of workers: 32
# Does torch identify cuda: False
# encoder ***RANDOM WEIGHTS***
evaluation number	reward	policy entropy	policy entropy aX	policy entropy bX	policy entropy aY	policy entropy bY	Encoder freeze	postAction_aX	postAction_bX	postAction_aY	postAction_bY
0	0.13249999284744263	7.624974250793457	1.916703462600708	1.8698463439941406	1.905979871749878	1.932444453239441	False	[1 0 0 0 0 0]	[0 1 0 0 0 0]	[1 0 0 0 0 0]	[1 0 0 0 0 0]
0	-0.5	7.673224925994873	1.9294898509979248	1.8975491523742676	1.9076497554779053	1.9385360479354858	False	[1 0 0 1 0 0]	[0 0 0 0 0 0]	[1 0 0 0 1 0]	[1 0 0 0 0 1]
0	-1.0	7.681183815002441	1.9264299869537354	1.9178460836410522	1.9120597839355469	1.9248483180999756	False	[1 0 0 0 0 0]	[0 0 0 1 0 0]	[0 0 0 0 1 0]	[1 0 0 0 0 1]
0	0.16750000417232513	7.69965934753418	1.9316823482513428	1.9118621349334717	1.941589593887329	1.9145249128341675	False	[0 0 0 0 0 0]	[0 0 0 0 0 0]	[0 0 0 0 1 1]	[1 0 0 0 0 1]
0	-0.8333333134651184	7.680141448974609	1.9210864305496216	1.9102020263671875	1.9147065877914429	1.934146523475647	False	[0 0 0 0 1 0]	[0 0 0 1 0 0]	[1 0 0 0 1 1]	[1 0 0 0 1 1]
0	-0.8333333134651184	7.7008466720581055	1.9341849088668823	1.9218136072158813	1.9382147789001465	1.9066333770751953	False	[0 0 0 0 1 1]	[0 0 0 1 0 0]	[1 0 0 0 1 0]	[1 0 0 0 1 1]
0	-0.3333333432674408	7.699449062347412	1.938058853149414	1.917809009552002	1.9417133331298828	1.9018679857254028	False	[0 0 0 0 1 0]	[0 0 0 0 0 0]	[0 0 0 0 1 0]	[1 0 0 0 1 1]
0	-0.8333333134651184	7.70770788192749	1.9350628852844238	1.9156936407089233	1.932364821434021	1.924586296081543	False	[0 0 0 1 1 0]	[0 0 0 1 0 0]	[1 0 0 0 1 0]	[1 0 0 0 1 1]
0	-1.0	7.693683624267578	1.9344661235809326	1.9220054149627686	1.9430317878723145	1.8941805362701416	False	[0 0 0 1 1 1]	[0 0 0 0 0 0]	[0 0 0 0 1 0]	[1 0 0 0 1 1]
0	-0.8333333134651184	7.664449691772461	1.9338546991348267	1.9118759632110596	1.9238994121551514	1.8948192596435547	False	[0 0 0 0 1 1]	[0 0 0 1 0 0]	[1 0 0 0 1 0]	[1 0 0 0 1 1]
0	-0.3333333432674408	7.69722843170166	1.938089370727539	1.9174845218658447	1.9415297508239746	1.900124430656433	False	[0 0 0 0 1 0]	[0 0 0 0 0 0]	[0 0 0 0 1 0]	[1 0 0 0 1 1]
0	-0.8333333134651184	7.707209587097168	1.9341763257980347	1.914978265762329	1.933176040649414	1.9248793125152588	False	[0 0 0 1 1 0]	[0 0 0 1 0 0]	[1 0 0 0 1 0]	[1 0 0 0 1 1]
0	-1.0	7.695505142211914	1.9349591732025146	1.9221497774124146	1.9432786703109741	1.8951172828674316	False	[0 0 0 1 1 1]	[0 0 0 0 0 0]	[0 0 0 0 1 0]	[1 0 0 0 1 1]
0	-0.8333333134651184	7.664294242858887	1.9339215755462646	1.911834955215454	1.9243550300598145	1.8941824436187744	False	[0 0 0 0 1 1]	[0 0 0 1 0 0]	[1 0 0 0 1 0]	[1 0 0 0 1 1]
0	-0.3333333432674408	7.7001237869262695	1.9382085800170898	1.918175220489502	1.94157874584198	1.902160882949829	False	[0 0 0 0 1 0]	[0 0 0 0 0 0]	[0 0 0 0 1 0]	[1 0 0 0 1 1]
0	-0.8333333134651184	7.707762718200684	1.9347546100616455	1.9156458377838135	1.9325023889541626	1.9248597621917725	False	[0 0 0 1 1 0]	[0 0 0 1 0 0]	[1 0 0 0 1 0]	[1 0 0 0 1 1]
0	-1.0	7.6937103271484375	1.9341185092926025	1.9219878911972046	1.9430997371673584	1.8945045471191406	False	[0 0 0 1 1 1]	[0 0 0 0 0 0]	[0 0 0 0 1 0]	[1 0 0 0 1 1]
0	-0.8333333134651184	7.66130256652832	1.9334522485733032	1.911345362663269	1.9231560230255127	1.8933489322662354	False	[0 0 0 0 1 1]	[0 0 0 1 0 0]	[1 0 0 0 1 0]	[1 0 0 0 1 1]
0	-0.3333333432674408	7.698596954345703	1.9377410411834717	1.9179937839508057	1.941884994506836	1.9009771347045898	False	[0 0 0 0 1 0]	[0 0 0 0 0 0]	[0 0 0 0 1 0]	[1 0 0 0 1 1]
0	-0.8333333134651184	7.707485198974609	1.934513807296753	1.9155690670013428	1.9324429035186768	1.924959421157837	False	[0 0 0 1 1 0]	[0 0 0 1 0 0]	[1 0 0 0 1 0]	[1 0 0 0 1 1]
0	-1.0	7.694228172302246	1.93448007106781	1.9219014644622803	1.942956566810608	1.894890308380127	False	[0 0 0 1 1 1]	[0 0 0 0 0 0]	[0 0 0 0 1 0]	[1 0 0 0 1 1]
0	-0.8333333134651184	7.664071559906006	1.9341336488723755	1.9121166467666626	1.9241952896118164	1.8936258554458618	False	[0 0 0 0 1 1]	[0 0 0 1 0 0]	[1 0 0 0 1 0]	[1 0 0 0 1 1]
0	-0.3333333432674408	7.700544834136963	1.9385908842086792	1.918999433517456	1.9416056871414185	1.9013489484786987	False	[0 0 0 0 1 0]	[0 0 0 0 0 0]	[0 0 0 0 1 0]	[1 0 0 0 1 1]
0	-0.8333333134651184	7.708275318145752	1.934561014175415	1.9157989025115967	1.9324994087219238	1.925416111946106	False	[0 0 0 1 1 0]	[0 0 0 1 0 0]	[1 0 0 0 1 0]	[1 0 0 0 1 1]
0	-1.0	7.695655345916748	1.9350075721740723	1.9224063158035278	1.943051815032959	1.8951897621154785	False	[0 0 0 1 1 1]	[0 0 0 0 0 0]	[0 0 0 0 1 0]	[1 0 0 0 1 1]
0	-0.8333333134651184	7.668313026428223	1.934538722038269	1.9133672714233398	1.9245545864105225	1.8958518505096436	False	[0 0 0 0 1 1]	[0 0 0 1 0 0]	[1 0 0 0 1 0]	[1 0 0 0 1 1]
0	-0.3333333432674408	7.700296878814697	1.9383825063705444	1.9181500673294067	1.9415165185928345	1.9022479057312012	False	[0 0 0 0 1 0]	[0 0 0 0 0 0]	[0 0 0 0 1 0]	[1 0 0 0 1 1]
0	-0.8333333134651184	7.709170341491699	1.934574007987976	1.9163553714752197	1.9327540397644043	1.9254872798919678	False	[0 0 0 1 1 0]	[0 0 0 1 0 0]	[1 0 0 0 1 0]	[1 0 0 0 1 1]
0	-0.3333333432674408	7.692920684814453	1.9342377185821533	1.9222824573516846	1.9429149627685547	1.8934853076934814	False	[0 0 0 1 1 1]	[0 0 0 0 0 0]	[1 0 0 0 1 1]	[1 0 0 0 1 1]
0	-0.8333333134651184	7.684933185577393	1.9338709115982056	1.9180487394332886	1.9301788806915283	1.902834415435791	False	[0 0 0 1 0 1]	[0 0 0 1 0 0]	[0 0 0 0 1 1]	[1 0 0 0 1 1]
1	-0.6666666865348816	6.703505992889404	1.6722582578659058	1.7673159837722778	1.7040997743606567	1.5598320960998535	False	[0 0 0 0 1 0]	[0 0 1 0 0 0]	[0 0 0 0 1 0]	[0 0 0 1 0 0]
1	-1.0	6.722561836242676	1.8494012355804443	1.7140015363693237	1.6685658693313599	1.490593433380127	False	[0 0 0 0 1 1]	[0 0 1 0 0 0]	[0 0 0 0 0 0]	[0 0 0 1 0 1]
1	-1.0	6.917172431945801	1.8068503141403198	1.5967296361923218	1.7423874139785767	1.7712048292160034	False	[0 0 0 0 1 0]	[0 0 0 0 0 0]	[0 0 1 0 0 0]	[0 0 0 1 0 0]
1	0.20250000059604645	6.720301151275635	1.7364622354507446	1.6818814277648926	1.6452133655548096	1.6567445993423462	False	[0 0 0 0 0 0]	[0 0 0 0 0 0]	[0 1 1 0 0 0]	[0 0 0 0 0 0]
1	-0.6666666865348816	6.405465126037598	1.717134714126587	1.6744402647018433	1.6331826448440552	1.3807079792022705	False	[0 0 1 0 0 0]	[0 0 1 0 0 0]	[0 0 1 0 0 0]	[0 0 0 1 0 0]
1	-0.6666666865348816	6.809961318969727	1.8024784326553345	1.714936375617981	1.7026135921478271	1.5899326801300049	False	[0 0 1 0 0 1]	[1 0 1 0 0 0]	[0 0 1 0 1 0]	[0 0 0 1 0 1]
1	-0.6666666865348816	6.732419013977051	1.7528775930404663	1.6120789051055908	1.726567268371582	1.6408954858779907	False	[0 0 1 0 0 0]	[0 0 1 0 0 0]	[0 0 0 0 1 0]	[0 0 0 1 0 0]
1	-0.3333333432674408	6.530584812164307	1.7240657806396484	1.6421334743499756	1.722154140472412	1.4422317743301392	False	[0 0 1 0 0 1]	[1 0 1 0 0 0]	[0 0 0 0 0 0]	[0 0 0 1 0 1]
1	-0.6666666865348816	6.666569232940674	1.7464078664779663	1.584319829940796	1.6723055839538574	1.6635361909866333	False	[0 0 1 0 0 0]	[0 0 1 0 0 0]	[0 0 1 0 0 0]	[0 0 0 1 0 0]
1	-0.6666666865348816	6.811519622802734	1.8020819425582886	1.7164853811264038	1.7049813270568848	1.5879709720611572	False	[0 0 1 0 0 1]	[1 0 1 0 0 0]	[0 0 1 0 1 0]	[0 0 0 1 0 1]
1	-0.6666666865348816	6.734155654907227	1.7524797916412354	1.6124401092529297	1.7264366149902344	1.6427994966506958	False	[0 0 1 0 0 0]	[0 0 1 0 0 0]	[0 0 0 0 1 0]	[0 0 0 1 0 0]
1	-0.3333333432674408	6.526801586151123	1.7247650623321533	1.6389923095703125	1.7227369546890259	1.4403070211410522	False	[0 0 1 0 0 1]	[1 0 1 0 0 0]	[0 0 0 0 0 0]	[0 0 0 1 0 1]
1	-0.6666666865348816	6.668199062347412	1.7446366548538208	1.5867143869400024	1.6712117195129395	1.665636658668518	False	[0 0 1 0 0 0]	[0 0 1 0 0 0]	[0 0 1 0 0 0]	[0 0 0 1 0 0]
1	-0.6666666865348816	6.805253028869629	1.8004275560379028	1.7168492078781128	1.702546238899231	1.585430383682251	False	[0 0 1 0 0 1]	[1 0 1 0 0 0]	[0 0 1 0 1 0]	[0 0 0 1 0 1]
1	-0.6666666865348816	6.73477840423584	1.752110481262207	1.6122519969940186	1.7266229391098022	1.6437931060791016	False	[0 0 1 0 0 0]	[0 0 1 0 0 0]	[0 0 0 0 1 0]	[0 0 0 1 0 0]
1	-0.3333333432674408	6.51918363571167	1.7214189767837524	1.641929030418396	1.7225359678268433	1.4332994222640991	False	[0 0 1 0 0 1]	[1 0 1 0 0 0]	[0 0 0 0 0 0]	[0 0 0 1 0 1]
1	-0.6666666865348816	6.665378093719482	1.7455124855041504	1.5868871212005615	1.6703534126281738	1.6626248359680176	False	[0 0 1 0 0 0]	[0 0 1 0 0 0]	[0 0 1 0 0 0]	[0 0 0 1 0 0]
1	-0.6666666865348816	6.809242248535156	1.8008004426956177	1.7165855169296265	1.7025450468063354	1.5893112421035767	False	[0 0 1 0 0 1]	[1 0 1 0 0 0]	[0 0 1 0 1 0]	[0 0 0 1 0 1]
1	-0.6666666865348816	6.733193397521973	1.7514591217041016	1.6137051582336426	1.7255805730819702	1.6424484252929688	False	[0 0 1 0 0 0]	[0 0 1 0 0 0]	[0 0 0 0 1 0]	[0 0 0 1 0 0]
1	-0.3333333432674408	6.526914596557617	1.7234845161437988	1.6412240266799927	1.7219339609146118	1.4402720928192139	False	[0 0 1 0 0 1]	[1 0 1 0 0 0]	[0 0 0 0 0 0]	[0 0 0 1 0 1]
1	-0.6666666865348816	6.665855407714844	1.7469584941864014	1.5856351852416992	1.6698483228683472	1.6634132862091064	False	[0 0 1 0 0 0]	[0 0 1 0 0 0]	[0 0 1 0 0 0]	[0 0 0 1 0 0]
1	-0.6666666865348816	6.805393695831299	1.7998554706573486	1.71565842628479	1.701216459274292	1.5886635780334473	False	[0 0 1 0 0 1]	[1 0 1 0 0 0]	[0 0 1 0 1 0]	[0 0 0 1 0 1]
1	-0.6666666865348816	6.736337661743164	1.752204179763794	1.6136579513549805	1.7255074977874756	1.6449682712554932	False	[0 0 1 0 0 0]	[0 0 1 0 0 0]	[0 0 0 0 1 0]	[0 0 0 1 0 0]
1	-0.3333333432674408	6.528532981872559	1.723354458808899	1.6392412185668945	1.7254104614257812	1.4405268430709839	False	[0 0 1 0 0 1]	[1 0 1 0 0 0]	[0 0 0 0 0 0]	[0 0 0 1 0 1]
1	-0.6666666865348816	6.663948059082031	1.744799017906189	1.5892162322998047	1.6717491149902344	1.6581834554672241	False	[0 0 1 0 0 0]	[0 0 1 0 0 0]	[0 0 1 0 0 0]	[0 0 0 1 0 0]
1	-0.6666666865348816	6.8054962158203125	1.8010132312774658	1.716065526008606	1.7026705741882324	1.5857468843460083	False	[0 0 1 0 0 1]	[1 0 1 0 0 0]	[0 0 1 0 1 0]	[0 0 0 1 0 1]
1	-0.6666666865348816	6.731255054473877	1.75445556640625	1.6104116439819336	1.7248942852020264	1.641493320465088	False	[0 0 1 0 0 0]	[0 0 1 0 0 0]	[0 0 0 0 1 0]	[0 0 0 1 0 0]
1	-0.3333333432674408	6.5240254402160645	1.724382996559143	1.6401375532150269	1.7210733890533447	1.4384312629699707	False	[0 0 1 0 0 1]	[1 0 1 0 0 0]	[0 0 0 0 0 0]	[0 0 0 1 0 1]
1	-0.6666666865348816	6.664576530456543	1.7443764209747314	1.5873100757598877	1.6722729206085205	1.6606169939041138	False	[0 0 1 0 0 0]	[0 0 1 0 0 0]	[0 0 1 0 0 0]	[0 0 0 1 0 0]
1	-0.6666666865348816	6.805956840515137	1.8003671169281006	1.7163128852844238	1.7021458148956299	1.5871312618255615	False	[0 0 1 0 0 1]	[1 0 1 0 0 0]	[0 0 1 0 1 0]	[0 0 0 1 0 1]
2	-0.6666666865348816	5.984029293060303	1.4064693450927734	1.7072092294692993	1.5153506994247437	1.3550000190734863	False	[1 0 0 0 0 0]	[0 1 0 0 0 0]	[0 0 0 0 1 0]	[0 0 0 0 0 1]
2	-0.3333333432674408	6.24440860748291	1.5842909812927246	1.7276326417922974	1.5375289916992188	1.3949562311172485	False	[0 0 0 0 0 0]	[0 1 0 1 0 0]	[0 1 0 0 1 0]	[0 0 0 1 0 1]
2	-0.8333333134651184	6.235213279724121	1.7533490657806396	1.4036222696304321	1.6120270490646362	1.466214895248413	False	[0 0 0 0 1 0]	[0 0 0 1 0 0]	[1 1 0 0 1 0]	[0 0 0 0 0 1]
2	-1.0	5.621077537536621	0.8875897526741028	1.8507466316223145	1.385485053062439	1.4972563982009888	False	[0 0 0 0 1 0]	[0 0 0 0 0 0]	[1 0 0 0 1 0]	[0 0 0 1 0 1]
2	-1.0	5.530140399932861	1.1676442623138428	1.3611735105514526	1.697832465171814	1.303490161895752	False	[0 0 0 0 1 1]	[0 0 0 0 0 0]	[1 1 0 0 1 0]	[0 0 0 1 0 0]
2	-1.0	6.3336501121521	1.6265710592269897	1.5276347398757935	1.7896881103515625	1.3897560834884644	False	[1 0 0 0 1 1]	[0 0 0 0 1 0]	[1 1 0 0 0 0]	[0 0 0 1 0 0]
2	-1.0	5.763715744018555	1.4433538913726807	1.3604316711425781	1.6133813858032227	1.3465492725372314	False	[1 0 0 0 1 0]	[0 0 0 0 1 0]	[1 1 0 0 1 0]	[0 0 0 1 0 0]
2	-1.0	5.852822303771973	1.6013263463974	1.4311107397079468	1.6250858306884766	1.1952990293502808	False	[1 0 1 0 1 0]	[0 1 0 0 1 0]	[1 0 0 0 1 0]	[0 0 0 1 0 0]
2	-1.0	5.6412672996521	1.3929210901260376	1.3939014673233032	1.3956557512283325	1.4587889909744263	False	[0 0 1 0 1 0]	[0 1 0 0 0 0]	[1 1 0 0 1 0]	[0 0 0 0 0 0]
2	-1.0	6.091429233551025	1.4347245693206787	1.6711657047271729	1.5193114280700684	1.466227412223816	False	[0 0 1 0 1 0]	[0 1 0 1 0 0]	[1 0 0 0 1 0]	[0 0 0 1 0 0]
2	-1.0	6.01695442199707	1.592341661453247	1.5380487442016602	1.5751785039901733	1.3113853931427002	False	[0 0 1 0 1 0]	[0 1 0 1 1 0]	[1 1 0 0 1 0]	[0 0 0 0 0 0]
2	-1.0	5.6841888427734375	1.0377230644226074	1.7351053953170776	1.4489357471466064	1.4624245166778564	False	[0 0 1 0 1 0]	[0 1 0 1 0 0]	[1 0 0 0 1 0]	[0 0 0 1 0 0]
2	-1.0	6.014002323150635	1.5917179584503174	1.5363397598266602	1.5767967700958252	1.309147834777832	False	[0 0 1 0 1 0]	[0 1 0 1 1 0]	[1 1 0 0 1 0]	[0 0 0 0 0 0]
2	-1.0	5.6817708015441895	1.0401796102523804	1.734410047531128	1.4473425149917603	1.4598388671875	False	[0 0 1 0 1 0]	[0 1 0 1 0 0]	[1 0 0 0 1 0]	[0 0 0 1 0 0]
2	-1.0	6.015283584594727	1.5933456420898438	1.5393855571746826	1.5703016519546509	1.3122506141662598	False	[0 0 1 0 1 0]	[0 1 0 1 1 0]	[1 1 0 0 1 0]	[0 0 0 0 0 0]
2	-1.0	5.674196243286133	1.0358411073684692	1.7336177825927734	1.446097731590271	1.4586396217346191	False	[0 0 1 0 1 0]	[0 1 0 1 0 0]	[1 0 0 0 1 0]	[0 0 0 1 0 0]
2	-1.0	6.021505832672119	1.59225332736969	1.5409331321716309	1.5750038623809814	1.3133158683776855	False	[0 0 1 0 1 0]	[0 1 0 1 1 0]	[1 1 0 0 1 0]	[0 0 0 0 0 0]
2	-1.0	5.682225704193115	1.0361026525497437	1.734374761581421	1.4491140842437744	1.4626346826553345	False	[0 0 1 0 1 0]	[0 1 0 1 0 0]	[1 0 0 0 1 0]	[0 0 0 1 0 0]
2	-1.0	6.021517753601074	1.5921823978424072	1.5411967039108276	1.5728332996368408	1.3153055906295776	False	[0 0 1 0 1 0]	[0 1 0 1 1 0]	[1 1 0 0 1 0]	[0 0 0 0 0 0]
2	-1.0	5.690593719482422	1.0434314012527466	1.7349939346313477	1.4508171081542969	1.4613511562347412	False	[0 0 1 0 1 0]	[0 1 0 1 0 0]	[1 0 0 0 1 0]	[0 0 0 1 0 0]
2	-1.0	6.019059181213379	1.590890884399414	1.538364052772522	1.5772137641906738	1.3125908374786377	False	[0 0 1 0 1 0]	[0 1 0 1 1 0]	[1 1 0 0 1 0]	[0 0 0 0 0 0]
2	-1.0	5.68120002746582	1.039620041847229	1.7341771125793457	1.4486539363861084	1.4587488174438477	False	[0 0 1 0 1 0]	[0 1 0 1 0 0]	[1 0 0 0 1 0]	[0 0 0 1 0 0]
2	-1.0	6.0217390060424805	1.5918024778366089	1.5391536951065063	1.5750384330749512	1.3157442808151245	False	[0 0 1 0 1 0]	[0 1 0 1 1 0]	[1 1 0 0 1 0]	[0 0 0 0 0 0]
2	-1.0	5.687130928039551	1.0412923097610474	1.732709288597107	1.4500788450241089	1.4630504846572876	False	[0 0 1 0 1 0]	[0 1 0 1 0 0]	[1 0 0 0 1 0]	[0 0 0 1 0 0]
2	-1.0	6.0128655433654785	1.5918139219284058	1.5371218919754028	1.573019027709961	1.310910701751709	False	[0 0 1 0 1 0]	[0 1 0 1 1 0]	[1 1 0 0 1 0]	[0 0 0 0 0 0]
2	-1.0	5.684231758117676	1.0407767295837402	1.7340962886810303	1.4481596946716309	1.4611988067626953	False	[0 0 1 0 1 0]	[0 1 0 1 0 0]	[1 0 0 0 1 0]	[0 0 0 1 0 0]
2	-1.0	6.015870094299316	1.5924359560012817	1.538404107093811	1.5717395544052124	1.3132907152175903	False	[0 0 1 0 1 0]	[0 1 0 1 1 0]	[1 1 0 0 1 0]	[0 0 0 0 0 0]
2	-1.0	5.681375503540039	1.037416934967041	1.7342042922973633	1.448699712753296	1.4610546827316284	False	[0 0 1 0 1 0]	[0 1 0 1 0 0]	[1 0 0 0 1 0]	[0 0 0 1 0 0]
2	-1.0	6.030683517456055	1.5922333002090454	1.541523814201355	1.579788327217102	1.3171381950378418	False	[0 0 1 0 1 0]	[0 1 0 1 1 0]	[1 1 0 0 1 0]	[0 0 0 0 0 0]
2	-1.0	5.68078088760376	1.035696268081665	1.7356065511703491	1.4493224620819092	1.460155963897705	False	[0 0 1 0 1 0]	[0 1 0 1 0 0]	[1 0 0 0 1 0]	[0 0 0 1 0 0]
3	-0.8333333134651184	4.475517272949219	1.3801538944244385	1.3265630006790161	1.1430542469024658	0.6257461309432983	False	[0 0 0 0 1 0]	[0 1 0 0 0 0]	[0 1 0 0 0 0]	[0 0 0 1 0 0]
3	0.12250000238418579	5.290872097015381	1.436585783958435	1.3062034845352173	1.5317598581314087	1.0163229703903198	False	[0 0 0 0 0 0]	[0 0 0 0 0 0]	[0 0 0 0 0 0]	[0 0 0 0 0 0]
3	-0.8333333134651184	4.4757184982299805	1.3794233798980713	1.3257757425308228	1.1429057121276855	0.6276134848594666	False	[0 0 0 0 1 0]	[0 1 0 0 0 0]	[0 1 0 0 0 0]	[0 0 0 1 0 0]
3	0.125	5.2823028564453125	1.4393550157546997	1.3029277324676514	1.5280671119689941	1.0119526386260986	False	[0 0 0 0 0 0]	[0 0 0 0 0 0]	[0 0 0 0 0 0]	[0 0 0 0 0 0]
3	-0.8333333134651184	4.470311164855957	1.380305528640747	1.3219057321548462	1.1411337852478027	0.6269658803939819	False	[0 0 0 0 1 0]	[0 1 0 0 0 0]	[0 1 0 0 0 0]	[0 0 0 1 0 0]
3	0.12250000238418579	5.29215669631958	1.439883828163147	1.30442214012146	1.5312526226043701	1.016598105430603	False	[0 0 0 0 0 0]	[0 0 0 0 0 0]	[0 0 0 0 0 0]	[0 0 0 0 0 0]
3	-0.8333333134651184	4.476770401000977	1.3821218013763428	1.326370358467102	1.1434574127197266	0.6248209476470947	False	[0 0 0 0 1 0]	[0 1 0 0 0 0]	[0 1 0 0 0 0]	[0 0 0 1 0 0]
3	0.11999999731779099	5.290640354156494	1.439581274986267	1.3029476404190063	1.5312693119049072	1.0168423652648926	False	[0 0 0 0 0 0]	[0 0 0 0 0 0]	[0 0 0 0 0 0]	[0 0 0 0 0 0]
3	-0.8333333134651184	4.471277713775635	1.3811122179031372	1.323439121246338	1.1402339935302734	0.6264926195144653	False	[0 0 0 0 1 0]	[0 1 0 0 0 0]	[0 1 0 0 0 0]	[0 0 0 1 0 0]
3	0.12250000238418579	5.286022663116455	1.4408445358276367	1.3038631677627563	1.5280842781066895	1.013230800628662	False	[0 0 0 0 0 0]	[0 0 0 0 0 0]	[0 0 0 0 0 0]	[0 0 0 0 0 0]
3	-0.8333333134651184	4.4762444496154785	1.3821074962615967	1.326110601425171	1.1438709497451782	0.6241556406021118	False	[0 0 0 0 1 0]	[0 1 0 0 0 0]	[0 1 0 0 0 0]	[0 0 0 1 0 0]
3	0.125	5.2919721603393555	1.4402257204055786	1.305221438407898	1.5298435688018799	1.0166815519332886	False	[0 0 0 0 0 0]	[0 0 0 0 0 0]	[0 0 0 0 0 0]	[0 0 0 0 0 0]
3	-0.8333333134651184	4.473428726196289	1.3816242218017578	1.3227643966674805	1.145065426826477	0.6239749789237976	False	[0 0 0 0 1 0]	[0 1 0 0 0 0]	[0 1 0 0 0 0]	[0 0 0 1 0 0]
3	0.12250000238418579	5.282412528991699	1.4361010789871216	1.304488182067871	1.5269279479980469	1.0148952007293701	False	[0 0 0 0 0 0]	[0 0 0 0 0 0]	[0 0 0 0 0 0]	[0 0 0 0 0 0]
3	-0.8333333134651184	4.475972652435303	1.3798010349273682	1.3264355659484863	1.1452205181121826	0.6245155334472656	False	[0 0 0 0 1 0]	[0 1 0 0 0 0]	[0 1 0 0 0 0]	[0 0 0 1 0 0]
3	0.12999999523162842	5.294243812561035	1.438816785812378	1.304986834526062	1.5322481393814087	1.0181925296783447	False	[0 0 0 0 0 0]	[0 0 0 0 0 0]	[0 0 0 0 0 0]	[0 0 0 0 0 0]
3	-0.8333333134651184	4.4733757972717285	1.3789681196212769	1.3243013620376587	1.143164873123169	0.6269415616989136	False	[0 0 0 0 1 0]	[0 1 0 0 0 0]	[0 1 0 0 0 0]	[0 0 0 1 0 0]
3	0.12250000238418579	5.291171073913574	1.4388927221298218	1.304657220840454	1.5303606986999512	1.0172604322433472	False	[0 0 0 0 0 0]	[0 0 0 0 0 0]	[0 0 0 0 0 0]	[0 0 0 0 0 0]
3	-0.8333333134651184	4.468687534332275	1.3808156251907349	1.3218671083450317	1.1401209831237793	0.6258836388587952	False	[0 0 0 0 1 0]	[0 1 0 0 0 0]	[0 1 0 0 0 0]	[0 0 0 1 0 0]
3	0.12999999523162842	5.294065952301025	1.438815712928772	1.3058651685714722	1.5325121879577637	1.0168728828430176	False	[0 0 0 0 0 0]	[0 0 0 0 0 0]	[0 0 0 0 0 0]	[0 0 0 0 0 0]
3	-0.8333333134651184	4.47117805480957	1.3817564249038696	1.3227872848510742	1.1404380798339844	0.6261962056159973	False	[0 0 0 0 1 0]	[0 1 0 0 0 0]	[0 1 0 0 0 0]	[0 0 0 1 0 0]
3	0.12250000238418579	5.28482723236084	1.4388270378112793	1.3051526546478271	1.5270578861236572	1.013789415359497	False	[0 0 0 0 0 0]	[0 0 0 0 0 0]	[0 0 0 0 0 0]	[0 0 0 0 0 0]
3	-0.8333333134651184	4.474529266357422	1.3804367780685425	1.3238998651504517	1.1435091495513916	0.6266835927963257	False	[0 0 0 0 1 0]	[0 1 0 0 0 0]	[0 1 0 0 0 0]	[0 0 0 1 0 0]
3	0.125	5.289018630981445	1.4400429725646973	1.305031418800354	1.5304574966430664	1.0134867429733276	False	[0 0 0 0 0 0]	[0 0 0 0 0 0]	[0 0 0 0 0 0]	[0 0 0 0 0 0]
3	-0.8333333134651184	4.472240447998047	1.3829923868179321	1.3236095905303955	1.142350435256958	0.6232880353927612	False	[0 0 0 0 1 0]	[0 1 0 0 0 0]	[0 1 0 0 0 0]	[0 0 0 1 0 0]
3	0.12250000238418579	5.293449401855469	1.441180944442749	1.3042834997177124	1.531484842300415	1.0165005922317505	False	[0 0 0 0 0 0]	[0 0 0 0 0 0]	[0 0 0 0 0 0]	[0 0 0 0 0 0]
3	-0.8333333134651184	4.469913482666016	1.3799306154251099	1.32429838180542	1.1397666931152344	0.6259180307388306	False	[0 0 0 0 1 0]	[0 1 0 0 0 0]	[0 1 0 0 0 0]	[0 0 0 1 0 0]
3	0.12250000238418579	5.289977073669434	1.4407211542129517	1.302862286567688	1.5329232215881348	1.0134704113006592	False	[0 0 0 0 0 0]	[0 0 0 0 0 0]	[0 0 0 0 0 0]	[0 0 0 0 0 0]
3	-0.8333333134651184	4.475593566894531	1.3823983669281006	1.3247606754302979	1.1419241428375244	0.6265102028846741	False	[0 0 0 0 1 0]	[0 1 0 0 0 0]	[0 1 0 0 0 0]	[0 0 0 1 0 0]
3	0.12250000238418579	5.296363830566406	1.4371485710144043	1.3058300018310547	1.534522533416748	1.0188626050949097	False	[0 0 0 0 0 0]	[0 0 0 0 0 0]	[0 0 0 0 0 0]	[0 0 0 0 0 0]
4	-0.8333333134651184	3.945803642272949	1.0755608081817627	1.2181566953659058	0.91755211353302	0.7345341444015503	False	[0 0 1 0 0 0]	[0 1 0 0 0 0]	[0 1 0 0 0 0]	[0 0 0 1 0 0]
4	-1.0	4.508155822753906	1.325716257095337	1.048575520515442	0.8413448333740234	1.2925188541412354	False	[0 0 0 0 0 0]	[0 1 0 0 0 0]	[0 0 0 0 0 0]	[0 0 0 0 0 0]
4	-0.5	4.51314640045166	1.2788453102111816	0.7894585132598877	1.045971393585205	1.3988711833953857	False	[0 0 1 0 0 0]	[0 1 0 0 0 0]	[0 0 0 1 0 0]	[0 0 0 1 0 0]
4	-1.0	4.306041717529297	1.0458180904388428	1.0339512825012207	0.6123618483543396	1.6139105558395386	False	[0 0 0 0 0 0]	[0 1 0 0 0 0]	[0 0 0 1 1 0]	[0 0 0 0 0 0]
4	-0.5	4.301444053649902	0.9296287298202515	0.6419237852096558	1.1815227270126343	1.5483689308166504	False	[0 0 1 0 0 0]	[0 1 0 0 0 0]	[0 0 0 1 0 0]	[0 0 0 1 0 0]
4	-1.0	4.305118560791016	1.0503356456756592	1.0325056314468384	0.607522189617157	1.6147546768188477	False	[0 0 0 0 0 0]	[0 1 0 0 0 0]	[0 0 0 1 1 0]	[0 0 0 0 0 0]
4	-0.5	4.300237655639648	0.9309194087982178	0.6396180987358093	1.181799054145813	1.5479010343551636	False	[0 0 1 0 0 0]	[0 1 0 0 0 0]	[0 0 0 1 0 0]	[0 0 0 1 0 0]
4	-1.0	4.301927089691162	1.0479061603546143	1.031017541885376	0.6065537333488464	1.6164495944976807	False	[0 0 0 0 0 0]	[0 1 0 0 0 0]	[0 0 0 1 1 0]	[0 0 0 0 0 0]
4	-0.5	4.3069257736206055	0.9348436594009399	0.6399726867675781	1.1823394298553467	1.549769639968872	False	[0 0 1 0 0 0]	[0 1 0 0 0 0]	[0 0 0 1 0 0]	[0 0 0 1 0 0]
4	-1.0	4.304476737976074	1.048059344291687	1.032745122909546	0.6082584261894226	1.6154139041900635	False	[0 0 0 0 0 0]	[0 1 0 0 0 0]	[0 0 0 1 1 0]	[0 0 0 0 0 0]
4	-0.5	4.305749416351318	0.9325500726699829	0.6422449350357056	1.1804699897766113	1.550484299659729	False	[0 0 1 0 0 0]	[0 1 0 0 0 0]	[0 0 0 1 0 0]	[0 0 0 1 0 0]
4	-1.0	4.305000305175781	1.0483742952346802	1.0351536273956299	0.6082301735877991	1.6132419109344482	False	[0 0 0 0 0 0]	[0 1 0 0 0 0]	[0 0 0 1 1 0]	[0 0 0 0 0 0]
4	-0.5	4.302263259887695	0.9299139380455017	0.6422679424285889	1.1819813251495361	1.5481001138687134	False	[0 0 1 0 0 0]	[0 1 0 0 0 0]	[0 0 0 1 0 0]	[0 0 0 1 0 0]
4	-1.0	4.301278114318848	1.0492280721664429	1.0293376445770264	0.607648491859436	1.615064024925232	False	[0 0 0 0 0 0]	[0 1 0 0 0 0]	[0 0 0 1 1 0]	[0 0 0 0 0 0]
4	-0.5	4.301417350769043	0.9287094473838806	0.6420789361000061	1.1805875301361084	1.5500411987304688	False	[0 0 1 0 0 0]	[0 1 0 0 0 0]	[0 0 0 1 0 0]	[0 0 0 1 0 0]
4	-1.0	4.304060459136963	1.0483462810516357	1.0332297086715698	0.6060324907302856	1.6164520978927612	False	[0 0 0 0 0 0]	[0 1 0 0 0 0]	[0 0 0 1 1 0]	[0 0 0 0 0 0]
4	-0.5	4.300768852233887	0.9300602674484253	0.6395276784896851	1.1799216270446777	1.5512595176696777	False	[0 0 1 0 0 0]	[0 1 0 0 0 0]	[0 0 0 1 0 0]	[0 0 0 1 0 0]
4	-1.0	4.311481475830078	1.050004243850708	1.0355286598205566	0.610097348690033	1.6158510446548462	False	[0 0 0 0 0 0]	[0 1 0 0 0 0]	[0 0 0 1 1 0]	[0 0 0 0 0 0]
4	-0.5	4.301762580871582	0.9301308989524841	0.6396500468254089	1.1811819076538086	1.55079984664917	False	[0 0 1 0 0 0]	[0 1 0 0 0 0]	[0 0 0 1 0 0]	[0 0 0 1 0 0]
4	-1.0	4.304884433746338	1.046937108039856	1.032285213470459	0.6099743843078613	1.6156878471374512	False	[0 0 0 0 0 0]	[0 1 0 0 0 0]	[0 0 0 1 1 0]	[0 0 0 0 0 0]
4	-0.5	4.302088737487793	0.9305598735809326	0.6392146348953247	1.1808496713638306	1.551464557647705	False	[0 0 1 0 0 0]	[0 1 0 0 0 0]	[0 0 0 1 0 0]	[0 0 0 1 0 0]
4	-1.0	4.310582160949707	1.0512036085128784	1.0335452556610107	0.6093045473098755	1.616528868675232	False	[0 0 0 0 0 0]	[0 1 0 0 0 0]	[0 0 0 1 1 0]	[0 0 0 0 0 0]
4	-0.5	4.301116466522217	0.9322326183319092	0.6409343481063843	1.1793394088745117	1.5486103296279907	False	[0 0 1 0 0 0]	[0 1 0 0 0 0]	[0 0 0 1 0 0]	[0 0 0 1 0 0]
4	-1.0	4.296510696411133	1.0451940298080444	1.0318207740783691	0.6050378084182739	1.6144578456878662	False	[0 0 0 0 0 0]	[0 1 0 0 0 0]	[0 0 0 1 1 0]	[0 0 0 0 0 0]
4	-0.5	4.302753925323486	0.9332289099693298	0.6388453245162964	1.1808289289474487	1.5498510599136353	False	[0 0 1 0 0 0]	[0 1 0 0 0 0]	[0 0 0 1 0 0]	[0 0 0 1 0 0]
4	-1.0	4.305237770080566	1.0476676225662231	1.0351166725158691	0.6087310314178467	1.613722562789917	False	[0 0 0 0 0 0]	[0 1 0 0 0 0]	[0 0 0 1 1 0]	[0 0 0 0 0 0]
4	-0.5	4.303905487060547	0.9338527321815491	0.6377164721488953	1.1807643175125122	1.5515718460083008	False	[0 0 1 0 0 0]	[0 1 0 0 0 0]	[0 0 0 1 0 0]	[0 0 0 1 0 0]
4	-1.0	4.302272796630859	1.04940664768219	1.0303196907043457	0.6053151488304138	1.6172314882278442	False	[0 0 0 0 0 0]	[0 1 0 0 0 0]	[0 0 0 1 1 0]	[0 0 0 0 0 0]
4	-0.5	4.306562423706055	0.9353416562080383	0.6393045783042908	1.1801300048828125	1.551785945892334	False	[0 0 1 0 0 0]	[0 1 0 0 0 0]	[0 0 0 1 0 0]	[0 0 0 1 0 0]
4	-1.0	4.295823097229004	1.0435065031051636	1.0281702280044556	0.608893871307373	1.6152524948120117	False	[0 0 0 0 0 0]	[0 1 0 0 0 0]	[0 0 0 1 1 0]	[0 0 0 0 0 0]
