# num_workers = 8
# num_cells = 256
# seed_for_environment = 3463475368
# lr = 0.0003
# max_grad_norm = 1.0
# eval_rollout_length = 30
# scaling_factor = 1000
# frames_per_batch = 500
# sub_batch_size = 64
# num_epochs = 15
# clip_epsilon = 0.2
# gamma = 0.99
# lmbda = 0.95
# entropy_eps = 0.5
# env_reward_engineering = True
# env_minimum_number_of_qubits = 1
# log_name = None
# env_error_range = dataCollection
# env_version = qecc/bbcode-ldpc-v0
# env_bit_flipping = True
# env_l = 9
# env_m = 6
# env_use_dict_observation = True
# env_number_of_decoder_iterations = 50
# env_number_of_samples = 50
# env_code_logging = True
# model_architecture = hybrid
# model_surrogate_model_path = /rds/general/user/osella/home/rl-qecc-data//supervisedLearning/2026-07-12_20-18-32/surrogate_6x6.pth
# model_use_pretrained_encoder = False
# index_to_unfreeze_encoder_updates = 20
# encoder_lr_factor = 0.1
# training_device = cpu
# Resolved arguments:
# Resolved_env_reward_engineering = True
# Resolved_env_reward_integral = Between prob. of no error and curve.
# Resolved_env_bit_flipping = True
# Resolved_env_useDictObservation = True
# Resolved_env_code_logging = True
# Resolved_env_error_range = [np.float64(0.0001), np.float64(0.000215), np.float64(0.000464), np.float64(0.001), np.float64(0.002154), np.float64(0.003162), np.float64(0.004642), np.float64(0.01), np.float64(0.021544), np.float64(0.025075), np.float64(0.031623), np.float64(0.046416), np.float64(0.05005), np.float64(0.075025), np.float64(0.1)]
# Resolved_model_use_pretrained_encoder = False
# Resolved_trainingDevice = cpu
# Resolved_model_architecture = hybrid
# Number of workers: 8
# Does torch identify cuda: False
# encoder ***RANDOM WEIGHTS***
evaluation number	reward	policy entropy	policy entropy aX	policy entropy bX	policy entropy aY	policy entropy bY	Encoder freeze	postAction_aX	postAction_bX	postAction_aY	postAction_bY
0	0.31658604741096497	8.423916816711426	2.2745447158813477	2.283940076828003	1.939490795135498	1.925940990447998	True	[0 0 0 0 0 0 1 0 0]	[0 0 0 0 0 0 1 0 0]	[1 0 0 0 0 0]	[0 1 0 0 0 0]
0	-0.5	8.441374778747559	2.283118724822998	2.2893338203430176	1.9366767406463623	1.9322452545166016	True	[0 0 0 0 0 0 0 0 0]	[0 0 0 0 1 0 1 0 0]	[0 0 0 0 0 0]	[0 0 0 0 0 0]
0	0.31342175602912903	8.442536354064941	2.2824769020080566	2.288469076156616	1.9395500421524048	1.9320406913757324	True	[0 0 0 0 0 0 1 0 0]	[0 0 0 0 1 0 0 0 0]	[1 0 0 0 0 0]	[0 1 0 0 0 0]
0	-1.0	8.440508842468262	2.2819416522979736	2.2903573513031006	1.9371395111083984	1.93107008934021	True	[0 0 0 0 0 0 0 0 0]	[0 0 0 0 0 0 0 0 0]	[0 0 0 0 0 0]	[0 0 0 0 0 0]
0	0.3160965144634247	8.42485523223877	2.2749507427215576	2.2840511798858643	1.9396283626556396	1.926224708557129	True	[0 0 0 0 0 0 1 0 0]	[0 0 0 0 1 0 0 0 0]	[1 0 0 0 0 0]	[0 1 0 0 0 0]
0	-1.0	8.440657615661621	2.2822465896606445	2.289763927459717	1.9375052452087402	1.93114173412323	True	[0 0 0 0 0 0 0 0 0]	[0 0 0 0 0 0 0 0 0]	[0 0 0 0 0 0]	[0 0 0 0 0 0]
0	0.29390066862106323	8.424957275390625	2.2753188610076904	2.2843871116638184	1.9394030570983887	1.9258484840393066	True	[0 0 0 0 0 0 1 0 0]	[0 0 0 0 0 0 1 0 0]	[1 0 0 0 0 0]	[0 1 0 0 0 0]
0	-0.5	8.441913604736328	2.283536434173584	2.2891297340393066	1.9369264841079712	1.9323208332061768	True	[0 0 0 0 0 0 0 0 0]	[0 0 0 0 1 0 1 0 0]	[0 0 0 0 0 0]	[0 0 0 0 0 0]
0	0.32430726289749146	8.44407844543457	2.2823619842529297	2.2889938354492188	1.9400426149368286	1.9326798915863037	True	[0 0 0 0 0 0 1 0 0]	[0 0 0 0 1 0 0 0 0]	[1 0 0 0 0 0]	[0 1 0 0 0 0]
0	-1.0	8.43977165222168	2.281496524810791	2.2899062633514404	1.937079668045044	1.9312901496887207	True	[0 0 0 0 0 0 0 0 0]	[0 0 0 0 0 0 0 0 0]	[0 0 0 0 0 0]	[0 0 0 0 0 0]
0	0.3036966919898987	8.425026893615723	2.2751922607421875	2.2841103076934814	1.9397040605545044	1.926020860671997	True	[0 0 0 0 0 0 1 0 0]	[0 0 0 0 1 0 0 0 0]	[1 0 0 0 0 0]	[0 1 0 0 0 0]
0	-1.0	8.44041919708252	2.282248020172119	2.2897422313690186	1.9368829727172852	1.9315462112426758	True	[0 0 0 0 0 0 0 0 0]	[0 0 0 0 0 0 0 0 0]	[0 0 0 0 0 0]	[0 0 0 0 0 0]
0	0.3330029249191284	8.425802230834961	2.275664806365967	2.2839128971099854	1.9397008419036865	1.9265227317810059	True	[0 0 0 0 0 0 1 0 0]	[0 0 0 0 0 0 1 0 0]	[1 0 0 0 0 0]	[0 1 0 0 0 0]
0	-0.5	8.441633224487305	2.2832844257354736	2.2891993522644043	1.9371389150619507	1.9320101737976074	True	[0 0 0 0 0 0 0 0 0]	[0 0 0 0 1 0 1 0 0]	[0 0 0 0 0 0]	[0 0 0 0 0 0]
0	0.31240853667259216	8.444259643554688	2.282393217086792	2.288882255554199	1.9402248859405518	1.9327597618103027	True	[0 0 0 0 0 0 1 0 0]	[0 0 0 0 1 0 0 0 0]	[1 0 0 0 0 0]	[0 1 0 0 0 0]
0	-1.0	8.439459800720215	2.2814724445343018	2.290001153945923	1.9371200799942017	1.9308662414550781	True	[0 0 0 0 0 0 0 0 0]	[0 0 0 0 0 0 0 0 0]	[0 0 0 0 0 0]	[0 0 0 0 0 0]
0	0.30857524275779724	8.42414665222168	2.2747604846954346	2.2841835021972656	1.9396312236785889	1.9255709648132324	True	[0 0 0 0 0 0 1 0 0]	[0 0 0 0 0 0 1 0 0]	[1 0 0 0 0 0]	[0 1 0 0 0 0]
0	-0.5	8.4409761428833	2.2826483249664307	2.289346218109131	1.9368425607681274	1.9321386814117432	True	[0 0 0 0 0 0 0 0 0]	[0 0 0 0 1 0 1 0 0]	[0 0 0 0 0 0]	[0 0 0 0 0 0]
0	0.3322485685348511	8.443891525268555	2.282074451446533	2.2889816761016846	1.9399430751800537	1.932891607284546	True	[0 0 0 0 0 0 1 0 0]	[0 0 0 0 1 0 0 0 0]	[1 0 0 0 0 0]	[0 1 0 0 0 0]
0	-1.0	8.440074920654297	2.2823238372802734	2.2896816730499268	1.936606764793396	1.9314624071121216	True	[0 0 0 0 0 0 0 0 0]	[0 0 0 0 0 0 0 0 0]	[0 0 0 0 0 0]	[0 0 0 0 0 0]
0	0.2972187399864197	8.425149917602539	2.275524139404297	2.2843003273010254	1.9394985437393188	1.9258265495300293	True	[0 0 0 0 0 0 1 0 0]	[0 0 0 0 0 0 1 0 0]	[1 0 0 0 0 0]	[0 1 0 0 0 0]
0	-0.5	8.44159984588623	2.2829999923706055	2.2891085147857666	1.9370832443237305	1.932408332824707	True	[0 0 0 0 0 0 0 0 0]	[0 0 0 0 1 0 1 0 0]	[0 0 0 0 0 0]	[0 0 0 0 0 0]
0	0.3176515996456146	8.442115783691406	2.2818782329559326	2.288264036178589	1.9397482872009277	1.9322248697280884	True	[0 0 0 0 0 0 1 0 0]	[0 0 0 0 1 0 0 0 0]	[1 0 0 0 0 0]	[0 1 0 0 0 0]
0	-1.0	8.441850662231445	2.2826666831970215	2.2900354862213135	1.9376535415649414	1.9314947128295898	True	[0 0 0 0 0 0 0 0 0]	[0 0 0 0 0 0 0 0 0]	[0 0 0 0 0 0]	[0 0 0 0 0 0]
0	0.31980839371681213	8.425009727478027	2.275129795074463	2.2841296195983887	1.9398682117462158	1.92588210105896	True	[0 0 0 0 0 0 1 0 0]	[0 0 0 0 1 0 0 0 0]	[1 0 0 0 0 0]	[0 1 0 0 0 0]
0	-1.0	8.441662788391113	2.2824807167053223	2.2900288105010986	1.937394380569458	1.9317591190338135	True	[0 0 0 0 0 0 0 0 0]	[0 0 0 0 0 0 0 0 0]	[0 0 0 0 0 0]	[0 0 0 0 0 0]
0	0.3367284834384918	8.425081253051758	2.275179386138916	2.283865213394165	1.9399760961532593	1.9260599613189697	True	[0 0 0 0 0 0 1 0 0]	[0 0 0 0 0 0 1 0 0]	[1 0 0 0 0 0]	[0 1 0 0 0 0]
0	-0.5	8.44200325012207	2.2834553718566895	2.2889721393585205	1.9373599290847778	1.9322158098220825	True	[0 0 0 0 0 0 0 0 0]	[0 0 0 0 1 0 1 0 0]	[0 0 0 0 0 0]	[0 0 0 0 0 0]
0	0.3109884262084961	8.442985534667969	2.2820677757263184	2.288048505783081	1.9399340152740479	1.9329357147216797	True	[0 0 0 0 0 0 1 0 0]	[0 0 0 0 1 0 0 0 0]	[1 0 0 0 0 0]	[0 1 0 0 0 0]
0	-1.0	8.441102027893066	2.282228469848633	2.2900917530059814	1.9370924234390259	1.9316896200180054	True	[0 0 0 0 0 0 0 0 0]	[0 0 0 0 0 0 0 0 0]	[0 0 0 0 0 0]	[0 0 0 0 0 0]
1	0.48660606145858765	8.305326461791992	2.2518656253814697	2.2729227542877197	1.9296165704727173	1.8509211540222168	True	[0 0 0 0 0 1 0 0 0]	[0 0 0 0 0 0 1 0 0]	[0 0 0 0 0 1]	[0 0 1 0 0 0]
1	-0.5	8.425103187561035	2.2792060375213623	2.2853055000305176	1.934485912322998	1.9261057376861572	True	[0 0 0 0 0 0 0 0 0]	[0 0 1 0 0 0 1 0 0]	[0 0 0 0 0 0]	[0 0 1 0 1 0]
1	0.4853600561618805	8.432699203491211	2.2807023525238037	2.294875144958496	1.9363887310028076	1.9207323789596558	True	[0 0 0 0 0 1 0 0 0]	[0 0 1 0 0 1 1 0 0]	[0 0 0 0 0 1]	[0 0 1 0 0 0]
1	0.35793229937553406	8.4439697265625	2.2935845851898193	2.2822275161743164	1.941187858581543	1.9269696474075317	True	[0 0 0 0 0 0 0 0 0]	[1 0 1 0 0 1 1 0 0]	[0 0 0 0 1 1]	[0 1 1 0 0 0]
1	0.4562849998474121	8.422167778015137	2.2897586822509766	2.276154041290283	1.936747670173645	1.9195077419281006	True	[0 0 0 0 0 0 0 1 0]	[0 0 1 0 0 1 1 0 0]	[0 0 0 0 0 1]	[0 1 1 0 1 0]
1	0.3415191173553467	8.447173118591309	2.2911055088043213	2.2909905910491943	1.9383569955825806	1.926720380783081	True	[0 0 0 0 0 0 0 0 0]	[1 0 1 0 0 1 1 0 0]	[0 0 0 0 1 1]	[0 1 1 0 0 0]
1	0.4528229236602783	8.423760414123535	2.2897675037384033	2.276567220687866	1.936599850654602	1.920825719833374	True	[0 0 0 0 0 0 0 1 0]	[0 0 1 0 0 1 1 0 0]	[0 0 0 0 0 1]	[0 1 1 0 1 0]
1	0.35491126775741577	8.447237968444824	2.291152238845825	2.291147232055664	1.938265085220337	1.9266735315322876	True	[0 0 0 0 0 0 0 0 0]	[1 0 1 0 0 1 1 0 0]	[0 0 0 0 1 1]	[0 1 1 0 0 0]
1	0.4254807233810425	8.421361923217773	2.2893226146698	2.2759811878204346	1.9363324642181396	1.9197250604629517	True	[0 0 0 0 0 0 0 1 0]	[0 0 1 0 0 1 1 0 0]	[0 0 0 0 0 1]	[0 1 1 0 1 0]
1	0.35016927123069763	8.44814682006836	2.2910423278808594	2.2915642261505127	1.938313603401184	1.9272266626358032	True	[0 0 0 0 0 0 0 0 0]	[1 0 1 0 0 1 1 0 0]	[0 0 0 0 1 1]	[0 1 1 0 0 0]
1	0.4175533354282379	8.422049522399902	2.2898311614990234	2.275669574737549	1.9368464946746826	1.9197026491165161	True	[0 0 0 0 0 0 0 1 0]	[0 0 1 0 0 1 1 0 0]	[0 0 0 0 0 1]	[0 1 1 0 1 0]
1	0.3476063311100006	8.44771957397461	2.2911875247955322	2.2910587787628174	1.9383047819137573	1.9271682500839233	True	[0 0 0 0 0 0 0 0 0]	[1 0 1 0 0 1 1 0 0]	[0 0 0 0 1 1]	[0 1 1 0 0 0]
1	0.4595353901386261	8.421541213989258	2.2894177436828613	2.275933027267456	1.9368786811828613	1.9193121194839478	True	[0 0 0 0 0 0 0 1 0]	[0 0 1 0 0 1 1 0 0]	[0 0 0 0 0 1]	[0 1 1 0 1 0]
1	0.3615373373031616	8.448014259338379	2.291224956512451	2.2910215854644775	1.938757300376892	1.9270098209381104	True	[0 0 0 0 0 0 0 0 0]	[1 0 1 0 0 1 1 0 0]	[0 0 0 0 1 1]	[0 1 1 0 0 0]
1	0.43078020215034485	8.421810150146484	2.2896342277526855	2.2761025428771973	1.9365510940551758	1.9195218086242676	True	[0 0 0 0 0 0 0 1 0]	[0 0 1 0 0 1 1 0 0]	[0 0 0 0 0 1]	[0 1 1 0 1 0]
1	0.3649323284626007	8.447872161865234	2.2913384437561035	2.2911624908447266	1.9384355545043945	1.9269357919692993	True	[0 0 0 0 0 0 0 0 0]	[1 0 1 0 0 1 1 0 0]	[0 0 0 0 1 1]	[0 1 1 0 0 0]
1	0.4549908936023712	8.42190170288086	2.2898306846618652	2.275773286819458	1.9364734888076782	1.9198236465454102	True	[0 0 0 0 0 0 0 1 0]	[0 0 1 0 0 1 1 0 0]	[0 0 0 0 0 1]	[0 1 1 0 1 0]
1	0.3574654459953308	8.44709587097168	2.2910664081573486	2.290987253189087	1.9381096363067627	1.9269318580627441	True	[0 0 0 0 0 0 0 0 0]	[1 0 1 0 0 1 1 0 0]	[0 0 0 0 1 1]	[0 1 1 0 0 0]
1	0.4347788691520691	8.422124862670898	2.289072036743164	2.276618242263794	1.93687105178833	1.919563889503479	True	[0 0 0 0 0 0 0 1 0]	[0 0 1 0 0 1 1 0 0]	[0 0 0 0 0 1]	[0 1 1 0 1 0]
1	0.3417055308818817	8.448485374450684	2.291095733642578	2.2911806106567383	1.9387506246566772	1.9274579286575317	True	[0 0 0 0 0 0 0 0 0]	[1 0 1 0 0 1 1 0 0]	[0 0 0 0 1 1]	[0 1 1 0 0 0]
1	0.42138671875	8.421133995056152	2.2892775535583496	2.2759151458740234	1.9369856119155884	1.91895592212677	True	[0 0 0 0 0 0 0 1 0]	[0 0 1 0 0 1 1 0 0]	[0 0 0 0 0 1]	[0 1 1 0 1 0]
1	0.342964231967926	8.44760799407959	2.291343927383423	2.290752410888672	1.9385074377059937	1.9270045757293701	True	[0 0 0 0 0 0 0 0 0]	[1 0 1 0 0 1 1 0 0]	[0 0 0 0 1 1]	[0 1 1 0 0 0]
1	0.39318057894706726	8.421157836914062	2.2890517711639404	2.2760586738586426	1.9364749193191528	1.9195727109909058	True	[0 0 0 0 0 0 0 1 0]	[0 0 1 0 0 1 1 0 0]	[0 0 0 0 0 1]	[0 1 1 0 1 0]
1	0.3463306427001953	8.447152137756348	2.2910830974578857	2.2910032272338867	1.9381883144378662	1.9268766641616821	True	[0 0 0 0 0 0 0 0 0]	[1 0 1 0 0 1 1 0 0]	[0 0 0 0 1 1]	[0 1 1 0 0 0]
1	0.432765394449234	8.421158790588379	2.289142370223999	2.2756922245025635	1.9367679357528687	1.9195564985275269	True	[0 0 0 0 0 0 0 1 0]	[0 0 1 0 0 1 1 0 0]	[0 0 0 0 0 1]	[0 1 1 0 1 0]
1	0.3410229980945587	8.447272300720215	2.2910234928131104	2.291050434112549	1.938460111618042	1.926737904548645	True	[0 0 0 0 0 0 0 0 0]	[1 0 1 0 0 1 1 0 0]	[0 0 0 0 1 1]	[0 1 1 0 0 0]
1	0.44448575377464294	8.421548843383789	2.28938889503479	2.2755744457244873	1.9369637966156006	1.919621229171753	True	[0 0 0 0 0 0 0 1 0]	[0 0 1 0 0 1 1 0 0]	[0 0 0 0 0 1]	[0 1 1 0 1 0]
1	0.3571462035179138	8.447992324829102	2.291242837905884	2.2909069061279297	1.9386017322540283	1.927241563796997	True	[0 0 0 0 0 0 0 0 0]	[1 0 1 0 0 1 1 0 0]	[0 0 0 0 1 1]	[0 1 1 0 0 0]
1	0.4375224709510803	8.42151927947998	2.2894747257232666	2.2758677005767822	1.9366918802261353	1.919485092163086	True	[0 0 0 0 0 0 0 1 0]	[0 0 1 0 0 1 1 0 0]	[0 0 0 0 0 1]	[0 1 1 0 1 0]
1	0.3493567407131195	8.447750091552734	2.2909634113311768	2.291445255279541	1.9380172491073608	1.927323341369629	True	[0 0 0 0 0 0 0 0 0]	[1 0 1 0 0 1 1 0 0]	[0 0 0 0 1 1]	[0 1 1 0 0 0]
