# num_workers = 7
# num_cells = 256
# seed_for_environment = 1111111
# lr = 0.0003
# max_grad_norm = 1.0
# eval_rollout_length = 30
# scaling_factor = 1000
# frames_per_batch = 500
# sub_batch_size = 64
# num_epochs = 15
# clip_epsilon = 0.2
# gamma = 0.99
# lmbda = 0.95
# entropy_eps = 0.03
# env_reward_engineering = True
# env_minimum_number_of_qubits = 8
# log_name = search_9_6_seed_1111111
# env_error_range = geometric5
# env_version = qecc/bbcode-ldpc-v0
# env_bit_flipping = True
# env_l = 9
# env_m = 6
# env_use_dict_observation = True
# env_number_of_decoder_iterations = 50
# env_number_of_samples = 50
# env_code_logging = False
# env_reset_type = random3
# model_architecture = hybrid
# model_surrogate_model_path = /vol/bitbucket/osella/rl-qecc-data//supervisedLearning/2026-07-12_21-15-58/surrogate_6x6.pth
# model_use_pretrained_encoder = True
# index_to_unfreeze_encoder_updates = 20
# encoder_lr_factor = 0.1
# training_device = cpu
# Resolved arguments:
# Resolved_env_reward_engineering = True
# Resolved_env_bit_flipping = True
# Resolved_env_useDictObservation = True
# Resolved_env_code_logging = False
# Resolved_env_reset_type = random3
# Resolved_env_error_range = [np.float64(0.001), np.float64(0.003162), np.float64(0.01), np.float64(0.031623), np.float64(0.1)]
# Resolved_model_use_pretrained_encoder = True
# Resolved_trainingDevice = cpu
# Resolved_model_architecture = hybrid
# Just for information, not used in actual run: SLURM CPUS queried from os environment: 96
# Number of workers: 7
# Does torch identify cuda: False
evaluation number	reward	policy entropy	policy entropy aX	policy entropy bX	policy entropy aY	policy entropy bY	Encoder freeze	postAction_aX	postAction_bX	postAction_aY	postAction_bY
0	-0.75	8.441333770751953	2.288599967956543	2.2914156913757324	1.934653401374817	1.9266647100448608	True	[0 0 0 0 0 0 0 0 0]	[0 0 0 1 0 0 0 0 1]	[0 0 1 1 0 0]	[0 0 0 0 1 1]
0	-0.5	8.436333656311035	2.2810752391815186	2.289879083633423	1.9335848093032837	1.9317944049835205	True	[0 0 0 0 0 0 1 0 0]	[0 0 0 0 0 0 0 0 1]	[0 1 1 1 0 0]	[0 0 0 0 1 0]
0	-0.75	8.431857109069824	2.2778406143188477	2.291468381881714	1.929914951324463	1.9326329231262207	True	[0 0 0 0 0 0 0 0 0]	[0 0 0 1 0 0 0 0 1]	[0 0 1 1 0 0]	[0 0 0 0 1 1]
0	-0.75	8.43227481842041	2.2830355167388916	2.289445400238037	1.929966926574707	1.9298264980316162	True	[0 0 0 0 0 0 1 0 0]	[0 0 0 0 0 0 0 0 1]	[1 0 1 1 0 0]	[0 0 0 0 1 0]
0	-1.0	8.436853408813477	2.2802176475524902	2.2927701473236084	1.932657241821289	1.9312089681625366	True	[0 0 0 0 0 0 1 0 0]	[0 0 0 1 0 0 0 0 1]	[1 1 1 1 0 0]	[0 0 0 0 1 1]
0	-1.0	8.44300651550293	2.2826242446899414	2.290009021759033	1.9375306367874146	1.9328432083129883	True	[0 0 0 0 0 0 0 0 0]	[0 0 0 0 0 0 0 0 1]	[1 0 1 1 0 0]	[0 0 0 0 1 0]
0	-0.75	8.438986778259277	2.2884974479675293	2.291983127593994	1.9320849180221558	1.926421046257019	True	[0 0 0 0 0 0 0 0 0]	[0 0 0 1 0 0 0 0 1]	[1 1 1 1 0 0]	[0 0 0 0 1 1]
0	-0.75	8.443026542663574	2.283891439437866	2.2923390865325928	1.9346184730529785	1.9321773052215576	True	[0 0 0 0 0 0 1 0 0]	[0 0 0 0 0 0 0 0 1]	[1 0 1 1 0 0]	[0 0 0 0 1 0]
0	-0.5	8.42794132232666	2.2790141105651855	2.2912957668304443	1.9292545318603516	1.9283769130706787	True	[0 0 0 0 0 0 1 0 0]	[0 0 0 1 0 0 0 0 1]	[1 1 1 1 0 0]	[0 0 0 0 1 0]
0	-1.0	8.441452980041504	2.2796194553375244	2.2921319007873535	1.9345054626464844	1.9351961612701416	True	[0 0 0 0 0 0 0 0 0]	[0 0 0 0 0 0 0 0 1]	[1 0 1 1 0 0]	[0 0 0 0 1 0]
0	-0.75	8.432817459106445	2.288111686706543	2.28981614112854	1.9326189756393433	1.9222705364227295	True	[0 0 0 0 0 0 0 0 0]	[0 0 0 1 0 0 0 0 1]	[0 0 1 1 0 0]	[0 0 0 0 1 1]
0	-1.0	8.435192108154297	2.2808446884155273	2.2886807918548584	1.9342559576034546	1.9314106702804565	True	[0 0 0 0 0 0 1 0 0]	[0 0 0 0 0 0 0 0 1]	[1 0 1 1 0 0]	[0 0 0 0 1 1]
0	-1.0	8.43356704711914	2.2808942794799805	2.2890920639038086	1.9341373443603516	1.9294438362121582	True	[0 0 0 0 0 0 0 0 0]	[0 0 0 1 0 0 0 0 1]	[1 1 1 1 0 0]	[0 0 0 0 1 0]
0	-1.0	8.437264442443848	2.285161018371582	2.2924065589904785	1.9309710264205933	1.9287259578704834	True	[0 0 0 0 0 0 1 0 0]	[0 0 0 0 0 0 0 0 1]	[1 0 1 1 0 0]	[0 0 0 0 1 1]
0	-1.0	8.437365531921387	2.2812814712524414	2.2921719551086426	1.9347951412200928	1.9291174411773682	True	[0 0 0 0 0 0 0 0 0]	[0 0 0 1 0 0 0 0 1]	[1 1 1 1 0 0]	[0 0 0 0 1 0]
0	-1.0	8.440164566040039	2.2832818031311035	2.290358781814575	1.9353134632110596	1.9312100410461426	True	[0 0 0 0 0 0 1 0 0]	[0 0 0 0 0 0 0 0 1]	[1 0 1 1 0 0]	[0 0 0 0 1 1]
0	-1.0	8.437460899353027	2.284472703933716	2.2909085750579834	1.9346873760223389	1.9273918867111206	True	[0 0 0 0 0 0 0 0 0]	[0 0 0 1 0 0 0 0 1]	[1 1 1 1 0 0]	[0 0 0 0 1 0]
0	-1.0	8.436312675476074	2.2849597930908203	2.294114351272583	1.929387092590332	1.927851915359497	True	[0 0 0 0 0 0 1 0 0]	[0 0 0 0 0 0 0 0 1]	[1 0 1 1 0 0]	[0 0 0 0 1 1]
0	-1.0	8.430755615234375	2.2793304920196533	2.2914645671844482	1.9319347143173218	1.928025245666504	True	[0 0 0 0 0 0 0 0 0]	[0 0 0 1 0 0 0 0 1]	[1 1 1 1 0 0]	[0 0 0 0 1 0]
0	-1.0	8.439706802368164	2.2845849990844727	2.2927329540252686	1.9323655366897583	1.930023431777954	True	[0 0 0 0 0 0 1 0 0]	[0 0 0 0 0 0 0 0 1]	[1 0 1 1 0 0]	[0 0 0 0 1 1]
0	-0.75	8.432816505432129	2.2829508781433105	2.289855480194092	1.932530403137207	1.9274799823760986	True	[0 0 0 0 0 0 0 0 0]	[0 0 0 1 0 0 0 0 1]	[1 1 1 1 0 0]	[0 0 0 0 1 1]
0	-0.75	8.436588287353516	2.282353639602661	2.2887768745422363	1.9341768026351929	1.9312801361083984	True	[0 0 0 0 0 0 1 0 0]	[0 0 0 0 0 0 0 0 1]	[1 0 1 1 0 0]	[0 0 0 0 1 0]
0	-1.0	8.437153816223145	2.280162811279297	2.291455030441284	1.9329235553741455	1.9326120615005493	True	[0 0 0 0 0 0 0 0 0]	[0 0 0 1 0 0 0 0 1]	[1 1 1 1 0 0]	[0 0 0 0 1 0]
0	-1.0	8.433094024658203	2.284183979034424	2.2920303344726562	1.9290194511413574	1.9278604984283447	True	[0 0 0 0 0 0 1 0 0]	[0 0 0 0 0 0 0 0 1]	[1 0 1 1 0 0]	[0 0 0 0 1 1]
0	-0.75	8.429967880249023	2.2789506912231445	2.290881872177124	1.931006669998169	1.929128646850586	True	[0 0 0 0 0 0 0 0 0]	[0 0 0 1 0 0 0 0 1]	[1 1 1 1 0 0]	[0 0 0 0 1 1]
0	-0.75	8.440998077392578	2.283371925354004	2.291989803314209	1.9341912269592285	1.9314450025558472	True	[0 0 0 0 0 0 1 0 0]	[0 0 0 0 0 0 0 0 1]	[1 0 1 1 0 0]	[0 0 0 0 1 0]
0	-0.75	8.431681632995605	2.2794582843780518	2.292536735534668	1.9286547899246216	1.9310320615768433	True	[0 0 0 0 0 0 0 0 0]	[0 0 0 1 0 0 0 0 1]	[1 1 1 1 0 0]	[0 0 0 0 1 1]
0	-0.75	8.432798385620117	2.2811408042907715	2.2902231216430664	1.932228922843933	1.9292054176330566	True	[0 0 0 0 0 0 1 0 0]	[0 0 0 0 0 0 0 0 1]	[1 0 1 1 0 0]	[0 0 0 0 1 0]
0	-1.0	8.434938430786133	2.281534194946289	2.293421983718872	1.9304935932159424	1.929489254951477	True	[0 0 0 0 0 0 0 0 0]	[0 0 0 1 0 0 0 0 1]	[1 1 1 1 0 0]	[0 0 0 0 1 0]
0	-1.0	8.438288688659668	2.285017251968384	2.2923073768615723	1.9323811531066895	1.9285825490951538	True	[0 0 0 0 0 0 1 0 0]	[0 0 0 0 0 0 0 0 1]	[1 0 1 1 0 0]	[0 0 0 0 1 1]
1	-1.0	8.042872428894043	2.208085536956787	2.2374677658081055	1.7696006298065186	1.8277183771133423	True	[0 0 0 0 1 0 0 0 1]	[0 1 0 0 0 0 1 0 0]	[0 0 0 0 0 1]	[0 0 0 0 0 0]
1	-1.0	8.039945602416992	2.157857656478882	2.2347395420074463	1.7917985916137695	1.8555500507354736	True	[0 0 0 0 1 0 0 1 1]	[0 1 1 0 0 0 1 0 0]	[0 0 0 0 0 0]	[0 0 0 0 0 0]
1	-1.0	8.292536735534668	2.244912624359131	2.2647109031677246	1.8827701807022095	1.9001431465148926	True	[0 0 0 0 1 0 1 1 1]	[0 1 1 0 0 0 0 0 0]	[0 0 0 0 0 1]	[0 0 0 0 0 0]
1	-1.0	8.04616928100586	2.2001712322235107	2.208366870880127	1.786482334136963	1.8511486053466797	True	[1 0 0 0 1 0 1 1 1]	[0 1 0 0 0 0 0 0 0]	[0 0 0 0 0 0]	[0 0 0 0 0 0]
1	-1.0	8.030476570129395	2.212282419204712	2.2332277297973633	1.7571097612380981	1.827857255935669	True	[1 0 0 0 1 0 1 0 1]	[0 1 0 0 0 0 1 0 0]	[0 0 0 0 0 1]	[0 0 0 0 0 0]
1	0.4728423058986664	8.016146659851074	2.2018930912017822	2.189807415008545	1.7933005094528198	1.8311452865600586	True	[1 0 0 0 1 0 1 0 1]	[0 1 1 0 0 0 1 0 0]	[0 1 0 0 0 1]	[0 0 0 0 0 0]
1	-0.75	8.144747734069824	2.198195219039917	2.2565066814422607	1.7939951419830322	1.896050214767456	True	[1 0 0 0 1 0 1 1 1]	[1 1 1 0 0 0 1 0 0]	[0 0 0 0 0 1]	[0 0 0 0 0 0]
1	-1.0	8.268024444580078	2.2384297847747803	2.2757720947265625	1.8380999565124512	1.9157222509384155	True	[1 0 0 0 1 0 0 1 1]	[1 1 1 0 0 0 0 0 0]	[0 1 0 0 0 1]	[0 0 0 0 0 0]
1	-0.75	8.178528785705566	2.220325469970703	2.2590439319610596	1.8090274333953857	1.890131950378418	True	[1 0 0 0 1 1 0 1 1]	[0 1 1 0 0 0 0 0 0]	[0 1 0 0 0 0]	[0 0 0 0 0 0]
1	-1.0	8.097455978393555	2.206479549407959	2.211717367172241	1.8087605237960815	1.8704991340637207	True	[1 0 0 0 1 1 1 1 1]	[0 1 0 0 0 0 0 0 0]	[0 1 0 0 0 1]	[0 0 0 0 0 0]
1	-0.75	8.100939750671387	2.223172187805176	2.2481319904327393	1.7838146686553955	1.8458211421966553	True	[1 0 0 0 1 1 1 0 1]	[0 1 0 0 0 0 1 0 0]	[0 1 0 0 0 0]	[0 0 0 0 0 0]
1	0.04896063730120659	7.955788612365723	2.182328224182129	2.2036311626434326	1.7420445680618286	1.827784538269043	True	[1 0 0 0 1 1 1 1 1]	[0 1 0 0 0 1 1 0 0]	[0 0 0 0 0 0]	[0 0 0 0 0 0]
1	-0.75	8.050214767456055	2.2048792839050293	2.252588987350464	1.7072710990905762	1.885475516319275	True	[1 0 0 0 1 1 1 0 1]	[0 1 0 0 0 0 1 0 0]	[0 1 0 0 0 0]	[0 0 0 0 0 0]
1	0.038960639387369156	7.994484901428223	2.1949715614318848	2.225602626800537	1.7417324781417847	1.8321781158447266	True	[1 0 0 0 1 1 1 1 1]	[0 1 1 0 0 0 1 0 0]	[0 0 0 0 0 0]	[0 0 0 0 0 0]
1	-1.0	8.05239486694336	2.2000503540039062	2.2182087898254395	1.767944574356079	1.8661904335021973	True	[1 0 0 0 1 1 0 1 1]	[0 1 1 0 0 1 1 0 0]	[0 1 0 0 0 0]	[1 0 0 0 0 0]
1	0.19441331923007965	8.26974105834961	2.2455477714538574	2.2645485401153564	1.8572261333465576	1.9024180173873901	True	[1 0 0 0 0 1 0 1 1]	[0 1 1 0 0 1 0 0 0]	[0 0 0 0 0 0]	[1 0 0 0 0 0]
1	-0.5	8.182339668273926	2.2288620471954346	2.2341651916503906	1.8243861198425293	1.894926905632019	True	[1 0 0 0 0 1 0 0 1]	[0 1 1 0 0 0 0 0 0]	[0 1 0 0 0 0]	[1 0 0 0 0 0]
1	-0.5	7.940112590789795	2.169584274291992	2.1754961013793945	1.7780442237854004	1.8169879913330078	True	[1 0 0 0 0 1 0 1 1]	[0 1 0 0 0 0 0 0 0]	[0 1 0 0 0 1]	[1 0 0 0 0 0]
1	-0.5	7.882945537567139	2.1596951484680176	2.2123968601226807	1.7313417196273804	1.7795114517211914	True	[1 0 0 0 0 1 0 0 1]	[0 1 0 0 0 1 0 0 0]	[0 0 0 0 0 1]	[1 0 0 0 0 0]
1	-0.5	7.8256402015686035	2.1487038135528564	2.1841511726379395	1.6715281009674072	1.8212571144104004	True	[1 0 0 0 0 1 0 1 1]	[0 1 1 0 0 1 0 0 0]	[0 1 0 0 0 1]	[1 0 0 0 0 0]
1	-1.0	8.255110740661621	2.232741355895996	2.274599552154541	1.8446249961853027	1.9031444787979126	True	[1 0 0 0 0 1 1 1 1]	[0 1 1 0 0 1 1 0 0]	[0 1 0 0 0 0]	[1 0 0 0 0 0]
1	0.20616061985492706	8.246076583862305	2.246314764022827	2.258099317550659	1.8456493616104126	1.8960130214691162	True	[1 0 0 0 1 1 1 1 1]	[0 1 1 0 0 1 0 0 0]	[0 0 0 0 0 0]	[1 0 0 0 0 0]
1	-0.75	8.13172721862793	2.2258076667785645	2.2059950828552246	1.8141722679138184	1.885752558708191	True	[1 0 0 0 1 1 0 1 1]	[0 1 1 0 0 1 1 0 0]	[0 1 0 0 0 0]	[0 0 0 0 0 0]
1	-1.0	8.215456008911133	2.2333858013153076	2.270443916320801	1.8028825521469116	1.908743143081665	True	[1 0 0 0 1 1 1 1 1]	[0 1 1 0 0 1 0 0 0]	[0 0 0 0 0 0]	[0 0 0 0 0 0]
1	-1.0	8.196982383728027	2.2475457191467285	2.204259157180786	1.8604813814163208	1.884696364402771	True	[1 0 0 0 1 1 0 1 1]	[0 1 1 0 0 1 1 0 0]	[0 0 0 0 0 1]	[0 0 0 0 1 0]
1	0.18132010102272034	8.173404693603516	2.212799310684204	2.226064920425415	1.8547325134277344	1.8798084259033203	True	[0 0 0 0 1 1 0 1 1]	[0 1 0 0 0 1 1 0 0]	[0 0 0 0 0 0]	[0 0 0 0 0 0]
1	-0.75	8.046096801757812	2.2251505851745605	2.2551686763763428	1.6764663457870483	1.8893113136291504	True	[0 0 0 0 1 1 1 1 1]	[0 1 0 0 0 1 1 1 0]	[0 1 0 0 0 0]	[0 0 0 0 0 0]
1	-0.5	8.185182571411133	2.256558895111084	2.253824472427368	1.8041702508926392	1.8706283569335938	True	[0 0 0 0 1 1 0 1 1]	[0 1 0 0 0 1 1 0 0]	[0 1 0 0 0 1]	[0 0 0 0 1 0]
1	-1.0	8.141881942749023	2.2165088653564453	2.2476117610931396	1.7919275760650635	1.8858333826065063	True	[1 0 0 0 1 1 0 1 1]	[0 1 1 0 0 1 1 0 0]	[0 1 0 0 0 0]	[0 0 0 0 1 0]
1	0.3489108979701996	8.200113296508789	2.2170767784118652	2.2341885566711426	1.867165446281433	1.881682276725769	True	[1 0 0 0 1 1 1 1 1]	[0 1 0 0 0 1 1 0 0]	[0 1 0 0 0 1]	[0 0 0 0 0 0]
2	-0.75	7.281945705413818	2.1666221618652344	1.5780166387557983	1.8893039226531982	1.648003101348877	False	[0 0 0 0 0 0 0 1 0]	[1 1 0 0 1 1 0 0 0]	[0 1 0 0 0 0]	[1 0 0 1 1 1]
2	-1.0	8.064183235168457	2.214240550994873	2.177884817123413	1.842768669128418	1.829289436340332	False	[0 0 0 0 0 0 0 1 0]	[1 1 0 0 1 1 0 1 0]	[0 1 0 0 1 0]	[1 0 1 1 1 1]
2	-0.5	8.115299224853516	2.2452144622802734	2.1788439750671387	1.880676507949829	1.8105645179748535	False	[0 0 0 0 0 0 0 1 0]	[1 1 0 0 1 1 0 0 0]	[0 1 0 0 0 0]	[1 0 1 1 1 1]
2	0.11925475299358368	8.043031692504883	2.2372968196868896	2.1620373725891113	1.797869324684143	1.8458287715911865	False	[0 0 0 0 0 0 0 0 0]	[1 1 0 0 1 1 0 1 0]	[0 1 0 0 1 0]	[1 0 0 1 1 1]
2	-1.0	7.627516269683838	2.1960673332214355	1.9226059913635254	1.8832221031188965	1.62562096118927	False	[0 0 0 0 1 0 0 0 0]	[1 1 0 0 1 0 0 1 0]	[0 0 0 0 1 0]	[1 0 0 0 1 1]
2	-1.0	7.887844562530518	2.1190078258514404	2.148752212524414	1.7978973388671875	1.8221869468688965	False	[0 0 0 0 1 0 0 0 0]	[1 1 0 0 1 0 0 1 0]	[0 0 0 0 0 0]	[1 0 0 0 1 1]
2	-1.0	7.960707664489746	2.1670830249786377	2.2085981369018555	1.8414373397827148	1.7435895204544067	False	[0 0 0 0 0 0 0 0 0]	[1 1 0 0 1 1 0 1 0]	[0 1 0 0 0 0]	[1 0 0 0 1 1]
2	-0.5	7.821439743041992	2.1074161529541016	2.1960129737854004	1.829301118850708	1.688709020614624	False	[0 0 0 0 0 0 0 0 0]	[1 1 1 0 1 1 0 1 0]	[0 1 0 0 1 0]	[1 0 0 0 1 1]
2	-1.0	7.569314956665039	2.2014787197113037	1.8857043981552124	1.8791918754577637	1.6029398441314697	False	[0 0 0 0 1 0 0 0 0]	[1 1 1 0 1 0 0 1 0]	[0 0 0 0 1 0]	[1 0 0 1 1 1]
2	-1.0	8.025437355041504	2.218012571334839	2.1740379333496094	1.7804157733917236	1.8529707193374634	False	[0 0 0 0 1 0 0 0 0]	[1 1 1 0 1 0 0 1 0]	[0 0 0 0 0 0]	[1 0 0 1 1 1]
2	-1.0	7.9657511711120605	2.164482593536377	2.201364517211914	1.769976019859314	1.829927921295166	False	[0 0 0 0 1 0 0 0 1]	[1 1 1 0 1 1 0 1 0]	[0 0 0 0 1 0]	[0 0 0 1 1 1]
2	-0.5	8.041045188903809	2.2300078868865967	2.1870017051696777	1.7629544734954834	1.8610808849334717	False	[0 0 0 0 1 0 0 0 1]	[1 1 1 0 1 1 0 1 0]	[0 0 0 0 0 0]	[0 0 0 1 1 1]
2	-1.0	7.525364875793457	2.18485951423645	1.7910473346710205	1.8705543279647827	1.678903341293335	False	[0 0 0 0 0 0 0 0 1]	[1 1 1 0 1 0 0 1 0]	[0 1 0 0 0 0]	[0 0 0 0 1 1]
2	-1.0	7.976783752441406	2.1727192401885986	2.1759159564971924	1.8076328039169312	1.820515513420105	False	[0 0 0 0 0 0 0 0 1]	[1 1 1 0 1 0 0 1 0]	[0 1 0 0 1 0]	[0 0 0 0 1 1]
2	-1.0	8.115275382995605	2.2502918243408203	2.164897918701172	1.8827970027923584	1.8172886371612549	False	[0 0 0 0 1 0 0 0 1]	[1 1 1 0 1 1 0 1 0]	[0 1 0 0 0 0]	[0 0 0 1 1 1]
2	-0.5	8.064933776855469	2.2213239669799805	2.186184883117676	1.7932417392730713	1.864182949066162	False	[0 0 0 0 1 0 0 0 1]	[1 1 1 0 1 1 0 1 0]	[0 1 0 0 1 0]	[0 0 0 1 1 1]
2	-1.0	8.008543014526367	2.2374157905578613	2.176609754562378	1.8053545951843262	1.789163589477539	False	[0 0 0 0 1 0 1 0 1]	[1 1 1 0 1 1 0 0 0]	[0 1 0 0 0 0]	[1 0 0 1 1 1]
2	0.2819332182407379	8.111443519592285	2.2413768768310547	2.1572210788726807	1.8282129764556885	1.884633183479309	False	[0 0 0 0 1 0 1 0 1]	[1 1 1 0 1 1 0 0 0]	[0 1 0 0 1 0]	[1 0 0 1 1 1]
2	-1.0	8.003473281860352	2.2776713371276855	2.1788535118103027	1.834468960762024	1.7124797105789185	False	[0 0 0 0 0 0 1 0 1]	[1 1 1 0 1 1 0 1 0]	[0 1 0 0 0 0]	[1 0 0 0 1 1]
2	-0.5	8.160155296325684	2.2478115558624268	2.1827356815338135	1.8613134622573853	1.8682947158813477	False	[0 0 0 0 0 0 1 0 1]	[1 1 1 0 1 1 0 1 0]	[0 1 0 0 1 0]	[1 0 0 0 1 1]
2	-0.5	8.012057304382324	2.257178544998169	2.178474187850952	1.8356281518936157	1.7407768964767456	False	[0 0 0 0 0 0 0 0 1]	[1 1 1 0 1 1 0 0 0]	[0 1 0 0 0 0]	[1 0 0 1 1 1]
2	-1.0	8.15019702911377	2.2488107681274414	2.20743989944458	1.8202219009399414	1.8737248182296753	False	[0 0 0 0 0 0 0 0 1]	[1 1 1 0 1 1 0 1 0]	[0 1 0 0 1 0]	[1 0 1 1 1 1]
2	-1.0	8.103084564208984	2.239379644393921	2.2027511596679688	1.8222274780273438	1.8387255668640137	False	[0 0 0 0 0 0 1 0 1]	[1 1 1 0 1 1 0 0 0]	[0 1 0 0 0 0]	[0 0 1 1 1 1]
2	-0.5	7.9989471435546875	2.0953221321105957	2.1873364448547363	1.854628562927246	1.8616598844528198	False	[0 0 0 0 0 0 1 0 1]	[1 1 1 0 1 1 0 1 0]	[0 1 0 0 0 0]	[0 0 1 1 1 1]
2	-0.75	8.21471881866455	2.180511474609375	2.2082176208496094	1.9007550477981567	1.9252345561981201	False	[0 0 0 0 0 0 1 0 1]	[1 1 1 0 1 1 0 0 0]	[0 1 0 0 1 0]	[0 0 0 1 1 1]
2	-0.75	8.145538330078125	2.2720320224761963	2.1911349296569824	1.8205492496490479	1.8618220090866089	False	[0 0 0 0 0 0 0 0 1]	[1 1 1 0 1 1 0 1 0]	[0 1 0 0 0 0]	[1 0 0 1 1 1]
2	-1.0	8.138219833374023	2.2341103553771973	2.1988751888275146	1.823236346244812	1.8819975852966309	False	[0 0 0 0 0 0 0 0 1]	[1 1 1 0 1 1 0 1 0]	[0 1 0 0 1 0]	[1 0 0 0 1 1]
2	-0.5	8.126901626586914	2.253805160522461	2.187300205230713	1.863250732421875	1.8225451707839966	False	[0 0 0 0 1 0 0 0 1]	[1 1 1 0 1 0 0 1 0]	[0 1 0 0 0 0]	[1 0 0 1 1 1]
2	-0.5	8.143836975097656	2.2555439472198486	2.1950995922088623	1.8252569437026978	1.8679362535476685	False	[0 0 0 0 1 0 0 0 1]	[1 1 1 0 1 0 0 0 0]	[0 1 0 0 1 0]	[1 0 0 0 1 1]
2	-1.0	8.182626724243164	2.2694036960601807	2.216639995574951	1.8581517934799194	1.8384307622909546	False	[0 0 0 0 0 0 0 0 1]	[1 1 1 0 1 0 0 1 0]	[0 1 0 0 0 0]	[1 0 0 1 1 1]
3	-1.0	7.625765323638916	2.2400989532470703	2.022256851196289	1.6528280973434448	1.7105813026428223	False	[0 0 0 0 0 0 0 1 1]	[0 0 0 0 0 1 0 0 0]	[1 0 0 0 1 0]	[0 0 1 0 1 0]
3	-0.5	7.692824363708496	1.8149770498275757	2.1422250270843506	1.9237734079360962	1.8118489980697632	False	[0 0 0 0 0 0 0 1 1]	[0 0 0 0 1 1 0 0 0]	[1 0 0 0 1 0]	[0 0 1 0 1 0]
3	-0.5	7.64329719543457	1.7793225049972534	2.068269968032837	1.9000542163848877	1.8956506252288818	False	[0 0 1 0 0 0 0 1 1]	[0 0 0 0 0 1 0 0 0]	[0 0 0 0 1 0]	[0 0 0 0 1 0]
3	-1.0	8.089778900146484	2.191697597503662	2.196471691131592	1.8489940166473389	1.8526151180267334	False	[0 0 1 0 0 0 0 1 1]	[0 0 0 1 0 1 0 0 0]	[0 0 1 0 1 0]	[0 0 0 1 1 0]
3	-0.75	7.902027130126953	2.0199337005615234	2.1548056602478027	1.868647575378418	1.858640193939209	False	[0 0 1 0 0 0 0 1 1]	[0 0 0 1 0 1 0 0 0]	[0 0 0 0 1 0]	[0 0 0 1 1 0]
3	-1.0	8.059547424316406	2.1719679832458496	2.122424602508545	1.8483518362045288	1.9168026447296143	False	[0 0 1 0 0 0 0 1 1]	[0 0 0 0 0 1 0 0 0]	[0 0 1 0 1 0]	[0 0 0 0 1 0]
3	-1.0	7.551381587982178	1.8405758142471313	2.0388104915618896	1.879092812538147	1.7929025888442993	False	[0 0 1 0 0 0 0 1 1]	[0 0 0 0 1 1 0 0 0]	[0 0 0 0 1 0]	[0 0 0 0 1 0]
3	0.43694519996643066	7.228204727172852	1.5482876300811768	2.025693655014038	1.8823081254959106	1.7719151973724365	False	[0 0 1 0 0 0 0 1 1]	[0 0 0 0 0 1 0 0 0]	[1 0 0 0 1 0]	[0 0 0 0 1 0]
3	-1.0	7.974681854248047	2.214085102081299	2.1318976879119873	1.8469433784484863	1.7817561626434326	False	[0 0 0 0 0 0 0 1 1]	[0 0 0 1 0 1 0 0 0]	[1 0 1 0 1 0]	[0 0 0 1 1 0]
3	-0.5	7.299165725708008	1.698779821395874	2.010547399520874	1.825510025024414	1.7643285989761353	False	[0 0 0 0 0 0 0 1 1]	[0 0 1 1 0 1 0 0 0]	[1 0 0 0 1 0]	[0 1 0 1 1 0]
3	-0.5	8.045998573303223	2.1995325088500977	2.121286630630493	1.8454217910766602	1.8797577619552612	False	[0 0 1 0 0 0 0 1 1]	[0 0 1 1 1 1 0 0 0]	[1 0 1 0 1 0]	[0 1 1 1 1 0]
3	-0.5	7.750863552093506	2.026313304901123	2.059995174407959	1.829719066619873	1.8348360061645508	False	[0 0 0 0 0 0 0 1 1]	[0 0 1 1 0 1 0 0 0]	[1 0 0 0 1 0]	[0 1 0 1 1 0]
3	-0.75	8.063594818115234	2.2070908546447754	2.1234629154205322	1.845015525817871	1.8880252838134766	False	[0 0 1 0 0 0 0 1 1]	[0 0 1 1 1 1 0 0 0]	[1 0 1 0 1 0]	[0 1 0 0 1 0]
3	-0.75	7.789653778076172	2.00787615776062	2.084846258163452	1.8644702434539795	1.8324613571166992	False	[0 0 0 0 0 0 0 1 1]	[0 0 1 1 0 1 0 0 0]	[1 0 0 0 1 0]	[0 1 1 0 1 0]
3	-0.5	7.671125888824463	1.888157606124878	2.082481861114502	1.8849810361862183	1.8155053853988647	False	[0 0 0 0 0 0 0 1 1]	[0 0 1 1 1 1 0 0 0]	[1 0 0 0 1 1]	[0 1 0 0 1 0]
3	-1.0	7.734612464904785	1.9837706089019775	2.076688528060913	1.8563005924224854	1.8178532123565674	False	[0 0 1 0 0 0 0 1 1]	[0 0 1 1 0 1 0 0 0]	[1 0 1 0 1 1]	[0 1 1 0 1 0]
3	-1.0	7.736084461212158	1.9953863620758057	2.127596855163574	1.8610655069351196	1.7520359754562378	False	[0 0 0 0 0 0 0 1 1]	[0 0 1 1 1 1 0 0 0]	[1 0 0 0 1 1]	[0 1 1 0 1 0]
3	-0.75	7.5775957107543945	1.8629603385925293	2.1162803173065186	1.8713887929916382	1.726966142654419	False	[0 0 0 0 0 0 0 1 1]	[0 0 1 1 0 1 0 0 0]	[1 0 1 0 1 1]	[0 1 1 0 1 0]
3	-0.25	8.096966743469238	2.227085828781128	2.174161672592163	1.8729387521743774	1.8227803707122803	False	[0 0 1 0 0 0 0 1 1]	[0 0 1 1 0 1 0 1 0]	[1 0 1 0 0 1]	[0 1 0 0 1 0]
3	-0.75	8.080961227416992	2.1839520931243896	2.198117971420288	1.822050929069519	1.876840591430664	False	[0 0 0 0 0 0 0 1 1]	[0 0 1 1 1 1 0 1 0]	[1 0 0 0 0 1]	[0 1 0 1 1 0]
3	-1.0	7.777920246124268	1.9522167444229126	2.0817623138427734	1.9039373397827148	1.8400040864944458	False	[0 0 1 0 0 0 0 1 1]	[0 0 1 1 0 1 0 1 0]	[1 0 0 0 0 0]	[0 1 0 1 1 0]
3	-0.5	7.5272369384765625	1.8606785535812378	2.061210870742798	1.9082905054092407	1.6970572471618652	False	[0 0 1 0 0 0 0 1 1]	[0 0 1 1 1 1 0 1 0]	[1 0 0 0 0 1]	[0 1 0 1 1 0]
3	-1.0	7.763800144195557	1.9553927183151245	2.088192939758301	1.8807334899902344	1.8394808769226074	False	[0 0 0 0 0 0 0 1 1]	[0 0 1 1 0 1 0 1 0]	[1 0 0 0 1 1]	[0 1 1 1 1 0]
3	-1.0	7.638298034667969	1.896249771118164	2.113962173461914	1.8957576751708984	1.7323286533355713	False	[0 0 1 0 0 0 0 1 1]	[0 0 1 1 1 1 0 1 0]	[1 0 0 0 1 0]	[0 1 1 1 1 0]
3	-0.5	7.661272048950195	1.9374936819076538	2.129901885986328	1.8755863904953003	1.7182896137237549	False	[0 0 0 0 0 0 0 1 1]	[0 0 1 1 0 1 0 1 0]	[1 0 0 0 0 0]	[0 1 1 1 1 0]
3	-0.5	7.726618766784668	1.9119000434875488	2.0652995109558105	1.8811650276184082	1.8682544231414795	False	[0 0 1 0 0 0 0 1 1]	[0 0 1 1 1 1 0 1 0]	[1 0 0 0 0 1]	[0 1 0 1 1 0]
3	-1.0	7.785125255584717	1.9555182456970215	2.0895886421203613	1.88468337059021	1.8553346395492554	False	[0 0 0 0 0 0 0 1 1]	[0 0 1 1 0 1 0 1 0]	[1 0 0 0 1 1]	[0 1 1 1 1 0]
3	-1.0	7.6806864738464355	1.922790288925171	2.1230766773223877	1.89174485206604	1.743074893951416	False	[0 0 1 0 0 0 0 1 1]	[0 0 1 1 1 1 0 1 0]	[1 0 0 0 1 0]	[0 1 1 1 1 0]
3	-1.0	7.650347709655762	1.9221179485321045	2.1214523315429688	1.8792667388916016	1.727510690689087	False	[0 0 0 0 0 0 0 1 1]	[0 0 1 1 0 1 0 1 0]	[1 0 1 0 1 0]	[0 1 1 1 1 0]
3	-1.0	7.6204071044921875	1.8648285865783691	2.1054270267486572	1.907448410987854	1.7427031993865967	False	[0 0 0 0 0 0 0 1 1]	[0 0 1 1 1 1 0 1 0]	[1 0 1 0 0 0]	[0 1 1 1 1 0]
4	-1.0	7.387993812561035	2.1895194053649902	2.132873058319092	1.6267290115356445	1.4388720989227295	False	[0 1 0 0 1 0 0 1 0]	[0 0 0 0 0 0 0 0 1]	[1 1 0 0 1 1]	[1 0 0 0 0 0]
4	0.04834659770131111	7.841115951538086	2.1282083988189697	2.125032424926758	1.8328285217285156	1.755047082901001	False	[0 1 0 0 1 0 0 1 0]	[0 0 0 0 0 0 0 0 0]	[1 0 0 0 1 1]	[0 0 0 0 0 0]
4	-0.5	7.20326566696167	2.1005661487579346	2.091048002243042	1.5560619831085205	1.4555896520614624	False	[0 1 0 0 0 0 0 1 0]	[0 0 0 0 0 0 0 0 1]	[1 1 0 0 1 1]	[1 0 0 0 0 0]
4	-0.5	7.744657039642334	2.179525136947632	2.204097270965576	1.7293375730514526	1.6316970586776733	False	[0 1 1 0 0 0 0 1 0]	[0 0 0 0 1 0 0 0 1]	[0 1 0 0 1 1]	[0 0 0 0 0 0]
4	-0.5	7.026510238647461	1.938071846961975	2.0934031009674072	1.4171736240386963	1.5778617858886719	False	[0 1 0 0 0 0 0 1 0]	[0 0 0 0 1 0 0 1 1]	[1 1 0 0 1 1]	[1 0 0 0 0 0]
4	-0.75	7.241964817047119	1.8968656063079834	1.956272006034851	1.6403472423553467	1.7484803199768066	False	[0 1 1 0 0 0 0 1 0]	[0 0 0 0 1 0 0 0 1]	[0 1 0 0 1 1]	[1 0 0 1 0 0]
4	-0.75	6.876981735229492	1.8392311334609985	2.104062795639038	1.3237204551696777	1.6099673509597778	False	[0 1 0 0 0 0 0 1 0]	[0 0 0 0 1 0 0 1 1]	[1 1 0 0 1 1]	[0 0 0 1 0 0]
4	-0.75	8.016644477844238	2.241541624069214	2.2091331481933594	1.7366634607315063	1.8293060064315796	False	[0 1 1 0 0 0 0 1 0]	[0 0 0 1 1 0 0 1 1]	[1 1 0 1 1 1]	[1 0 0 1 0 0]
4	-0.75	7.378499507904053	1.97553551197052	1.9617891311645508	1.6045725345611572	1.8366026878356934	False	[0 1 0 0 0 0 0 1 0]	[0 0 0 1 1 0 0 0 1]	[0 1 0 1 1 1]	[0 0 0 1 0 0]
4	-0.75	7.687779903411865	2.065415382385254	2.2094664573669434	1.6860394477844238	1.7268584966659546	False	[0 1 1 0 0 0 0 1 0]	[0 0 0 1 1 0 0 1 1]	[0 1 0 0 1 1]	[1 0 0 1 0 0]
4	-0.75	7.132338523864746	1.8737788200378418	1.9524024724960327	1.4896619319915771	1.8164951801300049	False	[0 1 0 0 0 0 0 1 0]	[0 0 0 1 1 0 0 0 1]	[1 1 0 0 1 1]	[0 0 0 1 0 0]
4	-0.75	7.472293376922607	1.9826586246490479	2.2025046348571777	1.5482921600341797	1.738837718963623	False	[0 1 1 0 0 0 0 1 0]	[0 0 0 0 1 0 0 0 1]	[1 1 0 1 1 1]	[1 0 0 1 0 0]
4	-0.75	7.133136749267578	1.8733307123184204	2.102726936340332	1.4357901811599731	1.7212889194488525	False	[0 1 0 0 0 0 0 1 0]	[0 0 0 0 1 0 1 0 1]	[0 1 0 1 1 1]	[0 0 0 1 0 0]
4	-0.75	7.723897933959961	2.046748399734497	2.213527202606201	1.6711825132369995	1.792439341545105	False	[0 1 1 0 0 0 0 1 0]	[0 0 0 1 1 0 1 0 1]	[0 1 0 0 1 1]	[1 0 0 1 0 0]
4	-0.75	7.364299774169922	1.949497103691101	2.1047308444976807	1.5359325408935547	1.774139404296875	False	[0 1 0 0 0 0 0 1 0]	[0 0 0 1 1 0 1 1 1]	[1 1 0 0 1 1]	[0 0 0 1 0 0]
4	-0.75	7.770133972167969	2.096059799194336	2.1391234397888184	1.6935195922851562	1.841430902481079	False	[0 1 1 0 0 0 0 1 0]	[0 0 0 1 1 0 1 0 1]	[1 1 0 1 1 1]	[1 0 0 1 0 0]
4	-0.75	7.897757530212402	2.116826057434082	2.1927897930145264	1.7476588487625122	1.840482473373413	False	[0 1 0 0 0 0 0 1 0]	[0 0 0 1 1 0 1 1 1]	[1 1 0 0 1 1]	[0 0 0 1 0 0]
4	-0.75	7.920040607452393	2.1208581924438477	2.151432514190674	1.7875255346298218	1.8602242469787598	False	[0 1 1 0 0 0 0 1 0]	[0 0 0 1 1 0 1 0 1]	[1 1 0 1 1 1]	[1 0 0 1 0 0]
4	-0.75	7.782885551452637	2.1157941818237305	2.1823596954345703	1.6940560340881348	1.7906758785247803	False	[0 1 0 0 0 0 0 1 0]	[0 0 0 1 1 0 1 1 1]	[1 1 0 0 1 1]	[0 0 0 1 0 0]
4	-0.75	7.875541687011719	2.1281027793884277	2.150538921356201	1.7548692226409912	1.84203040599823	False	[0 1 1 0 0 0 0 1 0]	[0 0 0 1 1 0 1 0 1]	[1 1 0 1 1 1]	[1 0 0 1 0 0]
4	-0.75	7.691373348236084	2.0969254970550537	2.1923093795776367	1.6345018148422241	1.7676364183425903	False	[0 1 0 0 0 0 0 1 0]	[0 0 0 1 1 0 1 1 1]	[1 1 0 0 1 1]	[0 0 0 1 0 0]
4	-0.75	7.768190383911133	2.064887285232544	2.1449074745178223	1.7143458127975464	1.844049334526062	False	[0 1 1 0 0 0 0 1 0]	[0 0 0 1 1 0 1 0 1]	[1 1 0 1 1 1]	[1 0 0 1 0 0]
4	-0.75	7.909897327423096	2.121990919113159	2.2040820121765137	1.7517833709716797	1.8320412635803223	False	[0 1 0 0 0 0 0 1 0]	[0 0 0 1 1 0 1 1 1]	[1 1 0 0 1 1]	[0 0 0 1 0 0]
4	-0.75	7.853015899658203	2.103456735610962	2.1377828121185303	1.7532156705856323	1.8585604429244995	False	[0 1 1 0 0 0 0 1 0]	[0 0 0 1 1 0 1 0 1]	[1 1 0 1 1 1]	[1 0 0 1 0 0]
4	-0.75	7.799315929412842	2.105466604232788	2.178260326385498	1.6962553262710571	1.8193341493606567	False	[0 1 0 0 0 0 0 1 0]	[0 0 0 1 1 0 1 1 1]	[1 1 0 0 1 1]	[0 0 0 1 0 0]
4	-0.75	7.728933811187744	2.0668365955352783	2.1571505069732666	1.6773996353149414	1.8275469541549683	False	[0 1 1 0 0 0 0 1 0]	[0 0 0 1 1 0 1 0 1]	[1 1 0 1 1 1]	[1 0 0 1 0 0]
4	-0.75	7.712457180023193	2.097790241241455	2.194911241531372	1.6463696956634521	1.7733855247497559	False	[0 1 0 0 0 0 0 1 0]	[0 0 0 1 1 0 1 1 1]	[1 1 0 0 1 1]	[0 0 0 1 0 0]
4	-0.75	7.795131683349609	2.122343063354492	2.1404151916503906	1.7059314250946045	1.826441764831543	False	[0 1 1 0 0 0 0 1 0]	[0 0 0 1 1 0 1 0 1]	[1 1 0 1 1 1]	[1 0 0 1 0 0]
4	-0.75	7.807716369628906	2.111299514770508	2.1914968490600586	1.6881763935089111	1.816744089126587	False	[0 1 0 0 0 0 0 1 0]	[0 0 0 1 1 0 1 1 1]	[1 1 0 0 1 1]	[0 0 0 1 0 0]
4	-0.75	7.857316970825195	2.1033740043640137	2.139360189437866	1.7597166299819946	1.8548667430877686	False	[0 1 1 0 0 0 0 1 0]	[0 0 0 1 1 0 1 0 1]	[1 1 0 1 1 1]	[1 0 0 1 0 0]
5	-1.0	7.573511123657227	2.1909565925598145	1.955305576324463	1.6481858491897583	1.7790629863739014	False	[0 0 0 0 0 0 0 0 0]	[0 0 0 0 0 0 0 0 1]	[1 0 0 0 0 0]	[0 1 1 0 0 1]
5	-1.0	7.094358444213867	2.1360056400299072	2.2095909118652344	1.3465100526809692	1.4022520780563354	False	[0 0 0 0 0 0 0 0 0]	[0 0 0 0 0 1 0 0 1]	[0 0 0 0 0 0]	[0 1 1 0 0 1]
5	-1.0	7.018528938293457	2.1287918090820312	2.2068872451782227	1.3383733034133911	1.3444769382476807	False	[0 0 0 0 0 0 0 0 0]	[0 0 0 0 0 1 1 0 1]	[1 0 0 0 0 0]	[0 1 1 0 0 1]
5	-0.5	6.946365833282471	2.058406352996826	2.1944313049316406	1.4274170398712158	1.2661107778549194	False	[0 0 0 0 0 0 0 0 0]	[0 0 0 0 1 1 1 0 1]	[0 0 0 0 0 0]	[0 1 1 0 0 1]
5	-0.5	7.309231758117676	2.1549105644226074	2.148963689804077	1.2569022178649902	1.748455286026001	False	[1 0 0 0 0 0 0 0 0]	[0 0 0 0 1 1 0 0 1]	[1 0 0 0 0 0]	[0 1 1 0 0 0]
5	-1.0	7.355063438415527	2.1449670791625977	2.14326810836792	1.289137601852417	1.7776908874511719	False	[1 0 1 0 0 0 0 0 0]	[0 0 0 0 1 1 1 0 1]	[0 0 0 0 0 0]	[0 1 1 0 0 1]
5	-1.0	6.817163944244385	2.0379719734191895	1.9377694129943848	1.5185737609863281	1.3228487968444824	False	[1 0 1 0 0 0 0 0 0]	[0 0 1 0 1 1 1 0 1]	[1 0 0 0 0 0]	[0 1 1 0 0 1]
5	-1.0	7.110913276672363	2.1012978553771973	1.931334376335144	1.6061477661132812	1.4721331596374512	False	[1 0 0 0 0 0 0 0 0]	[0 0 0 0 1 1 1 0 1]	[0 0 0 0 0 0]	[0 1 1 0 0 1]
5	-0.5	6.8665008544921875	2.110110282897949	2.216552257537842	1.298540472984314	1.241297721862793	False	[1 0 0 0 0 0 0 0 0]	[0 0 1 0 1 1 1 0 1]	[1 0 0 0 0 0]	[0 1 1 0 0 1]
5	-0.5	7.3478899002075195	2.1595826148986816	2.131051778793335	1.276717185974121	1.7805383205413818	False	[1 0 0 0 0 1 0 0 0]	[0 0 1 0 1 1 0 0 1]	[0 0 0 0 0 0]	[1 1 1 0 0 1]
5	-0.5	7.391049861907959	2.164663076400757	2.1316184997558594	1.2979466915130615	1.7968209981918335	False	[1 0 1 0 0 1 0 0 0]	[0 0 1 0 1 1 1 0 1]	[1 0 0 0 0 0]	[0 1 1 0 0 1]
5	-0.5	7.5253825187683105	2.1813833713531494	2.0211124420166016	1.5512467622756958	1.7716403007507324	False	[1 0 0 0 0 1 0 0 0]	[0 0 0 0 1 1 1 0 1]	[0 0 0 0 0 0]	[1 1 1 0 0 1]
5	-0.75	7.400120258331299	2.172555446624756	2.1376254558563232	1.3013380765914917	1.7886015176773071	False	[1 0 1 0 0 1 0 0 0]	[0 0 0 0 1 1 0 0 1]	[1 0 0 0 0 0]	[1 1 1 0 0 0]
5	-0.5	7.560719966888428	2.2048351764678955	2.0561153888702393	1.549004316329956	1.7507652044296265	False	[1 0 0 0 0 1 0 0 0]	[0 0 1 0 1 1 0 0 1]	[0 0 0 0 0 0]	[1 1 1 0 0 1]
5	0.339819997549057	7.409280776977539	2.166111946105957	2.1314053535461426	1.3052866458892822	1.8064765930175781	False	[1 0 1 0 0 1 0 0 0]	[0 0 1 0 1 1 1 0 1]	[1 0 0 0 0 0]	[1 1 1 0 0 0]
5	-0.5	7.154126167297363	2.0884482860565186	1.994038462638855	1.5066325664520264	1.5650074481964111	False	[1 0 1 0 1 1 0 0 0]	[0 0 1 0 1 1 1 1 1]	[0 0 0 0 0 0]	[1 1 1 0 0 1]
5	-0.5	7.797123908996582	2.1886861324310303	2.0728185176849365	1.7443702220916748	1.791249394416809	False	[1 0 0 0 1 1 0 0 0]	[0 0 0 0 1 1 1 1 1]	[1 0 0 0 0 0]	[0 1 1 0 0 1]
5	-0.5	7.480790615081787	2.1796650886535645	2.140800952911377	1.3444972038269043	1.8158272504806519	False	[1 0 1 0 1 1 0 0 0]	[0 0 0 0 1 1 0 1 1]	[0 0 0 0 0 0]	[1 1 1 0 0 1]
5	-0.75	7.586464881896973	2.1752867698669434	2.016366481781006	1.5992118120193481	1.795600175857544	False	[1 0 0 0 1 1 0 0 0]	[0 0 1 0 1 1 0 1 1]	[1 0 0 0 0 0]	[1 1 1 0 0 0]
5	-0.5	7.8053202629089355	2.2123162746429443	2.095918655395508	1.670949101448059	1.8261362314224243	False	[1 0 0 0 1 1 1 0 0]	[0 0 1 0 1 1 1 1 1]	[0 0 0 0 0 0]	[1 1 1 0 0 0]
5	-0.5	7.738095283508301	2.1443400382995605	2.077737331390381	1.7774078845977783	1.738610029220581	False	[1 0 0 0 0 1 1 0 0]	[0 0 1 0 1 1 0 1 1]	[1 0 0 0 0 0]	[1 1 1 1 0 0]
5	0.3493773937225342	7.517392158508301	2.1630330085754395	2.0823686122894287	1.5049725770950317	1.7670185565948486	False	[1 0 1 0 0 1 1 0 0]	[0 0 1 0 1 1 0 0 1]	[0 0 0 0 0 0]	[0 1 1 1 0 0]
5	-0.5	7.176488876342773	2.122678756713867	2.050967216491699	1.3737612962722778	1.6290817260742188	False	[0 0 1 0 0 1 1 0 0]	[0 0 1 0 1 1 0 1 1]	[1 0 0 0 0 0]	[1 1 1 1 0 0]
5	-0.5	7.587705612182617	2.17576265335083	2.060659646987915	1.6566126346588135	1.694670557975769	False	[0 0 1 0 1 1 1 0 0]	[0 0 1 0 1 1 0 0 1]	[0 0 0 0 0 0]	[0 1 1 1 0 0]
5	-0.5	7.486015319824219	2.1877925395965576	2.0913376808166504	1.440740704536438	1.7661449909210205	False	[0 0 0 0 1 1 1 0 0]	[0 0 0 0 1 1 0 0 1]	[1 0 0 0 0 0]	[1 1 1 1 0 0]
5	-0.5	7.857818603515625	2.211482048034668	2.067615032196045	1.7166361808776855	1.8620854616165161	False	[0 0 1 0 1 1 1 0 0]	[0 0 1 0 1 1 0 0 1]	[0 0 0 0 0 0]	[0 1 1 1 0 0]
5	-0.5	7.492260932922363	2.1718435287475586	2.085602045059204	1.4492082595825195	1.7856075763702393	False	[0 0 0 0 1 1 1 0 0]	[0 0 0 0 1 1 0 0 1]	[1 0 0 0 0 0]	[1 1 1 1 0 0]
5	-0.5	7.777819633483887	2.2186784744262695	2.035628318786621	1.6774392127990723	1.846073865890503	False	[0 0 1 0 1 1 1 0 0]	[0 0 1 0 1 1 0 0 1]	[0 0 0 0 0 0]	[0 1 1 1 0 0]
5	-0.5	7.523228168487549	2.1671876907348633	2.0878498554229736	1.469929814338684	1.798261284828186	False	[0 0 0 0 1 1 1 0 0]	[0 0 1 0 1 1 0 1 1]	[1 0 0 0 0 0]	[1 1 1 1 0 0]
5	-0.5	7.776364803314209	2.1848394870758057	2.0903565883636475	1.6773000955581665	1.8238686323165894	False	[0 0 1 0 1 1 1 0 0]	[0 0 0 0 1 1 0 1 1]	[0 0 0 0 0 0]	[0 1 1 1 0 0]
6	-0.25	6.539678573608398	2.09553861618042	1.8407272100448608	1.050140142440796	1.5532724857330322	False	[1 0 0 0 0 0 0 1 0]	[0 0 0 1 0 0 1 0 0]	[0 1 0 0 1 0]	[0 0 0 0 0 0]
6	-0.25	7.295323371887207	2.166970729827881	2.042989492416382	1.5381888151168823	1.5471744537353516	False	[1 0 0 0 0 0 0 0 0]	[1 0 0 1 0 0 1 0 0]	[1 1 0 0 1 0]	[0 0 0 0 0 1]
6	-0.75	7.400539875030518	2.1402666568756104	2.085489511489868	1.495265245437622	1.6795181035995483	False	[1 0 0 0 0 0 0 1 0]	[1 0 0 1 0 0 0 0 0]	[0 1 0 0 1 0]	[0 0 0 1 0 1]
6	-0.25	7.757639408111572	2.0481903553009033	2.138052463531494	1.7100350856781006	1.861361026763916	False	[1 0 1 0 0 0 0 1 0]	[1 0 1 1 0 0 0 0 0]	[1 1 0 0 1 0]	[0 0 1 1 0 1]
6	-0.25	7.477790355682373	2.172304153442383	2.017056941986084	1.6440691947937012	1.644360065460205	False	[1 0 1 1 0 0 0 1 0]	[0 0 1 1 0 0 0 0 0]	[0 1 0 0 1 0]	[1 0 1 1 0 1]
6	-0.25	7.502923011779785	2.15958309173584	2.0169639587402344	1.6645598411560059	1.661815881729126	False	[1 0 1 0 0 0 0 1 0]	[0 0 1 1 0 0 0 1 0]	[1 1 0 0 1 0]	[0 0 1 1 0 1]
6	-0.25	7.535735130310059	2.176582098007202	2.0478975772857666	1.6882317066192627	1.6230238676071167	False	[1 0 1 1 0 0 0 1 0]	[1 0 1 1 0 0 0 1 0]	[0 1 0 0 1 0]	[0 0 1 0 0 1]
6	-0.25	7.475152015686035	2.1430814266204834	2.019233465194702	1.6648565530776978	1.6479806900024414	False	[1 0 1 0 0 0 0 1 0]	[1 0 1 1 0 0 0 0 0]	[1 1 0 0 1 0]	[1 0 1 0 0 1]
6	-0.25	7.350368022918701	2.1258485317230225	1.990817666053772	1.5846549272537231	1.649046778678894	False	[1 0 1 1 0 0 0 1 0]	[0 0 1 1 0 0 0 0 0]	[0 1 0 0 1 0]	[1 0 1 1 0 1]
6	-0.25	7.474637508392334	2.1588711738586426	1.9974055290222168	1.674633264541626	1.6437278985977173	False	[1 0 1 0 0 0 0 1 0]	[0 0 1 1 0 0 0 1 0]	[1 1 0 0 1 0]	[0 0 1 1 0 1]
6	-0.75	7.541046142578125	2.1807422637939453	2.0456228256225586	1.696448564529419	1.6182326078414917	False	[1 0 1 1 0 0 0 1 0]	[1 0 1 1 0 0 0 1 0]	[1 1 0 0 1 1]	[0 0 1 0 0 1]
6	-0.25	7.641931533813477	2.0959880352020264	2.0953214168548584	1.728539228439331	1.7220829725265503	False	[1 0 1 1 0 1 0 1 0]	[1 0 1 1 0 0 0 0 0]	[1 1 0 0 1 0]	[1 0 1 0 0 1]
6	-0.25	7.367387294769287	2.132382869720459	1.9875408411026	1.6129930019378662	1.6344705820083618	False	[1 0 1 0 0 1 0 1 0]	[0 0 1 1 0 0 0 0 0]	[0 1 0 0 1 0]	[0 0 1 0 0 1]
6	-0.25	7.350878715515137	2.1193435192108154	1.9884945154190063	1.582804560661316	1.6602356433868408	False	[1 0 1 1 0 1 0 1 0]	[0 0 1 1 0 0 0 1 0]	[1 1 0 0 1 0]	[0 0 1 1 0 1]
6	-0.25	7.386834144592285	2.121511936187744	1.992679238319397	1.6579065322875977	1.614736557006836	False	[1 0 1 0 0 1 0 1 0]	[0 0 1 1 0 0 0 0 0]	[0 1 0 0 1 0]	[1 0 1 1 0 1]
6	-0.25	7.296124458312988	2.1098968982696533	1.9657315015792847	1.5808748006820679	1.6396212577819824	False	[1 0 1 1 0 1 0 1 0]	[0 0 1 1 0 0 0 1 0]	[1 1 0 0 1 0]	[0 0 1 1 0 1]
6	-0.25	7.383512496948242	2.105541706085205	1.9916071891784668	1.6519761085510254	1.6343876123428345	False	[1 0 1 0 0 1 0 1 0]	[0 0 1 1 0 0 0 0 0]	[0 1 0 0 1 0]	[1 0 1 1 0 1]
6	-0.25	7.307163715362549	2.113734483718872	1.9683020114898682	1.5871963500976562	1.6379308700561523	False	[1 0 1 1 0 1 0 1 0]	[0 0 1 1 0 0 0 1 0]	[1 1 0 0 1 0]	[1 0 1 0 0 1]
6	-0.25	7.335330009460449	2.126436710357666	1.9725743532180786	1.6177034378051758	1.6186158657073975	False	[1 0 1 0 0 1 0 1 0]	[0 0 1 1 0 0 0 0 0]	[0 1 0 0 1 0]	[0 0 1 0 0 1]
6	-0.25	7.3355560302734375	2.130995988845825	1.9918458461761475	1.5736030340194702	1.6391111612319946	False	[1 0 1 1 0 1 0 1 0]	[0 0 1 1 0 0 0 1 0]	[1 1 0 0 1 0]	[0 0 1 1 0 1]
6	-0.25	7.384158134460449	2.1249759197235107	1.9839816093444824	1.6522554159164429	1.6229453086853027	False	[1 0 1 0 0 1 0 1 0]	[0 0 1 1 0 0 0 0 0]	[0 1 0 0 1 0]	[1 0 1 1 0 1]
6	-0.25	7.288944721221924	2.1194040775299072	1.9682077169418335	1.567150592803955	1.6341825723648071	False	[1 0 1 1 0 1 0 1 0]	[0 0 1 1 0 0 0 1 0]	[1 1 0 0 1 0]	[0 0 1 1 0 1]
6	-0.25	7.335260391235352	2.0898349285125732	1.9739234447479248	1.6419883966445923	1.6295138597488403	False	[1 0 1 0 0 1 0 1 0]	[0 0 1 1 0 0 0 0 0]	[0 1 0 0 1 0]	[1 0 1 1 0 1]
6	-0.25	7.296920299530029	2.1174206733703613	1.9686144590377808	1.5789014101028442	1.631983757019043	False	[1 0 1 1 0 1 0 1 0]	[0 0 1 1 0 0 0 1 0]	[1 1 0 0 1 0]	[0 0 1 1 0 1]
6	-0.25	7.319191932678223	2.107297897338867	1.9617422819137573	1.637943983078003	1.6122074127197266	False	[1 0 1 0 0 1 0 1 0]	[0 0 1 1 0 0 0 0 0]	[0 1 0 0 1 0]	[1 0 1 1 0 1]
6	-0.25	7.2978973388671875	2.1118369102478027	1.9730197191238403	1.5786463022232056	1.6343944072723389	False	[1 0 1 1 0 1 0 1 0]	[0 0 1 1 0 0 0 1 0]	[1 1 0 0 1 0]	[0 0 1 1 0 1]
6	-0.25	7.357328414916992	2.1023659706115723	1.973267674446106	1.6634584665298462	1.618236780166626	False	[1 0 1 0 0 1 0 1 0]	[0 0 1 1 0 0 0 0 0]	[0 1 0 0 1 0]	[1 0 1 1 0 1]
6	-0.25	7.269459247589111	2.1238338947296143	1.9691996574401855	1.543917179107666	1.632508397102356	False	[1 0 1 1 0 1 0 1 0]	[0 0 1 1 0 0 0 1 0]	[1 1 0 0 1 0]	[1 0 1 0 0 1]
6	-0.25	7.31870698928833	2.1053972244262695	1.973533272743225	1.6224300861358643	1.617346167564392	False	[1 0 1 0 0 1 0 1 0]	[0 0 1 1 0 0 0 0 0]	[0 1 0 0 1 0]	[0 0 1 0 0 1]
6	-0.25	7.238140106201172	2.1008753776550293	1.9614171981811523	1.5403149127960205	1.6355323791503906	False	[1 0 1 1 0 1 0 1 0]	[0 0 1 1 0 0 0 1 0]	[1 1 0 0 1 0]	[0 0 1 1 0 1]
7	0.24940134584903717	6.83864164352417	2.130103588104248	1.904938817024231	1.1473721265792847	1.6562272310256958	False	[0 0 1 0 0 0 0 0 0]	[0 0 0 1 1 1 0 0 0]	[1 0 0 0 0 0]	[1 0 0 0 0 0]
7	0.2571166455745697	6.4125471115112305	2.054163932800293	2.0093913078308105	1.0751242637634277	1.2738673686981201	False	[0 0 1 0 0 0 1 0 0]	[0 0 0 1 1 1 1 0 0]	[0 0 0 0 0 0]	[0 0 0 0 0 0]
7	-0.25	6.198030471801758	2.1034793853759766	1.779551386833191	0.8101913928985596	1.5048083066940308	False	[0 0 1 0 1 0 1 0 0]	[0 0 0 1 1 1 0 0 0]	[1 0 0 0 0 0]	[0 0 0 1 0 0]
7	0.0647217407822609	7.1505537033081055	2.0690324306488037	2.1103343963623047	1.29445481300354	1.676731824874878	False	[0 0 1 0 1 0 0 0 0]	[0 0 0 1 0 1 0 0 0]	[0 0 0 0 0 0]	[0 0 0 0 0 0]
7	0.24409432709217072	6.637651443481445	2.0908854007720947	2.0057120323181152	1.1085255146026611	1.4325282573699951	False	[0 0 1 0 1 0 1 0 0]	[0 0 0 1 0 1 1 0 0]	[1 0 0 0 0 0]	[1 0 0 0 0 0]
7	0.31832078099250793	6.286886215209961	2.086909770965576	1.916196346282959	0.9620689153671265	1.3217108249664307	False	[0 0 1 0 0 0 1 0 0]	[0 0 0 1 0 1 0 0 0]	[0 0 0 0 0 0]	[0 0 0 0 0 0]
7	-0.25	6.255163669586182	2.1077463626861572	1.7625007629394531	0.8957203030586243	1.4891964197158813	False	[0 0 1 0 1 0 1 0 0]	[0 0 0 1 0 1 1 0 0]	[1 0 0 0 0 0]	[0 0 0 1 0 0]
7	-0.25	7.145681858062744	2.0612411499023438	2.1466004848480225	1.3630067110061646	1.5748335123062134	False	[0 0 1 0 1 0 0 0 0]	[0 0 0 1 1 1 1 0 0]	[0 0 0 0 0 0]	[1 0 0 1 0 0]
7	-0.25	7.239801406860352	2.0585381984710693	2.1399524211883545	1.4118566513061523	1.6294538974761963	False	[0 0 1 0 1 0 1 0 0]	[0 0 0 1 0 1 1 0 0]	[1 0 0 0 0 0]	[0 0 0 1 0 0]
7	-0.25	7.214853763580322	2.065109968185425	2.1463441848754883	1.4034409523010254	1.5999583005905151	False	[0 0 1 0 1 0 0 0 0]	[0 0 0 1 1 1 1 0 0]	[0 0 0 0 0 0]	[1 0 0 1 0 0]
7	-0.25	7.1465935707092285	2.0565459728240967	2.1271839141845703	1.3553779125213623	1.6074851751327515	False	[0 0 1 0 1 0 1 0 0]	[0 0 0 1 0 1 1 0 0]	[1 0 0 0 0 0]	[0 0 0 1 0 0]
7	-0.25	7.280073642730713	2.0697202682495117	2.1523449420928955	1.433427333831787	1.6245814561843872	False	[0 0 1 0 1 0 0 0 0]	[0 0 0 1 1 1 1 0 0]	[0 0 0 0 0 0]	[1 0 0 1 0 0]
7	-0.25	7.278813362121582	2.063168525695801	2.1428980827331543	1.4336248636245728	1.6391218900680542	False	[0 0 1 0 1 0 1 0 0]	[0 0 0 1 0 1 1 0 0]	[1 0 0 0 0 0]	[0 0 0 1 0 0]
7	-0.25	7.261232376098633	2.0806193351745605	2.1559255123138428	1.4121062755584717	1.612581491470337	False	[0 0 1 0 1 0 0 0 0]	[0 0 0 1 1 1 1 0 0]	[0 0 0 0 0 0]	[1 0 0 1 0 0]
7	-0.25	7.088470458984375	2.0628087520599365	2.13288950920105	1.3052767515182495	1.5874955654144287	False	[0 0 1 0 1 0 1 0 0]	[0 0 0 1 0 1 1 0 0]	[1 0 0 0 0 0]	[0 0 0 1 0 0]
7	-0.25	7.1014251708984375	2.067274808883667	2.1534299850463867	1.320085048675537	1.5606350898742676	False	[0 0 1 0 1 0 0 0 0]	[0 0 0 1 1 1 1 0 0]	[0 0 0 0 0 0]	[1 0 0 1 0 0]
7	-0.25	7.0948967933654785	2.0713586807250977	2.135936737060547	1.3016756772994995	1.585925579071045	False	[0 0 1 0 1 0 1 0 0]	[0 0 0 1 0 1 1 0 0]	[1 0 0 0 0 0]	[0 0 0 1 0 0]
7	-0.25	7.161580562591553	2.0644702911376953	2.136998414993286	1.3636128902435303	1.5964988470077515	False	[0 0 1 0 1 0 0 0 0]	[0 0 0 1 1 1 1 0 0]	[0 0 0 0 0 0]	[1 0 0 1 0 0]
7	-0.25	7.188694000244141	2.065034866333008	2.132866859436035	1.3843536376953125	1.6064388751983643	False	[0 0 1 0 1 0 1 0 0]	[0 0 0 1 0 1 1 0 0]	[1 0 0 0 0 0]	[0 0 0 1 0 0]
7	-0.25	7.249508380889893	2.0779716968536377	2.162236213684082	1.4066903591156006	1.6026101112365723	False	[0 0 1 0 1 0 0 0 0]	[0 0 0 1 1 1 1 0 0]	[0 0 0 0 0 0]	[1 0 0 1 0 0]
7	-0.25	7.155513763427734	2.0603134632110596	2.131009101867676	1.3567386865615845	1.6074528694152832	False	[0 0 1 0 1 0 1 0 0]	[0 0 0 1 0 1 1 0 0]	[1 0 0 0 0 0]	[0 0 0 1 0 0]
7	-0.25	7.1869401931762695	2.0624923706054688	2.1428115367889404	1.3824307918548584	1.5992048978805542	False	[0 0 1 0 1 0 0 0 0]	[0 0 0 1 1 1 1 0 0]	[0 0 0 0 0 0]	[1 0 0 1 0 0]
7	-0.25	7.194399833679199	2.0750389099121094	2.146458148956299	1.3640875816345215	1.6088149547576904	False	[0 0 1 0 1 0 1 0 0]	[0 0 0 1 0 1 1 0 0]	[1 0 0 0 0 0]	[0 0 0 1 0 0]
7	-0.25	7.243813514709473	2.0787172317504883	2.156477451324463	1.4035255908966064	1.6050931215286255	False	[0 0 1 0 1 0 0 0 0]	[0 0 0 1 1 1 1 0 0]	[0 0 0 0 0 0]	[1 0 0 1 0 0]
7	-0.25	7.162292957305908	2.076359748840332	2.142230749130249	1.3507578372955322	1.592944622039795	False	[0 0 1 0 1 0 1 0 0]	[0 0 0 1 0 1 1 0 0]	[1 0 0 0 0 0]	[0 0 0 1 0 0]
7	-0.25	7.227895736694336	2.0705487728118896	2.148447036743164	1.405344843864441	1.603554606437683	False	[0 0 1 0 1 0 0 0 0]	[0 0 0 1 1 1 1 0 0]	[0 0 0 0 0 0]	[1 0 0 1 0 0]
7	-0.25	7.259701728820801	2.0767669677734375	2.1582143306732178	1.4028668403625488	1.6218534708023071	False	[0 0 1 0 1 0 1 0 0]	[0 0 0 1 0 1 1 0 0]	[1 0 0 0 0 0]	[0 0 0 1 0 0]
7	-0.25	7.152803897857666	2.066312074661255	2.1403937339782715	1.3502838611602783	1.5958141088485718	False	[0 0 1 0 1 0 0 0 0]	[0 0 0 1 1 1 1 0 0]	[0 0 0 0 0 0]	[1 0 0 1 0 0]
7	-0.25	7.175922393798828	2.067746162414551	2.1438417434692383	1.3561158180236816	1.6082189083099365	False	[0 0 1 0 1 0 1 0 0]	[0 0 0 1 0 1 1 0 0]	[1 0 0 0 0 0]	[0 0 0 1 0 0]
7	-0.25	7.122191905975342	2.0548324584960938	2.137583017349243	1.3403019905090332	1.5894745588302612	False	[0 0 1 0 1 0 0 0 0]	[0 0 0 1 1 1 1 0 0]	[0 0 0 0 0 0]	[1 0 0 1 0 0]
8	-1.0	6.674933433532715	1.902253270149231	1.9275834560394287	1.6682896614074707	1.176806926727295	False	[0 0 0 0 0 0 0 0 1]	[1 0 0 1 0 0 1 0 0]	[1 0 0 0 0 0]	[1 0 0 0 1 0]
8	-0.75	7.586328983306885	1.9646581411361694	2.0193333625793457	1.7868762016296387	1.815461277961731	False	[0 0 1 0 0 0 0 0 1]	[1 0 0 1 1 0 1 0 0]	[1 1 0 0 0 0]	[1 0 0 0 1 0]
8	-0.75	7.681358337402344	2.0533008575439453	2.1560816764831543	1.7840644121170044	1.6879112720489502	False	[0 0 0 0 0 0 0 0 1]	[1 0 0 1 0 0 1 0 0]	[1 0 0 0 0 0]	[1 0 0 0 1 1]
8	-0.75	7.350949287414551	1.981690764427185	2.0805017948150635	1.6441547870635986	1.6446019411087036	False	[0 0 0 0 0 0 0 0 0]	[1 0 0 1 1 0 1 0 0]	[1 1 0 0 0 0]	[1 0 0 1 1 1]
8	-0.75	7.510128021240234	2.039621114730835	2.152866840362549	1.6800639629364014	1.6375762224197388	False	[0 0 1 0 0 0 0 0 0]	[1 0 0 1 0 0 1 0 0]	[1 0 0 0 0 0]	[1 0 0 1 1 0]
8	-0.75	7.089375972747803	2.0701258182525635	1.8753246068954468	1.3847640752792358	1.7591615915298462	False	[0 0 1 0 0 0 0 0 1]	[1 0 0 1 1 0 1 0 0]	[1 1 0 0 0 0]	[0 0 0 1 1 0]
8	0.23696912825107574	7.661283493041992	2.0936970710754395	2.182281017303467	1.7244045734405518	1.6609013080596924	False	[0 0 1 0 0 0 1 0 1]	[1 0 0 1 0 0 1 0 0]	[1 0 0 0 0 0]	[0 0 0 1 1 1]
8	-0.75	6.948877811431885	1.893967866897583	1.9162040948867798	1.5742745399475098	1.564431071281433	False	[0 0 1 0 0 0 1 0 0]	[1 0 0 1 0 0 0 0 0]	[0 0 0 0 0 0]	[0 0 0 0 1 1]
8	-0.25	7.230029106140137	1.8821773529052734	2.0570926666259766	1.6529988050460815	1.6377604007720947	False	[0 0 1 0 0 0 1 0 1]	[1 0 0 1 0 0 1 0 0]	[0 1 0 0 0 0]	[1 0 0 0 1 1]
8	-0.75	7.542383193969727	2.0221712589263916	2.1278438568115234	1.7390607595443726	1.6533071994781494	False	[0 0 1 0 0 0 1 1 1]	[1 0 0 1 0 0 1 0 1]	[1 1 0 0 0 0]	[1 0 0 0 1 0]
8	-0.25	7.681915283203125	2.009791135787964	2.121537208557129	1.759845495223999	1.7907410860061646	False	[0 0 1 0 0 0 1 0 1]	[1 0 1 1 0 0 1 0 1]	[0 1 0 0 0 0]	[1 0 1 0 1 0]
8	-0.75	7.560558319091797	2.0434036254882812	2.111753225326538	1.7426337003707886	1.6627672910690308	False	[0 0 1 0 0 0 1 1 1]	[1 0 1 1 0 0 1 0 0]	[1 1 0 0 0 0]	[1 0 1 0 1 1]
8	0.32163816690444946	7.696252822875977	2.0734052658081055	2.1377828121185303	1.788369059562683	1.6966955661773682	False	[0 0 1 0 0 1 1 1 1]	[1 0 1 1 0 0 1 1 0]	[1 1 0 0 0 1]	[1 0 1 0 1 0]
8	-0.5	7.12261438369751	2.0929832458496094	1.9125617742538452	1.514260172843933	1.602808952331543	False	[0 0 1 0 0 1 1 0 1]	[1 0 1 1 0 0 1 0 0]	[0 1 0 0 0 1]	[1 0 0 0 1 0]
8	-0.75	7.614978790283203	2.0145294666290283	2.144911289215088	1.7739739418029785	1.6815637350082397	False	[0 0 1 0 0 1 1 1 1]	[1 0 1 1 0 0 1 0 1]	[0 1 0 0 1 1]	[1 0 0 0 1 1]
8	-0.75	7.543787002563477	2.0457749366760254	2.062716245651245	1.756631851196289	1.6786643266677856	False	[0 0 1 0 0 0 1 1 1]	[1 0 1 1 0 0 1 1 1]	[0 1 0 0 1 0]	[1 0 1 0 1 1]
8	-0.5	7.622159957885742	2.042649984359741	2.1030993461608887	1.7395358085632324	1.736875295639038	False	[0 0 1 0 0 1 1 1 1]	[1 0 1 1 0 0 1 0 1]	[0 1 0 0 1 1]	[1 0 1 0 1 0]
8	-0.5	7.538855075836182	2.090846538543701	2.09721040725708	1.71091890335083	1.6398791074752808	False	[0 0 1 1 0 1 1 1 1]	[1 0 1 1 0 0 1 0 0]	[1 1 0 0 1 1]	[1 0 0 0 1 0]
8	-0.75	7.473174571990967	2.073880672454834	2.0662758350372314	1.7275924682617188	1.6054253578186035	False	[0 0 1 1 0 0 1 1 1]	[1 0 1 1 0 0 1 0 1]	[1 1 0 1 1 1]	[1 0 1 0 1 0]
8	-0.5	7.617823123931885	2.1247551441192627	2.0381038188934326	1.7639433145523071	1.6910209655761719	False	[0 0 1 1 0 0 0 1 1]	[1 0 1 1 0 0 1 1 1]	[1 1 0 0 1 1]	[1 0 0 0 1 0]
8	0.2699674963951111	7.468296051025391	1.9672224521636963	2.119058132171631	1.7293548583984375	1.6526604890823364	False	[0 0 1 1 0 1 0 1 1]	[1 0 1 1 0 0 1 1 0]	[1 1 0 0 0 1]	[1 0 1 0 1 0]
8	-0.5	7.065634727478027	2.0901479721069336	1.8902275562286377	1.4740402698516846	1.611218810081482	False	[0 0 1 1 0 1 0 0 1]	[1 0 1 1 0 0 1 0 0]	[0 1 0 0 0 1]	[1 0 0 0 1 0]
8	-0.5	7.558819770812988	2.0630946159362793	2.0749731063842773	1.7142349481582642	1.706517219543457	False	[0 0 1 1 0 1 0 1 1]	[1 0 1 1 0 0 1 0 1]	[1 1 0 0 0 1]	[1 0 1 0 1 0]
8	0.36087659001350403	7.59913444519043	2.101713180541992	2.0918354988098145	1.6947964429855347	1.7107889652252197	False	[0 0 1 0 0 1 0 1 1]	[1 0 1 1 0 0 1 0 0]	[0 1 0 0 0 1]	[1 0 0 0 1 0]
8	-0.5	7.539348602294922	2.019224166870117	2.070626735687256	1.7139384746551514	1.7355594635009766	False	[0 0 1 0 0 1 0 0 1]	[1 0 1 0 0 0 1 0 0]	[1 1 0 0 0 1]	[1 0 1 0 1 0]
8	-0.75	7.467353820800781	2.050416946411133	2.04345965385437	1.6534137725830078	1.7200629711151123	False	[0 0 1 0 0 1 1 0 1]	[1 0 1 0 0 0 1 1 0]	[1 0 0 0 0 1]	[1 0 1 0 1 1]
8	-0.5	7.650356292724609	2.068770408630371	2.089158773422241	1.7637372016906738	1.728689432144165	False	[0 0 1 0 0 1 0 0 1]	[1 0 1 0 0 0 1 0 0]	[1 0 0 1 0 1]	[1 0 1 0 1 0]
8	-0.75	7.511714458465576	2.0579185485839844	2.096740245819092	1.6698423624038696	1.6872135400772095	False	[0 0 1 0 0 1 1 0 1]	[1 0 1 0 0 0 1 1 0]	[1 1 0 1 0 1]	[1 0 1 0 1 1]
8	-0.75	7.6183695793151855	2.1204562187194824	2.0206570625305176	1.7280282974243164	1.7492278814315796	False	[0 0 1 0 0 1 0 0 1]	[1 0 1 0 0 0 1 0 0]	[0 1 0 1 0 1]	[1 0 1 0 1 0]
8	-0.75	7.5733723640441895	2.116076707839966	2.0696825981140137	1.647840142250061	1.739772915840149	False	[0 0 1 0 0 1 1 0 1]	[1 0 1 0 0 0 1 1 0]	[1 1 0 1 0 1]	[1 0 1 1 1 0]
9	-0.5	7.970163822174072	2.176693916320801	2.0676913261413574	1.886577844619751	1.8392003774642944	False	[1 0 1 0 0 0 1 1 0]	[0 0 0 0 1 0 1 1 0]	[0 1 0 0 0 0]	[0 0 0 0 1 0]
9	-0.5	7.577477931976318	2.143545627593994	2.062838554382324	1.6596612930297852	1.7114325761795044	False	[1 0 1 0 0 1 1 1 0]	[1 0 0 0 1 0 1 1 0]	[1 1 0 0 0 0]	[0 0 0 0 0 0]
9	-0.5	7.494740009307861	2.0116519927978516	2.1307730674743652	1.6600077152252197	1.6923069953918457	False	[1 0 1 0 0 0 1 1 0]	[1 0 0 0 1 0 0 1 0]	[0 1 0 0 0 0]	[1 0 0 0 0 0]
9	-0.5	7.37973690032959	2.038498640060425	2.104409694671631	1.535541296005249	1.7012871503829956	False	[1 0 1 0 0 0 1 1 1]	[1 0 0 0 1 0 1 1 0]	[1 1 0 0 0 0]	[0 0 0 0 0 0]
9	-1.0	7.498888969421387	2.0312962532043457	2.1348578929901123	1.6016992330551147	1.7310357093811035	False	[1 0 1 0 0 1 1 1 1]	[1 0 1 0 1 0 1 1 0]	[0 1 0 0 0 0]	[1 0 0 0 0 0]
9	-1.0	7.680089950561523	2.078695058822632	1.9458993673324585	1.8467066287994385	1.8087894916534424	False	[1 0 1 0 0 0 1 1 1]	[1 0 0 0 1 0 1 1 0]	[0 0 0 0 0 0]	[1 0 0 0 0 0]
9	-0.5	7.69538688659668	2.1133997440338135	2.110426425933838	1.5975942611694336	1.8739664554595947	False	[1 0 0 0 0 0 1 1 1]	[1 0 1 0 1 0 1 1 0]	[1 0 0 0 0 0]	[1 1 0 0 0 0]
9	-1.0	7.512636184692383	2.072091579437256	2.1186392307281494	1.5536184310913086	1.768286943435669	False	[1 0 0 0 0 1 1 1 1]	[0 0 1 0 1 0 1 1 0]	[0 0 0 0 0 0]	[1 1 0 1 0 0]
9	0.30011501908302307	8.043882369995117	2.1232235431671143	2.1785924434661865	1.893317699432373	1.848748803138733	False	[1 0 1 0 0 1 1 1 1]	[0 0 0 0 1 0 1 1 0]	[0 0 0 0 1 0]	[1 1 0 1 0 0]
9	-1.0	7.326582431793213	2.1075854301452637	2.0627448558807373	1.4582874774932861	1.6979650259017944	False	[1 0 1 0 0 1 1 1 0]	[0 0 0 0 1 0 0 1 0]	[1 0 0 0 1 0]	[1 1 1 1 0 0]
9	-1.0	8.052810668945312	2.1588146686553955	2.218200206756592	1.8729174137115479	1.8028780221939087	False	[1 0 0 0 0 1 1 1 0]	[0 0 0 0 1 1 0 1 0]	[1 0 1 0 1 0]	[1 1 0 1 0 0]
9	-0.5	7.8084716796875	2.2191998958587646	2.084501028060913	1.7839844226837158	1.7207859754562378	False	[1 0 0 0 0 1 1 1 1]	[0 0 0 0 0 1 0 1 0]	[0 0 1 0 1 0]	[1 1 0 1 1 0]
9	-0.5	7.212368011474609	2.064859628677368	2.0261940956115723	1.5580382347106934	1.5632758140563965	False	[1 0 0 0 0 1 1 1 0]	[0 0 0 0 0 1 0 0 0]	[1 0 1 0 1 0]	[0 1 0 1 1 0]
9	-0.5	7.291350364685059	2.045372724533081	2.095261335372925	1.6804779767990112	1.4702379703521729	False	[1 0 0 0 1 1 1 1 0]	[0 0 0 0 0 1 0 1 0]	[1 0 1 1 1 0]	[1 1 0 1 1 0]
9	-0.5	7.401433944702148	2.073107957839966	2.000816822052002	1.6703803539276123	1.6571285724639893	False	[1 0 0 0 1 1 0 1 0]	[0 0 0 0 0 1 0 0 0]	[1 0 1 0 1 0]	[0 1 0 1 1 0]
9	-0.5	7.360905647277832	2.0997025966644287	2.080327033996582	1.6412410736083984	1.5396348237991333	False	[1 0 0 0 0 1 0 1 0]	[0 0 0 0 0 1 0 1 0]	[1 0 1 1 1 0]	[1 1 0 1 1 0]
9	-0.5	7.327910423278809	2.059661865234375	1.9926329851150513	1.6573774814605713	1.6182384490966797	False	[1 0 0 0 0 1 1 1 0]	[0 0 0 0 0 1 0 0 0]	[0 0 1 1 1 0]	[0 1 0 1 1 0]
9	-0.5	7.344000816345215	2.0542781352996826	2.071519613265991	1.708322525024414	1.509880542755127	False	[1 0 0 0 0 1 0 1 0]	[0 0 0 0 0 1 0 1 0]	[0 0 1 0 1 0]	[1 1 0 1 1 0]
9	-0.5	7.268071174621582	2.0877671241760254	2.0375099182128906	1.5685503482818604	1.5742433071136475	False	[1 0 0 0 0 1 1 1 0]	[0 0 0 0 0 1 0 0 0]	[1 0 1 0 1 0]	[0 1 0 1 1 0]
9	-0.5	7.292879581451416	2.051196813583374	2.1030712127685547	1.669381856918335	1.4692292213439941	False	[1 0 0 0 1 1 1 1 0]	[0 0 0 0 0 1 0 1 0]	[1 0 1 1 1 0]	[0 1 0 0 1 0]
9	-0.5	7.417884826660156	2.055291175842285	1.9965234994888306	1.6563055515289307	1.7097647190093994	False	[1 0 0 0 1 1 0 1 0]	[0 0 0 0 0 1 0 0 0]	[1 0 1 0 1 0]	[1 1 0 0 1 0]
9	-0.5	6.909517765045166	1.9615777730941772	2.1076252460479736	1.5026696920394897	1.3376450538635254	False	[1 0 0 0 1 1 0 1 1]	[0 0 0 0 0 1 0 1 0]	[0 0 1 0 1 0]	[0 1 0 0 1 0]
9	-0.5	7.2699432373046875	2.063063383102417	2.0411903858184814	1.5571348667144775	1.6085549592971802	False	[1 0 0 0 1 1 1 1 1]	[0 0 0 0 0 1 0 0 0]	[1 0 1 0 1 0]	[1 1 0 0 1 0]
9	-0.5	6.977660655975342	1.9601434469223022	2.111243724822998	1.5299607515335083	1.3763127326965332	False	[1 0 0 0 1 1 1 1 0]	[0 0 0 0 0 1 0 1 0]	[1 0 1 1 1 0]	[0 1 0 0 1 0]
9	-0.5	7.418404579162598	2.0649642944335938	2.009355306625366	1.6456665992736816	1.6984180212020874	False	[1 0 0 0 1 1 0 1 0]	[0 0 0 0 0 1 0 0 0]	[0 0 1 1 1 0]	[1 1 0 0 1 0]
9	-0.5	7.179200649261475	1.9603639841079712	2.07463002204895	1.6259528398513794	1.5182536840438843	False	[1 0 0 0 1 1 0 1 1]	[0 0 0 0 0 1 0 1 0]	[0 0 1 0 1 0]	[0 1 0 0 1 0]
9	-0.5	7.282054901123047	2.0559096336364746	2.040785789489746	1.536365032196045	1.6489942073822021	False	[1 0 0 0 1 1 0 1 0]	[0 0 0 0 0 1 0 1 1]	[1 0 1 0 1 0]	[1 1 0 0 1 0]
9	-1.0	7.28836727142334	2.0772743225097656	2.028898000717163	1.5288742780685425	1.653320074081421	False	[1 0 0 0 1 1 1 1 0]	[0 0 0 0 0 1 0 1 0]	[0 0 1 0 1 0]	[1 1 0 0 0 0]
9	-1.0	7.842128753662109	2.2144525051116943	2.044306755065918	1.8680161237716675	1.7153531312942505	False	[1 0 0 0 1 1 1 1 1]	[0 0 0 0 1 1 0 1 0]	[0 0 1 0 0 0]	[1 1 0 0 1 0]
9	-1.0	7.922415733337402	2.2170321941375732	2.102393627166748	1.8276580572128296	1.7753318548202515	False	[1 0 0 0 1 1 1 1 0]	[0 0 0 0 1 1 0 0 0]	[0 0 1 0 1 0]	[1 1 0 0 0 0]
10	0.4728423058986664	7.486572265625	2.2419075965881348	2.0317914485931396	1.6067618131637573	1.6061112880706787	False	[0 0 1 0 0 0 0 0 0]	[0 0 0 0 0 1 0 1 1]	[0 0 0 0 1 0]	[0 1 0 0 1 1]
10	-0.75	7.182905197143555	1.924088716506958	1.97063148021698	1.6046781539916992	1.683506965637207	False	[0 0 1 0 0 0 1 0 0]	[1 0 0 0 0 1 0 1 1]	[0 0 0 1 1 0]	[0 1 0 0 0 1]
10	-0.5	7.053781986236572	2.007850170135498	1.775181531906128	1.7472522258758545	1.5234980583190918	False	[0 0 1 0 0 0 0 0 0]	[1 0 0 0 0 1 0 1 0]	[0 0 0 1 1 1]	[0 1 0 0 1 1]
10	-0.5	7.069556713104248	1.9406590461730957	1.8616106510162354	1.677651047706604	1.5896357297897339	False	[0 0 1 0 0 0 1 0 0]	[1 0 0 0 0 1 0 1 1]	[0 0 0 1 0 1]	[0 1 0 0 0 1]
10	-0.5	7.303676128387451	2.075226306915283	1.9171864986419678	1.660013198852539	1.6512502431869507	False	[0 0 1 0 0 0 1 1 0]	[1 0 0 0 0 1 0 1 0]	[0 0 0 1 1 1]	[0 1 1 0 0 1]
10	-0.5	7.466470241546631	2.1286520957946777	1.9333950281143188	1.7666854858398438	1.63773775100708	False	[0 0 1 0 0 0 1 0 0]	[1 0 0 0 0 1 0 1 1]	[1 0 0 1 1 1]	[0 1 0 0 0 1]
10	-0.75	7.47556209564209	2.0809457302093506	1.9884402751922607	1.7057271003723145	1.7004491090774536	False	[0 0 1 0 0 0 1 1 0]	[1 0 0 0 0 1 0 1 0]	[1 0 0 0 1 1]	[0 1 1 0 0 1]
10	-0.75	7.640588283538818	2.1375365257263184	1.9863371849060059	1.8805201053619385	1.6361947059631348	False	[0 0 1 0 0 0 1 0 0]	[1 0 0 0 0 1 0 1 1]	[1 0 0 1 1 1]	[0 1 1 0 0 0]
10	-0.75	7.543094635009766	2.053286075592041	2.049067974090576	1.762910008430481	1.677830696105957	False	[0 0 1 0 0 0 0 0 0]	[1 0 0 0 0 1 0 1 0]	[1 0 1 1 1 1]	[0 1 0 0 0 0]
10	-0.25	7.184392929077148	1.918572187423706	1.9256774187088013	1.7197043895721436	1.6204386949539185	False	[0 0 1 0 0 0 1 0 0]	[1 0 0 0 0 1 0 1 1]	[1 0 1 1 0 1]	[0 1 0 0 1 0]
10	-0.25	6.122036933898926	1.4894273281097412	2.0632479190826416	1.1850292682647705	1.3843328952789307	False	[0 0 1 0 0 0 0 0 0]	[1 0 0 0 0 1 0 0 1]	[0 0 1 1 0 1]	[1 1 0 0 1 0]
10	-0.25	6.2361321449279785	1.9115159511566162	2.104884624481201	1.2703837156295776	0.9493478536605835	False	[0 0 1 0 0 0 1 0 0]	[1 0 0 1 0 1 0 0 1]	[0 0 1 0 0 1]	[0 1 0 0 1 0]
10	0.38193321228027344	6.035592079162598	1.7718183994293213	2.1303353309631348	1.123500108718872	1.0099380016326904	False	[0 0 1 0 0 0 0 0 0]	[0 0 0 1 0 1 0 0 1]	[0 0 1 1 0 1]	[0 1 0 1 1 0]
10	0.2761836051940918	6.181942939758301	1.764123558998108	2.092850685119629	1.1852376461029053	1.1397316455841064	False	[0 0 1 0 0 0 1 0 0]	[0 0 0 0 0 1 0 0 1]	[1 0 1 1 0 1]	[1 1 0 1 1 0]
10	0.3336038589477539	5.8596601486206055	2.0166234970092773	2.040572166442871	1.1634273529052734	0.6390372514724731	False	[0 0 1 0 0 0 0 0 0]	[0 0 0 0 1 1 0 0 1]	[0 0 1 1 0 1]	[0 1 0 1 1 0]
10	0.2914906442165375	6.004730224609375	1.8563308715820312	2.0399441719055176	1.1629728078842163	0.9454822540283203	False	[0 0 1 0 0 0 1 0 0]	[0 0 0 0 1 1 0 1 1]	[1 0 1 1 0 1]	[1 1 0 1 1 0]
10	-0.25	6.137393474578857	2.0083346366882324	2.0397186279296875	1.112330675125122	0.9770092964172363	False	[0 0 1 0 0 0 0 0 0]	[0 0 0 0 1 1 0 0 1]	[1 0 1 0 0 1]	[0 1 0 1 1 0]
10	-0.25	6.536308765411377	2.0639753341674805	2.1296002864837646	1.2835090160369873	1.0592237710952759	False	[0 0 1 0 0 0 1 0 0]	[1 0 0 0 1 1 0 0 1]	[1 0 1 1 0 1]	[0 1 0 0 1 0]
10	-0.25	6.475170612335205	2.128110885620117	2.0880329608917236	1.2158304452896118	1.043196678161621	False	[0 0 1 0 0 0 0 0 0]	[0 0 0 0 1 1 0 0 1]	[1 0 1 0 0 1]	[0 1 0 1 1 0]
10	-0.25	6.673128604888916	2.0776140689849854	2.1253771781921387	1.3404815196990967	1.1296554803848267	False	[0 0 1 0 0 0 1 0 0]	[1 0 0 0 1 1 0 0 1]	[1 0 1 1 0 1]	[0 1 0 0 1 0]
10	-0.25	6.535547256469727	2.1245908737182617	2.0978689193725586	1.2322359085083008	1.080851674079895	False	[0 0 1 0 0 0 0 0 0]	[0 0 0 0 1 1 0 0 1]	[1 0 1 0 0 1]	[1 1 0 0 1 0]
10	0.3278542757034302	6.436007499694824	2.072110891342163	2.118504762649536	1.2553660869598389	0.9900254011154175	False	[0 0 1 0 0 0 1 0 0]	[1 0 0 0 1 1 0 0 1]	[1 0 1 1 0 1]	[1 1 0 1 1 0]
10	0.2819332182407379	6.002152919769287	1.7960096597671509	2.0794155597686768	1.0970511436462402	1.0296764373779297	False	[0 0 1 0 0 0 0 0 0]	[1 0 0 1 1 1 0 0 1]	[0 0 1 1 0 1]	[0 1 0 1 1 0]
10	-0.25	6.349881172180176	1.999617338180542	2.0776031017303467	1.1458247900009155	1.1268360614776611	False	[0 0 1 0 0 0 1 0 0]	[1 0 0 0 1 1 0 0 1]	[1 0 1 1 0 1]	[0 1 0 0 1 0]
10	-0.25	6.530475616455078	2.1215548515319824	2.092902421951294	1.2208589315414429	1.0951592922210693	False	[0 0 1 0 0 0 0 0 0]	[0 0 0 0 1 1 0 0 1]	[1 0 1 0 0 1]	[1 1 0 0 1 0]
10	0.30011501908302307	6.484457492828369	2.0734517574310303	2.1228506565093994	1.26188325881958	1.0262718200683594	False	[0 0 1 0 0 0 1 0 0]	[1 0 0 0 1 1 0 0 1]	[1 0 1 1 0 1]	[1 1 0 1 1 0]
10	0.39724022150039673	6.044754981994629	1.8750139474868774	2.041808843612671	1.1546611785888672	0.9732710123062134	False	[0 0 1 0 0 0 0 0 0]	[1 0 0 1 1 1 0 0 1]	[0 0 1 1 0 1]	[0 1 0 1 1 0]
10	0.30633115768432617	6.37542724609375	1.9993566274642944	2.0975661277770996	1.14259934425354	1.1359052658081055	False	[0 0 1 0 0 0 1 0 0]	[1 0 0 0 1 1 0 0 1]	[1 0 1 1 0 1]	[1 1 0 1 1 0]
10	0.39436542987823486	6.000228404998779	1.8313076496124268	2.0538041591644287	1.134546160697937	0.980570375919342	False	[0 0 1 0 0 0 0 0 0]	[1 0 0 1 1 1 0 0 1]	[0 0 1 1 0 1]	[0 1 0 1 1 0]
10	0.3187633752822876	6.301034450531006	1.9967538118362427	2.0854077339172363	1.1186158657073975	1.1002575159072876	False	[0 0 1 0 0 0 1 0 0]	[1 0 0 0 1 1 0 0 1]	[1 0 1 1 0 1]	[1 1 0 1 1 0]
11	-1.0	7.362744331359863	2.0923590660095215	2.1413590908050537	1.6137279272079468	1.5152984857559204	False	[0 0 0 0 0 0 0 0 0]	[1 0 1 0 0 0 0 0 1]	[0 1 0 0 0 0]	[0 1 0 0 1 0]
11	-1.0	7.6473212242126465	2.1269378662109375	2.1760058403015137	1.7315552234649658	1.6128219366073608	False	[0 0 1 0 0 0 0 0 0]	[1 0 0 0 0 0 0 0 1]	[0 0 0 0 0 0]	[0 1 0 0 1 0]
11	-0.25	7.499919414520264	2.097066640853882	2.030320644378662	1.7544128894805908	1.6181195974349976	False	[0 0 1 0 1 0 0 0 0]	[1 0 1 0 0 0 0 0 1]	[0 0 0 0 0 0]	[1 1 0 0 1 0]
11	-0.25	6.542697906494141	1.993748664855957	2.085909366607666	1.4117087125778198	1.0513310432434082	False	[0 0 1 0 0 0 0 0 0]	[1 0 1 1 0 0 0 0 1]	[1 0 0 0 0 0]	[0 1 0 0 1 0]
11	-0.25	6.297035217285156	1.8901453018188477	2.0861852169036865	1.342005729675293	0.9786988496780396	False	[0 0 1 0 1 0 0 0 0]	[1 0 1 1 0 0 1 0 1]	[0 0 0 0 0 0]	[1 1 0 0 1 0]
11	-0.25	6.49368143081665	1.9972505569458008	2.0778956413269043	1.419761061668396	0.9987739324569702	False	[0 0 1 0 0 0 0 0 0]	[1 0 1 0 0 0 1 0 1]	[1 0 0 0 0 0]	[0 1 0 0 1 0]
11	-0.25	6.5699028968811035	1.9906182289123535	2.0995538234710693	1.446297526359558	1.0334333181381226	False	[0 0 1 0 1 0 0 0 0]	[1 0 1 1 0 0 1 0 1]	[0 0 0 0 0 0]	[1 1 0 0 1 0]
11	-0.25	6.603457450866699	2.0245914459228516	2.1012535095214844	1.4156348705291748	1.0619772672653198	False	[0 0 1 0 0 0 0 0 0]	[1 0 1 0 0 0 1 0 1]	[1 0 0 0 0 0]	[0 1 0 0 1 0]
11	-0.25	6.551939010620117	2.002511978149414	2.0951404571533203	1.4184696674346924	1.035817265510559	False	[0 0 1 0 1 0 0 0 0]	[1 0 1 1 0 0 1 0 1]	[0 0 0 0 0 0]	[1 1 0 0 1 0]
11	-0.25	6.467257976531982	1.995380163192749	2.0817067623138428	1.3982521295547485	0.9919191598892212	False	[0 0 1 0 0 0 0 0 0]	[1 0 1 0 0 0 1 0 1]	[1 0 0 0 0 0]	[0 1 0 0 1 0]
11	-0.25	6.515226364135742	1.978907585144043	2.107248067855835	1.4105339050292969	1.0185363292694092	False	[0 0 1 0 1 0 0 0 0]	[1 0 1 1 0 0 1 0 1]	[0 0 0 0 0 0]	[1 1 0 0 1 0]
11	-0.25	6.503384590148926	2.005983591079712	2.110968589782715	1.3778587579727173	1.0085737705230713	False	[0 0 1 0 1 0 1 0 0]	[1 0 1 0 0 0 1 0 1]	[1 0 0 0 0 0]	[0 1 0 0 1 0]
11	-0.25	6.605352401733398	2.0146946907043457	2.1048953533172607	1.4454309940338135	1.0403318405151367	False	[0 0 1 0 0 0 1 0 0]	[1 0 1 1 0 0 1 0 1]	[0 0 0 0 0 0]	[1 1 0 0 1 0]
11	-0.25	6.212627410888672	1.8660099506378174	2.0843310356140137	1.2762824296951294	0.9860038161277771	False	[0 0 1 0 1 0 1 0 0]	[1 0 1 1 0 0 0 0 1]	[1 0 0 0 0 0]	[0 1 0 0 1 0]
11	-0.25	6.479897975921631	1.982601523399353	2.1001601219177246	1.4177666902542114	0.9793698191642761	False	[0 0 1 0 0 0 1 0 0]	[1 0 1 0 0 0 0 0 1]	[0 0 0 0 0 0]	[1 1 0 0 1 0]
11	-0.25	6.012107849121094	1.7466490268707275	2.099515438079834	1.2882825136184692	0.8776606321334839	False	[0 0 1 0 1 0 1 0 0]	[1 0 1 0 0 0 1 0 1]	[1 0 0 0 0 0]	[0 1 0 0 1 0]
11	-0.25	6.451356887817383	2.0127975940704346	2.0957956314086914	1.374053716659546	0.9687100648880005	False	[0 0 1 0 0 0 1 0 0]	[1 0 1 1 0 0 1 0 1]	[0 0 0 0 0 0]	[1 1 0 0 1 0]
11	-0.25	6.198845386505127	1.8375375270843506	2.0964677333831787	1.2978070974349976	0.9670330286026001	False	[0 0 1 0 1 0 1 0 0]	[1 0 1 1 0 0 0 0 1]	[1 0 0 0 0 0]	[0 1 0 0 1 0]
11	-0.25	6.503739833831787	2.0080957412719727	2.1201164722442627	1.3854751586914062	0.9900527000427246	False	[0 0 1 0 0 0 1 0 0]	[1 0 1 0 0 0 0 0 1]	[0 0 0 0 0 0]	[1 1 0 0 1 0]
11	-0.25	6.219706058502197	1.7764407396316528	2.097855567932129	1.373339295387268	0.9720708131790161	False	[0 0 1 0 1 0 1 0 0]	[1 0 1 0 0 0 1 0 1]	[1 0 0 0 0 0]	[0 1 0 0 1 0]
11	-0.25	6.422475814819336	1.9658045768737793	2.1057276725769043	1.4095641374588013	0.9413796663284302	False	[0 0 1 0 0 0 1 0 0]	[1 0 1 1 0 0 1 0 1]	[0 0 0 0 0 0]	[1 1 0 0 1 0]
11	-0.25	6.123300075531006	1.8242381811141968	2.079547166824341	1.2836312055587769	0.9358834028244019	False	[0 0 1 0 1 0 1 0 0]	[1 0 1 1 0 0 0 0 1]	[1 0 0 0 0 0]	[0 1 0 0 1 0]
11	-0.25	6.340068340301514	1.9432395696640015	2.0921685695648193	1.40388023853302	0.9007800221443176	False	[0 0 1 0 0 0 1 0 0]	[1 0 1 0 0 0 0 0 1]	[0 0 0 0 0 0]	[1 1 0 0 1 0]
11	-0.25	6.287424564361572	1.8301825523376465	2.1094255447387695	1.3497244119644165	0.9980922937393188	False	[0 0 1 0 1 0 1 0 0]	[1 0 1 0 0 0 1 0 1]	[1 0 0 0 0 0]	[0 1 0 0 1 0]
11	-0.25	6.460292339324951	1.974445104598999	2.083737373352051	1.4429751634597778	0.9591346979141235	False	[0 0 1 0 0 0 1 0 0]	[1 0 1 1 0 0 1 0 1]	[0 0 0 0 0 0]	[1 1 0 0 1 0]
11	-0.25	6.185415267944336	1.814150333404541	2.102724075317383	1.3180122375488281	0.9505288600921631	False	[0 0 1 0 1 0 1 0 0]	[1 0 1 1 0 0 0 0 1]	[1 0 0 0 0 0]	[0 1 0 0 1 0]
11	-0.25	6.415145397186279	1.9681122303009033	2.0948903560638428	1.4082200527191162	0.9439224004745483	False	[0 0 1 0 0 0 1 0 0]	[1 0 1 0 0 0 0 0 1]	[0 0 0 0 0 0]	[1 1 0 0 1 0]
11	-0.25	6.115231513977051	1.763099193572998	2.093348264694214	1.3227787017822266	0.936005711555481	False	[0 0 1 0 1 0 1 0 0]	[1 0 1 0 0 0 1 0 1]	[1 0 0 0 0 0]	[0 1 0 0 1 0]
11	-0.25	6.3737030029296875	1.9631452560424805	2.0874059200286865	1.397446870803833	0.9257049560546875	False	[0 0 1 0 0 0 1 0 0]	[1 0 1 1 0 0 1 0 1]	[0 0 0 0 0 0]	[1 1 0 0 1 0]
11	-0.25	6.2069292068481445	1.8186612129211426	2.1104185581207275	1.3188419342041016	0.9590075016021729	False	[0 0 1 0 1 0 1 0 0]	[1 0 1 1 0 0 0 0 1]	[1 0 0 0 0 0]	[0 1 0 0 1 0]
12	-0.75	6.96307373046875	2.0888309478759766	2.1255643367767334	1.3557223081588745	1.3929557800292969	False	[0 1 0 0 0 0 0 0 0]	[0 1 0 0 1 0 0 0 1]	[1 0 0 0 0 0]	[0 0 0 0 0 1]
12	-0.25	6.680777072906494	2.003488779067993	1.9780757427215576	1.5381768941879272	1.161035418510437	False	[0 1 0 0 1 0 0 0 0]	[0 1 1 0 1 0 0 0 1]	[1 0 0 1 0 0]	[1 0 0 0 0 1]
12	0.3034563362598419	6.747443675994873	1.9048441648483276	1.8781018257141113	1.6046204566955566	1.3598769903182983	False	[0 1 0 0 1 0 1 0 0]	[0 1 1 0 1 0 0 0 0]	[1 0 0 0 0 0]	[1 0 0 1 0 1]
12	-0.5	5.990777492523193	2.076061725616455	1.8696273565292358	1.1140189170837402	0.9310693740844727	False	[0 1 0 0 0 0 1 0 0]	[0 1 1 1 1 0 0 0 0]	[0 0 0 0 0 0]	[0 0 0 1 0 1]
12	-0.25	7.247552871704102	2.1186344623565674	1.9769991636276245	1.5620884895324707	1.5898311138153076	False	[0 1 0 0 1 0 1 0 0]	[0 1 1 0 1 0 0 0 0]	[0 0 0 1 0 0]	[1 0 0 1 0 1]
12	-0.75	7.106626987457275	2.0890984535217285	2.04394268989563	1.3418277502059937	1.6317577362060547	False	[0 1 0 0 1 0 0 0 0]	[0 1 1 0 1 0 0 1 0]	[0 0 0 0 0 0]	[1 0 0 0 0 1]
12	-0.75	7.1612548828125	2.0696229934692383	2.1306955814361572	1.5715444087982178	1.3893920183181763	False	[0 1 0 0 0 0 0 0 0]	[0 1 1 0 0 0 0 1 0]	[0 0 0 1 0 0]	[0 0 0 0 0 1]
12	-0.75	7.058210372924805	1.9196072816848755	2.096034288406372	1.4736998081207275	1.568868637084961	False	[0 1 0 0 0 0 0 0 1]	[0 1 1 0 0 0 1 1 0]	[0 0 0 0 0 0]	[1 0 0 0 0 1]
12	-0.75	6.369208335876465	1.829730749130249	2.0916225910186768	1.482979416847229	0.9648755192756653	False	[0 1 0 0 0 0 0 0 0]	[0 1 1 0 0 0 0 1 0]	[1 0 0 0 0 0]	[0 0 0 0 0 1]
12	-0.75	6.939985752105713	2.0326409339904785	2.1184186935424805	1.6284053325653076	1.1605210304260254	False	[0 1 0 0 1 0 0 0 0]	[0 1 1 0 1 0 0 1 0]	[1 0 0 1 0 0]	[1 0 0 0 0 1]
12	-0.5	7.146329879760742	2.080881357192993	2.011282205581665	1.6115901470184326	1.4425766468048096	False	[0 1 0 0 1 0 1 0 0]	[0 1 1 0 0 0 0 1 0]	[1 0 0 1 0 1]	[1 0 0 1 0 1]
12	-0.75	7.530788898468018	2.151963710784912	2.030975341796875	1.6604599952697754	1.6873899698257446	False	[0 1 1 0 1 0 1 0 0]	[1 1 1 0 0 0 0 1 0]	[1 0 0 0 0 1]	[1 0 0 1 0 0]
12	-0.5	6.825094699859619	2.080683946609497	2.01804780960083	1.6497646570205688	1.0765981674194336	False	[0 0 1 0 1 0 1 0 0]	[1 1 1 0 0 0 0 0 0]	[1 0 0 1 0 1]	[1 0 0 0 0 0]
12	-0.5	6.088568687438965	1.8429895639419556	2.077813148498535	1.6044431924819946	0.563322901725769	False	[0 0 1 0 1 0 1 0 1]	[1 1 1 0 0 0 1 0 0]	[0 0 0 1 0 1]	[0 0 0 0 0 0]
12	-0.5	6.020587921142578	1.8300119638442993	2.074176549911499	1.5810705423355103	0.5353290438652039	False	[0 0 1 0 1 0 1 0 0]	[1 1 1 0 0 0 0 0 0]	[1 0 0 1 0 1]	[1 0 0 0 0 0]
12	-0.5	6.020669937133789	1.839953899383545	2.078026294708252	1.5425819158554077	0.5601078271865845	False	[0 0 1 0 1 0 1 0 1]	[1 1 1 0 0 0 1 0 0]	[0 0 0 1 0 1]	[0 0 0 0 0 0]
12	-0.5	6.149389266967773	1.8520537614822388	2.0934929847717285	1.6041433811187744	0.5996991395950317	False	[0 0 1 0 1 0 1 0 0]	[1 1 1 0 0 0 0 0 0]	[1 0 0 1 0 1]	[1 0 0 0 0 0]
12	-0.5	5.994902610778809	1.8326784372329712	2.070467948913574	1.5234668254852295	0.5682899355888367	False	[0 0 1 0 1 0 1 0 1]	[1 1 1 0 0 0 1 0 0]	[0 0 0 1 0 1]	[0 0 0 0 0 0]
12	-0.5	6.101100921630859	1.837977647781372	2.0935277938842773	1.6061065196990967	0.5634889602661133	False	[0 0 1 0 1 0 1 0 0]	[1 1 1 0 0 0 0 0 0]	[1 0 0 1 0 1]	[1 0 0 0 0 0]
12	-0.5	6.159283638000488	1.847564935684204	2.082453966140747	1.5936777591705322	0.6355865001678467	False	[0 0 1 0 1 0 1 0 1]	[1 1 1 0 0 0 1 0 0]	[0 0 0 1 0 1]	[0 0 0 0 0 0]
12	-0.5	6.105809211730957	1.840573787689209	2.088736057281494	1.5887959003448486	0.5877037048339844	False	[0 0 1 0 1 0 1 0 0]	[1 1 1 0 0 0 0 0 0]	[1 0 0 1 0 1]	[1 0 0 0 0 0]
12	-0.5	6.0449957847595215	1.8392612934112549	2.075908899307251	1.5487385988235474	0.581087052822113	False	[0 0 1 0 1 0 1 0 1]	[1 1 1 0 0 0 1 0 0]	[0 0 0 1 0 1]	[0 0 0 0 0 0]
12	-0.5	6.089533805847168	1.846580982208252	2.0620956420898438	1.6159764528274536	0.5648807287216187	False	[0 0 1 0 1 0 1 0 0]	[1 1 1 0 0 0 0 0 0]	[1 0 0 1 0 1]	[1 0 0 0 0 0]
12	-0.5	6.27126932144165	1.8636679649353027	2.083317518234253	1.6707608699798584	0.6535230875015259	False	[0 0 1 0 1 0 1 0 1]	[1 1 1 0 0 0 1 0 0]	[0 0 0 1 0 1]	[0 0 0 0 0 0]
12	-0.5	6.31770658493042	1.8638155460357666	2.093144655227661	1.667800784111023	0.6929453611373901	False	[0 0 1 0 1 0 1 0 0]	[1 1 1 0 0 0 0 0 0]	[1 0 0 1 0 1]	[1 0 0 0 0 0]
12	-0.5	6.208144187927246	1.8652211427688599	2.0791144371032715	1.6416287422180176	0.6221799254417419	False	[0 0 1 0 1 0 1 0 1]	[1 1 1 0 0 0 1 0 0]	[0 0 0 1 0 1]	[0 0 0 0 0 0]
12	-0.5	6.038974285125732	1.8424816131591797	2.0802900791168213	1.5916815996170044	0.5245208740234375	False	[0 0 1 0 1 0 1 0 0]	[1 1 1 0 0 0 0 0 0]	[1 0 0 1 0 1]	[1 0 0 0 0 0]
12	-0.5	6.0845489501953125	1.8359485864639282	2.081885814666748	1.588379144668579	0.5783357620239258	False	[0 0 1 0 1 0 1 0 1]	[1 1 1 0 0 0 1 0 0]	[0 0 0 1 0 1]	[0 0 0 0 0 0]
12	-0.5	6.155564308166504	1.8498953580856323	2.0766055583953857	1.6372623443603516	0.5918012857437134	False	[0 0 1 0 1 0 1 0 0]	[1 1 1 0 0 0 0 0 0]	[1 0 0 1 0 1]	[1 0 0 0 0 0]
12	-0.5	6.220917701721191	1.8499548435211182	2.08264422416687	1.6295998096466064	0.6587188839912415	False	[0 0 1 0 1 0 1 0 1]	[1 1 1 0 0 0 1 0 0]	[0 0 0 1 0 1]	[0 0 0 0 0 0]
13	-0.75	6.138774871826172	1.9827109575271606	1.9947054386138916	1.73722505569458	0.42413315176963806	False	[0 1 0 0 1 0 0 0 0]	[0 0 0 1 0 0 1 1 0]	[1 0 0 0 0 1]	[1 0 0 0 0 0]
13	-0.5	6.1892852783203125	1.9888933897018433	1.9774534702301025	1.683570384979248	0.5393679738044739	False	[0 1 0 0 1 0 0 0 1]	[0 0 0 1 0 0 0 1 0]	[1 1 0 0 0 1]	[0 0 0 0 0 0]
13	-0.75	5.695599555969238	1.826392650604248	1.9008350372314453	1.4131958484649658	0.5551756620407104	False	[0 1 0 0 1 0 0 0 0]	[0 0 1 1 0 0 0 1 0]	[1 1 0 1 0 1]	[1 0 0 0 0 0]
13	-0.5	6.016968250274658	1.9632542133331299	1.9781148433685303	1.7062382698059082	0.36936113238334656	False	[0 1 0 0 1 0 0 0 1]	[0 0 0 1 0 0 0 1 0]	[1 1 0 0 0 1]	[0 0 0 0 0 0]
13	-0.75	6.038705348968506	1.822572946548462	1.9377108812332153	1.5466762781143188	0.7317453026771545	False	[0 1 0 0 1 0 0 0 0]	[0 0 1 1 0 0 0 1 0]	[1 1 0 1 0 1]	[1 0 0 0 0 0]
13	-0.5	5.951108455657959	1.9492675065994263	1.979436993598938	1.654201626777649	0.3682020306587219	False	[0 1 0 0 1 0 0 0 1]	[0 0 0 1 0 0 0 1 0]	[1 1 0 0 0 1]	[0 0 0 0 0 0]
13	-0.75	5.791292667388916	1.8296414613723755	1.90127432346344	1.4921379089355469	0.5682386755943298	False	[0 1 0 0 1 0 0 0 0]	[0 0 1 1 0 0 0 1 0]	[1 1 0 1 0 1]	[1 0 0 0 0 0]
13	-0.5	5.909994602203369	1.9543440341949463	1.96925687789917	1.6435481309890747	0.34284529089927673	False	[0 1 0 0 1 0 0 0 1]	[0 0 0 1 0 0 0 1 0]	[1 1 0 0 0 1]	[0 0 0 0 0 0]
13	-0.75	5.704319477081299	1.809638261795044	1.9126204252243042	1.4155234098434448	0.5665374994277954	False	[0 1 0 0 1 0 0 0 0]	[0 0 1 1 0 0 0 1 0]	[1 1 0 1 0 1]	[1 0 0 0 0 0]
13	-0.5	6.062009811401367	1.9667319059371948	1.9798991680145264	1.7251551151275635	0.39022359251976013	False	[0 1 0 0 1 0 0 0 1]	[0 0 0 1 0 0 0 1 0]	[1 1 0 0 0 1]	[0 0 0 0 0 0]
13	-0.75	5.574286937713623	1.826368808746338	1.898234486579895	1.3461228609085083	0.5035610198974609	False	[0 1 0 0 1 0 0 0 0]	[0 0 1 1 0 0 0 1 0]	[1 1 0 1 0 1]	[1 0 0 0 0 0]
13	-0.5	6.074028015136719	1.9634536504745483	1.9809467792510986	1.6947964429855347	0.43483129143714905	False	[0 1 0 0 1 0 0 0 1]	[0 0 0 1 0 0 0 1 0]	[1 1 0 0 0 1]	[0 0 0 0 0 0]
13	-0.75	5.748605251312256	1.8169869184494019	1.9010263681411743	1.4865959882736206	0.5439959764480591	False	[0 1 0 0 1 0 0 0 0]	[0 0 1 1 0 0 0 1 0]	[1 1 0 1 0 1]	[1 0 0 0 0 0]
13	-0.5	6.007936477661133	1.9573776721954346	1.9877091646194458	1.6665064096450806	0.396343469619751	False	[0 1 0 0 1 0 0 0 1]	[0 0 0 1 0 0 0 1 0]	[1 1 0 0 0 1]	[0 0 0 0 0 0]
13	-0.75	5.689426898956299	1.8185023069381714	1.9039055109024048	1.4118335247039795	0.5551859736442566	False	[0 1 0 0 1 0 0 0 0]	[0 0 1 1 0 0 0 1 0]	[1 1 0 1 0 1]	[1 0 0 0 0 0]
13	-0.5	5.896642208099365	1.9460986852645874	1.9758150577545166	1.6405720710754395	0.33415645360946655	False	[0 1 0 0 1 0 0 0 1]	[0 0 0 1 0 0 0 1 0]	[1 1 0 0 0 1]	[0 0 0 0 0 0]
13	-0.75	5.725228786468506	1.8216630220413208	1.9029589891433716	1.4644055366516113	0.5362008810043335	False	[0 1 0 0 1 0 0 0 0]	[0 0 1 1 0 0 0 1 0]	[1 1 0 1 0 1]	[1 0 0 0 0 0]
13	-0.5	5.905630588531494	1.9506748914718628	1.9631927013397217	1.677696704864502	0.3140665292739868	False	[0 1 0 0 1 0 0 0 1]	[0 0 0 1 0 0 0 1 0]	[1 1 0 0 0 1]	[0 0 0 0 0 0]
13	-0.75	5.875176429748535	1.8367071151733398	1.9082778692245483	1.4919281005859375	0.6382632255554199	False	[0 1 0 0 1 0 0 0 0]	[0 0 1 1 0 0 0 1 0]	[1 1 0 1 0 1]	[1 0 0 0 0 0]
13	-0.5	5.996764659881592	1.9525184631347656	1.9854776859283447	1.665673851966858	0.39309436082839966	False	[0 1 0 0 1 0 0 0 1]	[0 0 0 1 0 0 0 1 0]	[1 1 0 0 0 1]	[0 0 0 0 0 0]
13	-0.75	5.754165172576904	1.8344831466674805	1.900617241859436	1.4517396688461304	0.5673250555992126	False	[0 1 0 0 1 0 0 0 0]	[0 0 1 1 0 0 0 1 0]	[1 1 0 1 0 1]	[1 0 0 0 0 0]
13	-0.5	5.884514331817627	1.9406533241271973	1.9779019355773926	1.6215382814407349	0.34442076086997986	False	[0 1 0 0 1 0 0 0 1]	[0 0 0 1 0 0 0 1 0]	[1 1 0 0 0 1]	[0 0 0 0 0 0]
13	-0.75	5.69262170791626	1.8125964403152466	1.9079561233520508	1.4041085243225098	0.5679608583450317	False	[0 1 0 0 1 0 0 0 0]	[0 0 1 1 0 0 0 1 0]	[1 1 0 1 0 1]	[1 0 0 0 0 0]
13	-0.5	5.932258605957031	1.9418827295303345	1.9774599075317383	1.6655395030975342	0.34737658500671387	False	[0 1 0 0 1 0 0 0 1]	[0 0 0 1 0 0 0 1 0]	[1 1 0 0 0 1]	[0 0 0 0 0 0]
13	-0.75	5.566169261932373	1.8091107606887817	1.9069371223449707	1.3321187496185303	0.5180031657218933	False	[0 1 0 0 1 0 0 0 0]	[0 0 1 1 0 0 0 1 0]	[1 1 0 1 0 1]	[1 0 0 0 0 0]
13	-0.5	5.8818464279174805	1.9353207349777222	1.9779722690582275	1.6471009254455566	0.32145243883132935	False	[0 1 0 0 1 0 0 0 1]	[0 0 0 1 0 0 0 1 0]	[1 1 0 0 0 1]	[0 0 0 0 0 0]
13	-0.75	5.732553482055664	1.8106372356414795	1.9114617109298706	1.4168920516967773	0.5935627222061157	False	[0 1 0 0 1 0 0 0 0]	[0 0 1 1 0 0 0 1 0]	[1 1 0 1 0 1]	[1 0 0 0 0 0]
13	-0.5	5.963229656219482	1.9454505443572998	1.9824843406677246	1.6705620288848877	0.3647327125072479	False	[0 1 0 0 1 0 0 0 1]	[0 0 0 1 0 0 0 1 0]	[1 1 0 0 0 1]	[0 0 0 0 0 0]
13	-0.75	5.650566577911377	1.814704418182373	1.8964773416519165	1.428244948387146	0.511139988899231	False	[0 1 0 0 1 0 0 0 0]	[0 0 1 1 0 0 0 1 0]	[1 1 0 1 0 1]	[1 0 0 0 0 0]
13	-0.5	5.952688694000244	1.939886212348938	1.993170142173767	1.71123468875885	0.3083977997303009	False	[0 1 0 0 1 0 0 0 1]	[0 0 0 1 0 0 0 1 0]	[1 1 0 0 0 1]	[0 0 0 0 0 0]
14	-1.0	6.68033504486084	1.592883825302124	1.9100379943847656	1.4084333181381226	1.7689801454544067	False	[0 0 0 0 0 0 0 0 0]	[0 0 0 0 0 1 0 0 0]	[1 0 1 0 0 1]	[0 0 1 1 0 1]
14	-1.0	6.0576934814453125	1.7600029706954956	2.0870609283447266	1.2325878143310547	0.9780415296554565	False	[0 0 0 0 0 0 0 0 0]	[0 0 0 0 0 0 0 0 0]	[1 0 1 0 0 1]	[0 0 1 0 0 1]
14	-1.0	6.066092014312744	1.6896822452545166	2.053205966949463	0.9813094735145569	1.3418940305709839	False	[0 0 0 0 0 0 0 0 0]	[0 0 0 0 0 1 0 0 0]	[1 0 1 0 0 1]	[1 0 1 0 0 1]
14	-0.25	6.479541778564453	2.0515477657318115	2.084329843521118	1.2447810173034668	1.0988833904266357	False	[0 0 0 0 0 0 0 0 1]	[0 0 0 0 1 1 0 0 0]	[1 0 1 0 0 1]	[0 0 1 0 0 1]
14	0.35800179839134216	5.288937568664551	1.9531170129776	1.8101146221160889	0.813929557800293	0.7117763161659241	False	[0 0 0 0 0 0 1 0 1]	[0 0 0 0 1 0 0 0 0]	[1 0 1 1 0 1]	[0 0 1 1 0 1]
14	0.4063311517238617	5.395544052124023	1.9755475521087646	1.8989331722259521	0.6797438859939575	0.8413195610046387	False	[0 0 0 0 0 0 1 0 0]	[0 0 0 0 1 1 0 0 0]	[0 0 1 1 0 1]	[1 0 1 1 0 1]
14	-0.25	5.496599197387695	1.9089679718017578	1.8181246519088745	0.7085177898406982	1.0609886646270752	False	[0 0 0 0 0 0 0 0 0]	[0 0 0 0 1 0 0 0 0]	[1 0 1 1 0 1]	[1 0 1 0 0 1]
14	-0.25	5.409747123718262	1.978554129600525	1.8923436403274536	0.7891227006912231	0.7497267723083496	False	[0 0 0 0 0 0 0 0 1]	[0 0 0 0 1 1 0 0 0]	[1 0 1 0 0 1]	[0 0 1 0 0 1]
14	0.3551270067691803	5.39076566696167	1.9656566381454468	1.8334622383117676	0.8358650207519531	0.7557815313339233	False	[0 0 0 0 0 0 1 0 1]	[0 0 0 0 1 0 0 0 0]	[1 0 1 1 0 1]	[0 0 1 1 0 1]
14	0.3249794840812683	5.457038402557373	1.9622877836227417	1.8801487684249878	0.7221812009811401	0.8924208283424377	False	[0 0 0 0 0 0 0 0 1]	[0 0 0 0 1 1 0 0 0]	[0 0 1 1 0 1]	[1 0 1 1 0 1]
14	-0.25	5.615900039672852	1.8895878791809082	1.8216705322265625	0.7458948493003845	1.1587469577789307	False	[0 0 0 0 0 0 1 0 1]	[0 0 0 0 1 0 0 0 0]	[1 0 1 1 0 1]	[1 0 1 0 0 1]
14	-0.25	5.544448375701904	2.0085718631744385	1.8818440437316895	0.825114369392395	0.8289178609848022	False	[0 0 0 0 0 0 0 0 1]	[0 0 0 0 1 1 0 0 0]	[1 0 1 0 0 1]	[1 0 1 1 0 1]
14	-0.25	5.216411113739014	1.6000118255615234	1.953134298324585	0.8843969106674194	0.7788683176040649	False	[0 0 0 0 0 0 1 0 1]	[0 0 0 0 1 0 0 0 0]	[1 0 1 1 0 1]	[1 0 1 0 0 1]
14	-0.25	5.500542640686035	1.957648515701294	1.8551818132400513	0.8446791172027588	0.8430326581001282	False	[0 0 0 0 0 0 0 0 1]	[0 0 0 0 1 1 0 0 0]	[1 0 1 0 0 1]	[1 0 1 1 0 1]
14	-0.25	5.372938632965088	1.6075685024261475	1.9592647552490234	0.89478600025177	0.9113192558288574	False	[0 0 0 0 0 0 1 0 1]	[0 0 0 0 1 0 0 0 0]	[1 0 1 1 0 1]	[1 0 1 0 0 1]
14	-0.25	5.390981197357178	1.9983242750167847	1.854986548423767	0.7873873710632324	0.750282883644104	False	[0 0 0 0 0 0 0 0 1]	[0 0 0 0 1 1 0 0 0]	[1 0 1 0 0 1]	[1 0 1 1 0 1]
14	-0.25	5.259670257568359	1.5783727169036865	1.9734712839126587	0.874805748462677	0.8330203294754028	False	[0 0 0 0 0 0 1 0 1]	[0 0 0 0 1 0 0 0 0]	[0 0 1 0 0 1]	[1 0 1 0 0 1]
14	0.4426947832107544	5.540280342102051	1.9784259796142578	1.846280574798584	0.8357095718383789	0.8798643946647644	False	[0 0 0 0 0 0 1 0 0]	[0 0 0 0 1 1 0 0 0]	[0 0 1 1 0 1]	[1 0 1 1 0 1]
14	-0.25	5.793174743652344	1.8473008871078491	1.7750766277313232	0.8070179224014282	1.3637795448303223	False	[0 0 0 0 0 0 0 0 0]	[0 0 0 0 1 0 0 0 0]	[1 0 1 1 0 1]	[1 0 1 0 0 1]
14	-0.25	5.336723804473877	1.9586275815963745	1.8978360891342163	0.7845214605331421	0.695738673210144	False	[0 0 0 0 0 0 0 0 1]	[0 0 0 0 1 1 0 0 0]	[1 0 1 0 0 1]	[0 0 1 0 0 1]
14	0.31542205810546875	5.542036056518555	1.9278841018676758	1.7967474460601807	0.861689567565918	0.9557151794433594	False	[0 0 0 0 0 0 1 0 1]	[0 0 0 0 1 0 0 0 0]	[1 0 1 1 0 1]	[0 0 1 1 0 1]
14	0.4154220521450043	5.365882873535156	1.9747573137283325	1.9117599725723267	0.654672384262085	0.824692964553833	False	[0 0 0 0 0 0 1 0 0]	[0 0 0 0 1 1 0 0 0]	[0 0 1 1 0 1]	[1 0 1 1 0 1]
14	0.04958043247461319	5.498928070068359	1.8947397470474243	1.8126895427703857	0.7248736619949341	1.0666248798370361	False	[0 0 0 0 0 0 0 0 0]	[0 0 0 0 1 0 0 0 0]	[1 0 1 1 0 1]	[0 0 1 1 0 1]
14	0.2762075662612915	5.014832496643066	1.9168217182159424	1.9465622901916504	0.644228994846344	0.5072195529937744	False	[0 0 0 0 0 0 0 0 1]	[0 0 0 0 1 1 0 0 0]	[0 0 1 1 0 1]	[1 0 1 1 0 1]
14	0.3336038589477539	5.405329704284668	1.9304990768432617	1.897621989250183	0.6746525764465332	0.9025560617446899	False	[0 0 0 0 0 0 1 0 1]	[0 0 0 0 1 0 0 0 0]	[1 0 1 1 0 1]	[0 0 1 1 0 1]
14	0.40345636010169983	5.405235767364502	1.9563370943069458	1.8855822086334229	0.6682384014129639	0.8950780034065247	False	[0 0 0 0 0 0 1 0 0]	[0 0 0 0 1 1 0 0 0]	[0 0 1 1 0 1]	[1 0 1 1 0 1]
14	-0.25	5.660418510437012	1.863852858543396	1.7967050075531006	0.7395474314689636	1.260313630104065	False	[0 0 0 0 0 0 0 0 0]	[0 0 0 0 1 0 0 0 0]	[1 0 1 1 0 1]	[1 0 1 0 0 1]
14	-0.25	5.290547847747803	1.9547282457351685	1.9054222106933594	0.79677414894104	0.6336234211921692	False	[0 0 0 0 0 0 0 0 1]	[0 0 0 0 1 1 0 0 0]	[0 0 1 1 0 1]	[0 0 1 0 0 1]
14	-0.25	5.468232154846191	1.9482297897338867	1.8123701810836792	0.8513714075088501	0.8562605381011963	False	[0 0 0 0 0 0 1 0 1]	[0 0 0 0 1 0 0 0 0]	[0 0 1 0 0 1]	[0 0 1 1 0 1]
14	-0.25	5.611861705780029	1.9923838376998901	1.8157597780227661	0.836225152015686	0.967492938041687	False	[0 0 0 0 0 0 1 0 0]	[0 0 0 0 1 1 0 0 0]	[0 0 1 1 0 1]	[0 0 1 0 0 1]
15	-0.5	6.571978569030762	2.0196361541748047	2.0753543376922607	1.3273024559020996	1.149685263633728	False	[1 1 0 0 1 1 0 0 0]	[1 1 1 1 0 0 0 0 0]	[1 0 0 0 0 1]	[1 0 0 0 0 0]
15	-1.0	5.83054780960083	2.006737232208252	2.048394203186035	1.5243184566497803	0.2510983645915985	False	[1 0 0 0 1 1 0 0 0]	[1 1 1 1 1 0 0 0 0]	[1 0 1 0 0 1]	[0 0 0 0 0 0]
15	-0.25	5.114874362945557	1.8331005573272705	2.1349587440490723	0.6190098524093628	0.527805507183075	False	[1 0 0 0 1 1 0 0 0]	[1 1 1 1 1 0 1 0 0]	[1 0 1 0 0 1]	[0 0 0 0 0 0]
15	0.3336038589477539	5.078455448150635	1.934566617012024	1.8857786655426025	0.8175786733627319	0.4405313730239868	False	[1 0 0 0 1 1 0 0 1]	[1 1 1 1 1 0 0 0 0]	[1 0 1 1 0 1]	[1 0 0 0 0 0]
15	0.3249794840812683	4.773134231567383	1.9373127222061157	1.8195933103561401	0.8132129907608032	0.20301556587219238	False	[1 0 0 0 1 1 0 0 0]	[1 1 1 1 1 0 1 0 0]	[0 0 1 1 0 1]	[0 0 0 0 0 0]
15	0.37284231185913086	4.851268291473389	1.9507440328598022	1.840916395187378	0.8283593058586121	0.2312486469745636	False	[1 0 0 0 1 1 0 0 1]	[1 1 1 1 1 0 0 0 0]	[1 0 1 1 0 1]	[1 0 0 0 0 0]
15	0.3125472664833069	4.83374547958374	1.9582661390304565	1.841029167175293	0.8223532438278198	0.21209681034088135	False	[1 0 0 0 1 1 0 0 0]	[1 1 1 1 1 0 1 0 0]	[0 0 1 1 0 1]	[0 0 0 0 0 0]
15	0.41829684376716614	4.85332727432251	1.9422729015350342	1.8489303588867188	0.8436532020568848	0.21847109496593475	False	[1 0 0 0 1 1 0 0 1]	[1 1 1 1 1 0 0 0 0]	[1 0 1 1 0 1]	[1 0 0 0 0 0]
15	0.3402864933013916	4.792348861694336	1.9402875900268555	1.8406219482421875	0.8133416771888733	0.19809767603874207	False	[1 0 0 0 1 1 0 0 0]	[1 1 1 1 1 0 1 0 0]	[0 0 1 1 0 1]	[0 0 0 0 0 0]
15	0.40967246890068054	4.809543132781982	1.9393348693847656	1.8573582172393799	0.8277082443237305	0.18514224886894226	False	[1 0 0 0 1 1 0 0 1]	[1 1 1 1 1 0 0 0 0]	[1 0 1 1 0 1]	[1 0 0 0 0 0]
15	0.33741170167922974	4.871723651885986	1.9680474996566772	1.8266818523406982	0.8140328526496887	0.2629614472389221	False	[1 0 0 0 1 1 0 0 0]	[1 1 1 1 1 0 1 0 0]	[0 0 1 1 0 1]	[0 0 0 0 0 0]
15	0.36087659001350403	4.903606414794922	1.9531008005142212	1.873753309249878	0.8863520622253418	0.19040007889270782	False	[1 0 0 0 1 1 0 0 1]	[1 1 1 1 1 0 0 0 0]	[1 0 1 1 0 1]	[1 0 0 0 0 0]
15	0.339819997549057	4.831896781921387	1.9511456489562988	1.8621220588684082	0.8459812998771667	0.17264817655086517	False	[1 0 0 0 1 1 0 0 0]	[1 1 1 1 1 0 1 0 0]	[0 0 1 1 0 1]	[0 0 0 0 0 0]
15	0.40345636010169983	4.864747047424316	1.9600878953933716	1.8395557403564453	0.8435288071632385	0.22157491743564606	False	[1 0 0 0 1 1 0 0 1]	[1 1 1 1 1 0 0 0 0]	[1 0 1 1 0 1]	[1 0 0 0 0 0]
15	0.3039228618144989	4.829603672027588	1.9559743404388428	1.8379008769989014	0.8208780288696289	0.21485024690628052	False	[1 0 0 0 1 1 0 0 0]	[1 1 1 1 1 0 1 0 0]	[0 0 1 1 0 1]	[0 0 0 0 0 0]
15	0.4063311517238617	4.845019340515137	1.9517419338226318	1.8329250812530518	0.8143770694732666	0.24597544968128204	False	[1 0 0 0 1 1 0 0 1]	[1 1 1 1 1 0 0 0 0]	[1 0 1 1 0 1]	[1 0 0 0 0 0]
15	0.28574103116989136	4.861921310424805	1.9707058668136597	1.853696584701538	0.8369120359420776	0.200607031583786	False	[1 0 0 0 1 1 0 0 0]	[1 1 1 1 1 0 1 0 0]	[0 0 1 1 0 1]	[0 0 0 0 0 0]
15	0.3642179071903229	4.7981367111206055	1.9468448162078857	1.830201506614685	0.7948923110961914	0.22619813680648804	False	[1 0 0 0 1 1 0 0 1]	[1 1 1 1 1 0 0 0 0]	[1 0 1 1 0 1]	[1 0 0 0 0 0]
15	0.3037044405937195	4.853559494018555	1.954500436782837	1.8621996641159058	0.8620543479919434	0.1748049557209015	False	[1 0 0 0 1 1 0 0 0]	[1 1 1 1 1 0 1 0 0]	[0 0 1 1 0 1]	[0 0 0 0 0 0]
15	0.41829684376716614	4.880415439605713	1.956339716911316	1.827169418334961	0.822527289390564	0.27437883615493774	False	[1 0 0 0 1 1 0 0 1]	[1 1 1 1 1 0 0 0 0]	[1 0 1 1 0 1]	[1 0 0 0 0 0]
15	0.339819997549057	4.77601432800293	1.9308815002441406	1.8236579895019531	0.8100095987319946	0.21146522462368011	False	[1 0 0 0 1 1 0 0 0]	[1 1 1 1 1 0 1 0 0]	[0 0 1 1 0 1]	[0 0 0 0 0 0]
15	0.39724022150039673	4.919950485229492	1.956913948059082	1.8440226316452026	0.8402882218360901	0.2787255644798279	False	[1 0 0 0 1 1 0 0 1]	[1 1 1 1 1 0 0 0 0]	[1 0 1 1 0 1]	[1 0 0 0 0 0]
15	0.3058885633945465	4.837945461273193	1.943886160850525	1.845430850982666	0.815117597579956	0.23351070284843445	False	[1 0 0 0 1 1 0 0 0]	[1 1 1 1 1 0 1 0 0]	[0 0 1 1 0 1]	[0 0 0 0 0 0]
15	0.36709269881248474	4.845239162445068	1.9479254484176636	1.8439722061157227	0.8432400226593018	0.2101014107465744	False	[1 0 0 0 1 1 0 0 1]	[1 1 1 1 1 0 0 0 0]	[1 0 1 1 0 1]	[1 0 0 0 0 0]
15	0.30104807019233704	4.8450493812561035	1.9374101161956787	1.8550536632537842	0.8401660919189453	0.21241964399814606	False	[1 0 0 0 1 1 0 0 0]	[1 1 1 1 1 0 1 0 0]	[0 0 1 1 0 1]	[0 0 0 0 0 0]
15	0.4154220521450043	4.932322978973389	1.9653270244598389	1.8597052097320557	0.8840287923812866	0.2232620120048523	False	[1 0 0 0 1 1 0 0 1]	[1 1 1 1 1 0 0 0 0]	[1 0 1 1 0 1]	[1 0 0 0 0 0]
15	0.32257118821144104	4.822780132293701	1.937363624572754	1.8561934232711792	0.8322547674179077	0.1969679892063141	False	[1 0 0 0 1 1 0 0 0]	[1 1 1 1 1 0 1 0 0]	[0 0 1 1 0 1]	[0 0 0 0 0 0]
15	0.339819997549057	4.815352916717529	1.9419344663619995	1.8354096412658691	0.8379881381988525	0.20002016425132751	False	[1 0 0 0 1 1 0 0 1]	[1 1 1 1 1 0 0 0 0]	[1 0 1 1 0 1]	[1 0 0 0 0 0]
15	0.29817327857017517	4.77099609375	1.9295181035995483	1.8171465396881104	0.81040358543396	0.21392810344696045	False	[1 0 0 0 1 1 0 0 0]	[1 1 1 1 1 0 1 0 0]	[0 0 1 1 0 1]	[0 0 0 0 0 0]
15	0.3546604812145233	4.809410572052002	1.9449433088302612	1.8286526203155518	0.8108835816383362	0.2249312698841095	False	[1 0 0 0 1 1 0 0 1]	[1 1 1 1 1 0 0 0 0]	[1 0 1 1 0 1]	[1 0 0 0 0 0]
