# num_workers = 2
# num_cells = 256
# seed_for_environment = 710936838
# lr = 0.0003
# max_grad_norm = 1.0
# eval_rollout_length = 30
# scaling_factor = 100000
# frames_per_batch = 500
# sub_batch_size = 64
# num_epochs = 15
# clip_epsilon = 0.2
# gamma = 0.99
# lmbda = 0.95
# entropy_eps = 0.5
# env_reward_engineering = True
# env_minimum_number_of_qubits = 1
# log_name = None
# env_error_range = dataCollection
# env_version = qecc/bbcode-ldpc-v0
# env_bit_flipping = True
# env_l = 15
# env_m = 3
# env_use_dict_observation = True
# env_number_of_decoder_iterations = 50
# env_number_of_samples = 50
# env_code_logging = True
# model_architecture = mlp
# model_surrogate_model_path = /vol/bitbucket/osella/rl-qecc-data/supervisedLearning/2026-07-12_20-18-32/surrogate_6x6.pth
# model_use_pretrained_encoder = True
# index_to_unfreeze_encoder_updates = 10
# encoder_lr_factor = 0.1
# training_device = cpu
# Resolved arguments:
# Resolved_env_reward_engineering = True
# Resolved_env_reward_integral = Between prob. of no error and curve.
# Resolved_env_bit_flipping = True
# Resolved_env_useDictObservation = True
# Resolved_env_code_logging = True
# Resolved_env_error_range = [np.float64(0.0001), np.float64(0.000215), np.float64(0.000464), np.float64(0.001), np.float64(0.002154), np.float64(0.003162), np.float64(0.004642), np.float64(0.01), np.float64(0.021544), np.float64(0.025075), np.float64(0.031623), np.float64(0.046416), np.float64(0.05005), np.float64(0.075025), np.float64(0.1)]
# Resolved_model_use_pretrained_encoder = True
# Resolved_trainingDevice = cpu
# Resolved_model_architecture = hybrid
# Number of workers: 2
# Does torch identify cuda: True
evaluation number	reward	policy entropy	policy entropy aX	policy entropy bX	policy entropy aY	policy entropy bY	Encoder freeze	postAction_aX	postAction_bX	postAction_aY	postAction_bY
0	-1.0	8.231634140014648	2.7569148540496826	2.740462064743042	1.3791426420211792	1.3551148176193237	True	[0 0 1 0 0 0 0 0 0 0 0 0 0 0 0]	[0 0 0 0 0 0 0 0 1 0 0 0 0 0 0]	[0 1 0]	[0 0 0]
0	0.509192168712616	8.267409324645996	2.761268138885498	2.751115560531616	1.3825401067733765	1.3724853992462158	True	[0 0 1 0 0 0 0 0 0 0 0 0 0 1 0]	[0 0 0 0 0 0 1 0 1 0 0 0 0 0 0]	[1 1 0]	[0 0 0]
0	-1.0	8.287335395812988	2.765523910522461	2.761291027069092	1.3757908344268799	1.3847293853759766	True	[0 0 1 0 0 0 0 0 0 0 1 0 0 1 0]	[0 0 0 0 0 0 0 0 1 0 0 0 0 0 0]	[1 0 0]	[0 0 0]
0	0.23883694410324097	8.278562545776367	2.764878988265991	2.756519317626953	1.3797132968902588	1.3774504661560059	True	[0 0 1 0 0 0 0 0 0 1 1 0 0 1 0]	[0 0 0 0 0 0 1 0 1 0 0 0 0 0 0]	[0 0 0]	[0 0 0]
0	-1.0	8.277505874633789	2.76450777053833	2.7585854530334473	1.3797510862350464	1.374661922454834	True	[0 0 1 0 0 0 0 0 0 1 0 0 0 1 0]	[0 0 0 0 0 0 0 0 1 0 0 0 0 0 0]	[0 0 1]	[0 0 0]
0	0.3680081367492676	8.279948234558105	2.7655394077301025	2.760265588760376	1.38251793384552	1.371625304222107	True	[0 0 1 0 0 0 0 0 0 1 0 0 0 0 0]	[0 0 0 0 0 0 1 0 1 0 0 0 0 0 0]	[0 0 0]	[0 0 0]
0	-1.0	8.270685195922852	2.763566493988037	2.7564780712127686	1.3819897174835205	1.3686513900756836	True	[0 0 1 0 0 0 0 0 0 1 1 0 0 0 0]	[0 0 0 0 0 0 0 0 1 0 0 0 0 0 0]	[0 0 1]	[0 0 0]
0	0.4382391571998596	8.271449089050293	2.7648375034332275	2.755889892578125	1.3843854665756226	1.366336464881897	True	[0 0 1 0 0 0 0 0 0 1 1 0 0 1 0]	[0 0 0 0 0 0 1 0 1 0 0 0 0 0 0]	[1 0 1]	[0 0 0]
0	0.28947436809539795	8.286516189575195	2.7673511505126953	2.7624194622039795	1.3776671886444092	1.3790781497955322	True	[0 0 1 0 0 0 0 0 0 1 0 0 0 1 0]	[0 1 0 0 0 0 1 0 1 0 0 0 0 0 0]	[1 1 1]	[0 0 0]
0	0.3756353557109833	8.285989761352539	2.7654292583465576	2.7636821269989014	1.3797948360443115	1.377083420753479	True	[0 0 1 0 0 0 0 0 0 1 0 0 1 1 0]	[0 1 0 0 0 0 1 0 1 1 0 0 0 0 0]	[1 0 1]	[0 0 0]
0	-1.0	8.283355712890625	2.765165090560913	2.764265537261963	1.3775914907455444	1.376333475112915	True	[0 0 1 0 0 0 0 0 0 1 1 0 1 1 0]	[0 1 0 0 0 0 1 0 1 0 0 0 0 0 0]	[1 0 0]	[0 0 0]
0	0.2378266453742981	8.28211498260498	2.7650601863861084	2.761383533477783	1.3759276866912842	1.379743218421936	True	[0 0 1 0 1 0 0 0 0 1 1 0 1 1 0]	[0 1 0 0 0 0 0 0 1 0 0 0 0 0 0]	[0 0 0]	[0 0 0]
0	0.3379965126514435	8.277236938476562	2.7638611793518066	2.758758306503296	1.3835577964782715	1.3710594177246094	True	[0 0 1 0 1 0 0 0 0 1 0 0 1 1 0]	[0 1 0 0 0 0 1 0 1 0 0 0 0 0 0]	[0 1 0]	[0 0 0]
0	0.23389452695846558	8.286930084228516	2.7634589672088623	2.7615766525268555	1.382493495941162	1.379400372505188	True	[0 0 1 0 1 0 0 0 0 1 1 0 1 1 0]	[0 1 0 0 0 0 0 0 1 0 0 0 0 0 0]	[0 0 0]	[0 0 0]
0	0.340683251619339	8.2835054397583	2.7639317512512207	2.759263038635254	1.3842374086380005	1.3760733604431152	True	[0 0 1 0 1 0 0 0 0 1 0 0 1 1 0]	[0 1 0 0 0 0 1 0 1 0 0 0 0 0 0]	[0 1 0]	[0 0 0]
0	0.24467840790748596	8.282979965209961	2.763324499130249	2.75931715965271	1.381709337234497	1.3786284923553467	True	[0 0 1 0 1 0 0 0 0 1 1 0 1 1 0]	[0 1 0 0 0 0 0 0 1 0 0 0 0 0 0]	[0 0 0]	[0 0 0]
0	0.3388383388519287	8.277566909790039	2.7630059719085693	2.7597427368164062	1.3834614753723145	1.37135648727417	True	[0 0 1 0 1 0 0 0 0 1 0 0 1 1 0]	[0 1 0 0 0 0 1 0 1 0 0 0 0 0 0]	[0 0 1]	[0 0 0]
0	0.22182531654834747	8.288938522338867	2.7661538124084473	2.7641842365264893	1.3800181150436401	1.3785815238952637	True	[0 0 1 0 1 0 0 0 0 1 1 0 1 1 0]	[0 1 0 0 0 0 0 0 1 0 0 0 0 0 0]	[0 0 0]	[0 0 0]
0	0.34896042943000793	8.272526741027832	2.7635488510131836	2.758741855621338	1.3836278915405273	1.3666083812713623	True	[0 0 1 0 1 0 0 0 0 1 0 0 1 1 0]	[0 1 0 0 0 0 1 0 1 0 0 0 0 0 0]	[0 0 1]	[0 0 0]
0	0.2591440677642822	8.291289329528809	2.766528606414795	2.7638163566589355	1.380448579788208	1.3804962635040283	True	[0 0 1 0 1 0 0 0 0 1 1 0 1 1 0]	[0 1 0 0 0 0 0 0 1 0 0 0 0 0 0]	[0 0 0]	[0 0 0]
0	0.33383187651634216	8.27747631072998	2.7636775970458984	2.758549690246582	1.3835105895996094	1.371738076210022	True	[0 0 1 0 1 0 0 0 0 1 0 0 1 1 0]	[0 1 0 0 0 0 1 0 1 0 0 0 0 0 0]	[0 0 1]	[0 0 0]
0	0.2362005114555359	8.287635803222656	2.7663021087646484	2.7639267444610596	1.3799607753753662	1.377445936203003	True	[0 0 1 0 1 0 0 0 0 1 1 0 1 1 0]	[0 1 0 0 0 0 0 0 1 0 0 0 0 0 0]	[0 0 0]	[0 0 0]
0	0.3322550654411316	8.27901840209961	2.7636516094207764	2.7601561546325684	1.383697748184204	1.3715137243270874	True	[0 0 1 0 1 0 0 0 0 1 0 0 1 1 0]	[0 1 0 0 0 0 1 0 1 0 0 0 0 0 0]	[0 0 1]	[0 0 0]
0	0.2285378873348236	8.28894329071045	2.766629695892334	2.764883518218994	1.3790528774261475	1.3783766031265259	True	[0 0 1 0 1 0 0 0 0 1 1 0 1 1 0]	[0 1 0 0 0 0 0 0 1 0 0 0 0 0 0]	[0 0 0]	[0 0 0]
0	0.34031200408935547	8.283994674682617	2.764098644256592	2.759699583053589	1.3838281631469727	1.3763684034347534	True	[0 0 1 0 1 0 0 0 0 1 0 0 1 1 0]	[0 1 0 0 0 0 1 0 1 0 0 0 0 0 0]	[0 1 0]	[0 0 0]
0	0.231951043009758	8.286365509033203	2.763714075088501	2.761270046234131	1.3822343349456787	1.3791460990905762	True	[0 0 1 0 1 0 0 0 0 1 1 0 1 1 0]	[0 1 0 0 0 0 0 0 1 0 0 0 0 0 0]	[0 0 0]	[0 0 0]
0	0.342424601316452	8.276633262634277	2.763711452484131	2.759648561477661	1.3839550018310547	1.3693180084228516	True	[0 0 1 0 1 0 0 0 0 1 0 0 1 1 0]	[0 1 0 0 0 0 1 0 1 0 0 0 0 0 0]	[0 1 0]	[0 0 0]
0	0.2223617285490036	8.287561416625977	2.7634713649749756	2.7603938579559326	1.38216233253479	1.3815337419509888	True	[0 0 1 0 1 0 0 0 0 1 1 0 1 1 0]	[0 1 0 0 0 0 0 0 1 0 0 0 0 0 0]	[0 0 0]	[0 0 0]
0	-1.0	8.276923179626465	2.7639875411987305	2.759183168411255	1.383703589439392	1.3700487613677979	True	[0 0 1 0 1 0 0 0 0 1 0 0 1 1 0]	[0 1 0 0 0 0 1 0 1 0 0 0 0 0 0]	[1 0 0]	[0 0 0]
0	0.25310254096984863	8.287601470947266	2.763169527053833	2.7615857124328613	1.3805732727050781	1.382272481918335	True	[0 0 1 0 1 0 0 0 0 1 0 0 1 1 1]	[0 1 0 0 0 0 0 0 1 0 0 0 0 0 0]	[0 0 0]	[0 0 0]
1	0.29812705516815186	8.150541305541992	2.7180371284484863	2.6876611709594727	1.3741430044174194	1.370699405670166	False	[0 0 0 0 0 0 0 0 0 0 0 0 1 0 0]	[0 1 0 0 0 0 0 0 0 0 0 0 0 0 0]	[1 0 0]	[0 1 0]
1	0.43639224767684937	8.197456359863281	2.7414186000823975	2.7129969596862793	1.3679300546646118	1.3751106262207031	False	[0 0 0 0 0 0 0 0 0 1 0 0 1 0 0]	[0 1 0 0 0 0 0 0 0 1 0 0 0 0 0]	[1 0 1]	[0 0 0]
1	0.35361889004707336	8.221786499023438	2.747462749481201	2.714448928833008	1.3797975778579712	1.380077838897705	False	[0 0 0 0 0 0 0 0 0 1 0 0 0 0 0]	[0 0 0 0 0 0 0 0 0 1 0 0 0 0 0]	[1 0 0]	[0 1 0]
1	0.47994399070739746	8.247654914855957	2.75459885597229	2.7409260272979736	1.3715462684631348	1.3805838823318481	False	[0 0 0 0 0 0 0 0 0 1 0 0 1 0 0]	[0 1 0 0 0 0 0 0 0 1 0 0 0 0 0]	[1 0 1]	[0 0 0]
1	0.3391120731830597	8.224751472473145	2.7503018379211426	2.7171292304992676	1.3770147562026978	1.380305528640747	False	[0 0 0 0 0 0 0 0 0 1 0 0 0 0 0]	[0 0 0 0 0 0 0 0 0 1 0 0 0 0 0]	[1 0 0]	[0 1 0]
1	-0.5	8.231433868408203	2.746242046356201	2.7313733100891113	1.3728997707366943	1.3809183835983276	False	[0 0 0 0 0 0 0 0 0 0 0 0 0 0 0]	[0 0 0 0 0 0 0 0 0 0 0 0 0 0 0]	[1 0 1]	[0 0 0]
1	0.3055229187011719	8.19405746459961	2.7303147315979004	2.7088820934295654	1.376589298248291	1.378271460533142	False	[0 0 0 0 0 0 0 0 0 0 0 0 1 0 0]	[0 1 0 0 0 0 0 0 0 0 0 0 0 0 0]	[1 0 0]	[0 1 0]
1	0.4820801913738251	8.218563079833984	2.7476863861083984	2.7272605895996094	1.3658839464187622	1.3777319192886353	False	[0 0 0 0 0 0 0 0 0 1 0 0 1 0 0]	[0 1 0 0 0 0 0 0 0 1 0 0 0 0 0]	[1 0 1]	[0 0 0]
1	0.322476327419281	8.222801208496094	2.7470524311065674	2.7181193828582764	1.377339482307434	1.3802905082702637	False	[0 0 0 0 0 0 0 0 0 1 0 0 0 0 0]	[0 0 0 0 0 0 0 0 0 1 0 0 0 0 0]	[1 0 0]	[0 1 0]
1	-1.0	8.245050430297852	2.747610330581665	2.7420434951782227	1.3743983507156372	1.3809986114501953	False	[0 0 0 0 0 0 0 0 0 0 0 0 0 0 0]	[0 0 0 0 0 0 0 0 0 0 0 0 0 0 0]	[0 0 0]	[0 0 0]
1	0.2724228799343109	8.151318550109863	2.7179369926452637	2.688591480255127	1.3742598295211792	1.3705298900604248	False	[0 0 0 0 0 0 0 0 0 0 0 0 1 0 0]	[0 1 0 0 0 0 0 0 0 0 0 0 0 0 0]	[1 0 0]	[0 1 0]
1	0.471378356218338	8.225383758544922	2.74809193611145	2.733288049697876	1.3638381958007812	1.3801651000976562	False	[0 0 0 0 0 0 0 0 0 1 0 0 1 0 0]	[0 1 0 0 0 0 0 0 0 1 0 0 0 0 0]	[1 0 1]	[0 0 0]
1	0.34200817346572876	8.228792190551758	2.74910569190979	2.7217793464660645	1.377439260482788	1.3804669380187988	False	[0 0 0 0 0 0 0 0 0 1 0 0 0 0 0]	[0 0 0 0 0 0 0 0 0 1 0 0 0 0 0]	[1 0 0]	[0 1 0]
1	-0.5	8.237512588500977	2.7501628398895264	2.733299732208252	1.3735705614089966	1.3804799318313599	False	[0 0 0 0 0 0 0 0 0 0 0 0 0 0 0]	[0 0 0 0 0 0 0 0 0 0 0 0 0 0 0]	[1 0 1]	[0 0 0]
1	0.30909982323646545	8.207564353942871	2.737752914428711	2.7154340744018555	1.376137137413025	1.3782402276992798	False	[0 0 0 0 0 0 0 0 0 0 0 0 1 0 0]	[0 1 0 0 0 0 0 0 0 0 0 0 0 0 0]	[1 0 0]	[0 1 0]
1	-0.5	8.22720718383789	2.7452564239501953	2.731706142425537	1.3699544668197632	1.3802897930145264	False	[0 0 0 0 0 0 0 0 0 1 0 0 1 0 0]	[0 0 0 0 0 0 0 0 0 0 0 0 0 0 0]	[1 0 1]	[0 0 0]
1	0.34766915440559387	8.194231033325195	2.7376787662506104	2.703739881515503	1.3751182556152344	1.3776941299438477	False	[0 0 0 0 0 0 0 0 0 1 0 0 0 0 0]	[0 1 0 0 0 0 0 0 0 0 0 0 0 0 0]	[1 0 0]	[0 1 0]
1	0.4672783315181732	8.22766399383545	2.748307704925537	2.7327489852905273	1.3657612800598145	1.3808462619781494	False	[0 0 0 1 0 0 0 0 0 1 0 0 0 0 0]	[0 1 0 0 0 0 0 0 0 1 0 0 0 0 0]	[1 0 1]	[0 0 0]
1	0.2526019513607025	8.242624282836914	2.7615573406219482	2.7351269721984863	1.3698458671569824	1.376094102859497	False	[0 0 0 1 0 0 1 0 0 1 0 0 0 0 0]	[0 0 0 0 0 0 0 0 0 1 0 0 0 0 0]	[1 0 0]	[0 1 0]
1	0.17287011444568634	8.261171340942383	2.757802963256836	2.7522521018981934	1.365500807762146	1.385615587234497	False	[0 0 0 1 0 0 1 0 0 1 0 0 1 0 0]	[0 0 0 0 0 0 0 0 0 0 0 0 0 0 0]	[1 0 1]	[1 1 0]
1	0.14673559367656708	8.261582374572754	2.7589635848999023	2.7507739067077637	1.3716621398925781	1.3801826238632202	False	[0 0 0 1 0 0 1 0 0 0 0 0 1 0 0]	[0 0 0 0 0 0 0 0 0 1 0 0 0 0 0]	[1 0 0]	[1 0 0]
1	0.4182947874069214	8.218853950500488	2.7446184158325195	2.7264459133148193	1.3706796169281006	1.3771092891693115	False	[0 0 0 1 0 0 1 0 0 0 0 0 0 0 0]	[0 1 0 0 0 0 0 0 0 1 0 0 0 0 0]	[1 0 1]	[1 1 0]
1	0.22084903717041016	8.276148796081543	2.761587619781494	2.7515506744384766	1.3817046880722046	1.3813059329986572	False	[0 0 0 1 0 0 1 0 0 1 0 0 0 0 0]	[0 1 0 0 0 0 0 0 0 1 0 0 1 0 0]	[1 0 0]	[1 0 0]
1	0.17526550590991974	8.232026100158691	2.745150566101074	2.7437684535980225	1.3603582382202148	1.3827483654022217	False	[0 0 0 1 0 0 1 0 0 1 0 0 1 0 0]	[0 0 0 0 0 0 0 0 0 1 0 0 1 0 0]	[1 0 1]	[1 1 0]
1	0.23775729537010193	8.274487495422363	2.7549996376037598	2.7579541206359863	1.376399278640747	1.3851346969604492	False	[0 0 0 1 0 0 1 0 0 0 0 0 1 0 0]	[0 0 0 1 0 0 0 0 0 1 0 0 1 0 0]	[0 0 1]	[0 1 0]
1	0.16466574370861053	8.268129348754883	2.746873617172241	2.755513906478882	1.38116455078125	1.3845773935317993	False	[0 0 0 1 0 0 1 0 0 1 0 0 1 0 0]	[0 0 0 1 0 0 0 0 0 1 0 0 0 0 0]	[0 0 0]	[0 0 0]
1	0.24210883677005768	8.251995086669922	2.7470216751098633	2.7518703937530518	1.372452735900879	1.3806509971618652	False	[0 0 0 1 0 0 1 0 0 0 0 0 1 0 0]	[0 1 0 1 0 0 0 0 0 1 0 0 0 0 0]	[1 0 0]	[0 1 0]
1	0.4498404264450073	8.268776893615723	2.7578418254852295	2.7515528202056885	1.374753713607788	1.3846280574798584	False	[0 0 0 0 0 0 1 0 0 0 0 0 1 0 0]	[0 1 0 1 0 0 0 0 0 0 0 0 0 0 0]	[1 0 1]	[0 0 0]
1	0.24192817509174347	8.232048988342285	2.754542112350464	2.7332210540771484	1.368379831314087	1.3759057521820068	False	[0 0 0 1 0 0 1 0 0 0 0 0 1 0 0]	[0 1 0 1 0 0 0 0 0 1 0 0 0 0 0]	[1 0 0]	[0 1 0]
1	0.4820726811885834	8.272218704223633	2.759904146194458	2.7508373260498047	1.37668776512146	1.3847899436950684	False	[0 0 0 0 0 0 1 0 0 0 0 0 1 0 0]	[0 1 0 1 0 0 0 0 0 0 0 0 0 0 0]	[1 0 1]	[0 0 0]
2	0.5264883041381836	8.188943862915039	2.723098039627075	2.7418222427368164	1.3752245903015137	1.348799467086792	False	[0 0 0 0 0 0 0 0 0 1 0 0 0 0 0]	[0 0 0 0 0 0 0 0 0 0 0 0 0 1 0]	[0 1 0]	[1 0 0]
2	-1.0	8.238959312438965	2.742316484451294	2.7429046630859375	1.369708776473999	1.384029746055603	False	[0 0 0 0 0 0 0 0 0 0 0 0 0 0 0]	[0 0 0 0 0 0 0 0 0 0 0 0 0 0 0]	[0 0 0]	[0 0 0]
2	0.5883535742759705	8.175941467285156	2.7178714275360107	2.739424467086792	1.3772327899932861	1.3414127826690674	False	[0 0 0 0 0 0 0 0 0 1 0 0 0 0 0]	[0 0 0 0 0 0 0 0 0 0 0 0 0 1 0]	[0 1 0]	[1 0 0]
2	-0.5	8.239109992980957	2.74611496925354	2.7448112964630127	1.367565393447876	1.3806177377700806	False	[0 0 0 0 0 0 0 0 0 0 0 0 0 0 0]	[0 0 1 0 0 0 0 0 0 0 0 0 0 1 0]	[0 0 0]	[0 0 0]
2	0.5241771936416626	8.168745994567871	2.708728313446045	2.7278523445129395	1.3755611181259155	1.356603741645813	False	[0 0 0 0 0 0 0 0 0 1 0 0 0 0 0]	[0 0 1 0 0 0 0 0 0 0 0 0 0 0 0]	[0 1 0]	[1 0 0]
2	-0.5	8.213500022888184	2.738555908203125	2.7359018325805664	1.365964651107788	1.3730777502059937	False	[0 0 0 0 0 0 0 0 0 0 0 0 0 0 0]	[0 0 1 0 0 0 0 0 0 0 0 0 0 1 0]	[0 0 0]	[0 0 0]
2	0.562600314617157	8.173657417297363	2.7114243507385254	2.7295644283294678	1.3757438659667969	1.3569250106811523	False	[0 0 0 0 0 0 0 0 0 1 0 0 0 0 0]	[0 0 1 0 0 0 0 0 0 0 0 0 0 0 0]	[0 1 0]	[1 0 0]
2	-0.5	8.223661422729492	2.741239070892334	2.7372303009033203	1.3638840913772583	1.3813080787658691	False	[0 0 0 0 0 0 0 0 0 0 0 0 0 0 0]	[0 0 1 0 0 0 0 0 0 0 0 1 0 0 0]	[0 0 0]	[0 0 0]
2	0.4702473282814026	8.150815963745117	2.7145421504974365	2.7293150424957275	1.3737049102783203	1.3332538604736328	False	[0 0 0 0 0 0 0 0 0 1 0 0 0 0 0]	[0 0 1 0 0 0 0 0 0 0 0 1 0 1 0]	[0 1 0]	[1 0 0]
2	-0.5	8.232560157775879	2.745008707046509	2.740854024887085	1.3647187948226929	1.3819785118103027	False	[0 0 0 0 0 0 0 0 0 0 0 0 0 0 0]	[0 0 0 0 0 0 0 0 0 0 0 1 0 1 0]	[0 0 0]	[0 0 0]
2	0.4843149185180664	8.15742301940918	2.7020440101623535	2.7297401428222656	1.371225357055664	1.3544132709503174	False	[0 0 0 0 0 0 0 0 0 1 0 0 0 0 0]	[0 0 0 0 0 0 0 0 0 0 0 1 0 0 0]	[0 1 0]	[1 0 0]
2	-1.0	8.215032577514648	2.743082046508789	2.7274928092956543	1.3637198209762573	1.3807377815246582	False	[0 0 0 0 0 0 0 0 0 0 0 0 0 0 0]	[0 0 0 0 0 0 0 0 0 0 0 0 0 0 0]	[0 0 0]	[0 0 0]
2	0.5128480792045593	8.158841133117676	2.712104082107544	2.7339839935302734	1.3757030963897705	1.337050199508667	False	[0 0 0 0 0 0 0 0 0 1 0 0 0 0 0]	[0 0 0 0 0 0 0 0 0 0 0 0 0 1 0]	[0 1 0]	[1 0 0]
2	-1.0	8.221349716186523	2.738767147064209	2.737489700317383	1.3666234016418457	1.378469467163086	False	[0 0 0 0 0 0 0 0 0 0 0 0 0 0 0]	[0 0 0 0 0 0 0 0 0 0 0 0 0 0 0]	[0 0 0]	[0 0 0]
2	0.5672823190689087	8.166914939880371	2.715749740600586	2.7367584705352783	1.376272439956665	1.338134765625	False	[0 0 0 0 0 0 0 0 0 1 0 0 0 0 0]	[0 0 0 0 0 0 0 0 0 0 0 0 0 1 0]	[0 1 0]	[1 0 0]
2	-1.0	8.238922119140625	2.748692750930786	2.743741512298584	1.3647446632385254	1.3817431926727295	False	[0 0 0 0 0 0 0 0 0 0 0 0 0 0 0]	[0 0 0 0 0 0 0 0 0 0 0 0 0 0 0]	[0 0 0]	[0 0 0]
2	0.5536531209945679	8.170023918151855	2.717348575592041	2.737506151199341	1.3769539594650269	1.3382147550582886	False	[0 0 0 0 0 0 0 0 0 1 0 0 0 0 0]	[0 0 0 0 0 0 0 0 0 0 0 0 0 1 0]	[0 1 0]	[1 0 0]
2	-1.0	8.231134414672852	2.742479085922241	2.7403440475463867	1.366950273513794	1.3813608884811401	False	[0 0 0 0 0 0 0 0 0 0 0 0 0 0 0]	[0 0 0 0 0 0 0 0 0 0 0 0 0 0 0]	[0 0 0]	[0 0 0]
2	0.5965732932090759	8.172378540039062	2.7169222831726074	2.738598108291626	1.377065658569336	1.3397927284240723	False	[0 0 0 0 0 0 0 0 0 1 0 0 0 0 0]	[0 0 0 0 0 0 0 0 0 0 0 0 0 1 0]	[0 1 0]	[1 0 0]
2	-1.0	8.229090690612793	2.740872621536255	2.741025447845459	1.366407036781311	1.3807854652404785	False	[0 0 0 0 0 0 0 0 0 0 0 0 0 0 0]	[0 0 0 0 0 0 0 0 0 0 0 0 0 0 0]	[0 0 0]	[0 0 0]
2	0.5425635576248169	8.174613952636719	2.7200918197631836	2.737563133239746	1.3752416372299194	1.34171724319458	False	[0 0 0 0 0 0 0 0 0 1 0 0 0 0 0]	[0 0 0 0 0 0 0 0 0 0 0 0 0 1 0]	[0 1 0]	[1 0 0]
2	-1.0	8.240153312683105	2.7439651489257812	2.7434964179992676	1.3691046237945557	1.3835872411727905	False	[0 0 0 0 0 0 0 0 0 0 0 0 0 0 0]	[0 0 0 0 0 0 0 0 0 0 0 0 0 0 0]	[0 0 0]	[0 0 0]
2	0.5532479286193848	8.177492141723633	2.71988582611084	2.7392916679382324	1.3772506713867188	1.3410636186599731	False	[0 0 0 0 0 0 0 0 0 1 0 0 0 0 0]	[0 0 0 0 0 0 0 0 0 0 0 0 0 1 0]	[0 1 0]	[1 0 0]
2	-1.0	8.255239486694336	2.7534329891204834	2.7489564418792725	1.369013786315918	1.3838359117507935	False	[0 0 0 0 0 0 0 0 0 0 0 0 0 0 0]	[0 0 0 0 0 0 0 0 0 0 0 0 0 0 0]	[0 0 0]	[0 0 0]
2	0.5320323705673218	8.167645454406738	2.716106414794922	2.7361063957214355	1.376246452331543	1.3391858339309692	False	[0 0 0 0 0 0 0 0 0 1 0 0 0 0 0]	[0 0 0 0 0 0 0 0 0 0 0 0 0 1 0]	[0 1 0]	[1 0 0]
2	-1.0	8.245469093322754	2.7497551441192627	2.7473843097686768	1.3675907850265503	1.3807389736175537	False	[0 0 0 0 0 0 0 0 0 0 0 0 0 0 0]	[0 0 0 0 0 0 0 0 0 0 0 0 0 0 0]	[0 0 0]	[0 0 0]
2	0.5566043257713318	8.167535781860352	2.7162399291992188	2.7360634803771973	1.375820279121399	1.3394118547439575	False	[0 0 0 0 0 0 0 0 0 1 0 0 0 0 0]	[0 0 0 0 0 0 0 0 0 0 0 0 0 1 0]	[0 1 0]	[1 0 0]
2	-1.0	8.2293701171875	2.7445712089538574	2.73813796043396	1.3620952367782593	1.384566068649292	False	[0 0 0 0 0 0 0 0 0 0 0 0 0 0 0]	[0 0 0 0 0 0 0 0 0 0 0 0 0 0 0]	[0 0 0]	[0 0 0]
2	0.5322836637496948	8.176384925842285	2.720296859741211	2.7378311157226562	1.3771288394927979	1.3411279916763306	False	[0 0 0 0 0 0 0 0 0 1 0 0 0 0 0]	[0 0 0 0 0 0 0 0 0 0 0 0 0 1 0]	[0 1 0]	[1 0 0]
2	-1.0	8.226956367492676	2.740604877471924	2.7384233474731445	1.3661253452301025	1.3818027973175049	False	[0 0 0 0 0 0 0 0 0 0 0 0 0 0 0]	[0 0 0 0 0 0 0 0 0 0 0 0 0 0 0]	[0 0 0]	[0 0 0]
3	0.2615566849708557	8.232571601867676	2.750802993774414	2.745206117630005	1.3648021221160889	1.3717604875564575	False	[1 0 0 0 0 0 0 0 0 0 0 0 0 0 0]	[0 0 0 0 0 1 0 0 0 0 0 0 0 0 0]	[0 1 0]	[0 1 0]
3	0.4400821030139923	8.25646686553955	2.7597265243530273	2.7550032138824463	1.3631800413131714	1.3785573244094849	False	[1 1 0 0 0 0 0 0 0 0 0 0 0 0 0]	[1 0 0 0 0 1 0 0 0 0 0 0 0 0 0]	[0 0 0]	[1 1 0]
3	0.30692774057388306	8.259681701660156	2.759174108505249	2.758115768432617	1.364288330078125	1.3781037330627441	False	[1 0 0 0 0 0 0 0 0 0 0 0 0 0 0]	[0 0 0 0 0 1 0 0 0 0 0 0 0 0 0]	[0 1 0]	[0 1 0]
3	0.39055684208869934	8.265817642211914	2.760477304458618	2.7572662830352783	1.368698239326477	1.37937593460083	False	[1 1 0 0 0 0 0 0 0 0 0 0 0 0 0]	[1 0 0 0 0 1 0 0 0 0 0 0 0 0 0]	[0 1 1]	[1 1 0]
3	0.4087032675743103	8.277505874633789	2.7593860626220703	2.760976791381836	1.374671459197998	1.3824716806411743	False	[1 0 0 0 0 0 0 0 0 0 0 0 0 0 0]	[1 0 0 0 0 1 0 0 0 0 0 0 1 0 0]	[0 0 1]	[0 1 0]
3	0.4031764268875122	8.266584396362305	2.759287118911743	2.756396770477295	1.3714563846588135	1.3794440031051636	False	[1 1 0 0 0 0 0 0 0 0 0 0 0 0 0]	[0 0 0 0 0 1 0 0 0 0 0 0 1 0 0]	[0 1 1]	[1 1 0]
3	0.38050830364227295	8.265634536743164	2.7588133811950684	2.7582027912139893	1.3690823316574097	1.3795353174209595	False	[1 1 0 0 0 0 0 0 0 0 0 0 1 0 0]	[0 0 0 0 0 1 0 0 0 0 1 0 1 0 0]	[0 0 1]	[0 1 0]
3	0.36450377106666565	8.269088745117188	2.76063871383667	2.7642221450805664	1.3648927211761475	1.3793357610702515	False	[0 1 0 0 0 0 0 0 0 0 0 0 1 0 0]	[0 0 1 0 0 1 0 0 0 0 1 0 1 0 0]	[0 1 1]	[1 1 0]
3	0.40725618600845337	8.260293960571289	2.751871109008789	2.7631773948669434	1.3682270050048828	1.3770188093185425	False	[0 0 0 0 0 0 0 0 0 0 0 0 1 0 0]	[0 0 1 0 0 1 0 0 0 0 0 0 1 0 0]	[0 0 1]	[0 1 0]
3	0.4097452759742737	8.268294334411621	2.7552404403686523	2.7591092586517334	1.3739759922027588	1.379968285560608	False	[0 1 0 0 0 0 0 0 0 0 0 0 1 0 0]	[0 0 1 0 0 1 0 0 0 0 1 0 1 0 0]	[0 1 1]	[0 0 0]
3	0.3035232722759247	8.256707191467285	2.7537596225738525	2.7518985271453857	1.3670520782470703	1.3839972019195557	False	[1 1 0 0 0 0 0 0 0 0 0 0 1 0 0]	[0 0 1 0 0 1 0 0 0 0 0 0 1 0 0]	[0 0 1]	[1 0 0]
3	0.3894868791103363	8.28196907043457	2.7671234607696533	2.7673404216766357	1.3654366731643677	1.3820685148239136	False	[0 1 0 0 0 0 0 0 0 0 0 0 1 0 0]	[0 0 1 0 0 1 0 0 0 0 1 0 1 0 0]	[0 1 1]	[0 0 0]
3	0.2610344886779785	8.252974510192871	2.750793933868408	2.7516961097717285	1.3665447235107422	1.3839398622512817	False	[1 1 0 0 0 0 0 0 0 0 0 0 1 0 0]	[0 0 1 0 0 1 0 0 0 0 0 0 1 0 0]	[0 0 1]	[1 0 0]
3	0.3980567157268524	8.274758338928223	2.76521635055542	2.7655298709869385	1.3644585609436035	1.3795534372329712	False	[0 1 0 0 0 0 0 0 0 0 0 0 1 0 0]	[0 0 1 0 0 1 0 0 0 0 0 1 1 0 0]	[0 1 1]	[0 0 0]
3	0.4280804395675659	8.26395034790039	2.758300304412842	2.7510645389556885	1.3691915273666382	1.3853931427001953	False	[0 0 0 0 0 0 0 0 0 0 0 0 1 0 0]	[0 0 1 0 0 1 0 0 0 0 1 1 1 0 0]	[0 0 1]	[0 0 1]
3	0.4010445475578308	8.27352523803711	2.757047176361084	2.760213851928711	1.380157232284546	1.3761072158813477	False	[0 0 0 0 0 0 0 0 0 0 0 0 1 0 1]	[0 0 1 0 0 1 0 0 0 0 0 1 1 0 0]	[0 0 0]	[0 1 1]
3	0.3271891474723816	8.276037216186523	2.7557530403137207	2.760435104370117	1.3788044452667236	1.3810443878173828	False	[0 0 0 0 0 0 0 0 0 0 1 0 1 0 1]	[0 0 1 0 0 1 0 0 0 0 1 1 1 0 0]	[0 1 0]	[0 0 1]
3	0.41990894079208374	8.278861999511719	2.755047082901001	2.762498140335083	1.384690284729004	1.37662672996521	False	[0 0 0 0 0 0 0 0 0 0 1 0 1 0 0]	[0 0 1 0 0 1 0 0 0 0 0 1 1 0 0]	[0 0 0]	[0 1 1]
3	0.42836958169937134	8.253314971923828	2.7571654319763184	2.7584784030914307	1.360438585281372	1.377232551574707	False	[0 1 0 0 0 0 0 0 0 0 1 0 1 0 0]	[0 0 1 0 0 1 0 0 0 0 0 1 0 0 0]	[0 1 0]	[0 0 1]
3	0.28760021924972534	8.272269248962402	2.7517201900482178	2.7614874839782715	1.3821719884872437	1.376889705657959	False	[1 1 0 0 0 0 0 0 0 0 1 0 1 0 0]	[0 0 0 0 0 1 0 0 0 0 0 1 0 0 0]	[0 1 1]	[0 1 1]
3	0.2641231119632721	8.28606128692627	2.7672576904296875	2.7630715370178223	1.3772814273834229	1.378450632095337	False	[0 1 0 0 0 0 0 0 0 0 1 0 1 0 0]	[0 0 0 0 0 1 1 0 0 0 0 1 0 0 0]	[0 0 1]	[1 1 1]
3	0.31036150455474854	8.26839542388916	2.7557084560394287	2.7585506439208984	1.3846666812896729	1.3694697618484497	False	[0 1 1 0 0 0 0 0 0 0 1 0 1 0 0]	[0 0 0 0 0 1 1 0 0 0 0 1 1 0 0]	[1 0 1]	[1 0 1]
3	0.2261400669813156	8.275694847106934	2.763479232788086	2.758882999420166	1.3691869974136353	1.384145736694336	False	[0 1 1 0 0 0 1 0 0 0 1 0 1 0 0]	[0 0 0 0 0 1 1 0 0 0 0 1 1 1 0]	[1 0 0]	[0 0 1]
3	0.308600515127182	8.289641380310059	2.764779567718506	2.7631101608276367	1.378918170928955	1.3828336000442505	False	[0 1 1 0 0 0 0 0 0 0 1 0 1 0 0]	[0 0 0 0 0 1 1 0 0 0 0 1 0 1 0]	[1 1 0]	[0 1 1]
3	0.38176244497299194	8.268926620483398	2.766212224960327	2.758429765701294	1.3716918230056763	1.372592806816101	False	[0 0 1 0 0 0 0 0 0 0 1 0 1 0 0]	[0 0 0 0 0 1 0 0 0 0 0 1 0 1 0]	[1 0 0]	[1 1 1]
3	0.295343816280365	8.27392292022705	2.7624621391296387	2.7577009201049805	1.3734486103057861	1.3803112506866455	False	[0 1 1 0 0 0 0 0 0 0 1 0 1 0 0]	[1 0 0 0 0 1 0 0 0 0 0 1 0 1 0]	[1 1 0]	[1 0 1]
3	0.3107825815677643	8.273355484008789	2.764479637145996	2.758862257003784	1.3743269443511963	1.375686526298523	False	[1 1 1 0 0 0 0 0 0 0 1 0 1 0 0]	[1 0 0 0 0 1 1 0 0 0 0 1 0 1 0]	[1 1 1]	[0 0 1]
3	0.39683184027671814	8.255470275878906	2.756575584411621	2.7470014095306396	1.382073998451233	1.3698196411132812	False	[1 1 0 0 0 0 0 0 0 0 1 0 1 0 0]	[1 0 0 0 0 1 1 0 0 0 0 0 0 1 0]	[1 1 0]	[1 0 1]
3	0.290082186460495	8.264954566955566	2.7502493858337402	2.757646083831787	1.3853355646133423	1.3717238903045654	False	[0 1 0 0 0 0 0 0 0 0 1 0 1 0 0]	[1 0 0 0 0 1 1 0 0 0 0 0 1 1 0]	[0 1 0]	[1 1 1]
3	0.41314932703971863	8.277200698852539	2.7556207180023193	2.761403799057007	1.3853801488876343	1.3747954368591309	False	[1 1 0 0 0 0 0 0 0 0 1 0 1 0 0]	[1 0 0 0 0 1 1 0 0 0 0 0 0 1 0]	[0 0 0]	[1 0 1]
4	0.39939066767692566	8.236104965209961	2.753305673599243	2.752366065979004	1.3517261743545532	1.3787078857421875	False	[1 0 0 0 0 0 0 0 0 0 0 0 0 0 0]	[0 0 0 0 0 0 0 0 0 1 0 0 0 0 0]	[0 1 0]	[1 0 0]
4	0.05226839333772659	8.233383178710938	2.744629383087158	2.7480709552764893	1.384048342704773	1.3566337823867798	False	[1 0 1 0 0 0 0 0 0 0 0 0 0 0 0]	[0 0 0 0 0 0 0 1 0 1 0 0 0 0 0]	[0 0 0]	[0 0 0]
4	0.5035509467124939	8.226893424987793	2.7473089694976807	2.7610809803009033	1.3437445163726807	1.3747587203979492	False	[0 0 1 0 0 0 0 0 0 0 0 0 0 0 0]	[0 0 0 0 0 1 0 1 0 1 0 0 0 0 0]	[0 1 0]	[0 1 0]
4	-0.5	8.223893165588379	2.747953176498413	2.760291337966919	1.3411973714828491	1.3744512796401978	False	[0 0 0 0 0 0 0 0 0 0 0 0 0 0 0]	[0 0 0 1 0 1 0 1 0 1 0 0 0 0 0]	[0 0 0]	[0 0 0]
4	0.4118872880935669	8.203089714050293	2.7437212467193604	2.7538392543792725	1.3308367729187012	1.3746925592422485	False	[0 0 0 0 0 0 0 0 0 0 0 0 1 0 0]	[0 0 0 1 0 1 0 1 0 1 1 0 0 0 0]	[0 1 0]	[1 0 0]
4	0.20080611109733582	8.241958618164062	2.7538034915924072	2.754772663116455	1.3518399000167847	1.3815420866012573	False	[0 0 1 0 0 0 0 0 0 0 0 0 1 0 0]	[0 0 0 1 0 1 0 1 0 1 1 1 0 0 0]	[0 0 0]	[0 0 0]
4	0.3059884011745453	8.218411445617676	2.7538273334503174	2.7549831867218018	1.3349730968475342	1.3746283054351807	False	[0 0 0 0 0 0 0 0 0 0 0 0 1 0 0]	[0 0 0 1 0 1 0 1 0 1 1 1 1 0 0]	[0 1 0]	[0 1 0]
4	0.22546148300170898	8.267581939697266	2.7571980953216553	2.7601447105407715	1.3685634136199951	1.381675362586975	False	[0 0 1 0 0 0 0 0 0 0 0 0 1 0 0]	[0 0 0 1 0 1 0 1 0 1 1 0 1 0 0]	[0 0 0]	[0 0 0]
4	-1.0	8.23613166809082	2.7545785903930664	2.7576231956481934	1.3448457717895508	1.3790836334228516	False	[0 0 1 0 0 0 0 0 0 0 0 0 1 0 0]	[0 0 0 1 0 1 0 1 0 1 1 0 0 0 0]	[0 1 0]	[0 1 0]
4	-1.0	8.246455192565918	2.747580051422119	2.7527129650115967	1.3646016120910645	1.381561040878296	False	[0 0 1 0 0 0 0 0 0 0 1 0 1 0 0]	[0 0 0 1 0 1 0 1 0 1 1 0 1 0 0]	[0 0 0]	[0 0 0]
4	0.3538067042827606	8.25986099243164	2.7602405548095703	2.755211591720581	1.3636188507080078	1.3807895183563232	False	[0 0 1 0 0 0 0 0 0 0 1 0 1 0 0]	[0 0 0 1 0 1 0 1 0 1 1 0 0 0 0]	[0 1 0]	[0 1 0]
4	0.2255718857049942	8.228885650634766	2.750359296798706	2.7581021785736084	1.3472832441329956	1.3731412887573242	False	[0 0 0 0 0 0 0 0 0 0 1 0 1 0 0]	[0 0 0 1 0 1 0 1 0 1 0 0 0 0 0]	[0 0 0]	[0 0 0]
4	0.2577197849750519	8.22905445098877	2.753045082092285	2.754894495010376	1.347621202468872	1.3734937906265259	False	[1 0 0 0 0 0 0 0 0 0 1 0 1 0 0]	[0 0 0 1 0 1 0 1 0 1 0 1 0 0 0]	[0 1 0]	[0 1 0]
4	0.18719588220119476	8.269502639770508	2.7580695152282715	2.762315511703491	1.3691693544387817	1.379948377609253	False	[1 0 1 0 0 0 0 0 0 0 1 0 1 0 0]	[0 0 0 1 0 1 0 1 0 1 0 0 0 0 0]	[0 0 0]	[0 0 0]
4	-1.0	8.227150917053223	2.7549843788146973	2.7590739727020264	1.3421580791473389	1.370934247970581	False	[1 0 1 0 0 0 0 0 0 0 1 0 1 0 0]	[0 0 0 1 0 1 0 1 0 1 0 1 0 0 0]	[0 1 0]	[0 1 0]
4	-1.0	8.267768859863281	2.7552223205566406	2.7601308822631836	1.3707879781723022	1.3816272020339966	False	[1 0 1 0 0 0 0 0 0 0 0 0 1 0 0]	[0 0 0 1 0 1 0 1 0 1 0 1 1 0 0]	[0 0 0]	[0 0 0]
4	0.3591781258583069	8.267228126525879	2.758317470550537	2.755934953689575	1.3727326393127441	1.3802425861358643	False	[1 0 1 0 0 0 0 0 0 0 0 0 1 0 0]	[0 0 0 1 0 1 0 1 0 1 0 1 0 0 0]	[0 1 0]	[0 1 0]
4	0.1630580723285675	8.236673355102539	2.7487094402313232	2.759566068649292	1.3515989780426025	1.376798152923584	False	[1 0 1 0 0 0 0 0 0 0 1 0 1 0 0]	[0 0 0 1 0 1 0 1 0 1 0 1 1 0 0]	[0 0 0]	[0 0 0]
4	-1.0	8.264013290405273	2.761047124862671	2.763889789581299	1.3607912063598633	1.3782856464385986	False	[1 0 1 0 0 0 0 0 0 0 1 0 1 0 0]	[0 0 0 1 0 1 0 1 0 1 0 1 0 0 0]	[0 1 0]	[0 1 0]
4	-1.0	8.266745567321777	2.755702495574951	2.7602217197418213	1.3684252500534058	1.3823959827423096	False	[1 0 1 0 0 0 0 0 0 0 0 0 1 0 0]	[0 0 0 1 0 1 0 1 0 1 0 1 1 0 0]	[0 0 0]	[0 0 0]
4	0.32815665006637573	8.261197090148926	2.758690357208252	2.755561590194702	1.366222858428955	1.3807226419448853	False	[1 0 1 0 0 0 0 0 0 0 0 0 1 0 0]	[0 0 0 1 0 1 0 1 0 1 0 1 0 0 0]	[0 1 0]	[0 1 0]
4	0.17860884964466095	8.238123893737793	2.748791217803955	2.758371353149414	1.354536771774292	1.376424789428711	False	[1 0 1 0 0 0 0 0 0 0 1 0 1 0 0]	[0 0 0 1 0 1 0 1 0 1 0 1 1 0 0]	[0 0 0]	[0 0 0]
4	-1.0	8.264848709106445	2.7618255615234375	2.763737440109253	1.360131859779358	1.3791537284851074	False	[1 0 1 0 0 0 0 0 0 0 1 0 1 0 0]	[0 0 0 1 0 1 0 1 0 1 0 0 1 0 0]	[0 1 0]	[0 1 0]
4	-1.0	8.251523971557617	2.7450342178344727	2.7572290897369385	1.370844841003418	1.3784157037734985	False	[1 0 1 0 0 0 0 0 0 0 0 0 1 0 0]	[0 0 0 1 0 1 0 1 0 1 0 0 0 0 0]	[0 0 0]	[0 0 0]
4	0.3786528706550598	8.23141860961914	2.7463886737823486	2.7532668113708496	1.351563572883606	1.3801993131637573	False	[1 0 1 0 0 0 0 0 0 0 0 0 1 0 0]	[0 0 0 1 0 1 0 1 0 1 0 0 1 0 0]	[0 1 0]	[0 1 0]
4	0.18038515746593475	8.231825828552246	2.743604898452759	2.7562341690063477	1.3547492027282715	1.3772375583648682	False	[1 0 1 0 0 0 0 0 0 0 1 0 1 0 0]	[0 0 0 1 0 1 0 1 0 1 0 0 0 0 0]	[0 0 0]	[0 0 0]
4	-1.0	8.236976623535156	2.7566545009613037	2.759783983230591	1.3480467796325684	1.3724915981292725	False	[1 0 1 0 0 0 0 0 0 0 1 0 1 0 0]	[0 0 0 1 0 1 0 1 0 1 0 1 0 0 0]	[0 1 0]	[0 1 0]
4	0.16845813393592834	8.256423950195312	2.7545418739318848	2.7588140964508057	1.3630197048187256	1.3800482749938965	False	[1 0 1 0 0 0 0 0 0 0 1 0 1 0 0]	[0 0 0 1 0 1 0 1 0 1 0 1 1 0 0]	[0 0 0]	[0 0 0]
4	-1.0	8.260318756103516	2.7605745792388916	2.7630767822265625	1.3587521314620972	1.377915620803833	False	[1 0 1 0 0 0 0 0 0 0 1 0 1 0 0]	[0 0 0 1 0 1 0 1 0 1 0 0 1 0 0]	[0 1 0]	[0 1 0]
4	-1.0	8.255011558532715	2.746248722076416	2.756282329559326	1.3734569549560547	1.3790236711502075	False	[1 0 1 0 0 0 0 0 0 0 0 0 1 0 0]	[0 0 0 1 0 1 0 1 0 1 0 0 0 0 0]	[0 0 0]	[0 0 0]
5	0.45345446467399597	8.249974250793457	2.7480459213256836	2.741628408432007	1.377799391746521	1.3825000524520874	False	[0 0 0 0 0 1 0 0 0 0 0 0 0 0 0]	[0 0 0 0 0 0 1 0 0 0 0 0 0 0 0]	[0 0 1]	[0 0 1]
5	0.4759233593940735	8.220589637756348	2.7434167861938477	2.7412238121032715	1.3615409135818481	1.3744078874588013	False	[0 0 0 0 0 1 1 0 0 0 0 0 0 0 0]	[0 0 0 0 0 0 0 0 0 0 0 0 0 0 0]	[0 0 0]	[1 0 1]
5	0.028926178812980652	8.218059539794922	2.7410595417022705	2.7451281547546387	1.3634939193725586	1.368377923965454	False	[0 0 0 0 0 0 1 0 0 0 0 0 0 0 0]	[0 0 0 0 0 0 1 0 0 0 0 0 0 0 0]	[1 0 0]	[1 0 0]
5	0.29033446311950684	8.266680717468262	2.755079746246338	2.7529027462005615	1.377968430519104	1.3807302713394165	False	[0 1 0 0 0 0 1 0 0 0 0 0 0 0 0]	[0 0 0 0 0 0 0 0 0 0 0 0 0 0 0]	[1 0 1]	[1 0 1]
5	0.40338027477264404	8.25664234161377	2.751953363418579	2.746363639831543	1.3822846412658691	1.3760406970977783	False	[0 1 0 0 0 0 1 1 0 0 0 0 0 0 0]	[0 0 0 0 0 0 1 0 0 0 0 0 0 0 0]	[0 0 1]	[1 0 0]
5	-0.5	8.24759578704834	2.7441413402557373	2.757728099822998	1.3743928670883179	1.3713339567184448	False	[0 1 0 1 0 0 1 1 0 0 0 0 0 0 0]	[0 0 0 0 0 0 0 0 0 0 0 0 0 0 0]	[0 0 0]	[0 0 0]
5	0.3161890208721161	8.259525299072266	2.7565345764160156	2.743589401245117	1.3777480125427246	1.38165283203125	False	[0 1 0 1 0 1 1 1 0 0 0 0 0 0 0]	[0 0 0 0 0 1 0 0 0 0 0 0 0 0 0]	[0 0 1]	[0 0 1]
5	0.4275079369544983	8.25002670288086	2.750894069671631	2.752311944961548	1.3723112344741821	1.3745096921920776	False	[0 1 0 1 0 1 0 1 0 0 0 0 0 0 0]	[0 0 0 0 0 1 1 0 0 0 0 0 0 0 0]	[0 0 0]	[1 0 1]
5	0.39111343026161194	8.2347412109375	2.7462568283081055	2.755359172821045	1.3726016283035278	1.3605237007141113	False	[0 1 0 1 0 0 0 1 0 0 0 0 0 0 0]	[0 0 0 0 0 1 0 0 0 0 0 0 0 0 0]	[1 0 0]	[1 1 1]
5	0.4029478430747986	8.259543418884277	2.7575910091400146	2.757280111312866	1.3728430271148682	1.3718291521072388	False	[0 1 0 1 0 1 0 1 0 0 0 0 0 0 0]	[0 0 0 0 0 1 1 0 0 0 0 0 0 0 0]	[0 0 0]	[0 1 1]
5	0.28567755222320557	8.241692543029785	2.7453885078430176	2.7579100131988525	1.3742132186889648	1.3641804456710815	False	[0 1 0 1 0 0 0 1 0 0 0 0 0 0 0]	[0 0 0 0 0 1 0 0 0 0 0 0 0 0 0]	[1 0 0]	[0 0 1]
5	0.24152891337871552	8.254142761230469	2.7552976608276367	2.7540364265441895	1.3728545904159546	1.3719542026519775	False	[0 1 0 1 0 1 0 1 0 0 0 0 0 0 0]	[0 0 0 0 0 1 1 0 0 0 0 0 0 0 0]	[0 0 0]	[0 0 0]
5	0.40259355306625366	8.254841804504395	2.753873825073242	2.7517080307006836	1.3727240562438965	1.3765355348587036	False	[0 1 0 1 0 0 0 1 0 0 0 0 0 0 0]	[0 0 0 0 0 1 0 0 0 0 0 0 0 0 0]	[0 0 1]	[0 1 0]
5	0.2881758213043213	8.248164176940918	2.751426935195923	2.7572145462036133	1.370423674583435	1.3690992593765259	False	[0 1 0 1 0 0 1 1 0 0 0 0 0 0 0]	[0 0 0 0 0 1 1 0 0 0 0 0 0 0 0]	[0 0 0]	[1 1 0]
5	0.28217267990112305	8.230049133300781	2.742550849914551	2.750333070755005	1.3780235052108765	1.3591420650482178	False	[1 1 0 1 0 0 1 1 0 0 0 0 0 0 0]	[0 0 0 0 0 1 0 0 0 0 0 0 0 0 0]	[0 0 1]	[1 0 0]
5	0.40559113025665283	8.279799461364746	2.7641186714172363	2.7624359130859375	1.3764556646347046	1.3767887353897095	False	[1 0 0 1 0 0 1 1 0 0 0 0 0 0 0]	[0 0 0 0 0 1 1 0 0 0 0 0 0 0 0]	[0 0 0]	[1 0 1]
5	0.4570997655391693	8.267097473144531	2.757985830307007	2.7589054107666016	1.3734474182128906	1.3767582178115845	False	[1 0 0 1 0 0 0 1 0 0 0 0 0 0 0]	[0 0 0 0 0 1 0 0 0 0 0 0 0 0 0]	[1 0 0]	[1 1 1]
5	0.4001210033893585	8.227956771850586	2.742234706878662	2.7568767070770264	1.3636232614517212	1.365222454071045	False	[1 0 0 1 0 1 0 1 0 0 0 0 0 0 0]	[0 0 0 0 0 1 1 0 0 0 0 0 0 0 0]	[0 0 0]	[0 1 1]
5	0.4527944326400757	8.265902519226074	2.7582011222839355	2.756840705871582	1.3780262470245361	1.3728339672088623	False	[1 0 0 1 0 0 0 1 0 0 0 0 0 0 0]	[0 0 0 0 0 1 0 0 0 0 0 0 0 0 0]	[1 0 0]	[0 0 1]
5	0.3808270990848541	8.220141410827637	2.7411341667175293	2.7524938583374023	1.3644887208938599	1.3620245456695557	False	[1 0 0 1 0 1 0 1 0 0 0 0 0 0 0]	[0 0 0 0 0 1 1 0 0 0 0 0 0 0 0]	[0 0 0]	[0 1 1]
5	0.4724121391773224	8.264039993286133	2.7576193809509277	2.7560360431671143	1.3771657943725586	1.3732181787490845	False	[1 0 0 1 0 0 0 1 0 0 0 0 0 0 0]	[0 0 0 0 0 1 0 0 0 0 0 0 0 0 0]	[1 0 0]	[0 0 1]
5	0.4098288118839264	8.23097038269043	2.7440414428710938	2.755842924118042	1.368185043334961	1.362900972366333	False	[1 0 0 1 0 1 0 1 0 0 0 0 0 0 0]	[0 0 0 0 0 1 1 0 0 0 0 0 0 0 0]	[0 0 0]	[1 0 1]
5	0.3192000389099121	8.257148742675781	2.7561566829681396	2.756957769393921	1.3705086708068848	1.373525619506836	False	[1 0 0 1 0 0 0 1 0 0 0 0 0 0 0]	[0 0 0 0 0 1 0 0 0 0 0 0 0 0 0]	[1 0 0]	[1 0 0]
5	0.30152609944343567	8.242532730102539	2.7506070137023926	2.7557599544525146	1.3706188201904297	1.3655469417572021	False	[1 0 0 1 0 1 0 1 0 0 0 0 0 0 0]	[0 0 0 0 0 1 1 0 0 0 0 0 0 0 0]	[0 0 0]	[0 0 0]
5	0.39046356081962585	8.258922576904297	2.7571794986724854	2.743187427520752	1.3740280866622925	1.3845267295837402	False	[1 0 0 1 0 1 1 1 0 0 0 0 0 0 0]	[0 0 0 0 0 1 0 0 0 0 0 0 0 0 0]	[0 0 1]	[0 0 1]
5	0.3284505009651184	8.255126953125	2.7479944229125977	2.7550995349884033	1.3745936155319214	1.377439022064209	False	[1 0 0 1 0 1 0 1 0 0 0 0 0 0 0]	[0 0 0 0 0 1 1 0 0 0 0 0 0 0 0]	[0 0 0]	[0 0 0]
5	0.47578608989715576	8.261425018310547	2.7577438354492188	2.745126485824585	1.3751219511032104	1.3834319114685059	False	[1 0 0 1 0 1 1 1 0 0 0 0 0 0 0]	[0 0 0 0 0 0 1 0 0 0 0 0 0 0 0]	[0 0 1]	[0 0 1]
5	0.4009093642234802	8.25178337097168	2.747264862060547	2.7533230781555176	1.3737406730651855	1.3774548768997192	False	[1 0 0 1 0 1 0 1 0 0 0 0 0 0 0]	[0 0 0 0 0 0 0 0 0 0 0 0 0 0 0]	[0 0 0]	[1 0 1]
5	0.293609619140625	8.24638843536377	2.754438877105713	2.7523550987243652	1.3688877820968628	1.3707064390182495	False	[1 0 0 1 0 1 1 1 0 0 0 0 0 0 0]	[0 0 0 0 0 0 1 0 0 0 0 0 0 0 0]	[1 0 0]	[1 0 0]
5	-0.5	8.255016326904297	2.754077911376953	2.7570412158966064	1.375677227973938	1.3682208061218262	False	[1 0 0 1 0 0 1 1 0 0 0 0 0 0 0]	[0 0 0 0 0 0 0 0 0 0 0 0 0 0 0]	[1 0 1]	[0 0 0]
6	-1.0	8.267366409301758	2.750873565673828	2.745509147644043	1.3862433433532715	1.3847399950027466	False	[0 0 1 0 0 0 0 0 0 0 0 0 0 0 0]	[0 0 0 1 0 0 0 0 0 0 0 0 0 0 0]	[0 0 0]	[1 0 0]
6	-1.0	8.265633583068848	2.756563425064087	2.7512917518615723	1.3796197175979614	1.3781589269638062	False	[0 0 0 0 0 0 0 0 0 0 0 0 0 0 0]	[0 0 1 1 0 0 0 0 0 0 0 0 0 0 0]	[0 0 1]	[1 0 1]
6	-0.5	8.276080131530762	2.7589354515075684	2.7632503509521484	1.3750146627426147	1.3788795471191406	False	[0 0 0 0 0 0 0 0 0 0 0 0 0 0 0]	[0 0 1 1 0 0 1 0 0 0 0 0 0 0 0]	[0 0 0]	[1 0 1]
6	0.30177322030067444	8.257774353027344	2.7509701251983643	2.7482848167419434	1.37845778465271	1.3800606727600098	False	[0 0 0 0 0 1 0 0 0 0 0 0 0 0 0]	[0 0 1 1 0 1 1 0 0 0 0 0 0 0 0]	[0 0 1]	[1 1 1]
6	-0.5	8.262899398803711	2.7582640647888184	2.754739761352539	1.3747502565383911	1.3751451969146729	False	[0 0 0 0 0 0 0 0 0 0 0 0 0 0 0]	[0 0 1 0 0 1 1 0 0 0 0 0 0 0 0]	[0 0 0]	[1 0 1]
6	0.3574896454811096	8.25963306427002	2.756234645843506	2.7453274726867676	1.3774900436401367	1.3805809020996094	False	[0 0 1 0 0 0 0 0 0 0 0 0 0 0 0]	[0 0 1 1 0 1 1 0 0 0 0 0 0 0 0]	[0 0 1]	[1 1 1]
6	-1.0	8.279152870178223	2.755723237991333	2.763007640838623	1.377467393875122	1.382954716682434	False	[0 1 1 0 0 0 0 0 0 0 0 0 0 0 0]	[0 0 0 1 0 1 1 0 0 0 0 0 0 0 0]	[0 0 0]	[1 0 1]
6	-1.0	8.275165557861328	2.758746862411499	2.7586259841918945	1.3778163194656372	1.3799766302108765	False	[0 1 0 0 0 0 0 0 0 0 0 0 0 0 0]	[0 0 1 1 0 1 1 0 0 0 0 0 0 0 0]	[0 0 1]	[1 0 0]
6	-1.0	8.267752647399902	2.7583751678466797	2.7564005851745605	1.3785947561264038	1.3743818998336792	False	[0 1 0 0 0 1 0 0 0 0 0 0 0 0 0]	[0 0 1 1 0 0 1 0 0 0 0 0 0 0 0]	[0 0 0]	[1 0 1]
6	0.3190182149410248	8.282320976257324	2.7663726806640625	2.763146162033081	1.373907208442688	1.3788948059082031	False	[0 1 1 0 0 1 0 0 0 0 0 0 0 0 0]	[0 0 1 1 0 0 1 1 0 0 0 0 0 0 0]	[0 0 1]	[1 0 0]
6	-1.0	8.255545616149902	2.750148296356201	2.7505829334259033	1.3727740049362183	1.3820397853851318	False	[0 1 1 0 0 0 0 0 0 0 0 0 0 0 0]	[0 0 1 1 0 1 1 1 0 0 0 0 0 0 0]	[1 0 1]	[0 0 0]
6	-1.0	8.260224342346191	2.758364677429199	2.755855083465576	1.3813848495483398	1.3646196126937866	False	[0 1 0 0 0 0 0 0 0 0 0 0 0 0 0]	[0 0 1 1 0 1 0 1 0 0 0 0 0 0 0]	[1 0 0]	[0 0 1]
6	-1.0	8.259020805358887	2.7573747634887695	2.741774320602417	1.3769805431365967	1.3828908205032349	False	[0 1 0 0 0 0 0 0 0 0 0 1 0 0 0]	[0 0 1 1 0 1 1 1 0 0 0 0 0 0 0]	[1 0 1]	[0 0 0]
6	-1.0	8.274640083312988	2.759890556335449	2.7582345008850098	1.3790661096572876	1.3774486780166626	False	[0 1 1 0 0 0 0 0 0 0 0 1 0 0 0]	[0 0 1 1 0 1 0 1 0 0 0 0 0 0 0]	[1 0 0]	[0 0 1]
6	-1.0	8.277518272399902	2.761063575744629	2.7632346153259277	1.3796918392181396	1.3735284805297852	False	[0 1 0 0 0 0 0 0 0 0 0 1 0 0 0]	[0 0 1 1 0 1 1 1 0 0 0 0 0 0 0]	[1 0 1]	[0 0 0]
6	-1.0	8.273835182189941	2.7600975036621094	2.760676860809326	1.3783667087554932	1.3746936321258545	False	[0 1 1 0 0 0 0 0 0 0 0 1 0 0 0]	[0 0 1 1 0 1 0 1 0 0 0 0 0 0 0]	[1 0 0]	[0 0 1]
6	-1.0	8.274873733520508	2.7591466903686523	2.7630715370178223	1.380241870880127	1.3724132776260376	False	[0 1 0 0 0 0 0 0 0 0 0 1 0 0 0]	[0 0 1 1 0 1 1 1 0 0 0 0 0 0 0]	[1 0 1]	[0 0 0]
6	-1.0	8.27176284790039	2.759168863296509	2.758500814437866	1.3790326118469238	1.3750609159469604	False	[0 1 1 0 0 0 0 0 0 0 0 1 0 0 0]	[0 0 1 1 0 1 0 1 0 0 0 0 0 0 0]	[1 0 0]	[0 0 1]
6	-1.0	8.266252517700195	2.7570438385009766	2.75966215133667	1.380039095878601	1.3695068359375	False	[0 1 0 0 0 0 0 0 0 0 0 1 0 0 0]	[0 0 1 1 0 1 1 1 0 0 0 0 0 0 0]	[1 0 1]	[0 0 0]
6	-1.0	8.275920867919922	2.75966477394104	2.759845733642578	1.3791782855987549	1.377232313156128	False	[0 1 1 0 0 0 0 0 0 0 0 1 0 0 0]	[0 0 1 1 0 1 0 1 0 0 0 0 0 0 0]	[1 0 0]	[0 0 1]
6	-1.0	8.272780418395996	2.758383274078369	2.7622671127319336	1.3800128698349	1.3721174001693726	False	[0 1 0 0 0 0 0 0 0 0 0 1 0 0 0]	[0 0 1 1 0 1 1 1 0 0 0 0 0 0 0]	[1 0 1]	[0 0 0]
6	-1.0	8.27351188659668	2.759373188018799	2.7582848072052	1.37769615650177	1.3781572580337524	False	[0 1 1 0 0 0 0 0 0 0 0 1 0 0 0]	[0 0 1 1 0 1 0 1 0 0 0 0 0 0 0]	[1 0 0]	[0 0 1]
6	-1.0	8.271819114685059	2.758527994155884	2.7623870372772217	1.3799200057983398	1.3709840774536133	False	[0 1 0 0 0 0 0 0 0 0 0 1 0 0 0]	[0 0 1 1 0 1 1 1 0 0 0 0 0 0 0]	[1 0 1]	[0 0 0]
6	-1.0	8.277547836303711	2.760603427886963	2.7603378295898438	1.378928303718567	1.3776785135269165	False	[0 1 1 0 0 0 0 0 0 0 0 1 0 0 0]	[0 0 1 1 0 1 0 1 0 0 0 0 0 0 0]	[1 0 0]	[0 0 1]
6	-1.0	8.268321990966797	2.7574727535247803	2.76072096824646	1.3792035579681396	1.3709253072738647	False	[0 1 0 0 0 0 0 0 0 0 0 1 0 0 0]	[0 0 1 1 0 1 1 1 0 0 0 0 0 0 0]	[1 0 1]	[0 0 0]
6	-1.0	8.280021667480469	2.7611732482910156	2.761467933654785	1.3794275522232056	1.3779525756835938	False	[0 1 1 0 0 0 0 0 0 0 0 1 0 0 0]	[0 0 1 1 0 1 0 1 0 0 0 0 0 0 0]	[1 0 0]	[0 0 1]
6	-1.0	8.2705659866333	2.7585208415985107	2.761719226837158	1.380592703819275	1.369733214378357	False	[0 1 0 0 0 0 0 0 0 0 0 1 0 0 0]	[0 0 1 1 0 1 1 1 0 0 0 0 0 0 0]	[1 0 1]	[0 0 0]
6	-1.0	8.276606559753418	2.7600154876708984	2.7608211040496826	1.3790388107299805	1.376731276512146	False	[0 1 1 0 0 0 0 0 0 0 0 1 0 0 0]	[0 0 1 1 0 1 0 1 0 0 0 0 0 0 0]	[1 0 0]	[0 0 1]
6	-1.0	8.271259307861328	2.7577195167541504	2.7619833946228027	1.3800485134124756	1.3715075254440308	False	[0 1 0 0 0 0 0 0 0 0 0 1 0 0 0]	[0 0 1 1 0 1 1 1 0 0 0 0 0 0 0]	[1 0 1]	[0 0 0]
6	-1.0	8.278168678283691	2.760847330093384	2.760878086090088	1.3803417682647705	1.3761017322540283	False	[0 1 1 0 0 0 0 0 0 0 0 1 0 0 0]	[0 0 1 1 0 1 0 1 0 0 0 0 0 0 0]	[1 0 0]	[0 0 1]
