# num_workers = 7
# num_cells = 256
# seed_for_environment = 1234567
# lr = 0.0003
# max_grad_norm = 1.0
# eval_rollout_length = 30
# scaling_factor = 1000
# frames_per_batch = 500
# sub_batch_size = 64
# num_epochs = 15
# clip_epsilon = 0.2
# gamma = 0.99
# lmbda = 0.95
# entropy_eps = 0.003
# env_reward_engineering = True
# env_minimum_number_of_qubits = 8
# log_name = search_9_6_seed_1234567
# env_error_range = linear5
# env_version = qecc/bbcode-ldpc-v0
# env_bit_flipping = True
# env_l = 9
# env_m = 6
# env_use_dict_observation = True
# env_number_of_decoder_iterations = 50
# env_number_of_samples = 50
# env_code_logging = False
# model_architecture = hybrid
# model_surrogate_model_path = /vol/bitbucket/osella/rl-qecc-data//supervisedLearning/2026-07-12_21-15-58/surrogate_6x6.pth
# model_use_pretrained_encoder = True
# index_to_unfreeze_encoder_updates = 10
# encoder_lr_factor = 0.1
# training_device = cpu
# Resolved arguments:
# Resolved_env_reward_engineering = True
# Resolved_env_bit_flipping = True
# Resolved_env_useDictObservation = True
# Resolved_env_code_logging = False
# Resolved_env_error_range = [np.float64(0.0001), np.float64(0.025075), np.float64(0.05005), np.float64(0.075025), np.float64(0.1)]
# Resolved_model_use_pretrained_encoder = True
# Resolved_trainingDevice = cpu
# Resolved_model_architecture = hybrid
# Just for information, not used in actual run: SLURM CPUS queried from os environment: 96
# Number of workers: 7
# Does torch identify cuda: False
evaluation number	reward	policy entropy	policy entropy aX	policy entropy bX	policy entropy aY	policy entropy bY	Encoder freeze	postAction_aX	postAction_bX	postAction_aY	postAction_bY
0	-0.75	8.317764282226562	2.2599892616271973	2.275649309158325	1.8730288743972778	1.9090967178344727	True	[0 0 0 0 0 0 0 0 1]	[0 0 0 0 1 0 0 0 0]	[1 0 0 0 0 0]	[0 0 0 0 0 1]
0	-0.5	8.38632869720459	2.2713563442230225	2.273277521133423	1.9062579870224	1.935436487197876	True	[0 0 0 0 0 0 0 0 0]	[0 0 0 0 0 0 0 0 0]	[1 0 0 1 0 0]	[0 0 0 0 0 0]
0	-0.75	8.322134017944336	2.260423421859741	2.2763593196868896	1.869145393371582	1.916205883026123	True	[0 0 0 0 0 0 0 0 1]	[0 0 0 0 1 0 0 0 0]	[0 0 0 1 0 0]	[0 0 0 0 0 1]
0	-0.5	8.408707618713379	2.2769734859466553	2.2807395458221436	1.9129962921142578	1.9379982948303223	True	[0 0 0 0 0 0 0 0 0]	[0 0 0 0 0 0 0 0 0]	[1 0 0 1 0 0]	[0 0 0 0 0 0]
0	-0.75	8.324930191040039	2.257619857788086	2.276944398880005	1.8761240243911743	1.9142425060272217	True	[0 0 0 0 0 0 0 0 1]	[0 0 0 0 1 0 0 0 0]	[0 0 0 1 0 0]	[0 0 0 0 0 1]
0	-1.0	8.400749206542969	2.2786402702331543	2.279677629470825	1.9059369564056396	1.9364936351776123	True	[0 0 0 0 0 0 0 0 0]	[0 0 0 0 0 0 0 0 0]	[0 0 0 0 0 0]	[0 0 0 0 0 0]
0	-0.75	8.316933631896973	2.2602059841156006	2.2742369174957275	1.8738362789154053	1.908653974533081	True	[0 0 0 0 0 0 0 0 1]	[0 0 0 0 1 0 0 0 0]	[1 0 0 0 0 0]	[0 0 0 0 0 1]
0	-0.5	8.399417877197266	2.2752537727355957	2.2769484519958496	1.9100830554962158	1.9371323585510254	True	[0 0 0 0 0 0 0 0 0]	[0 0 0 0 0 0 0 0 0]	[1 0 0 1 0 0]	[0 0 0 0 0 0]
0	-0.75	8.326684951782227	2.259397506713867	2.276294469833374	1.8764625787734985	1.9145305156707764	True	[0 0 0 0 0 0 0 0 1]	[0 0 0 0 1 0 0 0 0]	[0 0 0 1 0 0]	[0 0 0 0 0 1]
0	-0.5	8.439984321594238	2.2852957248687744	2.2849061489105225	1.9289829730987549	1.9407997131347656	True	[0 0 0 0 1 0 0 0 1]	[0 0 0 0 0 0 0 0 0]	[0 0 0 0 0 0]	[0 0 0 0 0 0]
0	-0.75	8.319835662841797	2.2640111446380615	2.2741611003875732	1.874316930770874	1.9073463678359985	True	[0 0 0 0 1 0 0 0 0]	[0 0 0 0 1 0 0 0 0]	[1 0 0 0 0 0]	[0 0 0 0 0 1]
0	-0.5	8.390898704528809	2.2725658416748047	2.2828214168548584	1.898295521736145	1.937215805053711	True	[0 0 0 0 1 0 0 0 1]	[0 0 0 0 0 0 0 0 0]	[1 0 0 1 0 0]	[0 0 0 0 0 0]
0	-0.75	8.326781272888184	2.2668817043304443	2.2694451808929443	1.879598617553711	1.9108556509017944	True	[0 0 0 0 1 0 0 0 0]	[0 0 0 0 1 0 0 0 0]	[0 0 0 1 0 0]	[0 0 0 0 0 1]
0	-0.5	8.452431678771973	2.288318634033203	2.291299819946289	1.928694248199463	1.9441187381744385	True	[0 0 0 0 1 0 0 0 1]	[0 0 0 0 0 0 0 0 0]	[0 0 0 0 0 0]	[0 0 0 0 0 0]
0	-0.75	8.342024803161621	2.2665445804595947	2.2770373821258545	1.8864519596099854	1.9119911193847656	True	[0 0 0 0 1 0 0 0 0]	[0 0 0 0 1 0 0 0 0]	[1 0 0 0 0 0]	[0 0 0 0 0 1]
0	-0.5	8.38357162475586	2.2714290618896484	2.2809367179870605	1.8952202796936035	1.9359853267669678	True	[0 0 0 0 1 0 0 0 1]	[0 0 0 0 0 0 0 0 0]	[1 0 0 1 0 0]	[0 0 0 0 0 0]
0	-0.75	8.328198432922363	2.265507936477661	2.2671499252319336	1.8827027082443237	1.912838101387024	True	[0 0 0 0 1 0 0 0 0]	[0 0 0 0 1 0 0 0 0]	[0 0 0 1 0 0]	[0 0 0 0 0 1]
0	-1.0	8.453272819519043	2.2886900901794434	2.2911999225616455	1.929632306098938	1.9437506198883057	True	[0 0 0 0 0 0 0 0 0]	[0 0 0 0 0 0 0 0 0]	[0 0 0 0 0 0]	[0 0 0 0 0 0]
0	-0.75	8.316184997558594	2.261596202850342	2.2742576599121094	1.8700511455535889	1.9102797508239746	True	[0 0 0 0 0 0 0 0 1]	[0 0 0 0 1 0 0 0 0]	[1 0 0 0 0 0]	[0 0 0 0 0 1]
0	-1.0	8.400635719299316	2.27915358543396	2.2764766216278076	1.9090187549591064	1.9359866380691528	True	[0 0 0 0 0 0 0 0 0]	[0 0 0 0 0 0 0 0 0]	[0 0 0 0 0 0]	[0 0 0 0 0 0]
0	-0.75	8.318350791931152	2.2600255012512207	2.2746453285217285	1.8722724914550781	1.9114071130752563	True	[0 0 0 0 0 0 0 0 1]	[0 0 0 0 1 0 0 0 0]	[1 0 0 0 0 0]	[0 0 0 0 0 1]
0	-0.5	8.419597625732422	2.280428171157837	2.2811648845672607	1.9188870191574097	1.9391170740127563	True	[0 0 0 0 0 0 0 0 0]	[0 0 0 0 0 0 0 0 0]	[1 0 0 1 0 0]	[0 0 0 0 0 0]
0	-0.75	8.326233863830566	2.2619760036468506	2.2745425701141357	1.8757680654525757	1.9139469861984253	True	[0 0 0 0 0 0 0 0 1]	[0 0 0 0 1 0 0 0 0]	[0 0 0 1 0 0]	[0 0 0 0 0 1]
0	-1.0	8.397018432617188	2.273463249206543	2.278895854949951	1.909019112586975	1.9356400966644287	True	[0 0 0 0 0 0 0 0 0]	[0 0 0 0 0 0 0 0 0]	[0 0 0 0 0 0]	[0 0 0 0 0 0]
0	-0.75	8.316686630249023	2.259366750717163	2.273744821548462	1.8714406490325928	1.9121346473693848	True	[0 0 0 0 0 0 0 0 1]	[0 0 0 0 1 0 0 0 0]	[1 0 0 0 0 0]	[0 0 0 0 0 1]
0	-0.5	8.407193183898926	2.276780128479004	2.2787094116210938	1.914131999015808	1.9375711679458618	True	[0 0 0 0 0 0 0 0 0]	[0 0 0 0 0 0 0 0 0]	[1 0 0 1 0 0]	[0 0 0 0 0 0]
0	-0.75	8.319828033447266	2.257796049118042	2.274718999862671	1.873916745185852	1.913395881652832	True	[0 0 0 0 0 0 0 0 1]	[0 0 0 0 1 0 0 0 0]	[0 0 0 1 0 0]	[0 0 0 0 0 1]
0	-1.0	8.420051574707031	2.2804672718048096	2.2803924083709717	1.9207139015197754	1.9384775161743164	True	[0 0 0 0 0 0 0 0 0]	[0 0 0 0 0 0 0 0 0]	[0 0 0 0 0 0]	[0 0 0 0 0 0]
0	-0.75	8.318211555480957	2.261770725250244	2.2736902236938477	1.8715863227844238	1.9111645221710205	True	[0 0 0 0 0 0 0 0 1]	[0 0 0 0 1 0 0 0 0]	[1 0 0 0 0 0]	[0 0 0 0 0 1]
0	-0.5	8.392038345336914	2.2755043506622314	2.2734007835388184	1.907745361328125	1.9353877305984497	True	[0 0 0 0 0 0 0 0 0]	[0 0 0 0 0 0 0 0 0]	[1 0 0 1 0 0]	[0 0 0 0 0 0]
