# num_workers = 7
# num_cells = 256
# seed_for_environment = 1732050
# lr = 0.0003
# max_grad_norm = 1.0
# eval_rollout_length = 30
# scaling_factor = 1000
# frames_per_batch = 500
# sub_batch_size = 64
# num_epochs = 15
# clip_epsilon = 0.2
# gamma = 0.99
# lmbda = 0.95
# entropy_eps = 0.03
# env_reward_engineering = True
# env_minimum_number_of_qubits = 8
# log_name = search_9_6_seed_1732050
# env_error_range = geometric5
# env_version = qecc/bbcode-ldpc-v0
# env_bit_flipping = True
# env_l = 9
# env_m = 6
# env_use_dict_observation = True
# env_number_of_decoder_iterations = 50
# env_number_of_samples = 50
# env_code_logging = False
# env_reset_type = random3
# model_architecture = hybrid
# model_surrogate_model_path = /vol/bitbucket/osella/rl-qecc-data//supervisedLearning/2026-07-12_21-15-58/surrogate_6x6.pth
# model_use_pretrained_encoder = True
# index_to_unfreeze_encoder_updates = 20
# encoder_lr_factor = 0.1
# training_device = cpu
# Resolved arguments:
# Resolved_env_reward_engineering = True
# Resolved_env_bit_flipping = True
# Resolved_env_useDictObservation = True
# Resolved_env_code_logging = False
# Resolved_env_reset_type = random3
# Resolved_env_error_range = [np.float64(0.001), np.float64(0.003162), np.float64(0.01), np.float64(0.031623), np.float64(0.1)]
# Resolved_model_use_pretrained_encoder = True
# Resolved_trainingDevice = cpu
# Resolved_model_architecture = hybrid
# Just for information, not used in actual run: SLURM CPUS queried from os environment: 96
# Number of workers: 7
# Does torch identify cuda: False
evaluation number	reward	policy entropy	policy entropy aX	policy entropy bX	policy entropy aY	policy entropy bY	Encoder freeze	postAction_aX	postAction_bX	postAction_aY	postAction_bY
0	-1.0	8.415842056274414	2.2753312587738037	2.2773661613464355	1.9330286979675293	1.9301161766052246	True	[0 0 0 0 0 1 1 1 0]	[0 0 0 0 1 0 0 0 0]	[0 0 1 1 0 0]	[0 1 0 0 1 0]
0	-1.0	8.420655250549316	2.282167911529541	2.2818984985351562	1.924848198890686	1.931740403175354	True	[0 0 0 1 0 1 1 1 0]	[0 0 0 0 0 0 0 0 0]	[0 0 1 0 0 0]	[0 1 0 0 0 0]
0	-1.0	8.42424488067627	2.275818347930908	2.2827255725860596	1.932072639465332	1.9336278438568115	True	[0 0 0 0 0 1 1 1 0]	[0 0 0 0 1 0 0 0 0]	[0 0 1 1 0 0]	[0 1 0 0 0 0]
0	-1.0	8.428125381469727	2.282691717147827	2.2831106185913086	1.9299535751342773	1.9323694705963135	True	[0 0 0 1 0 1 1 1 0]	[0 0 0 0 0 0 0 0 0]	[0 0 1 0 0 0]	[0 1 0 0 0 0]
0	-1.0	8.427212715148926	2.2799901962280273	2.28236722946167	1.9304345846176147	1.9344209432601929	True	[0 0 0 0 0 1 1 1 0]	[0 0 0 0 1 0 0 0 0]	[0 0 1 1 0 0]	[0 1 0 0 0 0]
0	-1.0	8.42445182800293	2.2834880352020264	2.2802562713623047	1.9322972297668457	1.9284098148345947	True	[0 0 0 1 0 1 1 1 0]	[0 0 0 0 0 0 0 0 0]	[0 0 1 0 0 0]	[0 1 0 0 0 0]
0	-1.0	8.425655364990234	2.2789347171783447	2.2806432247161865	1.9312987327575684	1.9347789287567139	True	[0 0 0 0 0 1 1 1 0]	[0 0 0 0 1 0 0 0 0]	[0 0 1 1 0 0]	[0 1 0 0 0 0]
0	-1.0	8.426682472229004	2.2815592288970947	2.2804346084594727	1.9339717626571655	1.930716872215271	True	[0 0 0 1 0 1 1 1 0]	[0 0 0 0 0 0 0 0 0]	[0 0 1 0 0 0]	[0 1 0 0 0 0]
0	-1.0	8.433609008789062	2.2814714908599854	2.282291889190674	1.9343721866607666	1.9354737997055054	True	[0 0 0 0 0 1 1 1 0]	[0 0 0 0 1 0 0 0 0]	[0 0 1 1 0 0]	[0 1 0 0 0 0]
0	-1.0	8.430591583251953	2.283460855484009	2.281506299972534	1.9326119422912598	1.9330129623413086	True	[0 0 0 1 0 1 1 1 0]	[0 0 0 0 0 0 0 0 0]	[0 0 1 0 0 0]	[0 1 0 0 0 0]
0	-1.0	8.423060417175293	2.2762808799743652	2.2807562351226807	1.932035207748413	1.9339872598648071	True	[0 0 0 0 0 1 1 1 0]	[0 0 0 0 1 0 0 0 0]	[0 0 1 1 0 0]	[0 1 0 0 0 0]
0	-1.0	8.429917335510254	2.2856452465057373	2.2859530448913574	1.9303648471832275	1.9279544353485107	True	[0 0 0 1 0 1 1 1 0]	[0 0 0 0 0 0 0 0 0]	[0 0 1 0 0 0]	[0 1 0 0 0 0]
0	-1.0	8.433462142944336	2.280299425125122	2.2847440242767334	1.9331284761428833	1.935290813446045	True	[0 0 0 0 0 1 1 1 0]	[0 0 0 0 1 0 0 0 0]	[0 0 1 1 0 0]	[0 1 0 0 1 0]
0	-1.0	8.426057815551758	2.282670736312866	2.2843077182769775	1.9254369735717773	1.9336419105529785	True	[0 0 0 1 0 1 1 1 0]	[0 0 0 0 0 0 0 0 0]	[0 0 1 0 0 0]	[0 1 0 0 0 0]
0	-1.0	8.432113647460938	2.2809269428253174	2.282827377319336	1.9343446493148804	1.9340147972106934	True	[0 0 0 0 0 1 1 1 0]	[0 0 0 0 1 0 0 0 0]	[0 0 1 1 0 0]	[0 1 0 0 0 0]
0	-1.0	8.427144050598145	2.282891035079956	2.2831296920776367	1.9317604303359985	1.929362416267395	True	[0 0 0 1 0 1 1 1 0]	[0 0 0 0 0 0 0 0 0]	[0 0 1 0 0 0]	[0 1 0 0 0 0]
0	-1.0	8.434845924377441	2.281568765640259	2.2849111557006836	1.9324541091918945	1.9359123706817627	True	[0 0 0 0 0 1 1 1 0]	[0 0 0 0 1 0 0 0 0]	[0 0 1 1 0 0]	[0 1 0 0 0 0]
0	-1.0	8.423500061035156	2.282355785369873	2.2836852073669434	1.929175853729248	1.9282830953598022	True	[0 0 0 1 0 1 1 1 0]	[0 0 0 0 0 0 0 0 0]	[0 0 1 0 0 0]	[0 1 0 0 0 0]
0	-1.0	8.427529335021973	2.2783565521240234	2.285423517227173	1.9316478967666626	1.9321019649505615	True	[0 0 0 0 0 1 1 1 0]	[0 0 0 0 1 0 0 0 0]	[0 0 1 1 0 0]	[0 1 0 0 0 0]
0	-1.0	8.423294067382812	2.281557559967041	2.279299259185791	1.9319167137145996	1.9305206537246704	True	[0 0 0 1 0 1 1 1 0]	[0 0 0 0 0 0 0 0 0]	[0 0 1 0 0 0]	[0 1 0 0 0 0]
0	-1.0	8.428544044494629	2.279160976409912	2.281890392303467	1.9309089183807373	1.9365835189819336	True	[0 0 0 0 0 1 1 1 0]	[0 0 0 0 1 0 0 0 0]	[0 0 1 1 0 0]	[0 1 0 0 0 0]
0	-1.0	8.419487953186035	2.2791972160339355	2.280447006225586	1.9311550855636597	1.9286887645721436	True	[0 0 0 1 0 1 1 1 0]	[0 0 0 0 0 0 0 0 0]	[0 0 1 0 0 0]	[0 1 0 0 0 0]
0	-1.0	8.428277015686035	2.2805020809173584	2.2822265625	1.9308809041976929	1.9346672296524048	True	[0 0 0 0 0 1 1 1 0]	[0 0 0 0 1 0 0 0 0]	[0 0 1 1 0 0]	[0 1 0 0 0 0]
0	-1.0	8.427824020385742	2.282991886138916	2.2829885482788086	1.9315105676651	1.930333137512207	True	[0 0 0 1 0 1 1 1 0]	[0 0 0 0 0 0 0 0 0]	[0 0 1 0 0 0]	[0 1 0 0 0 0]
0	-1.0	8.432795524597168	2.281160831451416	2.2871952056884766	1.931151032447815	1.9332889318466187	True	[0 0 0 0 0 1 1 1 0]	[0 0 0 0 1 0 0 0 0]	[0 0 1 1 0 0]	[0 1 0 0 0 0]
0	-1.0	8.427889823913574	2.2828333377838135	2.281956434249878	1.9319943189620972	1.9311052560806274	True	[0 0 0 1 0 1 1 1 0]	[0 0 0 0 0 0 0 0 0]	[0 0 1 0 0 0]	[0 1 0 0 0 0]
0	-1.0	8.421107292175293	2.2752418518066406	2.2807490825653076	1.928401231765747	1.9367154836654663	True	[0 0 0 0 0 1 1 1 0]	[0 0 0 0 1 0 0 0 0]	[0 0 1 1 0 0]	[0 1 0 0 0 0]
0	-1.0	8.430612564086914	2.2832958698272705	2.284114122390747	1.930798888206482	1.9324039220809937	True	[0 0 0 1 0 1 1 1 0]	[0 0 0 0 0 0 0 0 0]	[0 0 1 0 0 0]	[0 1 0 0 0 0]
0	-1.0	8.428486824035645	2.2793235778808594	2.2815327644348145	1.9307211637496948	1.9369090795516968	True	[0 0 0 0 0 1 1 1 0]	[0 0 0 0 1 0 0 0 0]	[0 0 1 1 0 0]	[0 1 0 0 0 0]
0	-1.0	8.425213813781738	2.2819714546203613	2.2810111045837402	1.9311268329620361	1.931104302406311	True	[0 0 0 1 0 1 1 1 0]	[0 0 0 0 0 0 0 0 0]	[0 0 1 0 0 0]	[0 1 0 0 0 0]
1	-1.0	7.93349027633667	2.0861644744873047	2.202613353729248	1.7926629781723022	1.852049469947815	True	[1 0 0 0 0 0 1 0 0]	[0 0 0 1 0 1 1 1 0]	[1 1 0 0 1 0]	[0 0 1 1 0 1]
1	-1.0	7.974302291870117	2.1237480640411377	2.2060813903808594	1.8675639629364014	1.7769091129302979	True	[1 0 0 0 0 0 0 0 0]	[0 0 0 1 0 0 1 1 0]	[1 1 0 0 0 0]	[0 0 1 1 0 1]
1	-1.0	8.031352043151855	2.129533290863037	2.2287302017211914	1.8105555772781372	1.8625327348709106	True	[1 0 0 0 0 0 1 0 0]	[0 0 0 1 1 0 1 1 0]	[1 1 0 0 1 0]	[0 0 1 1 0 1]
1	-1.0	7.993319511413574	2.1319987773895264	2.209815263748169	1.8760312795639038	1.775473952293396	True	[1 0 0 0 0 0 0 0 0]	[0 0 0 1 1 0 0 1 0]	[1 1 0 0 0 0]	[0 0 1 1 0 1]
1	-1.0	8.045364379882812	2.131098985671997	2.2209975719451904	1.8237414360046387	1.8695263862609863	True	[1 0 0 0 0 0 1 0 0]	[0 0 0 1 0 0 0 1 0]	[1 1 0 0 1 0]	[0 0 1 1 0 1]
1	-0.25	8.076841354370117	2.159040927886963	2.2267158031463623	1.8789074420928955	1.8121774196624756	True	[1 0 0 0 0 0 0 0 0]	[0 0 0 1 0 0 1 1 0]	[1 1 0 0 1 0]	[0 0 1 1 0 1]
1	-0.25	7.989894866943359	2.0774753093719482	2.178523540496826	1.856626033782959	1.8772704601287842	True	[1 1 0 0 0 0 0 0 0]	[0 0 0 1 1 0 1 1 0]	[1 1 0 0 0 0]	[0 0 1 0 0 1]
1	-0.75	8.143585205078125	2.1643385887145996	2.257089138031006	1.841495394706726	1.8806614875793457	True	[1 1 0 0 0 0 1 0 0]	[0 0 0 1 1 0 0 1 0]	[1 1 0 0 1 0]	[0 0 1 0 0 0]
1	-1.0	7.978837966918945	2.0565552711486816	2.214618682861328	1.828908920288086	1.87875497341156	True	[1 1 0 0 0 0 0 0 0]	[0 0 0 1 1 0 1 1 0]	[1 1 0 0 0 0]	[0 0 1 0 0 0]
1	-0.75	7.770241737365723	2.015059232711792	2.1956560611724854	1.7548978328704834	1.8046282529830933	True	[1 1 0 0 0 0 1 0 0]	[0 0 0 1 0 0 1 1 0]	[1 1 0 0 1 0]	[0 0 1 0 0 0]
1	-0.5	7.9459333419799805	2.037687301635742	2.212092399597168	1.8329228162765503	1.86323082447052	True	[1 1 0 0 0 0 0 0 0]	[0 0 0 1 0 0 0 1 0]	[1 1 0 0 0 0]	[0 0 1 0 0 0]
1	-1.0	7.841334342956543	2.0261547565460205	2.2278597354888916	1.7542784214019775	1.8330414295196533	True	[1 1 0 0 0 0 1 0 0]	[0 0 0 1 1 0 0 1 0]	[1 1 0 0 1 0]	[0 0 1 0 0 1]
1	-1.0	8.056747436523438	2.129908561706543	2.2184059619903564	1.884836196899414	1.823596477508545	True	[1 1 0 0 0 0 0 0 0]	[0 0 0 1 1 0 1 1 0]	[1 1 0 0 1 0]	[0 0 1 0 0 1]
1	-1.0	7.908968448638916	2.0570383071899414	2.2176737785339355	1.8182035684585571	1.816052794456482	True	[1 1 0 0 0 0 1 0 0]	[0 0 0 1 0 0 1 1 0]	[1 1 0 0 0 0]	[0 0 1 0 0 1]
1	-0.75	8.087984085083008	2.159651517868042	2.2035768032073975	1.8419978618621826	1.8827584981918335	True	[1 1 0 0 0 0 0 0 0]	[0 0 0 1 0 0 0 1 0]	[1 1 0 0 0 0]	[0 0 1 0 0 1]
1	-1.0	8.145820617675781	2.1603877544403076	2.250446319580078	1.8459864854812622	1.8890001773834229	True	[1 1 0 0 0 0 1 0 0]	[0 0 0 1 1 0 0 1 0]	[1 1 0 0 0 0]	[0 0 1 0 0 0]
1	-1.0	7.7883100509643555	2.034473180770874	2.1755423545837402	1.7933073043823242	1.7849876880645752	True	[1 1 0 0 0 0 0 0 0]	[0 0 0 1 1 0 1 1 0]	[1 1 0 0 1 0]	[0 0 1 0 0 0]
1	-0.5	7.8352766036987305	2.006962299346924	2.180335283279419	1.8024871349334717	1.8454915285110474	True	[1 1 0 0 0 0 1 0 0]	[0 0 0 1 0 0 1 1 0]	[1 1 0 0 0 0]	[0 0 1 0 0 0]
1	-1.0	7.900457382202148	2.0706357955932617	2.2002203464508057	1.79832124710083	1.8312803506851196	True	[1 1 0 0 0 0 0 0 0]	[0 0 0 1 0 0 0 1 0]	[1 1 0 0 1 0]	[0 0 1 0 0 1]
1	-1.0	8.142793655395508	2.1606264114379883	2.2299022674560547	1.8511276245117188	1.9011375904083252	True	[1 1 0 0 0 0 1 0 0]	[0 0 0 1 0 0 1 1 0]	[1 1 0 0 1 0]	[0 0 1 0 0 1]
1	-0.75	8.042272567749023	2.135891914367676	2.2213847637176514	1.8977484703063965	1.7872475385665894	True	[1 1 0 0 0 0 0 0 0]	[0 0 0 1 0 0 0 1 0]	[1 1 0 0 0 0]	[0 0 1 0 0 1]
1	-1.0	8.11599349975586	2.150784492492676	2.2502546310424805	1.842563509941101	1.8723912239074707	True	[1 1 0 0 0 0 1 0 0]	[0 0 0 1 0 1 0 1 0]	[1 1 0 0 0 0]	[0 0 1 0 0 0]
1	-1.0	7.793459892272949	2.041872978210449	2.1749088764190674	1.7890616655349731	1.7876169681549072	True	[1 1 0 0 0 0 0 0 0]	[0 0 0 1 0 1 1 1 0]	[1 1 0 0 1 0]	[0 0 1 0 0 0]
1	-1.0	7.855093002319336	2.0674448013305664	2.1867361068725586	1.7827025651931763	1.8182096481323242	True	[1 1 0 0 0 0 1 0 0]	[0 0 0 1 1 1 1 1 0]	[1 1 0 0 0 0]	[0 0 1 0 0 0]
1	-1.0	7.899685859680176	2.1097404956817627	2.196126937866211	1.815359115600586	1.7784593105316162	True	[1 1 0 0 0 0 0 0 0]	[0 0 0 1 1 1 0 1 0]	[1 1 0 0 1 0]	[0 0 1 0 0 0]
1	-1.0	7.79646635055542	2.004565954208374	2.183382272720337	1.786731243133545	1.8217869997024536	True	[1 1 0 0 0 0 1 0 0]	[0 0 0 1 0 1 0 1 0]	[1 1 0 0 0 0]	[0 0 1 0 0 0]
1	-1.0	7.896053314208984	2.1023876667022705	2.185117721557617	1.8071560859680176	1.8013923168182373	True	[1 1 0 0 0 0 0 0 0]	[0 0 0 1 0 1 1 1 0]	[1 1 0 0 1 0]	[0 0 1 0 0 0]
1	-1.0	7.856097221374512	2.0563533306121826	2.191216230392456	1.797123670578003	1.8114042282104492	True	[1 1 0 0 0 0 1 0 0]	[0 0 0 1 1 1 1 1 0]	[1 1 0 0 0 0]	[0 0 1 0 0 0]
1	-1.0	7.858147621154785	2.083533525466919	2.1990623474121094	1.8099807500839233	1.7655713558197021	True	[1 1 0 0 0 0 0 0 0]	[0 0 0 1 1 1 0 1 0]	[1 1 0 0 1 0]	[0 0 1 0 0 0]
1	-1.0	7.861815452575684	2.057861089706421	2.1786906719207764	1.7855733633041382	1.8396903276443481	True	[1 1 0 0 0 0 1 0 0]	[0 0 0 1 0 1 0 1 0]	[1 1 0 0 0 0]	[0 0 1 0 0 0]
2	-0.5	8.014654159545898	2.113579273223877	2.108630895614624	1.8790277242660522	1.9134165048599243	False	[1 0 1 0 0 0 0 0 0]	[0 0 0 1 1 0 0 0 0]	[0 1 0 0 0 1]	[1 0 1 0 0 0]
2	-0.75	7.795041084289551	2.0929157733917236	2.1746363639831543	1.8840481042861938	1.6434409618377686	False	[1 0 1 0 1 0 0 0 0]	[0 0 0 1 1 0 0 0 1]	[0 1 1 0 0 1]	[1 0 1 0 0 1]
2	-1.0	8.145318984985352	2.140418529510498	2.225158452987671	1.9203875064849854	1.859355092048645	False	[1 0 1 0 0 0 0 0 0]	[0 0 0 1 1 0 0 0 0]	[0 1 1 0 0 1]	[1 0 1 0 0 0]
2	-0.75	7.886587142944336	2.153916835784912	2.1854162216186523	1.806757926940918	1.740496277809143	False	[1 0 1 0 0 0 1 0 0]	[0 0 0 1 1 0 1 0 0]	[0 1 1 0 0 1]	[1 0 1 0 0 1]
2	-1.0	8.202049255371094	2.184722423553467	2.214778423309326	1.9238742589950562	1.8786735534667969	False	[1 0 1 0 0 0 0 0 0]	[0 0 0 1 1 0 0 0 0]	[0 1 1 1 0 1]	[1 0 1 0 0 1]
2	-1.0	7.981074333190918	2.1714847087860107	2.2028040885925293	1.8346796035766602	1.7721060514450073	False	[1 0 1 0 0 0 1 0 0]	[0 0 0 1 1 0 0 0 1]	[0 1 1 1 0 1]	[1 0 1 0 0 0]
2	0.35800179839134216	8.087910652160645	2.197967052459717	2.213798761367798	1.880389928817749	1.7957547903060913	False	[1 0 1 0 0 0 0 0 0]	[0 0 0 1 1 1 0 0 1]	[0 1 1 1 0 1]	[1 0 1 0 0 0]
2	-0.75	7.987521171569824	2.0856094360351562	2.210808277130127	1.8633415699005127	1.8277614116668701	False	[1 0 0 0 0 0 0 0 0]	[0 0 0 1 1 1 0 0 0]	[0 1 0 1 0 1]	[1 0 1 0 0 1]
2	-0.75	7.891888618469238	1.9941972494125366	2.1663219928741455	1.9026000499725342	1.8287699222564697	False	[1 1 0 0 0 0 0 0 0]	[0 0 0 1 1 1 0 0 1]	[0 1 1 1 0 1]	[1 0 1 0 0 0]
2	-0.75	8.053707122802734	2.118256092071533	2.221583604812622	1.877774953842163	1.8360917568206787	False	[1 1 0 0 0 0 1 0 0]	[0 0 0 1 1 1 0 0 0]	[0 1 0 1 0 1]	[1 0 1 0 0 1]
2	-0.5	8.035536766052246	2.0907320976257324	2.1965129375457764	1.8928043842315674	1.8554880619049072	False	[1 1 0 0 0 0 0 0 0]	[0 0 0 1 1 1 0 0 1]	[0 1 0 0 0 1]	[1 0 1 0 0 0]
2	-0.75	8.02599048614502	2.125352621078491	2.2196290493011475	1.8500850200653076	1.8309239149093628	False	[1 1 0 0 0 0 1 0 0]	[0 0 0 1 1 1 0 0 0]	[0 1 1 0 0 1]	[1 0 1 0 0 1]
2	-1.0	8.182489395141602	2.1608622074127197	2.2407703399658203	1.8930467367172241	1.8878107070922852	False	[1 1 0 0 0 0 0 0 0]	[0 0 0 1 0 1 0 0 0]	[0 1 1 1 0 1]	[1 0 1 0 0 1]
2	-0.5	8.082219123840332	2.135225534439087	2.229567766189575	1.89126718044281	1.8261582851409912	False	[1 1 0 0 0 0 1 0 0]	[0 0 0 1 0 1 0 0 1]	[0 1 1 1 0 1]	[1 0 1 0 0 1]
2	-1.0	8.15958023071289	2.1434199810028076	2.2522025108337402	1.9065786600112915	1.8573797941207886	False	[1 1 0 0 0 0 0 0 0]	[0 0 0 1 0 1 0 0 0]	[0 1 0 1 0 1]	[1 0 1 0 0 0]
2	-1.0	7.901742935180664	2.139780044555664	2.192237377166748	1.8199787139892578	1.749746561050415	False	[1 1 0 0 0 0 1 0 0]	[0 0 0 1 0 1 0 0 1]	[0 1 0 1 0 1]	[1 0 1 0 0 0]
2	-1.0	7.890183448791504	2.1278505325317383	2.1994051933288574	1.8339643478393555	1.7289636135101318	False	[1 1 0 0 0 0 0 0 0]	[0 0 0 1 0 1 0 0 0]	[0 1 0 1 0 1]	[1 0 1 0 0 0]
2	-1.0	7.8937225341796875	2.105499744415283	2.191614866256714	1.8232769966125488	1.7733314037322998	False	[1 1 0 0 0 0 1 0 0]	[0 0 0 1 0 1 0 0 1]	[0 1 0 1 0 1]	[1 0 1 0 0 0]
2	-1.0	7.9136271476745605	2.149477481842041	2.19911789894104	1.8430098295211792	1.7220216989517212	False	[1 1 0 0 0 0 0 0 0]	[0 0 0 1 0 1 0 0 0]	[0 1 0 1 0 1]	[1 0 1 0 0 0]
2	-1.0	7.959194183349609	2.1192715167999268	2.201205015182495	1.8613128662109375	1.7774046659469604	False	[1 1 0 0 0 0 1 0 0]	[0 0 0 1 0 1 0 0 1]	[0 1 0 1 0 1]	[1 0 1 0 0 0]
2	-1.0	7.962600231170654	2.1368963718414307	2.205404043197632	1.8569600582122803	1.7633395195007324	False	[1 1 0 0 0 0 0 0 0]	[0 0 0 1 0 1 0 0 0]	[0 1 0 1 0 1]	[1 0 1 0 0 0]
2	-1.0	7.926480770111084	2.154498338699341	2.188030242919922	1.8221796751022339	1.7617725133895874	False	[1 1 0 0 0 0 1 0 0]	[0 0 0 1 0 1 0 0 1]	[0 1 0 1 0 1]	[1 0 1 0 0 0]
2	-1.0	7.919248580932617	2.14439058303833	2.20773983001709	1.833889126777649	1.7332289218902588	False	[1 1 0 0 0 0 0 0 0]	[0 0 0 1 0 1 0 0 0]	[0 1 0 1 0 1]	[1 0 1 0 0 0]
2	-1.0	7.932155609130859	2.1244924068450928	2.210923910140991	1.8348146677017212	1.7619246244430542	False	[1 1 0 0 0 0 1 0 0]	[0 0 0 1 0 1 0 0 1]	[0 1 0 1 0 1]	[1 0 1 0 0 0]
2	-1.0	7.92476749420166	2.1379899978637695	2.206839084625244	1.8335613012313843	1.7463772296905518	False	[1 1 0 0 0 0 0 0 0]	[0 0 0 1 0 1 0 0 0]	[0 1 0 1 0 1]	[1 0 1 0 0 0]
2	-1.0	7.916003704071045	2.099390745162964	2.2018072605133057	1.8190183639526367	1.7957873344421387	False	[1 1 0 0 0 0 1 0 0]	[0 0 0 1 0 1 0 0 1]	[0 1 0 1 0 1]	[1 0 1 0 0 0]
2	-1.0	7.858520030975342	2.1233561038970947	2.195845603942871	1.81033456325531	1.728983998298645	False	[1 1 0 0 0 0 0 0 0]	[0 0 0 1 0 1 0 0 0]	[0 1 0 1 0 1]	[1 0 1 0 0 0]
2	-1.0	7.9293084144592285	2.1160881519317627	2.1981499195098877	1.8235645294189453	1.7915056943893433	False	[1 1 0 0 0 0 1 0 0]	[0 0 0 1 0 1 0 0 1]	[0 1 0 1 0 1]	[1 0 1 0 0 0]
2	-1.0	7.927727699279785	2.131119728088379	2.210667371749878	1.8346412181854248	1.7512987852096558	False	[1 1 0 0 0 0 0 0 0]	[0 0 0 1 0 1 0 0 0]	[0 1 0 1 0 1]	[1 0 1 0 0 0]
2	-1.0	7.914612770080566	2.109992027282715	2.1887378692626953	1.8493894338607788	1.766493320465088	False	[1 1 0 0 0 0 1 0 0]	[0 0 0 1 0 1 0 0 1]	[0 1 0 1 0 1]	[1 0 1 0 0 0]
3	-0.5	8.0112943649292	2.1911227703094482	2.198003053665161	1.8221254348754883	1.8000432252883911	False	[0 1 0 0 0 0 0 1 0]	[1 0 1 1 0 0 0 1 0]	[0 0 0 1 0 1]	[0 1 0 0 0 1]
3	-0.75	7.891470909118652	2.108426570892334	2.2207822799682617	1.793559193611145	1.768702745437622	False	[0 1 0 0 0 0 0 1 1]	[1 0 1 0 0 0 0 1 0]	[0 0 1 1 0 1]	[0 1 0 0 0 0]
3	0.39724022150039673	8.059791564941406	2.1810336112976074	2.23718523979187	1.851555347442627	1.7900171279907227	False	[0 1 0 0 0 0 0 1 0]	[1 0 1 1 0 0 0 1 0]	[0 0 1 0 0 1]	[0 1 0 0 0 1]
3	-0.75	7.563304901123047	2.049412488937378	2.1610260009765625	1.6405835151672363	1.712282419204712	False	[0 1 0 0 0 0 0 1 1]	[1 1 1 1 0 0 0 1 0]	[0 0 0 0 0 1]	[0 1 0 0 0 0]
3	0.391024112701416	8.078439712524414	2.1948373317718506	2.2325761318206787	1.8596186637878418	1.7914080619812012	False	[0 1 0 0 0 0 0 1 0]	[1 1 1 1 0 0 0 1 1]	[0 0 0 1 0 1]	[0 1 0 0 0 1]
3	-0.75	7.498117923736572	1.9853724241256714	2.1900956630706787	1.6203113794326782	1.7023388147354126	False	[0 1 0 0 1 0 0 1 0]	[1 1 0 1 0 0 0 1 1]	[0 0 1 1 0 1]	[0 1 0 0 0 0]
3	-0.25	7.996639251708984	2.1035757064819336	2.2405741214752197	1.8697457313537598	1.7827436923980713	False	[0 0 0 0 1 0 0 1 0]	[1 1 1 1 0 0 0 1 1]	[0 0 1 0 0 1]	[0 1 0 0 0 1]
3	-0.75	7.711530685424805	2.0576181411743164	2.2071573734283447	1.7075717449188232	1.7391833066940308	False	[0 0 0 0 1 0 0 1 1]	[1 1 0 1 0 0 0 1 1]	[0 0 0 0 0 1]	[0 1 0 0 0 0]
3	-0.5	7.997751712799072	2.12109637260437	2.2113454341888428	1.8500515222549438	1.8152583837509155	False	[0 1 0 0 1 0 0 1 1]	[1 1 0 1 0 0 0 1 0]	[0 0 0 1 0 1]	[0 1 0 0 0 1]
3	-0.75	7.897552013397217	2.121487617492676	2.2005488872528076	1.7653504610061646	1.8101649284362793	False	[0 1 0 0 1 0 0 1 0]	[1 1 0 0 0 0 0 1 0]	[0 0 1 1 0 1]	[0 1 0 0 0 0]
3	-0.75	7.962980270385742	2.17594313621521	2.207016944885254	1.803743600845337	1.7762768268585205	False	[0 1 0 0 1 0 0 1 1]	[1 1 0 1 0 0 0 1 0]	[0 0 1 0 0 1]	[0 1 0 0 0 1]
3	-0.75	7.988476753234863	2.147847890853882	2.210519790649414	1.8276312351226807	1.8024779558181763	False	[0 1 0 0 1 0 0 1 0]	[1 1 0 0 0 0 0 1 0]	[0 0 0 0 0 1]	[0 1 0 0 0 0]
3	-0.5	7.974623203277588	2.185349464416504	2.187333345413208	1.7974456548690796	1.8044947385787964	False	[0 1 0 0 1 0 0 1 1]	[1 1 0 1 0 0 0 1 0]	[0 0 0 1 0 1]	[0 1 0 0 0 1]
3	-0.75	7.889655113220215	2.122196912765503	2.2084412574768066	1.7780189514160156	1.7809979915618896	False	[0 1 0 0 1 0 0 1 0]	[1 1 0 0 0 0 0 1 0]	[0 0 1 1 0 1]	[0 1 0 0 0 0]
3	-0.75	7.999973297119141	2.187857151031494	2.2237977981567383	1.815596580505371	1.772721529006958	False	[0 1 0 0 1 0 0 1 1]	[1 1 0 1 0 0 0 1 0]	[0 0 1 0 0 1]	[0 1 0 0 0 1]
3	-0.75	8.00278377532959	2.1534931659698486	2.208024024963379	1.8188039064407349	1.8224631547927856	False	[0 1 0 0 1 0 0 1 0]	[1 1 0 0 0 0 0 1 0]	[0 0 0 0 0 1]	[0 1 0 0 0 0]
3	-0.5	7.9138288497924805	2.1701202392578125	2.1717910766601562	1.7713152170181274	1.8006021976470947	False	[0 1 0 0 1 0 0 1 1]	[1 1 0 1 0 0 0 1 0]	[0 0 0 1 0 1]	[0 1 0 0 0 1]
3	-0.75	7.9222517013549805	2.1301369667053223	2.2142560482025146	1.7875896692276	1.7902696132659912	False	[0 1 0 0 1 0 0 1 0]	[1 1 0 0 0 0 0 1 0]	[0 0 1 1 0 1]	[0 1 0 0 0 0]
3	-0.75	7.993106365203857	2.181683301925659	2.2060062885284424	1.8305259943008423	1.7748910188674927	False	[0 1 0 0 1 0 0 1 1]	[1 1 0 1 0 0 0 1 0]	[0 0 1 0 0 1]	[0 1 0 0 0 1]
3	-0.75	7.975492000579834	2.14088773727417	2.201540946960449	1.8170156478881836	1.8160476684570312	False	[0 0 0 0 1 0 0 1 1]	[1 1 0 0 0 0 0 1 0]	[0 0 1 1 0 1]	[0 1 0 0 0 0]
3	-0.25	7.994849681854248	2.182358980178833	2.2081615924835205	1.8272478580474854	1.77708101272583	False	[0 0 0 0 1 0 0 1 0]	[1 1 0 1 0 0 0 1 0]	[0 0 1 0 0 1]	[0 1 0 0 0 1]
3	-0.75	7.688599109649658	2.0154569149017334	2.211414337158203	1.707059383392334	1.754668116569519	False	[0 0 0 0 0 0 0 1 0]	[1 0 0 1 0 0 0 1 0]	[0 0 0 0 0 1]	[0 1 0 0 0 0]
3	-0.5	7.852658748626709	2.176708936691284	2.15995717048645	1.7184836864471436	1.7975088357925415	False	[0 0 0 0 0 0 0 1 1]	[1 0 0 0 0 0 0 1 0]	[0 0 0 1 0 1]	[0 1 0 0 0 1]
3	-0.75	7.763829231262207	2.092874526977539	2.124488353729248	1.7767795324325562	1.7696864604949951	False	[0 0 0 0 0 0 0 1 0]	[1 0 0 1 0 0 0 1 0]	[0 0 0 0 0 1]	[0 1 0 0 0 0]
3	-0.5	7.912389755249023	2.191620111465454	2.176300525665283	1.7239187955856323	1.8205499649047852	False	[0 0 0 0 0 0 0 1 1]	[1 0 0 0 0 0 0 1 0]	[0 0 0 1 0 1]	[0 1 0 0 0 1]
3	-0.75	7.81949520111084	2.117328405380249	2.1454663276672363	1.7803963422775269	1.776304006576538	False	[0 0 0 0 0 0 0 1 0]	[1 0 0 1 0 0 0 1 0]	[0 0 0 0 0 1]	[0 1 0 0 0 0]
3	-0.5	7.848724842071533	2.175281286239624	2.165626049041748	1.7048213481903076	1.802996277809143	False	[0 1 0 0 0 0 0 1 0]	[1 0 0 0 0 0 0 1 0]	[0 0 0 1 0 1]	[0 1 0 0 0 1]
3	-0.25	7.768260955810547	2.068981409072876	2.1388401985168457	1.7705800533294678	1.7898586988449097	False	[0 1 0 0 0 0 0 1 1]	[1 0 0 1 0 0 0 1 0]	[0 0 0 0 0 1]	[0 1 0 0 0 0]
3	-0.5	7.763492107391357	2.16031551361084	2.1864352226257324	1.7137672901153564	1.7029739618301392	False	[0 1 0 0 0 0 0 1 0]	[1 0 0 0 0 0 0 1 0]	[0 0 0 1 0 1]	[0 1 0 0 0 1]
3	-0.25	7.738236904144287	2.0505669116973877	2.1288187503814697	1.7732089757919312	1.785642147064209	False	[0 1 0 0 0 0 0 1 1]	[1 0 0 1 0 0 0 1 0]	[0 0 0 0 0 1]	[0 1 0 0 0 0]
4	-0.75	7.726077556610107	2.0715548992156982	2.1997015476226807	1.677711844444275	1.777109146118164	False	[0 0 0 0 1 0 0 0 0]	[0 0 0 1 1 0 0 1 1]	[0 0 1 1 1 0]	[0 0 1 0 1 0]
4	-0.25	7.558485507965088	2.0446619987487793	2.1663904190063477	1.5498476028442383	1.7975854873657227	False	[0 1 0 0 1 0 0 0 0]	[0 0 1 1 1 0 0 1 1]	[0 0 0 1 1 0]	[0 0 1 0 1 1]
4	-0.5	7.523830413818359	2.0127992630004883	2.088444709777832	1.6570931673049927	1.7654935121536255	False	[0 1 0 0 0 0 0 0 0]	[1 0 1 1 1 0 0 1 1]	[0 0 0 0 1 0]	[0 0 1 0 1 0]
4	-0.75	7.622856140136719	2.006051778793335	2.1557955741882324	1.6643707752227783	1.7966386079788208	False	[0 1 0 0 1 0 0 0 0]	[1 0 1 1 1 0 0 0 1]	[0 0 1 0 1 0]	[0 0 1 0 1 1]
4	0.32257118821144104	7.636144638061523	2.041520357131958	2.17085862159729	1.6071643829345703	1.816601276397705	False	[0 0 0 0 1 0 0 0 0]	[1 0 0 1 1 0 0 0 1]	[0 0 0 0 1 0]	[0 0 1 0 1 0]
4	-0.75	7.37326192855835	1.940531849861145	2.107927083969116	1.5714802742004395	1.7533224821090698	False	[0 0 0 0 0 0 0 0 0]	[1 0 1 1 1 0 0 0 1]	[0 0 1 0 1 0]	[0 0 1 0 1 1]
4	-0.5	7.791500091552734	2.0733742713928223	2.217280149459839	1.6880884170532227	1.8127573728561401	False	[0 0 0 0 1 0 0 0 0]	[1 0 1 1 1 0 0 1 1]	[0 0 0 0 1 0]	[0 0 1 0 1 0]
4	-0.75	7.606229782104492	2.050734758377075	2.1268301010131836	1.6361140012741089	1.792551040649414	False	[0 0 0 0 0 0 0 0 0]	[1 0 1 1 1 0 0 0 1]	[0 0 1 0 1 0]	[0 0 1 0 1 1]
4	-0.5	7.684230327606201	2.0515787601470947	2.194549798965454	1.6522854566574097	1.7858161926269531	False	[0 0 0 0 1 0 0 0 0]	[1 0 1 1 1 0 0 1 1]	[0 0 0 0 1 0]	[0 0 1 0 1 0]
4	-0.25	7.5871477127075195	2.0200605392456055	2.1475048065185547	1.6206797361373901	1.7989025115966797	False	[0 0 0 0 0 0 0 0 0]	[1 0 1 1 1 0 0 0 1]	[0 1 0 0 1 0]	[0 0 1 0 1 1]
4	0.3336038589477539	7.351696968078613	2.033494472503662	2.0709922313690186	1.5115995407104492	1.7356109619140625	False	[0 1 0 0 0 0 0 0 0]	[0 0 1 1 1 0 0 0 1]	[0 1 0 1 1 0]	[0 1 1 0 1 1]
4	-0.25	7.53778600692749	1.9473984241485596	2.1188762187957764	1.6964507102966309	1.7750605344772339	False	[0 1 0 0 1 0 0 0 0]	[1 0 1 1 1 0 0 0 1]	[0 1 0 0 1 0]	[0 1 1 0 1 0]
4	0.3182968497276306	7.643346786499023	1.99502694606781	2.129412889480591	1.7281763553619385	1.790730357170105	False	[0 0 0 0 1 0 0 0 0]	[0 0 1 1 1 0 0 0 1]	[0 1 0 1 1 0]	[0 1 1 0 1 1]
4	-0.75	7.424909591674805	1.931982159614563	2.085414409637451	1.6469132900238037	1.760600209236145	False	[0 0 0 0 0 0 0 0 0]	[1 0 1 1 1 0 0 0 1]	[0 1 1 1 1 0]	[0 1 1 0 1 0]
4	0.30679765343666077	7.725846290588379	2.099376678466797	2.1712920665740967	1.6552119255065918	1.7999656200408936	False	[0 0 0 0 1 0 0 0 0]	[1 0 1 1 1 0 0 1 1]	[0 1 0 1 1 0]	[0 1 1 0 1 1]
4	-0.25	7.371856212615967	1.9779857397079468	2.025669574737549	1.6123601198196411	1.75584077835083	False	[0 1 0 0 1 0 0 0 0]	[0 0 1 1 1 0 0 1 1]	[0 1 0 0 1 0]	[0 0 1 0 1 1]
4	0.28527453541755676	7.22877836227417	1.9880443811416626	2.0524234771728516	1.464274287223816	1.7240363359451294	False	[0 0 0 0 1 0 0 0 0]	[1 0 1 1 1 0 0 1 1]	[0 1 0 1 1 0]	[0 1 1 0 1 1]
4	-0.25	7.436120986938477	1.990411639213562	2.0537545680999756	1.6328637599945068	1.7590916156768799	False	[0 1 0 0 1 0 0 0 0]	[0 0 1 1 1 0 0 1 1]	[0 1 0 0 1 0]	[0 0 1 0 1 1]
4	0.23072907328605652	7.218198776245117	2.0134313106536865	2.0440597534179688	1.4348704814910889	1.7258368730545044	False	[0 0 0 0 1 0 0 0 0]	[1 0 1 1 1 0 0 1 1]	[0 1 0 1 1 0]	[0 1 1 0 1 1]
4	-0.25	7.439960956573486	1.9890217781066895	2.050370693206787	1.6428883075714111	1.7576802968978882	False	[0 1 0 0 1 0 0 0 0]	[0 0 1 1 1 0 0 1 1]	[0 1 0 0 1 0]	[0 0 1 0 1 1]
4	0.31542205810546875	7.190877914428711	1.9966926574707031	2.05086088180542	1.4147350788116455	1.7285888195037842	False	[0 0 0 0 1 0 0 0 0]	[1 0 1 1 1 0 0 1 1]	[0 1 0 1 1 0]	[0 1 1 0 1 1]
4	-0.25	7.425627708435059	1.984039068222046	2.057854175567627	1.6227482557296753	1.760986566543579	False	[0 0 0 0 0 0 0 0 0]	[1 0 1 1 1 0 0 0 1]	[0 1 0 0 1 0]	[0 1 1 0 0 1]
4	-0.75	7.511462688446045	2.0092949867248535	2.1057205200195312	1.6481679677963257	1.748279094696045	False	[0 1 0 0 0 0 0 0 0]	[1 0 1 1 0 0 0 0 1]	[0 1 0 1 1 0]	[0 1 1 1 0 1]
4	-0.75	7.718626022338867	2.079803943634033	2.184894323348999	1.7535455226898193	1.7003824710845947	False	[0 0 0 0 0 0 0 0 0]	[1 0 1 1 1 0 0 0 1]	[0 1 0 1 0 0]	[0 1 1 1 1 1]
4	-0.5	7.72678279876709	1.9975495338439941	2.1904821395874023	1.7133140563964844	1.825437307357788	False	[0 0 0 0 1 0 0 0 0]	[1 0 1 1 1 0 0 1 1]	[0 1 1 1 0 0]	[0 1 1 1 1 0]
4	-0.75	7.6219282150268555	2.1372103691101074	2.121107578277588	1.5699256658554077	1.793684720993042	False	[0 1 0 0 1 0 0 0 0]	[1 0 1 1 1 0 0 0 1]	[0 1 0 1 0 0]	[0 1 1 1 1 1]
4	-0.5	7.817129135131836	2.0918173789978027	2.192638635635376	1.7162883281707764	1.8163843154907227	False	[0 0 0 0 1 0 0 0 0]	[1 0 1 1 1 0 0 1 1]	[0 1 1 1 0 0]	[0 1 1 1 1 0]
4	-0.75	7.625124931335449	2.1274943351745605	2.1318650245666504	1.5698646306991577	1.7959009408950806	False	[0 1 0 0 1 0 0 0 0]	[1 0 1 1 1 0 0 0 1]	[0 1 0 1 0 0]	[0 1 1 1 1 1]
4	-0.5	7.773435592651367	2.094339609146118	2.1716725826263428	1.703108787536621	1.8043148517608643	False	[0 1 0 0 0 0 0 0 0]	[1 0 1 1 1 0 0 1 1]	[0 1 1 1 0 0]	[0 1 1 1 1 0]
4	-0.5	7.688325881958008	2.141629695892334	2.1417126655578613	1.6231975555419922	1.7817862033843994	False	[0 0 0 0 0 0 0 0 0]	[1 0 1 1 1 0 0 0 1]	[0 1 0 1 0 0]	[0 1 1 1 0 0]
5	-1.0	7.83809757232666	2.2223610877990723	2.0442817211151123	1.6998636722564697	1.8715916872024536	False	[0 0 0 0 1 0 0 1 0]	[1 1 0 0 1 0 0 0 0]	[0 1 1 0 0 1]	[1 1 0 1 0 0]
5	-0.5	7.706395149230957	2.1990270614624023	2.0035176277160645	1.6387195587158203	1.86513090133667	False	[0 0 1 0 1 0 0 1 0]	[1 1 0 0 1 0 0 0 0]	[0 1 1 0 0 1]	[1 1 0 1 0 0]
5	-0.75	7.5254926681518555	2.001436710357666	2.0954480171203613	1.6951589584350586	1.7334487438201904	False	[0 0 1 0 0 0 0 1 0]	[1 0 0 0 1 0 0 0 0]	[0 1 1 1 0 1]	[0 1 0 1 0 0]
5	-0.75	7.91957426071167	2.1623852252960205	2.168193817138672	1.8386595249176025	1.7503360509872437	False	[0 0 1 0 1 0 0 1 0]	[1 1 0 0 1 0 0 0 0]	[0 1 0 1 0 1]	[1 1 0 1 0 0]
5	-0.75	7.998871326446533	2.149132490158081	2.1739296913146973	1.8660415410995483	1.8097676038742065	False	[1 0 1 0 1 0 0 1 0]	[1 1 0 0 0 0 0 0 0]	[0 1 1 1 0 1]	[0 1 0 1 0 0]
5	-0.75	7.869480133056641	2.135526418685913	2.1379234790802	1.8455641269683838	1.7504661083221436	False	[1 1 1 0 1 0 0 1 0]	[1 1 0 1 0 0 0 0 0]	[0 1 0 1 0 1]	[0 1 0 1 1 0]
5	-0.25	7.899824142456055	2.1821234226226807	2.127607822418213	1.7956678867340088	1.7944252490997314	False	[1 0 1 0 1 0 0 1 0]	[1 1 0 0 0 0 0 0 0]	[0 1 1 1 0 1]	[0 1 1 1 1 0]
5	-0.75	7.731497287750244	2.1291298866271973	2.09466290473938	1.740851640701294	1.7668527364730835	False	[1 1 1 0 1 0 0 1 0]	[1 1 0 0 0 0 0 1 0]	[0 1 0 1 0 1]	[0 1 1 1 0 0]
5	0.35800179839134216	7.93966817855835	2.1818952560424805	2.1522488594055176	1.8075298070907593	1.7979941368103027	False	[1 0 1 0 1 0 0 1 0]	[1 1 0 0 0 0 0 1 1]	[0 1 0 1 0 0]	[0 1 0 1 0 0]
5	-0.75	7.525399208068848	2.0279715061187744	2.08982515335083	1.6977369785308838	1.7098655700683594	False	[1 0 0 0 1 0 0 1 0]	[1 0 0 0 0 0 0 1 1]	[0 1 0 0 0 0]	[0 1 1 1 0 0]
5	-0.75	7.846246719360352	2.134582042694092	2.158090591430664	1.785342812538147	1.7682316303253174	False	[1 1 0 0 1 0 0 1 0]	[1 0 0 0 0 0 1 1 1]	[0 1 1 0 0 0]	[0 1 0 1 0 0]
5	-0.5	7.8420000076293945	2.109678268432617	2.1661789417266846	1.7859264612197876	1.7802166938781738	False	[1 1 1 0 1 0 0 1 0]	[1 0 0 0 0 0 0 1 1]	[0 1 1 1 0 0]	[1 1 0 1 0 0]
5	-0.75	7.758510589599609	2.105992078781128	2.1331565380096436	1.7649259567260742	1.7544361352920532	False	[1 0 1 0 1 0 0 1 0]	[1 0 0 1 0 0 0 1 1]	[0 1 1 0 0 0]	[1 1 1 1 0 0]
5	-0.75	7.706051349639893	2.1409082412719727	2.0803675651550293	1.759865403175354	1.7249103784561157	False	[1 1 1 0 1 0 0 1 0]	[1 0 0 1 0 0 1 1 1]	[0 1 0 0 0 0]	[1 1 0 1 0 0]
5	-0.5	7.870687007904053	2.11285400390625	2.182770013809204	1.8036171197891235	1.7714462280273438	False	[1 1 0 0 1 0 0 1 0]	[1 0 0 1 0 0 0 1 1]	[0 1 0 0 0 1]	[1 1 0 1 1 0]
5	-0.75	7.445442199707031	2.0238430500030518	2.013226270675659	1.6592233180999756	1.7491490840911865	False	[1 0 0 0 1 0 0 1 0]	[1 1 0 1 0 0 0 1 1]	[0 1 0 1 0 1]	[0 1 0 1 1 0]
5	-0.75	7.779776573181152	2.082139730453491	2.164321184158325	1.705479621887207	1.8278357982635498	False	[1 0 0 0 0 0 0 1 0]	[1 1 0 1 0 0 0 0 1]	[0 1 1 1 0 1]	[0 1 0 0 1 0]
5	-0.75	7.776057720184326	2.051030158996582	2.137829542160034	1.774129867553711	1.8130677938461304	False	[0 0 0 0 0 0 0 1 0]	[1 1 0 1 1 0 0 0 1]	[0 1 0 1 0 1]	[1 1 0 0 1 0]
5	-0.75	7.662182331085205	2.0002870559692383	2.0904107093811035	1.758166790008545	1.8133177757263184	False	[1 0 0 0 0 0 0 1 0]	[1 1 0 1 0 0 0 0 1]	[0 1 1 1 0 1]	[1 1 0 0 1 1]
5	-0.75	7.626645565032959	1.9966005086898804	2.1093480587005615	1.7181288003921509	1.8025683164596558	False	[0 0 0 0 0 0 0 1 0]	[1 1 0 1 1 0 0 0 1]	[0 1 0 1 0 1]	[0 1 0 0 1 1]
5	-0.75	7.65294075012207	2.0143539905548096	2.109935760498047	1.7271006107330322	1.8015508651733398	False	[1 0 0 0 0 0 0 1 0]	[1 1 0 1 0 0 0 0 1]	[0 1 1 1 0 1]	[1 1 0 0 1 1]
5	-0.75	7.625276565551758	1.9895766973495483	2.102280378341675	1.725915789604187	1.8075038194656372	False	[0 0 0 0 0 0 0 1 0]	[1 1 0 1 1 0 0 0 1]	[0 1 0 1 0 1]	[1 1 0 1 1 1]
5	-0.75	7.70014762878418	2.049954652786255	2.0813591480255127	1.7508809566497803	1.81795334815979	False	[1 0 0 0 0 0 0 1 0]	[1 1 0 1 0 0 0 0 1]	[0 1 1 1 0 1]	[0 1 0 1 1 1]
5	-0.75	7.8631086349487305	2.127647638320923	2.134932518005371	1.7585266828536987	1.8420019149780273	False	[0 0 0 0 0 0 0 1 0]	[1 1 0 1 1 0 0 0 1]	[0 1 0 1 0 1]	[1 1 0 1 1 1]
5	-0.75	7.735873222351074	2.043705463409424	2.1082029342651367	1.767849326133728	1.816115379333496	False	[1 0 0 0 0 0 0 1 0]	[1 1 0 1 0 0 0 0 1]	[0 1 1 1 0 1]	[0 1 0 1 1 1]
5	-0.75	7.880208492279053	2.1493358612060547	2.142671823501587	1.75312340259552	1.8350777626037598	False	[0 0 0 0 0 0 0 1 0]	[1 1 0 1 1 0 0 0 1]	[0 1 0 1 0 1]	[1 1 0 1 1 1]
5	-0.75	7.7119622230529785	2.0508766174316406	2.084365129470825	1.755126714706421	1.8215937614440918	False	[1 0 0 0 0 0 0 1 0]	[1 1 0 1 0 0 0 0 1]	[0 1 1 1 0 1]	[0 1 0 1 1 1]
5	-0.75	7.868749618530273	2.146421194076538	2.140716791152954	1.7483149766921997	1.8332970142364502	False	[0 0 0 0 0 0 0 1 0]	[1 1 0 1 1 0 0 0 1]	[0 1 0 1 0 1]	[0 1 1 1 1 1]
5	-0.75	7.918511867523193	2.1421151161193848	2.1703267097473145	1.7635972499847412	1.8424724340438843	False	[1 0 0 0 0 0 0 1 0]	[1 1 0 1 1 0 0 1 1]	[0 1 1 1 0 1]	[1 1 1 1 1 1]
5	-0.75	7.850847244262695	2.118243455886841	2.1079719066619873	1.794967532157898	1.8296641111373901	False	[1 1 0 0 0 0 0 1 0]	[1 1 0 1 1 0 0 0 1]	[0 1 0 1 0 1]	[1 1 0 1 1 1]
6	-0.5	7.491168022155762	2.0309221744537354	2.064387559890747	1.6597471237182617	1.7361109256744385	False	[1 0 0 0 0 0 0 0 1]	[0 0 0 0 1 0 0 1 0]	[0 0 1 0 1 1]	[1 0 0 1 0 0]
6	-0.5	7.441898345947266	2.045870780944824	1.9819954633712769	1.7193045616149902	1.6947274208068848	False	[1 0 1 0 0 0 0 0 1]	[0 1 0 0 1 0 0 1 0]	[0 0 1 0 1 0]	[0 0 0 1 0 0]
6	-0.5	7.507076263427734	2.0584208965301514	2.007349729537964	1.7851756811141968	1.656130075454712	False	[1 0 1 0 1 0 0 0 1]	[0 1 0 0 1 0 0 0 0]	[0 0 1 0 1 1]	[1 0 0 1 0 0]
6	0.2542179226875305	7.513401508331299	1.9834229946136475	2.050215244293213	1.704275131225586	1.775488257408142	False	[1 1 1 0 1 0 0 0 1]	[1 1 0 0 1 0 0 0 0]	[0 0 1 0 1 0]	[1 0 0 0 0 0]
6	-1.0	6.90831184387207	1.782819151878357	1.9658516645431519	1.4992859363555908	1.6603548526763916	False	[1 0 1 0 1 0 0 0 1]	[0 1 0 0 1 0 0 0 0]	[0 0 0 0 1 0]	[1 0 1 0 0 0]
6	-1.0	7.896450042724609	2.2047672271728516	2.231395959854126	1.7060097455978394	1.7542771100997925	False	[1 0 0 0 1 0 0 0 1]	[0 1 0 0 0 0 0 0 0]	[0 0 0 0 1 0]	[1 0 1 0 0 0]
6	-1.0	7.467638969421387	2.1238021850585938	2.1622354984283447	1.6299923658370972	1.5516092777252197	False	[1 0 1 0 1 0 0 0 1]	[0 1 0 0 0 0 0 0 0]	[0 0 0 0 1 0]	[1 0 1 0 0 0]
6	-0.5	7.980500221252441	2.1898746490478516	2.221446990966797	1.767629623413086	1.801548957824707	False	[1 0 0 0 1 0 0 0 1]	[0 1 0 0 1 0 0 0 0]	[0 0 0 0 1 0]	[1 0 1 0 0 0]
6	-0.5	7.558561325073242	1.9963290691375732	2.0895347595214844	1.7503784894943237	1.7223187685012817	False	[1 0 1 0 1 0 0 0 1]	[0 1 0 1 1 0 0 0 0]	[0 0 1 0 1 0]	[0 0 1 0 0 0]
6	-0.25	7.475185394287109	2.0234880447387695	2.0697975158691406	1.6761929988861084	1.7057067155838013	False	[1 0 1 0 0 0 0 0 1]	[1 1 0 1 1 0 0 0 0]	[0 0 0 0 1 0]	[0 0 1 1 0 0]
6	-0.5	7.352988243103027	1.941751480102539	2.054398775100708	1.6734085083007812	1.6834298372268677	False	[1 1 1 0 0 0 0 0 1]	[0 1 0 1 1 0 0 0 0]	[0 0 1 0 1 0]	[0 0 1 0 0 0]
6	-0.25	7.490734100341797	2.014512538909912	2.070202589035034	1.7007945775985718	1.7052247524261475	False	[1 0 1 0 0 0 0 0 1]	[1 1 0 1 1 0 0 0 0]	[0 0 0 0 1 0]	[0 0 1 1 0 0]
6	-0.5	7.3451337814331055	1.945494532585144	2.055187463760376	1.6711912155151367	1.6732609272003174	False	[1 1 1 0 0 0 0 0 1]	[1 1 0 0 1 0 0 0 0]	[0 0 1 0 1 0]	[0 0 1 0 0 0]
6	-0.25	7.437224388122559	1.9933050870895386	2.061645030975342	1.6804701089859009	1.701804280281067	False	[1 1 1 0 1 0 0 0 1]	[1 1 0 1 1 0 0 0 0]	[0 0 0 0 1 0]	[0 0 1 1 0 0]
6	-0.5	7.330923557281494	1.9476627111434937	2.0488054752349854	1.6513535976409912	1.6831022500991821	False	[1 0 1 0 1 0 0 0 1]	[0 1 0 1 1 0 0 0 0]	[0 0 1 0 1 0]	[0 0 1 0 0 0]
6	-0.25	7.510115623474121	2.036068916320801	2.0715179443359375	1.6940860748291016	1.7084424495697021	False	[1 0 1 0 0 0 0 0 1]	[0 1 0 0 1 0 0 0 0]	[0 0 0 0 1 0]	[0 0 1 1 0 0]
6	-0.5	7.339470863342285	1.9132201671600342	2.068042039871216	1.6788758039474487	1.6793328523635864	False	[1 1 1 0 0 0 0 0 1]	[0 1 0 1 1 0 0 0 0]	[0 0 1 0 1 0]	[0 0 1 0 0 0]
6	-0.25	7.47833251953125	2.0027806758880615	2.0715415477752686	1.6983884572982788	1.7056219577789307	False	[1 0 1 0 0 0 0 0 1]	[0 1 0 0 1 0 0 0 0]	[0 0 0 0 1 0]	[0 0 1 1 0 0]
6	-0.5	7.336297035217285	1.9238145351409912	2.0607151985168457	1.6653203964233398	1.6864473819732666	False	[1 1 1 0 0 0 0 0 1]	[1 1 0 0 1 0 0 0 0]	[0 0 1 0 1 0]	[0 0 1 0 0 0]
6	0.31588858366012573	7.470291614532471	2.0032639503479004	2.0663986206054688	1.6978223323822021	1.7028069496154785	False	[1 0 1 0 0 0 0 0 1]	[1 1 0 1 1 0 0 0 0]	[0 0 0 0 1 0]	[1 0 1 0 0 0]
6	-0.75	7.105070114135742	1.8840662240982056	1.9866303205490112	1.5587520599365234	1.675621509552002	False	[1 1 1 0 0 0 0 0 1]	[0 1 0 1 1 0 0 0 0]	[0 0 1 0 1 0]	[1 0 1 1 0 0]
6	-0.25	7.719155788421631	2.1105363368988037	2.070992946624756	1.8097639083862305	1.7278627157211304	False	[1 1 1 0 1 0 0 0 1]	[1 1 0 1 1 0 0 0 0]	[0 1 1 0 1 0]	[1 0 1 0 0 0]
6	-0.75	7.283741474151611	1.915574073791504	2.060486078262329	1.6610631942749023	1.6466184854507446	False	[1 0 1 0 1 0 0 0 1]	[1 1 0 0 1 0 0 0 0]	[0 1 0 0 1 0]	[1 0 1 1 0 0]
6	-0.25	7.6805644035339355	2.073953628540039	2.093540906906128	1.8145524263381958	1.6985173225402832	False	[1 1 1 0 1 0 0 0 1]	[0 1 0 0 1 0 0 0 0]	[0 1 1 0 1 0]	[1 0 1 0 0 0]
6	-0.75	7.302950859069824	1.9118627309799194	2.048999547958374	1.6574956178665161	1.6845929622650146	False	[1 0 1 0 1 0 0 0 1]	[1 1 0 0 1 0 0 0 0]	[0 1 0 0 1 0]	[1 0 1 1 0 0]
6	0.28527453541755676	7.563991546630859	2.0348739624023438	2.0859315395355225	1.783374309539795	1.6598114967346191	False	[1 1 1 0 1 0 0 0 1]	[0 1 0 0 1 0 0 0 0]	[0 1 0 1 1 0]	[1 0 1 0 0 0]
6	-0.5	6.9791669845581055	1.8725640773773193	1.995369791984558	1.4619543552398682	1.6492784023284912	False	[1 0 1 0 1 0 0 0 1]	[0 1 0 1 1 0 0 0 0]	[0 1 1 1 1 0]	[0 0 1 0 0 0]
6	-0.25	7.443644046783447	2.014577627182007	2.067441940307617	1.6736685037612915	1.6879558563232422	False	[1 0 1 0 0 0 0 0 1]	[0 1 0 0 1 0 0 0 0]	[0 1 0 1 1 0]	[0 0 1 1 0 0]
6	-0.5	7.310902118682861	1.9003627300262451	2.065007209777832	1.654280185699463	1.6912522315979004	False	[1 1 1 0 0 0 0 0 1]	[0 1 0 1 1 0 0 0 0]	[0 1 1 1 1 0]	[0 0 1 0 0 0]
6	0.34269478917121887	7.543725967407227	2.091068983078003	1.9951859712600708	1.7776390314102173	1.6798319816589355	False	[1 1 1 0 1 0 0 0 1]	[1 1 0 1 1 0 0 0 0]	[0 1 0 1 1 0]	[1 0 1 0 0 0]
7	0.3163550794124603	7.122661590576172	2.022162675857544	1.9563168287277222	1.4662259817123413	1.6779561042785645	False	[0 0 1 0 0 0 0 0 0]	[0 1 0 0 0 0 0 1 0]	[1 0 0 0 0 0]	[0 0 0 0 0 0]
7	0.07119745761156082	7.253804683685303	1.9339619874954224	1.9749424457550049	1.5870610475540161	1.7578392028808594	False	[0 0 0 0 0 0 0 0 0]	[0 1 0 0 0 0 0 0 0]	[0 0 0 0 0 0]	[0 0 0 0 1 0]
7	0.2527187168598175	7.1310272216796875	2.0329184532165527	1.957865834236145	1.4579927921295166	1.6822500228881836	False	[0 0 1 0 0 0 0 0 0]	[0 1 0 0 0 0 0 1 0]	[1 0 0 0 0 0]	[0 0 0 0 0 0]
7	0.39436542987823486	7.228453636169434	1.957586646080017	1.9652916193008423	1.5501823425292969	1.7553932666778564	False	[0 0 0 0 0 0 0 0 0]	[0 1 0 1 0 0 0 1 0]	[1 0 1 0 0 0]	[0 0 0 0 1 0]
7	0.06210079416632652	7.007719993591309	1.706154465675354	1.978745937347412	1.5865511894226074	1.7362685203552246	False	[0 0 1 0 0 0 0 0 0]	[0 1 0 1 0 0 0 0 0]	[1 0 0 0 0 0]	[0 0 0 0 0 0]
7	0.08884187042713165	7.1150360107421875	1.911272406578064	1.9418152570724487	1.525651216506958	1.736297369003296	False	[0 0 0 0 0 0 0 0 0]	[0 1 0 1 0 0 0 1 0]	[0 0 0 0 0 0]	[0 0 0 0 1 0]
7	0.08240159600973129	7.0976667404174805	1.9703459739685059	1.9593377113342285	1.4516396522521973	1.7163435220718384	False	[0 0 1 0 0 0 0 0 0]	[0 1 0 1 0 0 0 0 0]	[1 0 0 0 0 0]	[0 0 0 0 0 0]
7	-0.5	7.148415565490723	1.8983776569366455	1.9496543407440186	1.5576461553573608	1.7427374124526978	False	[0 0 0 0 0 0 0 0 0]	[0 1 0 0 0 0 0 0 0]	[1 0 1 0 0 0]	[0 0 0 0 1 0]
7	-0.5	7.216357231140137	2.0432817935943604	2.031071186065674	1.6001514196395874	1.5418524742126465	False	[0 0 1 0 0 0 0 0 0]	[0 1 0 1 0 0 0 0 0]	[0 0 1 0 0 0]	[0 0 0 0 0 0]
7	0.05875372886657715	7.035017967224121	1.7174979448318481	1.9612083435058594	1.6778626441955566	1.6784489154815674	False	[0 0 0 0 0 0 0 0 0]	[0 1 0 0 0 0 0 0 0]	[0 0 0 0 0 0]	[0 0 0 0 1 0]
7	0.35180962085723877	7.129637718200684	2.016903877258301	1.963078260421753	1.4672316312789917	1.6824240684509277	False	[0 0 1 0 0 0 0 0 0]	[0 1 0 0 0 0 0 1 0]	[1 0 0 0 0 0]	[0 0 0 0 0 0]
7	0.37952494621276855	7.196205139160156	1.9544910192489624	1.963999629020691	1.5314494371414185	1.7462648153305054	False	[0 0 0 0 0 0 0 0 0]	[0 1 0 1 0 0 0 1 0]	[1 0 1 0 0 0]	[0 0 0 0 1 0]
7	0.0585295669734478	6.939206123352051	1.6726627349853516	1.9843406677246094	1.5534875392913818	1.7287150621414185	False	[0 0 1 0 0 0 0 0 0]	[0 1 0 1 0 0 0 0 0]	[1 0 0 0 0 0]	[0 0 0 0 0 0]
7	0.08295050263404846	7.1841139793396	1.9488824605941772	1.9630521535873413	1.524049997329712	1.7481292486190796	False	[0 0 0 0 0 0 0 0 0]	[0 1 0 1 0 0 0 1 0]	[0 0 0 0 0 0]	[0 0 0 0 1 0]
7	0.08250793069601059	7.134688854217529	1.9784090518951416	1.962590217590332	1.463160514831543	1.7305291891098022	False	[0 0 1 0 0 0 0 0 0]	[0 1 0 1 0 0 0 0 0]	[1 0 0 0 0 0]	[0 0 0 0 0 0]
7	0.05496983975172043	7.1682305335998535	1.9761576652526855	1.9529706239700317	1.5027341842651367	1.7363680601119995	False	[0 0 0 0 0 0 0 0 0]	[0 1 0 0 0 0 0 0 0]	[0 0 0 0 0 0]	[0 0 0 0 1 0]
7	0.28773069381713867	7.121312141418457	2.024066925048828	1.9565731287002563	1.469933032989502	1.6707390546798706	False	[0 0 1 0 0 0 0 0 0]	[0 1 0 0 0 0 0 1 0]	[1 0 0 0 0 0]	[0 0 0 0 0 0]
7	0.39195716381073	7.214461326599121	1.9567581415176392	1.9640883207321167	1.5486161708831787	1.7449986934661865	False	[0 0 0 0 0 0 0 0 0]	[0 1 0 1 0 0 0 1 0]	[1 0 1 0 0 0]	[0 0 0 0 1 0]
7	0.07588468492031097	6.985592842102051	1.7312475442886353	1.9712588787078857	1.5575934648513794	1.7254931926727295	False	[0 0 1 0 0 0 0 0 0]	[0 1 0 1 0 0 0 0 0]	[1 0 0 0 0 0]	[0 0 0 0 0 0]
7	0.08723635226488113	7.186585426330566	1.9231973886489868	1.9608039855957031	1.5569748878479004	1.7456092834472656	False	[0 0 0 0 0 0 0 0 0]	[0 1 0 1 0 0 0 1 0]	[0 0 0 0 0 0]	[0 0 0 0 1 0]
7	0.06315740942955017	7.1526875495910645	1.9911973476409912	1.9653857946395874	1.476304292678833	1.719800591468811	False	[0 0 1 0 0 0 0 0 0]	[0 1 0 1 0 0 0 0 0]	[1 0 0 0 0 0]	[0 0 0 0 0 0]
7	0.05005845054984093	7.175211429595947	1.9705266952514648	1.9579106569290161	1.5087244510650635	1.7380499839782715	False	[0 0 0 0 0 0 0 0 0]	[0 1 0 0 0 0 0 0 0]	[0 0 0 0 0 0]	[0 0 0 0 1 0]
7	0.35180962085723877	7.128084182739258	2.019778251647949	1.9569165706634521	1.467443823814392	1.6839457750320435	False	[0 0 1 0 0 0 0 0 0]	[0 1 0 0 0 0 0 1 0]	[1 0 0 0 0 0]	[0 0 0 0 0 0]
7	0.04889550432562828	7.236867427825928	1.954923152923584	1.972381353378296	1.5626506805419922	1.7469124794006348	False	[0 0 0 0 0 0 0 0 0]	[0 1 0 0 0 0 0 0 0]	[0 0 0 0 0 0]	[0 0 0 0 1 0]
7	0.3340703845024109	7.107870578765869	2.03459095954895	1.9526193141937256	1.457502841949463	1.6631574630737305	False	[0 0 1 0 0 0 0 0 0]	[0 1 0 0 0 0 0 1 0]	[1 0 0 0 0 0]	[0 0 0 0 0 0]
7	0.4067976474761963	7.210186004638672	1.951946496963501	1.9674160480499268	1.546073079109192	1.7447504997253418	False	[0 0 0 0 0 0 0 0 0]	[0 1 0 1 0 0 0 1 0]	[1 0 1 0 0 0]	[0 0 0 0 1 0]
7	0.06620942801237106	7.015161514282227	1.741621494293213	1.9855735301971436	1.5691903829574585	1.7187764644622803	False	[0 0 1 0 0 0 0 0 0]	[0 1 0 1 0 0 0 0 0]	[1 0 0 0 0 0]	[0 0 0 0 0 0]
7	0.08963888138532639	7.160179138183594	1.9573911428451538	1.9512349367141724	1.5057830810546875	1.7457700967788696	False	[0 0 0 0 0 0 0 0 0]	[0 1 0 1 0 0 0 1 0]	[0 0 0 0 0 0]	[0 0 0 0 1 0]
7	0.07381264865398407	7.110144138336182	1.9769877195358276	1.969533085823059	1.4555901288986206	1.7080329656600952	False	[0 0 1 0 0 0 0 0 0]	[0 1 0 1 0 0 0 0 0]	[1 0 0 0 0 0]	[0 0 0 0 0 0]
7	0.06566627323627472	7.210787773132324	1.919276475906372	1.9657442569732666	1.5768897533416748	1.7488772869110107	False	[0 0 0 0 0 0 0 0 0]	[0 1 0 0 0 0 0 0 0]	[0 0 0 0 0 0]	[0 0 0 0 1 0]
8	-0.75	6.461801052093506	2.0800387859344482	2.125765323638916	1.2229841947555542	1.0330129861831665	False	[0 0 1 0 0 0 0 1 0]	[1 0 0 0 0 1 0 0 0]	[0 1 0 0 1 0]	[0 0 0 1 1 0]
8	-0.25	7.52470588684082	2.107452392578125	2.1107113361358643	1.5640231370925903	1.7425192594528198	False	[0 0 0 0 0 0 0 1 0]	[1 0 0 0 0 1 0 0 1]	[0 1 1 0 1 0]	[0 0 0 1 0 0]
8	-0.75	6.969681262969971	1.9894154071807861	1.9612066745758057	1.351178526878357	1.6678805351257324	False	[0 0 1 0 0 0 0 1 0]	[1 0 0 1 0 1 0 0 1]	[0 1 0 0 1 0]	[0 0 0 1 1 0]
8	-0.75	7.639026641845703	2.1398754119873047	2.066901206970215	1.5826627016067505	1.8495876789093018	False	[0 0 0 0 0 0 0 1 0]	[1 0 0 1 1 1 0 0 1]	[0 1 0 0 1 1]	[0 0 0 1 0 0]
8	-0.25	7.302562236785889	1.9501783847808838	1.9785592555999756	1.5790761709213257	1.7947484254837036	False	[0 0 1 0 0 0 0 1 0]	[1 0 0 1 1 1 0 0 0]	[0 1 0 0 1 0]	[0 0 0 0 0 0]
8	-0.25	7.257715225219727	1.9345526695251465	2.03196382522583	1.5803933143615723	1.7108051776885986	False	[0 0 0 0 0 0 0 1 0]	[1 0 0 1 1 1 0 0 1]	[1 1 0 0 1 0]	[0 0 0 1 0 0]
8	-0.75	7.128851413726807	1.9127063751220703	1.9129860401153564	1.5734108686447144	1.7297483682632446	False	[0 0 1 0 0 0 0 1 0]	[1 0 0 1 1 1 0 1 1]	[1 1 1 0 1 0]	[0 0 0 1 1 0]
8	0.32451295852661133	7.288228988647461	1.9193015098571777	2.0473783016204834	1.7355780601501465	1.5859709978103638	False	[0 0 0 0 0 0 0 1 0]	[1 0 0 1 0 1 0 1 1]	[1 1 1 0 1 1]	[0 1 0 1 1 0]
8	-0.5	7.245256423950195	1.9450323581695557	1.9954965114593506	1.6077947616577148	1.6969330310821533	False	[0 0 0 0 0 1 0 1 0]	[0 0 0 1 0 1 0 1 1]	[1 1 0 0 1 1]	[0 1 0 1 0 0]
8	0.30058154463768005	7.230107307434082	1.9745640754699707	1.990253210067749	1.5467078685760498	1.718582272529602	False	[0 0 1 0 0 1 0 1 0]	[0 0 0 1 0 1 0 0 1]	[1 1 1 0 1 1]	[0 1 0 1 1 0]
8	-0.5	6.855137825012207	1.9702937602996826	1.9353396892547607	1.3916634321212769	1.5578410625457764	False	[0 0 1 0 0 0 0 1 0]	[1 0 0 1 0 1 0 0 1]	[0 1 1 0 1 1]	[0 1 0 1 0 0]
8	-0.5	7.394424915313721	2.0244948863983154	1.9892163276672363	1.6764659881591797	1.7042478322982788	False	[0 0 0 0 0 0 0 1 0]	[1 0 0 1 0 1 0 1 1]	[0 1 0 0 1 1]	[0 1 0 1 1 0]
8	-0.25	7.457632064819336	2.022599220275879	2.047018051147461	1.684412956237793	1.7036019563674927	False	[0 0 0 0 0 1 0 1 0]	[1 0 0 1 0 1 0 1 0]	[0 1 0 0 1 0]	[0 1 0 0 1 0]
8	-0.5	7.271084785461426	1.9951344728469849	2.061779499053955	1.497231125831604	1.71694016456604	False	[0 0 1 0 0 1 0 1 0]	[1 0 0 1 1 1 0 1 0]	[0 1 0 0 1 1]	[0 1 0 1 1 0]
8	-0.75	7.409742832183838	2.0419695377349854	1.993055820465088	1.6220855712890625	1.7526315450668335	False	[0 0 1 0 0 0 0 1 0]	[0 0 0 1 1 1 0 1 0]	[0 1 0 0 1 0]	[0 1 0 1 0 0]
8	-0.25	7.4509406089782715	2.0058019161224365	1.9881653785705566	1.7363735437393188	1.7205997705459595	False	[0 0 0 0 0 0 0 1 0]	[0 0 0 1 1 1 0 1 1]	[0 1 1 0 1 0]	[0 1 0 1 1 0]
8	-0.75	7.424177646636963	2.0232937335968018	1.9986368417739868	1.7344589233398438	1.6677879095077515	False	[0 0 0 0 0 1 0 1 0]	[0 0 0 1 1 1 0 0 1]	[0 1 0 0 1 0]	[0 1 0 1 0 0]
8	-0.75	7.231295108795166	1.8826000690460205	1.9830923080444336	1.6153242588043213	1.7502784729003906	False	[0 0 1 0 0 1 0 1 0]	[0 0 0 1 1 1 0 0 0]	[0 1 1 0 1 0]	[0 1 0 1 1 0]
8	-0.25	7.422796249389648	1.957680583000183	2.068676233291626	1.6637771129608154	1.7326624393463135	False	[0 0 0 0 0 1 0 1 0]	[0 0 0 1 1 1 0 1 0]	[0 1 1 0 1 1]	[0 1 0 0 1 0]
8	-0.25	7.308835983276367	1.9851051568984985	2.0364599227905273	1.6102122068405151	1.677058458328247	False	[0 0 0 0 0 0 0 1 0]	[0 0 0 1 1 1 0 1 1]	[0 1 1 0 1 0]	[0 1 0 1 1 0]
8	-0.75	7.4259185791015625	2.01251220703125	2.0239481925964355	1.701250433921814	1.6882075071334839	False	[0 0 1 0 0 0 0 1 0]	[0 0 0 1 1 1 0 0 1]	[0 1 0 0 1 0]	[0 1 0 1 0 0]
8	-0.75	7.375640392303467	1.9815536737442017	1.9601657390594482	1.7047547101974487	1.729166030883789	False	[0 0 0 0 0 0 0 1 0]	[0 0 0 1 1 1 0 0 0]	[0 1 1 0 1 0]	[0 1 0 1 1 0]
8	-0.5	7.408915996551514	1.9017715454101562	2.0662312507629395	1.7065041065216064	1.7344087362289429	False	[0 0 1 0 0 0 0 1 0]	[0 0 0 1 1 1 0 1 0]	[0 1 1 0 1 1]	[0 1 0 1 0 0]
8	-0.5	7.379103660583496	2.019831895828247	2.00454044342041	1.6505768299102783	1.7041547298431396	False	[0 0 0 0 0 0 0 1 0]	[0 0 0 1 1 1 0 0 0]	[0 1 0 0 1 1]	[0 1 0 1 1 0]
8	-0.75	7.346831321716309	1.9327669143676758	2.078399419784546	1.6099419593811035	1.7257226705551147	False	[0 0 1 0 0 0 0 1 0]	[0 0 0 1 0 1 0 0 0]	[0 1 0 0 1 0]	[0 1 0 1 0 0]
8	-0.25	7.438838481903076	2.018862009048462	1.965949296951294	1.7260814905166626	1.7279458045959473	False	[0 0 0 0 0 0 0 1 0]	[0 0 0 1 0 1 0 0 1]	[0 1 1 0 1 0]	[0 1 0 1 1 0]
8	-0.75	7.1727294921875	2.0726630687713623	2.041520118713379	1.477809190750122	1.5807369947433472	False	[0 0 1 0 0 0 0 1 0]	[0 0 0 0 0 1 0 0 1]	[0 1 0 0 1 0]	[0 1 0 1 0 0]
8	-0.25	7.278534412384033	2.1063971519470215	1.9990565776824951	1.4866725206375122	1.6864086389541626	False	[0 0 0 0 0 0 0 1 0]	[0 0 0 1 0 1 0 0 1]	[0 1 1 0 1 0]	[0 1 0 1 1 0]
8	-0.75	7.168726921081543	2.061396598815918	2.0473482608795166	1.470818281173706	1.5891637802124023	False	[0 0 1 0 0 0 0 1 0]	[0 0 0 0 0 1 0 0 1]	[0 1 0 0 1 0]	[0 1 0 1 0 0]
8	-0.25	7.28438663482666	2.1002554893493652	1.9791465997695923	1.5120298862457275	1.6929548978805542	False	[0 0 0 0 0 0 0 1 0]	[0 0 0 1 0 1 0 0 1]	[0 1 1 0 1 0]	[0 1 0 1 1 0]
9	-1.0	7.7740864753723145	2.093268394470215	2.2126758098602295	1.664758324623108	1.8033838272094727	False	[0 0 0 0 0 0 0 1 0]	[0 1 0 1 0 0 0 1 0]	[0 0 0 1 0 0]	[0 0 0 1 1 0]
9	-1.0	6.673851013183594	1.9422054290771484	1.7845630645751953	1.409067988395691	1.53801429271698	False	[0 0 1 0 0 0 0 1 0]	[0 1 0 1 0 0 0 1 0]	[0 0 0 1 0 0]	[0 0 0 1 1 0]
9	-1.0	7.2491960525512695	1.9524866342544556	2.00593638420105	1.610970377922058	1.679802417755127	False	[0 0 1 1 0 0 0 1 0]	[0 1 0 1 0 0 0 1 0]	[0 0 0 1 0 0]	[0 0 0 1 1 0]
9	-1.0	7.370746612548828	1.9335955381393433	2.046633005142212	1.6744294166564941	1.7160887718200684	False	[0 0 0 1 0 0 0 1 0]	[0 1 0 1 0 0 0 1 0]	[0 0 0 1 0 0]	[0 0 0 1 1 0]
9	-1.0	7.224528789520264	1.8380706310272217	2.047708511352539	1.6491966247558594	1.6895527839660645	False	[0 0 0 0 0 0 0 1 0]	[0 1 0 1 0 0 0 1 0]	[0 0 0 1 0 0]	[0 0 0 1 1 0]
9	-1.0	6.414828300476074	1.9375795125961304	1.6644725799560547	1.3370429277420044	1.4757333993911743	False	[0 0 1 0 0 0 0 1 0]	[0 1 0 1 0 0 0 1 0]	[0 0 0 1 0 0]	[0 0 0 1 1 0]
9	-1.0	7.323416709899902	1.962275743484497	2.0236592292785645	1.6407004594802856	1.6967813968658447	False	[0 0 0 0 0 0 0 1 0]	[0 1 0 1 0 0 0 1 0]	[0 0 0 1 0 0]	[0 0 0 1 1 0]
9	-1.0	6.493809223175049	1.9565300941467285	1.6780791282653809	1.37580144405365	1.4833984375	False	[0 0 1 0 0 0 0 1 0]	[0 1 0 1 0 0 0 1 0]	[0 0 0 1 0 0]	[0 0 0 1 1 0]
9	-1.0	7.114462375640869	1.9780309200286865	1.9199944734573364	1.5791798830032349	1.6372570991516113	False	[0 0 0 0 0 0 0 1 0]	[0 1 0 1 0 0 0 1 0]	[0 0 0 1 0 0]	[0 0 0 1 1 0]
9	-1.0	6.5942583084106445	1.9509856700897217	1.7211878299713135	1.383772373199463	1.5383121967315674	False	[0 0 1 0 0 0 0 1 0]	[0 1 0 1 0 0 0 1 0]	[0 0 0 1 0 0]	[0 0 0 1 1 0]
9	-1.0	7.273524761199951	1.8835227489471436	2.059314250946045	1.6288753747940063	1.7018121480941772	False	[0 0 1 1 0 0 0 1 0]	[0 1 0 1 0 0 0 1 0]	[0 0 0 1 0 0]	[0 0 0 1 1 0]
9	-1.0	7.427496910095215	1.9352391958236694	2.0817415714263916	1.7059897184371948	1.704526662826538	False	[0 0 1 0 0 0 0 1 0]	[0 1 0 1 0 0 0 1 0]	[0 0 0 1 0 0]	[0 0 0 1 1 0]
9	-1.0	7.190679550170898	1.9453668594360352	1.980942964553833	1.5935778617858887	1.670791745185852	False	[0 0 1 1 0 0 0 1 0]	[0 1 0 1 0 0 0 1 0]	[0 0 0 1 0 0]	[0 0 0 1 1 0]
9	-1.0	7.240750789642334	1.9413552284240723	2.005175828933716	1.6381800174713135	1.6560397148132324	False	[0 0 0 1 0 0 0 1 0]	[0 1 0 1 0 0 0 1 0]	[0 0 0 1 0 0]	[0 0 0 1 1 0]
9	-1.0	7.230764865875244	1.9075385332107544	2.009570360183716	1.6372792720794678	1.6763767004013062	False	[0 0 0 0 0 0 0 1 0]	[0 1 0 1 0 0 0 1 0]	[0 0 0 1 0 0]	[0 0 0 1 1 0]
9	-1.0	6.637941360473633	1.9234570264816284	1.7662473917007446	1.4080065488815308	1.54023015499115	False	[0 0 1 0 0 0 0 1 0]	[0 1 0 1 0 0 0 1 0]	[0 0 0 1 0 0]	[0 0 0 1 1 0]
9	-1.0	7.295459270477295	1.9305415153503418	2.031144857406616	1.6314318180084229	1.7023411989212036	False	[0 0 1 1 0 0 0 1 0]	[0 1 0 1 0 0 0 1 0]	[0 0 0 1 0 0]	[0 0 0 1 1 0]
9	-1.0	7.430856704711914	1.9129306077957153	2.0926005840301514	1.6943943500518799	1.7309315204620361	False	[0 0 1 0 0 0 0 1 0]	[0 1 0 1 0 0 0 1 0]	[0 0 0 1 0 0]	[0 0 0 1 1 0]
9	-1.0	7.413164138793945	1.9775468111038208	2.0298445224761963	1.675977349281311	1.7297954559326172	False	[0 0 1 1 0 0 0 1 0]	[0 1 0 1 0 0 0 1 0]	[0 0 0 1 0 0]	[0 0 0 1 1 0]
9	-1.0	7.391749382019043	1.9040889739990234	2.0833678245544434	1.6798092126846313	1.724483609199524	False	[0 0 1 0 0 0 0 1 0]	[0 1 0 1 0 0 0 1 0]	[0 0 0 1 0 0]	[0 0 0 1 1 0]
9	-1.0	7.256974697113037	1.8735651969909668	2.0387918949127197	1.6353449821472168	1.709272861480713	False	[0 0 0 0 0 0 0 1 0]	[0 1 0 1 0 0 0 1 0]	[0 0 0 1 0 0]	[0 0 0 1 1 0]
9	-1.0	6.646712779998779	1.9573664665222168	1.754490852355957	1.3978941440582275	1.5369609594345093	False	[0 0 1 0 0 0 0 1 0]	[0 1 0 1 0 0 0 1 0]	[0 0 0 1 0 0]	[0 0 0 1 1 0]
9	-1.0	7.374588489532471	1.9522498846054077	2.0392396450042725	1.6686524152755737	1.7144465446472168	False	[0 0 0 0 0 0 0 1 0]	[0 1 0 1 0 0 0 1 0]	[0 0 0 1 0 0]	[0 0 0 1 1 0]
9	-1.0	6.7082839012146	1.898970603942871	1.8257166147232056	1.4295979738235474	1.5539988279342651	False	[0 0 1 0 0 0 0 1 0]	[0 1 0 1 0 0 0 1 0]	[0 0 0 1 0 0]	[0 0 0 1 1 0]
9	-1.0	7.127094745635986	1.9833916425704956	1.9013440608978271	1.5977140665054321	1.6446453332901	False	[0 0 0 0 0 0 0 1 0]	[0 1 0 1 0 0 0 1 0]	[0 0 0 1 0 0]	[0 0 0 1 1 0]
9	-1.0	6.615311145782471	1.9437323808670044	1.788785457611084	1.399013638496399	1.483779788017273	False	[0 0 1 0 0 0 0 1 0]	[0 1 0 1 0 0 0 1 0]	[0 0 0 1 0 0]	[0 0 0 1 1 0]
9	-1.0	7.184884071350098	1.963571310043335	1.9712998867034912	1.5898646116256714	1.6601481437683105	False	[0 0 1 1 0 0 0 1 0]	[0 1 0 1 0 0 0 1 0]	[0 0 0 1 0 0]	[0 0 0 1 1 0]
9	-1.0	7.245380401611328	1.9429142475128174	2.000349760055542	1.6261323690414429	1.6759836673736572	False	[0 0 1 0 0 0 0 1 0]	[0 1 0 1 0 0 0 1 0]	[0 0 0 1 0 0]	[0 0 0 1 1 0]
9	-1.0	7.020765781402588	1.9778391122817993	1.872795581817627	1.5554263591766357	1.6147046089172363	False	[0 0 1 1 0 0 0 1 0]	[0 1 0 1 0 0 0 1 0]	[0 0 0 1 0 0]	[0 0 0 1 1 0]
9	-1.0	7.391270637512207	1.9324473142623901	2.0590555667877197	1.6878511905670166	1.7119168043136597	False	[0 0 1 0 0 0 0 1 0]	[0 1 0 1 0 0 0 1 0]	[0 0 0 1 0 0]	[0 0 0 1 1 0]
10	-1.0	6.573565483093262	1.977177381515503	1.884751558303833	1.528639554977417	1.1829965114593506	False	[0 0 0 1 0 0 0 0 0]	[1 0 0 0 1 0 0 0 0]	[0 1 0 1 0 0]	[1 0 0 0 0 0]
10	-1.0	7.0244622230529785	1.9562089443206787	2.0347747802734375	1.7073675394058228	1.3261109590530396	False	[0 0 0 1 0 0 0 0 1]	[1 0 0 0 1 0 0 0 0]	[0 1 0 1 0 0]	[1 0 0 0 0 0]
10	-1.0	7.144208908081055	1.9573997259140015	2.048828363418579	1.718996524810791	1.418984293937683	False	[0 0 0 1 0 0 0 0 0]	[1 0 0 0 1 0 0 0 0]	[0 1 0 1 0 0]	[1 0 0 0 0 0]
10	0.06231345608830452	7.043031692504883	1.934659719467163	2.0587313175201416	1.722339153289795	1.327301263809204	False	[0 0 0 1 0 0 0 0 1]	[1 0 0 0 0 0 0 0 0]	[0 1 0 1 0 0]	[1 0 0 0 0 0]
10	-0.5	6.455719947814941	1.8913133144378662	1.8962173461914062	1.183218240737915	1.4849708080291748	False	[0 0 0 1 0 0 0 0 0]	[1 0 0 0 1 0 0 0 0]	[1 1 0 1 0 0]	[1 0 1 0 0 0]
10	-0.5	6.967206954956055	2.0960848331451416	1.6855984926223755	1.4927622079849243	1.6927616596221924	False	[0 0 0 0 0 0 0 0 0]	[1 0 1 0 1 0 0 0 0]	[1 1 1 1 0 0]	[1 0 0 0 0 0]
10	-0.5	6.835348129272461	2.0288355350494385	1.6705005168914795	1.486451268196106	1.6495611667633057	False	[0 0 0 0 0 0 0 0 1]	[1 0 1 0 0 0 0 0 0]	[0 1 1 1 0 0]	[1 0 1 0 0 0]
10	0.07552450150251389	6.638393402099609	1.9724438190460205	1.757781982421875	1.3978220224380493	1.510345458984375	False	[0 0 1 0 0 0 0 0 1]	[1 0 0 0 0 0 0 0 0]	[0 1 0 1 0 0]	[1 0 0 0 0 0]
10	0.4699675142765045	6.394420623779297	1.8890612125396729	1.8756293058395386	1.253882884979248	1.3758471012115479	False	[0 0 1 0 0 0 0 0 0]	[1 0 0 0 1 0 0 0 0]	[1 1 0 1 0 0]	[1 0 1 0 0 0]
10	0.0794147178530693	6.236634731292725	2.033890962600708	1.8110042810440063	1.291620135307312	1.1001189947128296	False	[0 0 0 0 0 0 0 0 0]	[1 0 0 0 0 0 0 0 0]	[0 1 0 1 0 0]	[1 0 0 0 0 0]
10	0.3273877501487732	6.070842266082764	1.910567045211792	1.8098411560058594	1.0099302530288696	1.3405035734176636	False	[0 0 0 1 0 0 0 0 0]	[0 0 0 0 0 0 0 0 0]	[1 1 0 1 0 0]	[1 0 1 0 0 0]
10	-0.5	6.267999172210693	2.080974817276001	1.7135196924209595	1.085181713104248	1.3883228302001953	False	[0 0 0 0 0 0 0 0 0]	[0 0 1 0 0 0 0 0 0]	[1 1 1 1 0 0]	[1 0 0 0 0 0]
10	-0.5	6.934171676635742	1.9559674263000488	1.858864665031433	1.557281255722046	1.5620583295822144	False	[0 0 0 0 0 0 0 0 1]	[0 0 1 0 1 0 0 0 0]	[0 1 1 1 0 0]	[1 0 1 0 0 0]
10	-0.5	6.680445671081543	1.8997979164123535	1.764531135559082	1.475346326828003	1.5407705307006836	False	[0 0 1 0 0 0 0 0 1]	[0 0 0 0 1 0 0 0 0]	[0 1 0 1 0 0]	[1 0 0 0 0 0]
10	-0.5	6.838090419769287	1.8203356266021729	1.9691987037658691	1.469954252243042	1.5786019563674927	False	[0 0 1 0 0 0 0 0 0]	[0 0 0 0 0 0 0 0 0]	[1 1 0 1 0 0]	[1 0 1 0 0 0]
10	-0.5	6.463792324066162	2.0278797149658203	1.7830398082733154	1.460013747215271	1.192859172821045	False	[0 0 0 0 0 0 0 0 0]	[0 0 1 0 0 0 0 0 0]	[0 1 0 1 0 0]	[1 0 0 0 0 0]
10	-0.5	6.978702545166016	1.937880039215088	1.857865333557129	1.618833303451538	1.5641241073608398	False	[0 0 0 0 0 0 0 0 1]	[0 0 1 0 1 0 0 0 0]	[1 1 0 1 0 0]	[1 0 1 0 0 0]
10	-0.5	6.676691055297852	1.9530929327011108	1.741878628730774	1.4597930908203125	1.5219265222549438	False	[0 0 1 0 0 0 0 0 1]	[0 0 0 0 1 0 0 0 0]	[1 1 1 1 0 0]	[1 0 0 0 0 0]
10	-0.5	6.844402313232422	1.903261423110962	1.9134819507598877	1.480105996131897	1.5475528240203857	False	[0 0 1 0 0 0 0 0 0]	[0 0 0 0 0 0 0 0 0]	[0 1 1 1 0 0]	[1 0 1 0 0 0]
10	-0.5	6.377081871032715	1.973136305809021	1.7554221153259277	1.3973921537399292	1.2511308193206787	False	[0 0 0 0 0 0 0 0 0]	[0 0 1 0 0 0 0 0 0]	[0 1 0 1 0 0]	[1 0 0 0 0 0]
10	-0.5	6.920276641845703	1.942948579788208	1.8669018745422363	1.5949692726135254	1.515457034111023	False	[0 0 0 0 0 0 0 0 1]	[0 0 1 0 1 0 0 0 0]	[1 1 0 1 0 0]	[1 0 1 0 0 0]
10	-0.5	6.675327777862549	1.915310263633728	1.7710652351379395	1.4492627382278442	1.539689540863037	False	[0 0 1 0 0 0 0 0 1]	[0 0 0 0 1 0 0 0 0]	[1 1 1 1 0 0]	[1 0 0 0 0 0]
10	-0.5	6.890418529510498	1.8765106201171875	1.9252923727035522	1.5027368068695068	1.585878849029541	False	[0 0 1 0 0 0 0 0 0]	[0 0 0 0 0 0 0 0 0]	[0 1 1 1 0 0]	[1 0 1 0 0 0]
10	-0.5	6.520982265472412	1.9950143098831177	1.7909562587738037	1.4419454336166382	1.2930659055709839	False	[0 0 0 0 0 0 0 0 0]	[0 0 1 0 0 0 0 0 0]	[0 1 0 1 0 0]	[1 0 0 0 0 0]
10	-0.5	6.979214191436768	1.9660942554473877	1.875970482826233	1.6014635562896729	1.5356861352920532	False	[0 0 0 0 0 0 0 0 1]	[0 0 1 0 1 0 0 0 0]	[1 1 0 1 0 0]	[1 0 1 0 0 0]
10	-0.5	6.637609004974365	1.945335030555725	1.7415233850479126	1.4346678256988525	1.516082763671875	False	[0 0 1 0 0 0 0 0 1]	[0 0 0 0 1 0 0 0 0]	[1 1 1 1 0 0]	[1 0 0 0 0 0]
10	-0.5	6.898636817932129	1.9060032367706299	1.903398036956787	1.5313293933868408	1.557906150817871	False	[0 0 1 0 0 0 0 0 0]	[0 0 0 0 0 0 0 0 0]	[0 1 1 1 0 0]	[1 0 1 0 0 0]
10	-0.5	6.612002372741699	1.965561866760254	1.808863639831543	1.4908307790756226	1.3467462062835693	False	[0 0 0 0 0 0 0 0 0]	[0 0 1 0 0 0 0 0 0]	[0 1 0 1 0 0]	[1 0 0 0 0 0]
10	-0.5	6.871338367462158	1.942082166671753	1.8532843589782715	1.556362509727478	1.5196094512939453	False	[0 0 0 0 0 0 0 0 1]	[0 0 1 0 1 0 0 0 0]	[1 1 0 1 0 0]	[1 0 1 0 0 0]
10	-0.5	6.563266277313232	1.9599552154541016	1.7363868951797485	1.37431800365448	1.4926061630249023	False	[0 0 0 0 0 0 0 1 1]	[0 0 0 0 1 0 0 0 0]	[0 1 0 1 0 0]	[1 0 0 0 0 0]
11	-1.0	7.411933422088623	1.9101203680038452	2.003734588623047	1.861218810081482	1.6368595361709595	False	[0 0 0 0 0 0 0 1 0]	[0 1 1 0 0 0 1 1 0]	[1 0 0 0 0 1]	[0 0 0 0 0 1]
11	-1.0	7.556149482727051	2.137021541595459	2.136975049972534	1.86177659034729	1.4203768968582153	False	[0 0 0 0 0 0 0 0 0]	[0 1 1 0 1 0 1 1 0]	[0 0 0 0 0 1]	[0 0 0 0 0 0]
11	-1.0	7.466900825500488	2.0019137859344482	1.991672396659851	1.8536161184310913	1.619698405265808	False	[0 0 0 0 0 0 0 1 0]	[0 1 1 0 1 0 0 1 0]	[1 0 0 0 0 1]	[0 0 0 0 0 1]
11	-1.0	7.098895072937012	1.8702398538589478	1.9768681526184082	1.852941632270813	1.3988454341888428	False	[0 0 0 0 0 0 0 0 0]	[0 1 1 0 1 0 1 1 0]	[0 0 0 0 0 1]	[0 0 0 0 0 0]
11	-1.0	7.454744338989258	2.0080716609954834	1.9813264608383179	1.8155895471572876	1.6497570276260376	False	[0 0 0 0 0 0 0 1 0]	[0 1 1 0 1 0 0 1 0]	[1 0 0 0 0 1]	[0 0 0 0 0 1]
11	-1.0	7.132917881011963	1.8985776901245117	2.00856876373291	1.8617538213729858	1.3640176057815552	False	[0 0 0 0 0 0 0 0 0]	[0 1 1 0 1 0 1 1 0]	[0 0 0 0 0 1]	[0 0 0 0 0 0]
11	-1.0	7.447213172912598	2.0055246353149414	1.9976248741149902	1.8168364763259888	1.6272273063659668	False	[0 0 0 0 0 0 0 1 0]	[0 1 1 0 1 0 1 1 0]	[1 0 0 0 0 1]	[0 0 0 0 0 1]
11	-1.0	7.432741641998291	2.0438387393951416	2.0694706439971924	1.9018644094467163	1.4175676107406616	False	[0 0 0 0 0 0 0 0 0]	[0 1 1 0 0 0 1 1 0]	[0 0 0 0 0 1]	[0 0 0 0 0 0]
11	-0.5	7.360252380371094	1.9600402116775513	1.9891951084136963	1.7255897521972656	1.685427188873291	False	[0 0 0 0 0 0 0 1 0]	[0 1 1 0 0 0 0 1 0]	[1 0 0 0 0 1]	[0 0 0 0 0 1]
11	-1.0	6.738894939422607	1.842599630355835	1.9064099788665771	1.5215739011764526	1.4683113098144531	False	[0 0 0 0 0 0 0 0 0]	[0 1 1 0 1 0 0 1 0]	[0 0 0 0 0 1]	[0 0 0 0 0 0]
11	-1.0	7.339139938354492	1.8920966386795044	1.9509992599487305	1.7513270378112793	1.744717001914978	False	[0 0 0 0 0 0 0 1 0]	[0 1 1 0 1 0 1 1 0]	[1 0 0 0 0 1]	[0 0 0 0 0 1]
11	-1.0	7.324507713317871	2.0356695652008057	2.082275390625	1.8516724109649658	1.3548908233642578	False	[0 0 0 0 0 0 0 0 0]	[0 1 1 0 0 0 1 1 0]	[0 0 0 0 0 1]	[0 0 0 0 0 0]
11	-0.5	7.409038066864014	1.9586443901062012	1.9437532424926758	1.797315001487732	1.7093251943588257	False	[0 0 0 0 0 0 0 1 0]	[0 1 1 0 0 0 0 1 0]	[1 0 0 0 0 1]	[0 0 0 0 0 1]
11	-1.0	6.699110984802246	1.8559603691101074	1.9080508947372437	1.444495439529419	1.4906046390533447	False	[0 0 0 0 0 0 0 0 0]	[0 1 1 0 0 0 1 1 0]	[0 0 0 0 0 1]	[0 0 0 0 0 0]
11	-1.0	7.48549747467041	2.023050546646118	1.9849295616149902	1.7907291650772095	1.6867878437042236	False	[0 0 0 0 0 0 0 1 0]	[0 1 1 0 0 0 1 1 0]	[1 0 0 0 0 1]	[0 0 0 0 0 1]
11	-0.5	7.578021049499512	2.1390655040740967	2.1203460693359375	1.8653590679168701	1.4532499313354492	False	[0 0 1 0 0 0 0 1 0]	[0 1 1 0 1 0 1 1 0]	[0 0 0 0 0 1]	[0 0 0 0 0 0]
11	-0.5	6.696825981140137	1.875783085823059	1.9111988544464111	1.2859444618225098	1.6238994598388672	False	[0 0 1 0 0 0 0 0 0]	[0 1 1 0 0 0 1 1 0]	[1 0 0 0 0 1]	[0 0 0 0 0 1]
11	0.2571166455745697	7.303796291351318	2.0547032356262207	2.0511369705200195	1.5575058460235596	1.6404500007629395	False	[0 0 1 0 0 0 0 1 0]	[0 1 1 0 1 0 1 1 0]	[1 0 1 0 0 1]	[0 0 0 0 0 0]
11	-1.0	6.628023147583008	1.90590238571167	1.8428053855895996	1.2131714820861816	1.6661440134048462	False	[0 0 1 0 0 0 0 0 0]	[0 1 1 0 0 0 1 1 0]	[0 0 1 0 0 1]	[0 0 1 0 0 0]
11	-0.25	7.415443420410156	1.9928028583526611	1.9681743383407593	1.6930663585662842	1.7614004611968994	False	[0 0 1 0 0 0 0 1 0]	[0 1 1 0 0 0 1 1 0]	[0 0 1 0 0 1]	[0 0 1 0 0 1]
11	0.4273877739906311	6.984966278076172	1.8691610097885132	1.9950001239776611	1.4987579584121704	1.6220476627349854	False	[0 0 1 0 0 0 0 0 0]	[0 1 1 0 0 0 0 1 0]	[0 0 1 1 0 1]	[0 0 1 1 0 1]
11	-0.5	6.37667989730835	1.819927453994751	1.887162446975708	1.180206537246704	1.489383339881897	False	[0 0 0 0 0 0 0 0 0]	[0 1 1 0 1 0 0 1 0]	[1 0 1 1 0 1]	[0 0 1 1 1 1]
11	0.4154220521450043	6.613974094390869	1.901235818862915	2.0099036693573	1.0856828689575195	1.6171517372131348	False	[0 0 1 0 0 0 0 0 0]	[0 1 1 0 0 0 0 1 0]	[0 0 1 1 0 1]	[0 0 1 1 0 1]
11	0.044928647577762604	6.309872627258301	1.758693814277649	1.9205708503723145	1.179402232170105	1.451205849647522	False	[0 0 0 0 0 0 0 0 0]	[0 1 1 0 0 0 1 1 0]	[1 0 1 1 0 1]	[0 0 1 1 1 1]
11	0.3278542757034302	6.220800876617432	1.8277206420898438	2.0343527793884277	1.1079509258270264	1.250776767730713	False	[0 0 1 0 0 0 0 0 0]	[0 1 1 0 1 0 1 1 0]	[0 0 1 1 0 1]	[0 0 1 1 0 1]
11	0.043801143765449524	6.281483173370361	1.7858245372772217	1.9472925662994385	1.1726735830307007	1.3756922483444214	False	[0 0 0 0 0 0 0 0 0]	[0 1 1 0 0 0 1 1 0]	[1 0 1 1 0 1]	[0 0 1 1 1 1]
11	0.33072906732559204	6.276547431945801	1.833762526512146	2.0363245010375977	1.1784722805023193	1.227988362312317	False	[0 0 1 0 0 0 0 0 0]	[0 1 1 0 1 0 1 1 0]	[0 0 1 1 0 1]	[0 0 1 1 0 1]
11	0.08202415704727173	6.310993671417236	1.798534870147705	1.9475417137145996	1.1779890060424805	1.3869282007217407	False	[0 0 0 0 0 0 0 0 0]	[0 1 1 0 0 0 1 1 0]	[1 0 1 1 0 1]	[0 0 1 1 1 1]
11	0.33072906732559204	6.23213005065918	1.8388023376464844	2.019197940826416	1.1046597957611084	1.2694700956344604	False	[0 0 1 0 0 0 0 0 0]	[0 1 1 0 1 0 1 1 0]	[0 0 1 1 0 1]	[0 0 1 1 0 1]
11	0.05864164978265762	6.311273574829102	1.7916173934936523	1.9398787021636963	1.1974217891693115	1.382355809211731	False	[0 0 0 0 0 0 0 0 0]	[0 1 1 0 0 0 1 1 0]	[1 0 1 1 0 1]	[0 0 1 1 1 1]
12	-0.5	7.130614757537842	1.8914653062820435	1.9918327331542969	1.471455693244934	1.7758612632751465	False	[1 1 0 0 0 0 0 0 1]	[0 0 0 0 0 0 1 0 1]	[1 0 0 0 0 0]	[1 0 1 0 0 0]
12	-0.5	6.873809814453125	1.8565564155578613	2.0132365226745605	1.2979105710983276	1.7061060667037964	False	[1 1 0 0 0 0 0 0 0]	[0 0 0 0 0 0 0 0 1]	[0 0 0 0 0 0]	[1 0 1 0 1 0]
12	-0.5	7.051691055297852	2.0116310119628906	2.02416729927063	1.3121761083602905	1.703716516494751	False	[1 1 0 0 0 0 0 0 1]	[0 0 0 0 0 0 1 0 1]	[1 0 0 0 0 0]	[1 0 1 0 0 0]
12	-0.5	6.869046688079834	1.8524993658065796	2.003154993057251	1.3037793636322021	1.70961332321167	False	[1 1 0 0 0 0 0 0 0]	[0 0 0 0 0 0 0 0 1]	[0 0 0 0 0 0]	[1 0 1 0 1 0]
12	-0.5	7.070913314819336	2.004132032394409	2.0163445472717285	1.3476758003234863	1.7027610540390015	False	[1 1 0 0 0 0 0 0 1]	[0 0 0 0 0 0 1 0 1]	[1 0 0 0 0 0]	[1 0 1 0 0 0]
12	-0.5	6.839491844177246	1.7968213558197021	2.004871129989624	1.3219472169876099	1.7158524990081787	False	[1 1 0 0 0 0 0 0 0]	[0 0 0 0 0 0 0 0 1]	[0 0 0 0 0 0]	[1 0 1 0 1 0]
12	-0.5	7.029802322387695	2.008507251739502	1.9998815059661865	1.3203456401824951	1.7010681629180908	False	[1 1 0 0 0 0 0 0 1]	[0 0 0 0 0 0 1 0 1]	[1 0 0 0 0 0]	[1 0 1 0 0 0]
12	-0.5	6.837942123413086	1.8190244436264038	2.0170016288757324	1.2809572219848633	1.720958948135376	False	[1 1 0 0 0 0 0 0 0]	[0 0 0 0 0 0 0 0 1]	[0 0 0 0 0 0]	[1 0 1 0 1 0]
12	-0.5	7.06443977355957	2.0430381298065186	1.9858988523483276	1.3423248529434204	1.693178415298462	False	[1 1 0 0 0 0 0 0 1]	[0 0 0 0 0 0 1 0 1]	[1 0 0 0 0 0]	[1 0 1 0 0 0]
12	-0.5	6.86931037902832	1.837989091873169	2.019129991531372	1.3108805418014526	1.7013105154037476	False	[1 1 0 0 0 0 0 0 0]	[0 0 0 0 0 0 0 0 1]	[0 0 0 0 0 0]	[1 0 1 0 1 0]
12	-0.5	7.059541702270508	2.0084264278411865	2.0304994583129883	1.3089301586151123	1.7116851806640625	False	[1 1 0 0 0 0 0 0 1]	[0 0 0 0 0 0 1 0 1]	[1 0 0 0 0 0]	[1 0 1 0 0 0]
12	-0.5	6.8562774658203125	1.810504674911499	2.020909309387207	1.3096532821655273	1.715209722518921	False	[1 1 0 0 0 0 0 0 0]	[0 0 0 0 0 0 0 0 1]	[0 0 0 0 0 0]	[1 0 1 0 1 0]
12	-0.5	7.090531349182129	2.049816846847534	1.9584577083587646	1.3651487827301025	1.717107892036438	False	[1 1 0 0 0 0 0 0 1]	[0 0 0 0 0 0 1 0 1]	[1 0 0 0 0 0]	[1 0 1 0 0 0]
12	-0.5	6.872480392456055	1.8033702373504639	2.0200817584991455	1.3302390575408936	1.7187888622283936	False	[1 1 0 0 0 0 0 0 0]	[0 0 0 0 0 0 0 0 1]	[0 0 0 0 0 0]	[1 0 1 0 1 0]
12	-0.5	7.043570518493652	1.9920029640197754	2.053227424621582	1.3037066459655762	1.6946334838867188	False	[1 1 0 0 0 0 0 0 1]	[0 0 0 0 0 0 1 0 1]	[1 0 0 0 0 0]	[1 0 1 0 0 0]
12	-0.5	6.888443470001221	1.7904976606369019	2.0150187015533447	1.353105068206787	1.729822039604187	False	[1 1 0 0 0 0 0 0 0]	[0 0 0 0 0 0 0 0 1]	[0 0 0 0 0 0]	[1 0 1 0 1 0]
12	-0.5	7.0712127685546875	2.005336046218872	2.0193731784820557	1.3415470123291016	1.7049567699432373	False	[1 1 0 0 0 0 0 0 1]	[0 0 0 0 0 0 1 0 1]	[1 0 0 0 0 0]	[1 0 1 0 0 0]
12	-0.5	6.85946798324585	1.7631549835205078	2.02689266204834	1.3369139432907104	1.732506275177002	False	[1 1 0 0 0 0 0 0 0]	[0 0 0 0 0 0 0 0 1]	[0 0 0 0 0 0]	[1 0 1 0 1 0]
12	-0.5	7.055411338806152	1.9807260036468506	2.0360965728759766	1.327431559562683	1.7111570835113525	False	[1 1 0 0 0 0 0 0 1]	[0 0 1 0 0 0 0 0 1]	[1 0 0 0 0 0]	[1 0 1 0 0 0]
12	-0.5	6.856746196746826	1.7748373746871948	2.0006420612335205	1.3429460525512695	1.7383208274841309	False	[1 1 0 0 0 0 0 0 0]	[0 0 1 0 0 0 1 0 1]	[0 0 0 0 0 0]	[1 0 1 0 1 0]
12	-0.5	6.739403247833252	1.906836986541748	2.012232542037964	1.137591004371643	1.6827425956726074	False	[1 1 0 0 0 0 0 0 1]	[0 1 1 0 0 0 1 0 1]	[1 0 0 0 0 0]	[1 0 1 0 0 0]
12	-0.5	6.804179668426514	1.7799960374832153	2.0254998207092285	1.278740644454956	1.7199434041976929	False	[1 1 0 0 0 0 0 0 0]	[0 1 1 0 0 0 0 0 1]	[0 0 0 0 0 0]	[1 0 1 0 1 0]
12	-0.5	6.842777252197266	1.8824599981307983	1.9710540771484375	1.314274549484253	1.6749886274337769	False	[1 1 0 0 0 0 0 0 1]	[0 1 1 0 0 0 1 0 1]	[1 0 0 0 0 0]	[1 0 1 0 0 0]
12	-0.5	6.832261562347412	1.7883765697479248	2.0279135704040527	1.288512110710144	1.7274595499038696	False	[1 1 0 0 0 0 0 0 0]	[0 1 1 0 0 0 0 0 1]	[0 0 0 0 0 0]	[1 0 1 0 1 0]
12	-0.5	6.912651062011719	1.864768624305725	1.9926562309265137	1.3511862754821777	1.7040399312973022	False	[1 1 0 0 0 0 0 0 1]	[0 1 1 0 0 0 1 0 1]	[0 0 1 0 0 0]	[1 0 1 0 0 0]
12	0.07829296588897705	6.996970176696777	2.079308032989502	1.9334062337875366	1.2878029346466064	1.6964528560638428	False	[1 1 0 0 0 0 1 0 1]	[0 1 0 0 0 0 1 0 1]	[0 0 0 0 0 0]	[1 0 0 0 0 0]
12	-0.5	6.538193702697754	1.8872408866882324	1.9355546236038208	1.084921956062317	1.6304762363433838	False	[1 1 0 0 0 0 1 0 0]	[0 1 0 0 0 0 0 0 1]	[1 0 0 0 0 0]	[1 0 0 0 1 0]
12	0.04878342151641846	6.886941909790039	1.7998658418655396	2.0101613998413086	1.3507260084152222	1.7261887788772583	False	[1 1 0 0 0 0 1 0 1]	[0 1 0 0 0 0 1 0 1]	[0 0 0 0 0 0]	[1 0 0 0 0 0]
12	-0.5	6.598789215087891	1.860621452331543	1.95464026927948	1.120904564857483	1.6626229286193848	False	[1 1 0 0 0 0 1 0 0]	[0 1 0 0 0 0 0 0 1]	[1 0 0 0 0 0]	[1 0 0 0 1 0]
12	0.07297444343566895	6.867490768432617	1.8009405136108398	1.9932868480682373	1.3422842025756836	1.7309787273406982	False	[1 1 0 0 0 0 1 0 1]	[0 1 0 0 0 0 1 0 1]	[0 0 0 0 0 0]	[1 0 0 0 0 0]
13	0.34556958079338074	7.1187825202941895	1.9416639804840088	2.0213980674743652	1.541391372680664	1.6143289804458618	False	[0 0 0 0 1 0 0 0 1]	[0 0 1 1 0 0 0 0 0]	[1 1 1 1 0 0]	[1 1 0 0 1 1]
13	-0.5	6.8474884033203125	1.9534721374511719	1.9494067430496216	1.35478675365448	1.589822769165039	False	[0 0 0 0 1 0 0 1 1]	[0 0 1 0 0 0 0 0 0]	[1 1 0 1 0 0]	[0 1 0 0 1 1]
13	-0.5	7.004757404327393	1.8784539699554443	2.021937847137451	1.4620976448059082	1.6422677040100098	False	[0 0 0 0 1 0 0 0 1]	[0 0 1 1 0 0 0 0 0]	[1 1 1 1 0 0]	[0 1 1 0 1 1]
13	-0.5	7.3226847648620605	1.8767335414886475	2.065309762954712	1.6591999530792236	1.7214417457580566	False	[0 0 0 0 1 0 0 1 1]	[0 0 1 0 0 0 0 0 0]	[1 1 0 1 0 0]	[0 1 0 0 1 1]
13	-0.5	7.015410423278809	1.8685312271118164	2.0005111694335938	1.5050444602966309	1.6413236856460571	False	[0 0 0 0 1 0 0 0 1]	[0 0 1 1 0 0 0 0 0]	[1 1 1 1 0 0]	[0 1 1 0 1 1]
13	-0.5	7.374029636383057	1.8973511457443237	2.0871894359588623	1.6514208316802979	1.7380679845809937	False	[0 0 0 0 1 0 0 1 1]	[0 0 1 0 0 0 0 0 0]	[1 1 0 1 0 0]	[0 1 0 0 1 1]
13	-0.5	7.036011219024658	1.8586251735687256	2.0539207458496094	1.4451818466186523	1.6782833337783813	False	[0 0 0 0 1 0 0 0 1]	[0 0 1 1 0 0 0 0 0]	[1 1 1 1 0 0]	[0 1 1 0 1 1]
13	-0.5	7.300995826721191	1.8838303089141846	2.0658116340637207	1.6386005878448486	1.712753415107727	False	[0 0 0 0 1 0 0 1 1]	[0 0 1 0 0 0 0 0 0]	[1 1 0 1 0 0]	[0 1 0 0 1 1]
13	-0.5	7.0492143630981445	1.8734689950942993	2.06164813041687	1.439045786857605	1.675050973892212	False	[0 0 0 0 1 0 0 0 1]	[0 0 1 1 0 0 0 0 0]	[1 1 1 1 0 0]	[0 1 1 0 1 1]
13	-0.5	7.3291015625	1.904622197151184	2.063986301422119	1.647813081741333	1.7126797437667847	False	[0 0 0 0 1 0 0 1 1]	[0 0 1 0 0 0 0 0 0]	[1 1 0 1 0 0]	[0 1 0 0 1 1]
13	-0.5	6.971225738525391	1.8705847263336182	2.0717763900756836	1.3732075691223145	1.6556570529937744	False	[0 0 0 0 1 0 0 0 1]	[0 0 1 1 0 0 0 0 0]	[1 1 1 1 0 0]	[0 1 1 0 1 1]
13	-0.5	7.368927001953125	1.898074746131897	2.067314863204956	1.6794074773788452	1.7241294384002686	False	[0 0 0 0 1 0 0 1 1]	[0 0 1 0 0 0 0 0 0]	[1 1 0 1 0 0]	[0 1 0 0 1 1]
13	-0.5	7.053878307342529	1.8600118160247803	2.0473573207855225	1.4709739685058594	1.6755353212356567	False	[0 0 0 0 1 0 0 0 1]	[0 0 1 1 0 0 0 0 0]	[1 1 1 1 0 0]	[0 1 1 0 1 1]
13	-0.5	7.397899150848389	1.899245023727417	2.0671498775482178	1.7052096128463745	1.7262945175170898	False	[0 0 0 0 1 0 0 1 1]	[0 0 1 0 0 0 0 0 0]	[1 1 0 1 0 0]	[0 1 0 0 1 1]
13	-0.5	7.0545148849487305	1.8736035823822021	2.0610239505767822	1.4423954486846924	1.6774921417236328	False	[0 0 0 0 1 0 0 0 1]	[0 0 1 1 0 0 0 0 0]	[1 1 1 1 0 0]	[0 1 1 0 1 1]
13	-0.5	7.349383354187012	1.89962899684906	2.078740358352661	1.6462459564208984	1.7247682809829712	False	[0 0 0 0 1 0 0 1 1]	[0 0 1 1 0 0 0 1 0]	[1 1 0 1 0 0]	[0 1 0 0 1 1]
13	0.33647868037223816	7.067487716674805	1.8316985368728638	2.1327998638153076	1.4259412288665771	1.6770474910736084	False	[0 0 0 0 1 0 0 0 1]	[0 0 1 0 0 0 0 1 0]	[1 1 1 1 0 0]	[0 1 0 0 0 1]
13	-0.5	6.886321067810059	1.860825777053833	2.1245970726013184	1.3058068752288818	1.5950911045074463	False	[0 0 1 0 1 0 0 0 1]	[0 0 0 0 0 0 0 1 0]	[1 1 0 1 0 0]	[0 1 0 0 1 1]
13	-0.5	6.974817752838135	1.87740159034729	1.9397413730621338	1.439895749092102	1.7177791595458984	False	[0 0 1 0 1 0 0 1 1]	[0 0 0 1 0 0 0 1 0]	[1 1 1 1 0 0]	[1 1 0 0 1 1]
13	-0.5	7.2241716384887695	1.8562254905700684	2.121119737625122	1.587772250175476	1.6590540409088135	False	[0 0 1 0 1 0 0 0 1]	[0 0 0 0 0 0 0 1 0]	[1 1 0 1 0 0]	[1 1 0 0 0 1]
13	-0.5	6.880967617034912	1.837478518486023	2.015899181365967	1.3845993280410767	1.6429905891418457	False	[0 0 1 0 1 0 0 1 1]	[0 0 0 1 0 0 0 1 0]	[1 1 1 1 0 0]	[1 1 0 0 1 1]
13	-0.5	7.318425178527832	1.8873058557510376	2.0984792709350586	1.6490342617034912	1.6836059093475342	False	[0 0 1 0 1 0 0 0 1]	[0 0 0 0 0 0 0 1 0]	[1 1 0 1 0 0]	[1 1 0 0 0 1]
13	-0.5	6.9933648109436035	1.8053498268127441	2.046826124191284	1.4540932178497314	1.6870956420898438	False	[0 0 1 0 1 0 0 1 1]	[0 0 0 1 0 0 0 1 0]	[1 1 1 1 0 0]	[1 1 0 0 1 1]
13	-0.5	7.348083019256592	1.8864858150482178	2.106621026992798	1.658276915550232	1.6966992616653442	False	[0 0 1 0 1 0 0 0 1]	[0 0 0 0 0 0 0 1 0]	[1 1 0 1 0 0]	[1 1 0 0 0 1]
13	-0.5	7.066311359405518	1.8342689275741577	2.022031784057617	1.5067310333251953	1.7032793760299683	False	[0 0 1 0 1 0 0 1 1]	[0 0 0 1 0 0 0 1 0]	[1 1 1 1 0 0]	[1 1 0 0 1 1]
13	-0.5	7.30375862121582	1.89897882938385	2.0684618949890137	1.6536359786987305	1.6826821565628052	False	[0 0 1 0 1 0 0 0 1]	[0 0 0 0 0 0 0 1 0]	[1 1 0 1 0 0]	[1 1 0 0 0 1]
13	-0.5	6.9305524826049805	1.8093801736831665	2.043738842010498	1.425980567932129	1.6514530181884766	False	[0 0 1 0 1 0 0 1 1]	[0 0 0 1 0 0 0 1 0]	[1 1 1 1 0 0]	[1 1 0 0 1 1]
13	-0.5	7.252961158752441	1.8684602975845337	2.108386754989624	1.6050835847854614	1.6710302829742432	False	[0 0 1 0 1 0 0 0 1]	[0 0 0 0 0 0 0 1 0]	[1 1 0 1 0 0]	[1 1 1 0 1 1]
13	-0.5	7.225100517272949	1.8992063999176025	2.0436859130859375	1.5593833923339844	1.722825050354004	False	[0 0 1 0 1 0 0 1 1]	[0 0 0 1 0 0 0 1 0]	[1 1 1 1 0 0]	[0 1 1 0 1 1]
13	-0.5	7.312917709350586	1.9060912132263184	2.15612530708313	1.5763471126556396	1.6743535995483398	False	[0 0 0 0 1 0 0 1 1]	[0 0 0 0 0 0 0 1 0]	[1 1 0 1 0 0]	[0 1 1 0 0 1]
14	-0.5	7.810614109039307	2.144949436187744	2.1610400676727295	1.713118314743042	1.791506290435791	False	[0 0 0 0 1 0 0 1 0]	[1 0 1 0 0 0 0 0 0]	[0 0 0 1 1 1]	[0 0 0 0 0 1]
14	-0.5	7.244548797607422	1.9696409702301025	1.9631845951080322	1.6501548290252686	1.6615687608718872	False	[0 1 0 0 1 0 0 1 0]	[0 0 1 0 0 0 0 0 0]	[0 0 1 1 1 1]	[1 0 0 0 0 1]
14	-0.5	7.262057304382324	1.942563533782959	1.964657187461853	1.622092843055725	1.732743740081787	False	[0 1 1 0 1 0 0 1 0]	[0 1 1 0 0 0 0 0 0]	[0 0 1 1 1 0]	[0 0 0 0 0 1]
14	-1.0	7.0969648361206055	1.9647022485733032	1.9140324592590332	1.45094895362854	1.7672816514968872	False	[0 0 1 0 1 0 0 1 0]	[0 1 1 1 0 0 0 0 0]	[0 0 1 1 1 1]	[1 0 0 0 0 1]
14	-0.75	7.276545524597168	1.919585943222046	2.096759796142578	1.398652195930481	1.8615474700927734	False	[0 0 1 0 1 0 0 1 0]	[0 1 1 1 0 0 0 0 0]	[0 0 1 1 1 0]	[1 1 0 0 0 1]
14	-0.5	7.275371551513672	2.0209226608276367	1.9595566987991333	1.5138635635375977	1.7810285091400146	False	[0 0 0 0 1 0 0 1 0]	[0 1 1 0 0 0 0 0 0]	[0 0 1 1 1 1]	[1 1 0 0 1 1]
14	-0.75	7.225004196166992	1.9375112056732178	1.994673490524292	1.6342439651489258	1.6585756540298462	False	[0 0 1 0 1 0 0 1 0]	[0 0 1 0 0 0 0 0 0]	[0 0 1 1 1 0]	[1 1 0 0 0 1]
14	-0.5	7.193676471710205	1.9525785446166992	2.031522035598755	1.5017879009246826	1.707788109779358	False	[0 0 0 0 1 0 0 1 0]	[0 1 1 0 0 0 0 0 0]	[0 0 1 1 1 1]	[1 1 0 0 1 1]
14	-0.75	7.261857032775879	1.9579520225524902	1.9931399822235107	1.6459976434707642	1.6647671461105347	False	[0 0 1 0 1 0 0 1 0]	[0 1 0 0 0 0 0 0 0]	[0 0 1 1 1 0]	[1 1 0 0 0 1]
14	-0.5	7.437656402587891	2.059107542037964	1.9920085668563843	1.6039279699325562	1.7826125621795654	False	[0 1 1 0 1 0 0 1 0]	[0 1 0 1 0 0 0 0 0]	[0 0 1 1 1 1]	[0 1 0 0 0 1]
14	0.3761836290359497	7.29178524017334	1.989612340927124	2.0075552463531494	1.6431056261062622	1.6515123844146729	False	[0 1 0 0 1 0 0 1 0]	[0 0 0 1 0 0 0 0 0]	[0 0 0 1 1 1]	[0 1 0 0 1 1]
14	-0.5	6.557050704956055	1.8943966627120972	1.9079245328903198	1.3437256813049316	1.411003828048706	False	[0 1 1 0 1 0 0 1 0]	[1 0 0 1 0 0 0 0 0]	[0 0 1 1 1 1]	[0 1 0 0 0 1]
14	-0.5	7.247952938079834	1.9759430885314941	2.004992723464966	1.6244758367538452	1.6425412893295288	False	[0 1 0 0 1 0 0 1 0]	[1 1 0 1 0 0 0 0 0]	[0 0 0 1 1 1]	[0 1 0 0 1 1]
14	-0.5	7.244080543518066	1.9575810432434082	1.9944071769714355	1.6368961334228516	1.6551960706710815	False	[0 1 1 0 1 0 0 1 0]	[1 1 1 1 0 0 0 0 0]	[0 0 1 1 1 1]	[0 1 0 0 0 1]
14	-0.75	7.264252185821533	1.953902244567871	1.9964683055877686	1.6472816467285156	1.6665997505187988	False	[0 1 0 0 1 0 0 1 0]	[1 0 1 1 0 0 0 0 0]	[0 0 1 1 1 0]	[0 1 0 0 1 1]
14	-0.5	7.297677040100098	2.014824390411377	1.9620462656021118	1.5423767566680908	1.7784302234649658	False	[0 0 0 0 1 0 0 1 0]	[1 0 1 0 0 0 0 0 0]	[0 0 1 1 1 1]	[0 1 0 0 0 1]
14	-0.5	7.12567663192749	1.9199458360671997	1.9893150329589844	1.6024188995361328	1.613996982574463	False	[0 0 1 0 1 0 0 1 0]	[1 1 1 0 0 0 0 0 0]	[0 0 0 1 1 1]	[0 1 0 0 1 1]
14	-0.5	7.298615455627441	1.9572639465332031	1.9770333766937256	1.6627994775772095	1.7015186548233032	False	[0 1 1 0 1 0 0 1 0]	[0 1 1 0 0 0 0 0 0]	[0 0 1 1 1 1]	[1 1 0 0 1 1]
14	-0.75	7.318260192871094	1.9605730772018433	1.9942271709442139	1.6770355701446533	1.6864242553710938	False	[0 1 0 0 1 0 0 1 0]	[0 0 1 0 0 0 0 0 0]	[0 0 1 1 1 0]	[1 1 0 0 0 1]
14	-0.5	7.232834815979004	1.9550904035568237	2.051168918609619	1.4920499324798584	1.7345257997512817	False	[0 1 1 0 1 0 0 1 0]	[0 1 1 0 0 0 0 0 0]	[0 0 1 1 1 1]	[1 1 0 0 1 1]
14	-0.75	7.2679033279418945	1.956376552581787	1.975656509399414	1.6327208280563354	1.7031490802764893	False	[0 1 0 0 1 0 0 1 0]	[0 0 1 0 0 0 0 0 0]	[0 0 1 1 1 0]	[1 1 0 0 0 1]
14	-0.5	7.198731422424316	1.9522318840026855	2.0419328212738037	1.4705355167388916	1.7340309619903564	False	[0 1 1 0 1 0 0 1 0]	[0 1 1 0 0 0 0 0 0]	[0 0 1 1 1 1]	[1 1 0 0 1 1]
14	-0.75	7.237972736358643	1.9456130266189575	1.9982043504714966	1.6522066593170166	1.6419485807418823	False	[0 1 0 0 1 0 0 1 0]	[0 0 1 0 0 0 0 0 0]	[0 0 1 1 1 0]	[1 1 0 0 0 1]
14	-0.5	7.2254958152771	1.948225498199463	2.0383920669555664	1.5398861169815063	1.698992371559143	False	[0 1 1 0 1 0 0 1 0]	[0 1 1 0 0 0 0 0 0]	[0 0 1 1 1 1]	[1 1 0 0 1 1]
14	-0.75	7.2014970779418945	1.9490349292755127	1.9940770864486694	1.6286412477493286	1.6297438144683838	False	[0 1 0 0 1 0 0 1 0]	[0 0 1 0 0 0 0 0 0]	[0 0 1 1 1 0]	[1 1 0 0 0 1]
14	-0.5	7.203518867492676	1.9533228874206543	2.055896282196045	1.4570817947387695	1.7372181415557861	False	[0 1 1 0 1 0 0 1 0]	[0 0 1 1 0 0 0 0 0]	[0 0 1 1 1 1]	[1 1 0 0 1 1]
14	-0.75	7.309826374053955	1.971800446510315	2.0015947818756104	1.6813104152679443	1.6551204919815063	False	[0 1 0 0 1 0 0 1 0]	[0 1 1 1 0 0 0 0 0]	[0 0 1 1 1 0]	[1 1 0 0 0 1]
14	-0.5	7.2679009437561035	2.0393404960632324	1.959716558456421	1.4862186908721924	1.7826251983642578	False	[0 0 0 0 1 0 0 1 0]	[0 1 1 0 0 0 0 0 0]	[0 0 1 1 1 1]	[0 1 0 0 0 1]
14	-0.5	7.220839023590088	1.9554129838943481	1.991504192352295	1.6219239234924316	1.6519980430603027	False	[0 0 1 0 1 0 0 1 0]	[0 0 1 0 0 0 0 0 0]	[0 0 0 1 1 1]	[0 1 0 0 1 1]
14	-0.5	7.291898727416992	1.967511534690857	1.9698781967163086	1.648589849472046	1.7059192657470703	False	[0 1 1 0 1 0 0 1 0]	[1 0 1 0 0 0 0 0 0]	[0 0 1 1 1 1]	[1 1 0 0 1 1]
15	-1.0	7.916994094848633	2.100574254989624	2.173769235610962	1.7400057315826416	1.902645230293274	False	[0 0 1 0 1 0 0 0 0]	[0 0 1 0 0 1 0 0 0]	[1 0 0 0 1 0]	[0 1 1 0 1 0]
15	0.3761836290359497	7.4446702003479	2.23341965675354	2.028228759765625	1.385016918182373	1.7980051040649414	False	[0 0 1 0 1 0 0 0 0]	[0 0 1 0 0 1 0 0 0]	[1 0 0 0 0 0]	[0 1 1 0 1 1]
15	-1.0	6.393451690673828	1.885266661643982	1.942258596420288	1.007293462753296	1.5586326122283936	False	[0 0 1 0 1 0 0 0 1]	[1 0 1 0 0 1 0 0 0]	[0 0 0 0 0 0]	[1 1 1 0 1 1]
15	-0.75	6.447717666625977	2.1256091594696045	2.152198076248169	0.42310360074043274	1.7468063831329346	False	[0 0 1 0 1 0 0 0 0]	[1 0 1 0 0 1 0 1 0]	[0 0 0 0 0 0]	[1 0 1 0 1 1]
15	0.3513431251049042	6.937996864318848	2.002544641494751	2.068197011947632	1.1874701976776123	1.6797847747802734	False	[0 0 1 0 1 0 0 0 1]	[0 0 1 0 0 1 0 1 0]	[1 0 0 0 0 0]	[1 1 1 0 1 1]
15	0.4063311517238617	6.078769683837891	1.9067543745040894	1.9749009609222412	0.6700389385223389	1.5270757675170898	False	[0 0 1 0 1 0 0 0 0]	[1 0 1 0 0 1 0 1 0]	[0 0 0 0 0 0]	[0 1 1 0 1 1]
15	0.3187633752822876	6.116539478302002	1.9192229509353638	1.9674439430236816	0.680997371673584	1.5488752126693726	False	[0 0 1 0 1 0 0 0 1]	[0 0 1 0 0 1 0 1 0]	[1 0 0 0 0 0]	[1 1 1 0 1 1]
15	0.4063311517238617	6.042766571044922	1.9143366813659668	1.9712380170822144	0.6345012784004211	1.5226900577545166	False	[0 0 1 0 1 0 0 0 0]	[1 0 1 0 0 1 0 1 0]	[0 0 0 0 0 0]	[0 1 1 0 1 1]
15	0.2948319613933563	6.095212936401367	1.913160800933838	1.9666552543640137	0.6685178279876709	1.5468790531158447	False	[0 0 1 0 1 0 0 0 1]	[0 0 1 0 0 1 0 1 0]	[1 0 0 0 0 0]	[1 1 1 0 1 1]
15	0.40542206168174744	6.117776870727539	1.9069287776947021	1.9757822751998901	0.6964976787567139	1.5385686159133911	False	[0 0 1 0 1 0 0 0 0]	[1 0 1 0 0 1 0 1 0]	[0 0 0 0 0 0]	[0 1 1 0 1 1]
15	0.29679766297340393	6.0948381423950195	1.9083770513534546	1.9767649173736572	0.6593484878540039	1.5503480434417725	False	[0 0 1 0 1 0 0 0 1]	[0 0 1 0 0 1 0 1 0]	[1 0 0 0 0 0]	[1 1 1 0 1 1]
15	0.4154220521450043	6.11987829208374	1.90426504611969	1.9760342836380005	0.7061980366706848	1.5333811044692993	False	[0 0 1 0 1 0 0 0 0]	[1 0 1 0 0 1 0 1 0]	[0 0 0 0 0 0]	[0 1 1 0 1 1]
15	0.3039228618144989	6.130093574523926	1.9046096801757812	1.9731113910675049	0.6956164240837097	1.556755781173706	False	[0 0 1 0 1 0 0 0 1]	[0 0 1 0 0 1 0 1 0]	[1 0 0 0 0 0]	[1 1 1 0 1 1]
15	0.3977067470550537	6.102964878082275	1.9178134202957153	1.9749126434326172	0.6796362996101379	1.5306023359298706	False	[0 0 1 0 1 0 0 0 0]	[1 0 1 0 0 1 0 1 0]	[0 0 0 0 0 0]	[0 1 1 0 1 1]
15	0.29436543583869934	6.105108261108398	1.8989709615707397	1.9679226875305176	0.6821794509887695	1.556035041809082	False	[0 0 1 0 1 0 0 0 1]	[0 0 1 0 0 1 0 1 0]	[1 0 0 0 0 0]	[1 1 1 0 1 1]
15	0.43072906136512756	6.098834037780762	1.9015634059906006	1.9763725996017456	0.6840338706970215	1.5368645191192627	False	[0 0 1 0 1 0 0 0 0]	[1 0 1 0 0 1 0 1 0]	[0 0 0 0 0 0]	[0 1 1 0 1 1]
15	0.3242945373058319	6.087838649749756	1.9082328081130981	1.9680753946304321	0.6631699800491333	1.5483604669570923	False	[0 0 1 0 1 0 0 0 1]	[0 0 1 0 0 1 0 1 0]	[1 0 0 0 0 0]	[1 1 1 0 1 1]
15	0.39724022150039673	6.066620826721191	1.9064077138900757	1.9668300151824951	0.666106104850769	1.5272771120071411	False	[0 0 1 0 1 0 0 0 0]	[1 0 1 0 0 1 0 1 0]	[0 0 0 0 0 0]	[0 1 1 0 1 1]
15	0.3340703845024109	6.101219177246094	1.914577603340149	1.968804121017456	0.6638535261154175	1.5539838075637817	False	[0 0 1 0 1 0 0 0 1]	[0 0 1 0 0 1 0 1 0]	[1 0 0 0 0 0]	[1 1 1 0 1 1]
15	0.4489108920097351	6.095912456512451	1.912656545639038	1.9701461791992188	0.6852846741676331	1.5278247594833374	False	[0 0 1 0 1 0 0 0 0]	[1 0 1 0 0 1 0 1 0]	[0 0 0 0 0 0]	[0 1 1 0 1 1]
15	0.32832080125808716	6.09329080581665	1.9095628261566162	1.97615385055542	0.648637056350708	1.5589371919631958	False	[0 0 1 0 1 0 0 0 1]	[0 0 1 0 0 1 0 1 0]	[1 0 0 0 0 0]	[1 1 1 0 1 1]
15	0.48193320631980896	6.091065406799316	1.9142335653305054	1.975012183189392	0.659929633140564	1.5418903827667236	False	[0 0 1 0 1 0 0 0 0]	[1 0 1 0 0 1 0 1 0]	[0 0 0 0 0 0]	[0 1 1 0 1 1]
15	0.30679765343666077	6.125274658203125	1.9130349159240723	1.9706333875656128	0.6867449879646301	1.5548611879348755	False	[0 0 1 0 1 0 0 0 1]	[0 0 1 0 0 1 0 1 0]	[1 0 0 0 0 0]	[1 1 1 0 1 1]
15	0.4063311517238617	6.092927932739258	1.907073974609375	1.962575078010559	0.6916882991790771	1.531590223312378	False	[0 0 1 0 1 0 0 0 0]	[1 0 1 0 0 1 0 1 0]	[0 0 0 0 0 0]	[0 1 1 0 1 1]
15	0.3249794840812683	6.104646682739258	1.9107478857040405	1.9682291746139526	0.6727104783058167	1.5529592037200928	False	[0 0 1 0 1 0 0 0 1]	[0 0 1 0 0 1 0 1 0]	[1 0 0 0 0 0]	[1 1 1 0 1 1]
15	0.38814932107925415	6.120256423950195	1.9007019996643066	1.9769431352615356	0.7001738548278809	1.5424373149871826	False	[0 0 1 0 1 0 0 0 0]	[1 0 1 0 0 1 0 1 0]	[0 0 0 0 0 0]	[0 1 1 0 1 1]
15	0.2948319613933563	6.111452102661133	1.9151647090911865	1.9676549434661865	0.6711962819099426	1.557436227798462	False	[0 0 1 0 1 0 0 0 1]	[0 0 1 0 0 1 0 1 0]	[1 0 0 0 0 0]	[1 1 1 0 1 1]
15	0.41829684376716614	6.0881667137146	1.913228154182434	1.9682320356369019	0.6741681694984436	1.5325384140014648	False	[0 0 1 0 1 0 0 0 0]	[1 0 1 0 0 1 0 1 0]	[0 0 0 0 0 0]	[0 1 1 0 1 1]
15	0.3513431251049042	6.076163291931152	1.9174206256866455	1.9632954597473145	0.643031120300293	1.5524159669876099	False	[0 0 1 0 1 0 0 0 1]	[0 0 1 0 0 1 0 1 0]	[1 0 0 0 0 0]	[1 1 1 0 1 1]
15	0.4489108920097351	6.0763959884643555	1.9147157669067383	1.9686754941940308	0.6688949465751648	1.5241096019744873	False	[0 0 1 0 1 0 0 0 0]	[1 0 1 0 0 1 0 1 0]	[0 0 0 0 0 0]	[0 1 1 0 1 1]
16	-1.0	6.8859686851501465	2.0943262577056885	2.1839802265167236	0.7626041173934937	1.8450579643249512	False	[0 0 0 0 0 0 0 1 1]	[0 0 0 0 0 0 0 0 0]	[0 0 0 0 0 0]	[1 0 0 0 0 0]
16	-1.0	6.977084159851074	2.08088755607605	1.7817537784576416	1.2168664932250977	1.897576093673706	False	[0 0 0 1 0 0 0 1 1]	[0 0 0 0 0 0 0 0 0]	[1 0 0 0 0 0]	[1 0 0 0 0 0]
16	-1.0	6.949366092681885	2.0819029808044434	1.752112865447998	1.231167197227478	1.8841829299926758	False	[0 0 0 0 0 0 0 1 1]	[0 0 0 0 0 0 0 0 0]	[1 0 0 0 0 0]	[1 0 0 0 0 0]
16	-1.0	6.976924896240234	2.0844860076904297	1.7616642713546753	1.2367596626281738	1.894014835357666	False	[0 0 0 1 0 0 0 1 1]	[0 0 0 0 0 0 0 0 0]	[0 0 0 0 0 0]	[1 0 0 0 0 0]
16	-1.0	6.911410331726074	2.0737767219543457	1.7188746929168701	1.239667296409607	1.8790918588638306	False	[0 0 0 0 0 0 0 1 1]	[0 0 0 0 0 0 0 0 0]	[0 0 0 0 0 0]	[1 0 0 0 0 0]
16	-1.0	7.032574653625488	2.0896997451782227	1.8245619535446167	1.2158379554748535	1.9024748802185059	False	[0 0 0 1 0 0 0 1 1]	[0 0 0 0 0 0 0 0 0]	[1 0 0 0 0 0]	[1 0 0 0 0 0]
16	-1.0	6.940929889678955	2.071755886077881	1.7656170129776	1.2261700630187988	1.8773870468139648	False	[0 0 0 0 0 0 0 1 1]	[0 0 0 0 0 0 0 0 0]	[1 0 0 0 0 0]	[1 0 0 0 0 0]
16	-1.0	6.984407424926758	2.0867960453033447	1.7604907751083374	1.243978500366211	1.8931423425674438	False	[0 0 0 1 0 0 0 1 1]	[0 0 0 0 0 0 0 0 0]	[0 0 0 0 0 0]	[1 0 0 0 0 0]
16	-1.0	6.98343563079834	2.081035614013672	1.773991346359253	1.2364585399627686	1.8919498920440674	False	[0 0 0 0 0 0 0 1 1]	[0 0 0 0 0 0 0 0 0]	[0 0 0 0 0 0]	[1 0 0 0 0 0]
16	-1.0	7.037031173706055	2.0990569591522217	1.7904835939407349	1.2449711561203003	1.9025189876556396	False	[0 0 0 1 0 0 0 1 1]	[0 0 0 0 0 0 0 0 0]	[1 0 0 0 0 0]	[1 0 0 0 0 0]
16	-1.0	6.94564151763916	2.0803122520446777	1.7540262937545776	1.2248741388320923	1.8864285945892334	False	[0 0 0 0 0 0 0 1 1]	[0 0 0 0 0 0 0 0 0]	[1 0 0 0 0 0]	[1 0 0 0 0 0]
16	-1.0	6.971792221069336	2.079313278198242	1.777450442314148	1.219321370124817	1.8957068920135498	False	[0 0 0 1 0 0 0 1 1]	[0 0 0 0 0 0 0 0 0]	[1 0 0 0 0 0]	[1 0 0 0 0 0]
16	-1.0	6.920920372009277	2.0774669647216797	1.7641335725784302	1.2188045978546143	1.8605153560638428	False	[0 0 0 0 0 0 0 1 1]	[0 0 0 0 0 0 0 0 0]	[1 0 0 0 0 0]	[1 0 0 0 0 0]
16	-1.0	6.894346237182617	2.0860795974731445	1.7057576179504395	1.2144430875778198	1.8880656957626343	False	[0 0 0 1 0 0 0 1 1]	[0 0 0 0 0 0 0 0 0]	[0 0 0 0 0 0]	[1 0 0 0 0 0]
16	-1.0	6.964649200439453	2.0773279666900635	1.7819772958755493	1.2197531461715698	1.8855903148651123	False	[0 0 0 0 0 0 0 1 1]	[0 0 0 0 0 0 0 0 0]	[0 0 0 0 0 0]	[1 0 0 0 0 0]
16	-1.0	6.972207069396973	2.0873963832855225	1.7695438861846924	1.2291094064712524	1.886157512664795	False	[0 0 0 1 0 0 0 1 1]	[0 0 0 0 0 0 0 0 0]	[1 0 0 0 0 0]	[1 0 0 0 0 0]
16	-1.0	6.928150653839111	2.074375629425049	1.7458041906356812	1.2313861846923828	1.876584529876709	False	[0 0 0 0 0 0 0 1 1]	[0 0 0 0 0 0 0 0 0]	[1 0 0 0 0 0]	[1 0 0 0 0 0]
16	-1.0	6.957118988037109	2.081699848175049	1.7414406538009644	1.2352843284606934	1.8986937999725342	False	[0 0 0 1 0 0 0 1 1]	[0 0 0 0 0 0 0 0 0]	[0 0 0 0 0 0]	[1 0 0 0 0 0]
16	-1.0	6.968569755554199	2.0735018253326416	1.799454689025879	1.2324275970458984	1.8631857633590698	False	[0 0 0 0 0 0 0 1 1]	[0 0 0 0 0 0 0 0 0]	[0 0 0 0 0 0]	[1 0 0 0 0 0]
16	-1.0	6.996716499328613	2.080310106277466	1.7743550539016724	1.252701759338379	1.8893494606018066	False	[0 0 0 1 0 0 0 1 1]	[0 0 0 0 0 0 0 0 0]	[1 0 0 0 0 0]	[1 0 0 0 0 0]
16	-1.0	6.947458267211914	2.0784223079681396	1.7716882228851318	1.2167479991912842	1.8805997371673584	False	[0 0 0 0 0 0 0 1 1]	[0 0 0 0 0 0 0 0 0]	[1 0 0 0 0 0]	[1 0 0 0 0 0]
16	-1.0	6.988708972930908	2.0879998207092285	1.7725436687469482	1.2274456024169922	1.900720238685608	False	[0 0 0 1 0 0 0 1 1]	[0 0 0 0 0 0 0 0 0]	[0 0 0 0 0 0]	[1 0 0 0 0 0]
16	-1.0	6.8969831466674805	2.076510190963745	1.7257158756256104	1.2283827066421509	1.8663742542266846	False	[0 0 0 0 0 0 0 1 1]	[0 0 0 0 0 0 0 0 0]	[0 0 0 0 0 0]	[1 0 0 0 0 0]
16	-1.0	6.948526859283447	2.0760908126831055	1.7703781127929688	1.2223784923553467	1.8796793222427368	False	[0 0 0 1 0 0 0 1 1]	[0 0 0 0 0 0 0 0 0]	[1 0 0 0 0 0]	[1 0 0 0 0 0]
16	-1.0	6.980342388153076	2.0837059020996094	1.7768560647964478	1.2356048822402954	1.8841758966445923	False	[0 0 0 0 0 0 0 1 1]	[0 0 0 0 0 0 0 0 0]	[1 0 0 0 0 0]	[1 0 0 0 0 0]
16	-1.0	6.982030868530273	2.0874462127685547	1.7522248029708862	1.2500323057174683	1.8923271894454956	False	[0 0 0 1 0 0 0 1 1]	[0 0 0 0 0 0 0 0 0]	[0 0 0 0 0 0]	[1 0 0 0 0 0]
16	-1.0	6.937830924987793	2.0772314071655273	1.7676864862442017	1.2127169370651245	1.88019597530365	False	[0 0 0 0 0 0 0 1 1]	[0 0 0 0 0 0 0 0 0]	[0 0 0 0 0 0]	[1 0 0 0 0 0]
16	-1.0	7.033477783203125	2.0938563346862793	1.7882022857666016	1.2488164901733398	1.9026027917861938	False	[0 0 0 1 0 0 0 1 1]	[0 0 0 0 0 0 0 0 0]	[1 0 0 0 0 0]	[1 0 0 0 0 0]
16	-1.0	6.885007381439209	2.0726349353790283	1.7115752696990967	1.2281725406646729	1.8726248741149902	False	[0 0 0 0 0 0 0 1 1]	[0 0 0 0 0 0 0 0 0]	[1 0 0 0 0 0]	[1 0 0 0 0 0]
16	-1.0	6.934670448303223	2.082244873046875	1.7175695896148682	1.244096279144287	1.8907592296600342	False	[0 0 0 1 0 0 0 1 1]	[0 0 0 0 0 0 0 0 0]	[1 0 0 0 0 0]	[1 0 0 0 0 0]
17	-0.75	7.231464862823486	2.011223793029785	2.1444284915924072	1.4248168468475342	1.6509958505630493	False	[0 0 0 1 0 0 0 0 0]	[1 1 0 0 0 0 0 0 0]	[0 0 0 0 0 1]	[0 0 0 0 0 0]
17	-0.75	7.065682888031006	1.8924793004989624	1.9618172645568848	1.483228325843811	1.7281581163406372	False	[1 0 0 1 0 0 0 0 0]	[1 1 0 0 0 0 0 0 1]	[0 0 0 1 0 1]	[0 0 0 1 0 0]
17	-0.75	7.112069129943848	2.0649306774139404	2.1217684745788574	1.2738813161849976	1.6514885425567627	False	[1 0 0 0 0 0 0 0 0]	[1 1 0 1 0 0 0 0 1]	[0 0 0 0 0 1]	[1 0 0 1 0 0]
17	-0.75	7.241824150085449	2.0567002296447754	2.099318265914917	1.3922810554504395	1.6935245990753174	False	[0 0 0 0 0 0 0 0 0]	[1 1 0 0 0 0 0 0 1]	[0 0 0 1 0 1]	[0 0 0 1 0 0]
17	-0.75	6.976100444793701	2.0793421268463135	2.1561779975891113	1.0455412864685059	1.6950386762619019	False	[0 0 0 1 0 0 0 0 0]	[1 1 0 0 0 0 0 0 0]	[0 0 0 0 0 1]	[0 0 1 1 0 0]
17	-0.5	7.225237846374512	2.027066469192505	1.9540104866027832	1.5192384719848633	1.7249222993850708	False	[1 0 0 1 0 0 0 0 0]	[1 1 0 0 0 1 0 0 0]	[0 1 0 0 0 1]	[0 0 1 0 0 0]
17	-0.75	7.180735111236572	2.0830068588256836	2.069819450378418	1.4037142992019653	1.624194622039795	False	[0 0 0 1 0 0 0 0 0]	[1 1 0 1 0 1 0 0 0]	[0 0 0 0 0 1]	[0 0 1 1 0 0]
17	-0.75	7.321002960205078	2.0505170822143555	2.059889316558838	1.5200297832489014	1.690567135810852	False	[1 0 0 1 0 0 0 0 0]	[1 1 0 0 0 1 0 0 0]	[0 0 0 1 0 1]	[0 0 0 1 0 0]
17	-0.75	7.172079086303711	2.0264830589294434	2.0673935413360596	1.492887020111084	1.5853151082992554	False	[0 0 0 1 0 0 0 0 0]	[1 1 0 0 0 1 0 0 1]	[0 0 0 0 0 1]	[1 0 0 1 0 0]
17	-0.5	6.689780235290527	1.978165864944458	2.0698118209838867	1.1473963260650635	1.4944069385528564	False	[1 0 0 1 0 0 0 0 0]	[1 1 0 0 0 1 0 0 0]	[0 1 0 0 0 1]	[1 0 0 0 0 0]
17	-0.75	7.172698020935059	2.021310329437256	2.076974868774414	1.5426853895187378	1.5317271947860718	False	[0 0 0 1 0 0 0 0 0]	[1 1 0 1 0 1 0 0 0]	[0 1 0 0 0 0]	[0 0 0 0 0 0]
17	-0.25	6.961666107177734	1.982347846031189	2.0749549865722656	1.345381259918213	1.5589816570281982	False	[0 1 0 1 0 0 0 0 0]	[0 1 0 1 0 1 0 0 0]	[0 0 0 0 0 0]	[0 0 0 1 0 0]
17	-0.25	6.425304412841797	2.025221586227417	2.129293441772461	1.0083650350570679	1.2624242305755615	False	[0 1 0 0 0 0 0 0 0]	[0 1 0 1 0 1 0 0 1]	[1 0 0 0 0 0]	[1 0 0 1 0 0]
17	-0.25	6.778800964355469	2.0502235889434814	2.108311891555786	1.199683666229248	1.4205818176269531	False	[1 1 0 0 0 0 0 0 0]	[1 1 0 1 0 1 0 0 1]	[0 0 0 0 0 0]	[0 0 0 1 0 0]
17	-0.25	6.83738899230957	2.0483434200286865	2.114363431930542	1.2591058015823364	1.4155765771865845	False	[0 1 0 0 0 0 0 0 0]	[0 1 0 1 0 1 0 0 1]	[1 0 0 0 0 0]	[1 0 0 1 0 0]
17	-0.25	6.772115230560303	2.052563190460205	2.1109893321990967	1.181140422821045	1.4274225234985352	False	[1 1 0 0 0 0 0 0 0]	[1 1 0 1 0 1 0 0 1]	[0 0 0 0 0 0]	[0 0 0 1 0 0]
17	-0.25	6.672907829284668	2.05037260055542	2.0975441932678223	1.1465259790420532	1.3784654140472412	False	[0 1 0 0 0 0 0 0 0]	[0 1 0 1 0 1 0 0 1]	[1 0 0 0 0 0]	[1 0 0 1 0 0]
17	-0.25	6.828315258026123	2.047150135040283	2.105217695236206	1.2296524047851562	1.4462953805923462	False	[1 1 0 0 0 0 0 0 0]	[1 1 0 1 0 1 0 0 1]	[0 0 0 0 0 0]	[0 0 0 1 0 0]
17	-0.25	6.763794422149658	2.0478477478027344	2.1033756732940674	1.1873528957366943	1.425218105316162	False	[0 1 0 0 0 0 0 0 0]	[0 1 0 1 0 1 0 0 1]	[1 0 0 0 0 0]	[1 0 0 1 0 0]
17	-0.25	6.745846271514893	2.045776128768921	2.106273651123047	1.2056007385253906	1.388195514678955	False	[1 1 0 0 0 0 0 0 0]	[1 1 0 1 0 1 0 0 1]	[0 0 0 0 0 0]	[0 0 0 1 0 0]
17	-0.25	6.803715705871582	2.04054856300354	2.1106374263763428	1.2138763666152954	1.4386532306671143	False	[0 1 0 0 0 0 0 0 0]	[0 1 0 1 0 1 0 0 1]	[1 0 0 0 0 0]	[1 0 0 1 0 0]
17	-0.25	6.705394744873047	2.04780912399292	2.1012258529663086	1.1503121852874756	1.4060477018356323	False	[1 1 0 0 0 0 0 0 0]	[1 1 0 1 0 1 0 0 1]	[0 0 0 0 0 0]	[0 0 0 1 0 0]
17	-0.25	6.759793281555176	2.0501654148101807	2.1074483394622803	1.207000732421875	1.395179033279419	False	[0 1 0 0 0 0 0 0 0]	[0 1 0 1 0 1 0 0 1]	[1 0 0 0 0 0]	[1 0 0 1 0 0]
17	-0.25	6.685256004333496	2.051377058029175	2.095552921295166	1.159279465675354	1.3790466785430908	False	[1 1 0 0 0 0 0 0 0]	[1 1 0 1 0 1 0 0 1]	[0 0 0 0 0 0]	[0 0 0 1 0 0]
17	-0.25	6.737963676452637	2.0462493896484375	2.1037139892578125	1.1667814254760742	1.421218752861023	False	[0 1 0 0 0 0 0 0 0]	[0 1 0 1 0 1 0 0 1]	[1 0 0 0 0 0]	[1 0 0 1 0 0]
17	-0.25	6.924919128417969	2.047994375228882	2.123511791229248	1.3140907287597656	1.4393227100372314	False	[1 1 0 0 0 0 0 0 0]	[1 1 0 1 0 1 0 0 1]	[0 0 0 0 0 0]	[0 0 0 1 0 0]
17	-0.25	6.756004810333252	2.0505294799804688	2.109684705734253	1.1682705879211426	1.4275199174880981	False	[0 1 0 0 0 0 0 0 0]	[0 1 0 1 0 1 0 0 1]	[1 0 0 0 0 0]	[1 0 0 1 0 0]
17	-0.25	6.683332443237305	2.0491247177124023	2.1014060974121094	1.1280523538589478	1.4047491550445557	False	[1 1 0 0 0 0 0 0 0]	[1 1 0 1 0 1 0 0 1]	[0 0 0 0 0 0]	[0 0 0 1 0 0]
17	-0.25	6.812165260314941	2.0482754707336426	2.114562749862671	1.2102699279785156	1.4390575885772705	False	[0 1 0 0 0 0 0 0 0]	[0 1 0 1 0 1 0 0 1]	[1 0 0 0 0 0]	[1 0 0 1 0 0]
17	-0.25	6.697834014892578	2.0489728450775146	2.1021196842193604	1.1604535579681396	1.3862875699996948	False	[1 1 0 0 0 0 0 0 0]	[1 1 0 1 0 1 0 0 1]	[0 0 0 0 0 0]	[0 0 0 1 0 0]
