# num_workers = 8
# num_cells = 256
# seed_for_environment = 202020
# lr = 0.0003
# max_grad_norm = 1.0
# eval_rollout_length = 30
# scaling_factor = 1000
# frames_per_batch = 500
# sub_batch_size = 64
# num_epochs = 15
# clip_epsilon = 0.2
# gamma = 0.99
# lmbda = 0.95
# entropy_eps = 0.5
# env_reward_engineering = True
# env_minimum_number_of_qubits = 1
# log_name = None
# env_error_range = dataCollection
# env_version = qecc/bbcode-ldpc-v0
# env_bit_flipping = True
# env_l = 12
# env_m = 6
# env_use_dict_observation = True
# env_number_of_decoder_iterations = 50
# env_number_of_samples = 50
# env_code_logging = True
# model_architecture = hybrid
# model_surrogate_model_path = /rds/general/user/osella/home/rl-qecc-data//supervisedLearning/2026-07-12_20-18-32/surrogate_6x6.pth
# model_use_pretrained_encoder = False
# index_to_unfreeze_encoder_updates = 20
# encoder_lr_factor = 0.1
# training_device = cpu
# Resolved arguments:
# Resolved_env_reward_engineering = True
# Resolved_env_reward_integral = Between prob. of no error and curve.
# Resolved_env_bit_flipping = True
# Resolved_env_useDictObservation = True
# Resolved_env_code_logging = True
# Resolved_env_error_range = [np.float64(0.0001), np.float64(0.000215), np.float64(0.000464), np.float64(0.001), np.float64(0.002154), np.float64(0.003162), np.float64(0.004642), np.float64(0.01), np.float64(0.021544), np.float64(0.025075), np.float64(0.031623), np.float64(0.046416), np.float64(0.05005), np.float64(0.075025), np.float64(0.1)]
# Resolved_model_use_pretrained_encoder = False
# Resolved_trainingDevice = cpu
# Resolved_model_architecture = hybrid
# Number of workers: 8
# Does torch identify cuda: False
# encoder ***RANDOM WEIGHTS***
evaluation number	reward	policy entropy	policy entropy aX	policy entropy bX	policy entropy aY	policy entropy bY	Encoder freeze	postAction_aX	postAction_bX	postAction_aY	postAction_bY
0	0.4263230264186859	8.981230735778809	2.5532236099243164	2.546001434326172	1.93769109249115	1.9443144798278809	True	[0 0 0 1 0 0 0 0 0 0 0 0]	[0 0 1 0 0 0 0 0 0 0 0 0]	[0 1 0 0 0 0]	[0 0 0 0 1 0]
0	-1.0	8.997856140136719	2.5602405071258545	2.5540008544921875	1.9397964477539062	1.9438177347183228	True	[0 0 0 0 0 0 0 0 0 0 0 0]	[0 0 0 0 0 0 0 0 0 0 0 0]	[0 1 0 0 0 0]	[0 0 0 0 1 0]
0	0.4241539239883423	8.994858741760254	2.5592782497406006	2.5569095611572266	1.9394199848175049	1.9392508268356323	True	[0 0 0 0 0 0 0 0 0 0 1 0]	[0 0 1 0 0 0 0 0 0 0 0 0]	[0 1 0 0 0 0]	[0 0 0 0 1 0]
0	-1.0	8.998184204101562	2.5603253841400146	2.553985595703125	1.9398460388183594	1.9440268278121948	True	[0 0 0 1 0 0 0 0 0 0 1 0]	[0 0 0 0 0 0 0 0 0 0 0 0]	[0 1 0 0 0 0]	[0 0 0 0 1 0]
0	0.4328884780406952	8.996237754821777	2.5592103004455566	2.5567879676818848	1.9401055574417114	1.9401342868804932	True	[0 0 0 1 0 0 0 0 0 0 0 0]	[0 0 1 0 0 0 0 0 0 0 0 0]	[0 1 0 0 0 0]	[0 0 0 0 1 0]
0	-1.0	8.998228073120117	2.5602095127105713	2.554227113723755	1.939723253250122	1.944068431854248	True	[0 0 0 0 0 0 0 0 0 0 0 0]	[0 0 0 0 0 0 0 0 0 0 0 0]	[0 1 0 0 0 0]	[0 0 0 0 1 0]
0	0.4167535901069641	8.995210647583008	2.559206485748291	2.5568788051605225	1.9397170543670654	1.939408302307129	True	[0 0 0 0 0 0 0 0 0 0 1 0]	[0 0 1 0 0 0 0 0 0 0 0 0]	[0 1 0 0 0 0]	[0 0 0 0 1 0]
0	-1.0	8.998326301574707	2.560119152069092	2.554471015930176	1.9399068355560303	1.9438295364379883	True	[0 0 0 1 0 0 0 0 0 0 1 0]	[0 0 0 0 0 0 0 0 0 0 0 0]	[0 1 0 0 0 0]	[0 0 0 0 1 0]
0	0.43486160039901733	8.995166778564453	2.559154748916626	2.556781053543091	1.9394419193267822	1.9397889375686646	True	[0 0 0 1 0 0 0 0 0 0 0 0]	[0 0 1 0 0 0 0 0 0 0 0 0]	[0 1 0 0 0 0]	[0 0 0 0 1 0]
0	-1.0	8.998457908630371	2.5602476596832275	2.554306745529175	1.9402046203613281	1.9436991214752197	True	[0 0 0 0 0 0 0 0 0 0 0 0]	[0 0 0 0 0 0 0 0 0 0 0 0]	[0 1 0 0 0 0]	[0 0 0 0 1 0]
0	0.46090415120124817	8.994647026062012	2.559006452560425	2.5564517974853516	1.9392504692077637	1.9399380683898926	True	[0 0 0 0 0 0 0 0 0 0 1 0]	[0 0 1 0 0 0 0 0 0 0 0 0]	[0 1 0 0 0 0]	[0 0 0 0 1 0]
0	-1.0	8.998364448547363	2.560239553451538	2.5541324615478516	1.9401111602783203	1.9438807964324951	True	[0 0 0 1 0 0 0 0 0 0 1 0]	[0 0 0 0 0 0 0 0 0 0 0 0]	[0 1 0 0 0 0]	[0 0 0 0 1 0]
0	0.41376158595085144	8.995390892028809	2.5590755939483643	2.5567617416381836	1.9397306442260742	1.939823031425476	True	[0 0 0 1 0 0 0 0 0 0 0 0]	[0 0 1 0 0 0 0 0 0 0 0 0]	[0 1 0 0 0 0]	[0 0 0 0 1 0]
0	-1.0	8.997869491577148	2.560373544692993	2.55397629737854	1.9397315979003906	1.9437875747680664	True	[0 0 0 0 0 0 0 0 0 0 0 0]	[0 0 0 0 0 0 0 0 0 0 0 0]	[0 1 0 0 0 0]	[0 0 0 0 1 0]
0	0.4318406879901886	8.994368553161621	2.5591530799865723	2.556568145751953	1.9391329288482666	1.939513921737671	True	[0 0 0 0 0 0 0 0 0 0 1 0]	[0 0 1 0 0 0 0 0 0 0 0 0]	[0 1 0 0 0 0]	[0 0 0 0 1 0]
0	-1.0	8.998237609863281	2.56026291847229	2.5542209148406982	1.939879298210144	1.9438745975494385	True	[0 0 0 1 0 0 0 0 0 0 1 0]	[0 0 0 0 0 0 0 0 0 0 0 0]	[0 1 0 0 0 0]	[0 0 0 0 1 0]
0	0.425346702337265	8.995293617248535	2.559180736541748	2.5567822456359863	1.9393106698989868	1.9400198459625244	True	[0 0 0 1 0 0 0 0 0 0 0 0]	[0 0 1 0 0 0 0 0 0 0 0 0]	[0 1 0 0 0 0]	[0 0 0 0 1 0]
0	-1.0	8.99856948852539	2.5604891777038574	2.5542476177215576	1.9398623704910278	1.9439702033996582	True	[0 0 0 0 0 0 0 0 0 0 0 0]	[0 0 0 0 0 0 0 0 0 0 0 0]	[0 1 0 0 0 0]	[0 0 0 0 1 0]
0	0.39127665758132935	8.99485969543457	2.5589468479156494	2.5566184520721436	1.9396694898605347	1.9396252632141113	True	[0 0 0 0 0 0 0 0 0 0 1 0]	[0 0 1 0 0 0 0 0 0 0 0 0]	[0 1 0 0 0 0]	[0 0 0 0 1 0]
0	-1.0	8.998343467712402	2.560218572616577	2.5541906356811523	1.939955472946167	1.9439785480499268	True	[0 0 0 1 0 0 0 0 0 0 1 0]	[0 0 0 0 0 0 0 0 0 0 0 0]	[0 1 0 0 0 0]	[0 0 0 0 1 0]
0	0.44705989956855774	8.995463371276855	2.559070587158203	2.5567009449005127	1.9397073984146118	1.9399844408035278	True	[0 0 0 1 0 0 0 0 0 0 0 0]	[0 0 1 0 0 0 0 0 0 0 0 0]	[0 1 0 0 0 0]	[0 0 0 0 1 0]
0	-1.0	8.997920989990234	2.560192823410034	2.5540950298309326	1.9397542476654053	1.9438796043395996	True	[0 0 0 0 0 0 0 0 0 0 0 0]	[0 0 0 0 0 0 0 0 0 0 0 0]	[0 1 0 0 0 0]	[0 0 0 0 1 0]
0	0.422825425863266	8.99508285522461	2.5591249465942383	2.5566952228546143	1.9394958019256592	1.9397671222686768	True	[0 0 0 0 0 0 0 0 0 0 1 0]	[0 0 1 0 0 0 0 0 0 0 0 0]	[0 1 0 0 0 0]	[0 0 0 0 1 0]
0	-1.0	8.998315811157227	2.560380458831787	2.554429531097412	1.9395058155059814	1.944000244140625	True	[0 0 0 1 0 0 0 0 0 0 1 0]	[0 0 0 0 0 0 0 0 0 0 0 0]	[0 1 0 0 0 0]	[0 0 0 0 1 0]
0	0.4458058178424835	8.995792388916016	2.559305429458618	2.5566861629486084	1.9397283792495728	1.9400725364685059	True	[0 0 0 1 0 0 0 0 0 0 0 0]	[0 0 1 0 0 0 0 0 0 0 0 0]	[0 1 0 0 0 0]	[0 0 0 0 1 0]
0	-1.0	8.99831485748291	2.560232400894165	2.554251194000244	1.9399901628494263	1.9438409805297852	True	[0 0 0 0 0 0 0 0 0 0 0 0]	[0 0 0 0 0 0 0 0 0 0 0 0]	[0 1 0 0 0 0]	[0 0 0 0 1 0]
0	0.4448390305042267	8.995479583740234	2.5590720176696777	2.5566062927246094	1.9394830465316772	1.9403183460235596	True	[0 0 0 0 0 0 0 0 0 0 1 0]	[0 0 1 0 0 0 0 0 0 0 0 0]	[0 1 0 0 0 0]	[0 0 0 0 1 0]
0	-1.0	8.998343467712402	2.5602407455444336	2.5541837215423584	1.939920425415039	1.9439985752105713	True	[0 0 0 1 0 0 0 0 0 0 1 0]	[0 0 0 0 0 0 0 0 0 0 0 0]	[0 1 0 0 0 0]	[0 0 0 0 1 0]
0	0.4503466784954071	8.995307922363281	2.5590662956237793	2.5567452907562256	1.9396060705184937	1.9398903846740723	True	[0 0 0 1 0 0 0 0 0 0 0 0]	[0 0 1 0 0 0 0 0 0 0 0 0]	[0 1 0 0 0 0]	[0 0 0 0 1 0]
0	-1.0	8.998334884643555	2.560360908508301	2.5542843341827393	1.939924955368042	1.9437642097473145	True	[0 0 0 0 0 0 0 0 0 0 0 0]	[0 0 0 0 0 0 0 0 0 0 0 0]	[0 1 0 0 0 0]	[0 0 0 0 1 0]
1	0.548395574092865	8.825857162475586	2.5039801597595215	2.5256104469299316	1.8769123554229736	1.9193542003631592	True	[0 0 0 0 1 0 0 0 0 0 0 0]	[0 0 0 1 0 0 0 0 0 0 0 0]	[0 0 0 0 0 1]	[0 0 0 0 0 1]
1	0.037152159959077835	8.98382568359375	2.5506231784820557	2.5575578212738037	1.9351025819778442	1.9405425786972046	True	[0 0 0 0 1 0 0 1 0 0 0 0]	[0 0 0 1 0 0 0 0 0 1 0 0]	[0 0 0 0 0 0]	[0 0 0 0 0 0]
1	0.3773404359817505	8.899518013000488	2.5291812419891357	2.541962146759033	1.9000394344329834	1.9283355474472046	True	[0 0 0 0 0 0 0 1 0 0 0 0]	[0 0 0 0 0 0 0 0 0 1 0 0]	[0 0 0 0 0 1]	[0 0 0 0 0 1]
1	-0.5	8.973934173583984	2.5496439933776855	2.555886745452881	1.9296355247497559	1.938767433166504	True	[0 0 0 0 1 0 0 1 0 0 0 0]	[0 0 0 0 0 0 0 0 0 0 0 0]	[0 0 0 0 0 0]	[0 0 0 0 0 0]
1	0.38251054286956787	8.896793365478516	2.527848720550537	2.540492296218872	1.8993923664093018	1.9290602207183838	True	[0 0 0 0 0 0 0 1 0 0 0 0]	[0 0 0 1 0 0 0 0 0 0 0 0]	[0 0 0 0 0 1]	[0 0 0 0 0 1]
1	0.046511221677064896	8.973007202148438	2.549269437789917	2.5557634830474854	1.929046630859375	1.938927412033081	True	[0 0 0 0 1 0 0 1 0 0 0 0]	[0 0 0 1 0 0 0 0 0 1 0 0]	[0 0 0 0 0 0]	[0 0 0 0 0 0]
1	0.39178603887557983	8.897455215454102	2.5287227630615234	2.541508913040161	1.899423360824585	1.9277997016906738	True	[0 0 0 0 0 0 0 1 0 0 0 0]	[0 0 0 0 0 0 0 0 0 1 0 0]	[0 0 0 0 0 1]	[0 0 0 0 0 1]
1	-0.5	8.97252368927002	2.5489580631256104	2.5555663108825684	1.9290645122528076	1.938934087753296	True	[0 0 0 0 1 0 0 1 0 0 0 0]	[0 0 0 0 0 0 0 0 0 0 0 0]	[0 0 0 0 0 0]	[0 0 0 0 0 0]
1	0.35303163528442383	8.893648147583008	2.526660442352295	2.5400023460388184	1.8978720903396606	1.9291136264801025	True	[0 0 0 0 0 0 0 1 0 0 0 0]	[0 0 0 1 0 0 0 0 0 0 0 0]	[0 0 0 0 0 1]	[0 0 0 0 0 1]
1	0.04067522659897804	8.972672462463379	2.5488076210021973	2.5557384490966797	1.9290640354156494	1.9390618801116943	True	[0 0 0 0 1 0 0 1 0 0 0 0]	[0 0 0 1 0 0 0 0 0 1 0 0]	[0 0 0 0 0 0]	[0 0 0 0 0 0]
1	0.3819248378276825	8.89892578125	2.52925181388855	2.5422840118408203	1.8993788957595825	1.9280110597610474	True	[0 0 0 0 0 0 0 1 0 0 0 0]	[0 0 0 0 0 0 0 0 0 1 0 0]	[0 0 0 0 0 1]	[0 0 0 0 0 1]
1	-0.5	8.972444534301758	2.5492231845855713	2.5557122230529785	1.9288617372512817	1.9386470317840576	True	[0 0 0 0 1 0 0 1 0 0 0 0]	[0 0 0 0 0 0 0 0 0 0 0 0]	[0 0 0 0 0 0]	[0 0 0 0 0 0]
1	0.38159722089767456	8.898958206176758	2.528237819671631	2.541511297225952	1.9001092910766602	1.9291003942489624	True	[0 0 0 0 0 0 0 1 0 0 0 0]	[0 0 0 1 0 0 0 0 0 0 0 0]	[0 0 0 0 0 1]	[0 0 0 0 0 1]
1	0.0465598963201046	8.971517562866211	2.5486361980438232	2.555537462234497	1.9284776449203491	1.9388659000396729	True	[0 0 0 0 1 0 0 1 0 0 0 0]	[0 0 0 1 0 0 0 0 0 1 0 0]	[0 0 0 0 0 0]	[0 0 0 0 0 0]
1	0.35930341482162476	8.895899772644043	2.5279300212860107	2.5416431427001953	1.8984636068344116	1.9278628826141357	True	[0 0 0 0 0 0 0 1 0 0 0 0]	[0 0 0 0 0 0 0 0 0 1 0 0]	[0 0 0 0 0 1]	[0 0 0 0 0 1]
1	-0.5	8.972419738769531	2.54885196685791	2.5554349422454834	1.9293996095657349	1.9387335777282715	True	[0 0 0 0 1 0 0 1 0 0 0 0]	[0 0 0 0 0 0 0 0 0 0 0 0]	[0 0 0 0 0 0]	[0 0 0 0 0 0]
1	0.3788142502307892	8.899358749389648	2.528872489929199	2.5413730144500732	1.899941325187683	1.929171085357666	True	[0 0 0 0 0 0 0 1 0 0 0 0]	[0 0 0 1 0 0 0 0 0 0 0 0]	[0 0 0 0 0 1]	[0 0 0 0 0 1]
1	0.04055289551615715	8.972249984741211	2.548891067504883	2.5555131435394287	1.9292725324630737	1.938572645187378	True	[0 0 0 0 1 0 0 1 0 0 0 0]	[0 0 0 1 0 0 0 0 0 1 0 0]	[0 0 0 0 0 0]	[0 0 0 0 0 0]
1	0.3858381509780884	8.898122787475586	2.528787612915039	2.54168701171875	1.899581789970398	1.9280662536621094	True	[0 0 0 0 0 0 0 1 0 0 0 0]	[0 0 0 0 0 0 0 0 0 1 0 0]	[0 0 0 0 0 1]	[0 0 0 0 0 1]
1	-0.5	8.971111297607422	2.5485055446624756	2.555248498916626	1.928663969039917	1.9386932849884033	True	[0 0 0 0 1 0 0 1 0 0 0 0]	[0 0 0 0 0 0 0 0 0 0 0 0]	[0 0 0 0 0 0]	[0 0 0 0 0 0]
1	0.39097920060157776	8.897392272949219	2.5282678604125977	2.5414488315582275	1.89911687374115	1.9285584688186646	True	[0 0 0 0 0 0 0 1 0 0 0 0]	[0 0 0 1 0 0 0 0 0 0 0 0]	[0 0 0 0 0 1]	[0 0 0 0 0 1]
1	0.040180619806051254	8.97258472442627	2.548811197280884	2.555835723876953	1.9287863969802856	1.9391520023345947	True	[0 0 0 0 1 0 0 1 0 0 0 0]	[0 0 0 1 0 0 0 0 0 1 0 0]	[0 0 0 0 0 0]	[0 0 0 0 0 0]
1	0.37102818489074707	8.898351669311523	2.528803825378418	2.541783332824707	1.8995957374572754	1.928168773651123	True	[0 0 0 0 0 0 0 1 0 0 0 0]	[0 0 0 0 0 0 0 0 0 1 0 0]	[0 0 0 0 0 1]	[0 0 0 0 0 1]
1	-0.5	8.971704483032227	2.548488140106201	2.5554354190826416	1.9288378953933716	1.9389432668685913	True	[0 0 0 0 1 0 0 1 0 0 0 0]	[0 0 0 0 0 0 0 0 0 0 0 0]	[0 0 0 0 0 0]	[0 0 0 0 0 0]
1	0.35980525612831116	8.897979736328125	2.5281949043273926	2.5412003993988037	1.8998961448669434	1.9286890029907227	True	[0 0 0 0 0 0 0 1 0 0 0 0]	[0 0 0 1 0 0 0 0 0 0 0 0]	[0 0 0 0 0 1]	[0 0 0 0 0 1]
1	0.045458823442459106	8.972936630249023	2.549224376678467	2.555542230606079	1.9292621612548828	1.938907504081726	True	[0 0 0 0 1 0 0 1 0 0 0 0]	[0 0 0 1 0 0 0 0 0 1 0 0]	[0 0 0 0 0 0]	[0 0 0 0 0 0]
1	0.38032516837120056	8.899933815002441	2.529306650161743	2.5421254634857178	1.900404691696167	1.9280965328216553	True	[0 0 0 0 0 0 0 1 0 0 0 0]	[0 0 0 0 0 0 0 0 0 1 0 0]	[0 0 0 0 0 1]	[0 0 0 0 0 1]
1	-0.5	8.97187614440918	2.54868745803833	2.555555582046509	1.9288392066955566	1.9387935400009155	True	[0 0 0 0 1 0 0 1 0 0 0 0]	[0 0 0 0 0 0 0 0 0 0 0 0]	[0 0 0 0 0 0]	[0 0 0 0 0 0]
1	0.4014168977737427	8.896871566772461	2.5276219844818115	2.5406904220581055	1.8995484113693237	1.9290106296539307	True	[0 0 0 0 0 0 0 1 0 0 0 0]	[0 0 0 1 0 0 0 0 0 0 0 0]	[0 0 0 0 0 1]	[0 0 0 0 0 1]
1	0.20250478386878967	8.971900939941406	2.5485446453094482	2.5552613735198975	1.9292826652526855	1.9388127326965332	True	[0 0 0 0 1 0 0 1 0 0 0 0]	[0 0 0 1 1 0 0 0 0 0 0 0]	[0 0 0 0 0 0]	[0 0 0 0 0 0]
2	0.3894147574901581	8.702825546264648	2.4723384380340576	2.5116419792175293	1.8560246229171753	1.8628208637237549	False	[0 0 0 0 0 0 0 1 0 0 0 0]	[0 0 0 1 0 0 0 0 0 0 0 0]	[0 1 0 0 0 0]	[0 1 0 0 0 0]
2	-0.5	8.90886402130127	2.5366287231445312	2.5425288677215576	1.9070788621902466	1.9226270914077759	False	[0 0 0 0 0 0 0 0 0 0 0 0]	[0 0 0 0 0 0 0 0 0 0 0 0]	[0 0 0 0 0 0]	[0 1 0 0 0 1]
2	0.3734031915664673	8.778005599975586	2.497159004211426	2.5235683917999268	1.8727041482925415	1.8845746517181396	False	[0 0 0 0 0 0 0 1 0 0 0 0]	[0 0 0 1 0 0 0 0 0 0 0 0]	[0 1 0 0 0 0]	[0 0 0 0 0 1]
2	-1.0	8.909311294555664	2.5368852615356445	2.542473077774048	1.907061219215393	1.922891616821289	False	[0 0 0 0 0 0 0 0 0 0 0 0]	[0 0 0 0 0 0 0 0 0 0 0 0]	[0 0 0 0 0 0]	[0 0 0 0 0 0]
2	0.34512531757354736	8.693449020385742	2.4686338901519775	2.509354591369629	1.853569746017456	1.8618910312652588	False	[0 0 0 0 0 0 0 1 0 0 0 0]	[0 0 0 1 0 0 0 0 0 0 0 0]	[0 1 0 0 0 0]	[0 1 0 0 0 0]
2	-0.5	8.910609245300293	2.5370426177978516	2.5428457260131836	1.90767240524292	1.9230481386184692	False	[0 0 0 0 0 0 0 0 0 0 0 0]	[0 0 0 0 0 0 0 0 0 0 0 0]	[0 0 0 0 0 0]	[0 1 0 0 0 1]
2	0.39974281191825867	8.77846622467041	2.497114419937134	2.523571014404297	1.8732130527496338	1.8845680952072144	False	[0 0 0 0 0 0 0 1 0 0 0 0]	[0 0 0 1 0 0 0 0 0 0 0 0]	[0 1 0 0 0 0]	[0 0 0 0 0 1]
2	-1.0	8.907438278198242	2.536269187927246	2.5420143604278564	1.9066184759140015	1.922536849975586	False	[0 0 0 0 0 0 0 0 0 0 0 0]	[0 0 0 0 0 0 0 0 0 0 0 0]	[0 0 0 0 0 0]	[0 0 0 0 0 0]
2	0.3605961799621582	8.694926261901855	2.4692649841308594	2.5103657245635986	1.8543660640716553	1.8609297275543213	False	[0 0 0 0 0 0 0 1 0 0 0 0]	[0 0 0 1 0 0 0 0 0 0 0 0]	[0 1 0 0 0 0]	[0 1 0 0 0 0]
2	-0.5	8.912266731262207	2.537534713745117	2.5428881645202637	1.9086731672286987	1.9231709241867065	False	[0 0 0 0 0 0 0 0 0 0 0 0]	[0 0 0 0 0 0 0 0 0 0 0 0]	[0 0 0 0 0 0]	[0 1 0 0 0 1]
2	0.38981086015701294	8.777119636535645	2.497178077697754	2.5239055156707764	1.872471809387207	1.8835642337799072	False	[0 0 0 0 0 0 0 1 0 0 0 0]	[0 0 0 1 0 0 0 0 0 0 0 0]	[0 1 0 0 0 0]	[0 0 0 0 0 1]
2	-1.0	8.909686088562012	2.536750555038452	2.5424647331237793	1.9076180458068848	1.9228529930114746	False	[0 0 0 0 0 0 0 0 0 0 0 0]	[0 0 0 0 0 0 0 0 0 0 0 0]	[0 0 0 0 0 0]	[0 0 0 0 0 0]
2	0.37683260440826416	8.692524909973145	2.46852445602417	2.508915901184082	1.8541135787963867	1.8609709739685059	False	[0 0 0 0 0 0 0 1 0 0 0 0]	[0 0 0 1 0 0 0 0 0 0 0 0]	[0 1 0 0 0 0]	[0 1 0 0 0 0]
2	-0.5	8.905890464782715	2.535656690597534	2.5414817333221436	1.9065265655517578	1.9222254753112793	False	[0 0 0 0 0 0 0 0 0 0 0 0]	[0 0 0 0 0 0 0 0 0 0 0 0]	[0 0 0 0 0 0]	[0 1 0 0 0 1]
2	0.3808155059814453	8.777853012084961	2.496520757675171	2.524214744567871	1.8736984729766846	1.8834192752838135	False	[0 0 0 0 0 0 0 1 0 0 0 0]	[0 0 0 1 0 0 0 0 0 0 0 0]	[0 1 0 0 0 0]	[0 0 0 0 0 1]
2	-1.0	8.908759117126465	2.5367162227630615	2.542281150817871	1.907024621963501	1.9227372407913208	False	[0 0 0 0 0 0 0 0 0 0 0 0]	[0 0 0 0 0 0 0 0 0 0 0 0]	[0 0 0 0 0 0]	[0 0 0 0 0 0]
2	0.4015439748764038	8.697349548339844	2.4699740409851074	2.510204553604126	1.8551220893859863	1.862048864364624	False	[0 0 0 0 0 0 0 1 0 0 0 0]	[0 0 0 1 0 0 0 0 0 0 0 0]	[0 1 0 0 0 0]	[0 1 0 0 0 0]
2	-0.5	8.90774917602539	2.536182403564453	2.5423033237457275	1.906965970993042	1.9222975969314575	False	[0 0 0 0 0 0 0 0 0 0 0 0]	[0 0 0 0 0 0 0 0 0 0 0 0]	[0 0 0 0 0 0]	[0 1 0 0 0 1]
2	0.36413681507110596	8.774664878845215	2.495286703109741	2.522867202758789	1.872854471206665	1.8836562633514404	False	[0 0 0 0 0 0 0 1 0 0 0 0]	[0 0 0 1 0 0 0 0 0 0 0 0]	[0 1 0 0 0 0]	[0 0 0 0 0 1]
2	-1.0	8.906475067138672	2.535487174987793	2.5418519973754883	1.9065349102020264	1.9226003885269165	False	[0 0 0 0 0 0 0 0 0 0 0 0]	[0 0 0 0 0 0 0 0 0 0 0 0]	[0 0 0 0 0 0]	[0 0 0 0 0 0]
2	0.35627758502960205	8.692818641662598	2.4682652950286865	2.5089974403381348	1.8536804914474487	1.8618755340576172	False	[0 0 0 0 0 0 0 1 0 0 0 0]	[0 0 0 1 0 0 0 0 0 0 0 0]	[0 1 0 0 0 0]	[0 1 0 0 0 0]
2	-0.5	8.912644386291504	2.5381886959075928	2.543503522872925	1.907725214958191	1.9232268333435059	False	[0 0 0 0 0 0 0 0 0 0 0 0]	[0 0 0 0 0 0 0 0 0 0 0 0]	[0 0 0 0 0 0]	[0 1 0 0 0 1]
2	0.3634701669216156	8.775718688964844	2.496382236480713	2.522887945175171	1.8725003004074097	1.883948564529419	False	[0 0 0 0 0 0 0 1 0 0 0 0]	[0 0 0 1 0 0 0 0 0 0 0 0]	[0 1 0 0 0 0]	[0 0 0 0 0 1]
2	-1.0	8.907363891601562	2.5359418392181396	2.5422611236572266	1.9064840078353882	1.9226763248443604	False	[0 0 0 0 0 0 0 0 0 0 0 0]	[0 0 0 0 0 0 0 0 0 0 0 0]	[0 0 0 0 0 0]	[0 0 0 0 0 0]
2	0.38333210349082947	8.69986629486084	2.471151113510132	2.5109732151031494	1.8548765182495117	1.862865686416626	False	[0 0 0 0 0 0 0 1 0 0 0 0]	[0 0 0 1 0 0 0 0 0 0 0 0]	[0 1 0 0 0 0]	[0 1 0 0 0 0]
2	-0.5	8.90890121459961	2.5369162559509277	2.542372226715088	1.9069006443023682	1.9227122068405151	False	[0 0 0 0 0 0 0 0 0 0 0 0]	[0 0 0 0 0 0 0 0 0 0 0 0]	[0 0 0 0 0 0]	[0 1 0 0 0 1]
2	0.3680173456668854	8.773167610168457	2.4953300952911377	2.5229616165161133	1.8717396259307861	1.8831367492675781	False	[0 0 0 0 0 0 0 1 0 0 0 0]	[0 0 0 1 0 0 0 0 0 0 0 0]	[0 1 0 0 0 0]	[0 0 0 0 0 1]
2	-1.0	8.909666061401367	2.536813259124756	2.542893886566162	1.9072169065475464	1.9227415323257446	False	[0 0 0 0 0 0 0 0 0 0 0 0]	[0 0 0 0 0 0 0 0 0 0 0 0]	[0 0 0 0 0 0]	[0 0 0 0 0 0]
2	0.36010727286338806	8.69892692565918	2.470785617828369	2.510127544403076	1.855201005935669	1.8628132343292236	False	[0 0 0 0 0 0 0 1 0 0 0 0]	[0 0 0 1 0 0 0 0 0 0 0 0]	[0 1 0 0 0 0]	[0 1 0 0 0 0]
2	-0.5	8.908626556396484	2.536524772644043	2.542548656463623	1.9068694114685059	1.9226839542388916	False	[0 0 0 0 0 0 0 0 0 0 0 0]	[0 0 0 0 0 0 0 0 0 0 0 0]	[0 0 0 0 0 0]	[0 1 0 0 0 1]
3	0.5538545250892639	8.763885498046875	2.4623591899871826	2.523101806640625	1.8818824291229248	1.8965415954589844	False	[0 0 0 0 0 0 0 1 0 0 0 0]	[0 0 1 0 0 0 0 0 0 0 0 0]	[0 0 0 1 0 0]	[0 1 0 0 0 0]
3	0.29971450567245483	8.93105697631836	2.531801462173462	2.5514867305755615	1.9172972440719604	1.9304718971252441	False	[0 0 0 0 1 0 0 1 0 0 0 0]	[0 0 0 0 0 0 0 0 0 0 0 0]	[0 0 1 1 0 0]	[0 1 0 0 0 1]
3	0.416425883769989	8.88798999786377	2.5159130096435547	2.5452120304107666	1.9076228141784668	1.9192421436309814	False	[0 0 0 0 1 0 0 0 0 0 0 0]	[0 0 1 0 0 0 0 0 0 0 0 0]	[0 0 0 1 0 0]	[0 0 0 0 0 1]
3	-0.5	8.914283752441406	2.525729179382324	2.5491843223571777	1.9127715826034546	1.926598072052002	False	[0 0 0 0 0 0 0 0 0 0 0 0]	[0 0 0 0 0 0 0 0 0 0 0 0]	[0 0 1 1 0 0]	[0 0 0 0 0 0]
3	0.524113655090332	8.850892066955566	2.500713348388672	2.538942813873291	1.8986375331878662	1.9125988483428955	False	[0 0 0 0 0 0 0 1 0 0 0 0]	[0 0 1 0 0 0 0 0 0 0 0 0]	[0 0 0 1 0 0]	[0 1 0 0 0 0]
3	0.2930895984172821	8.932400703430176	2.532252311706543	2.551349639892578	1.9178941249847412	1.930904746055603	False	[0 0 0 0 1 0 0 1 0 0 0 0]	[0 0 0 0 0 0 0 0 0 0 0 0]	[0 0 1 1 0 0]	[0 1 0 0 0 1]
3	0.4229762554168701	8.887307167053223	2.5157132148742676	2.544857978820801	1.9072564840316772	1.9194793701171875	False	[0 0 0 0 1 0 0 0 0 0 0 0]	[0 0 1 0 0 0 0 0 0 0 0 0]	[0 0 0 1 0 0]	[0 0 0 0 0 1]
3	-0.5	8.915689468383789	2.52614688873291	2.5494046211242676	1.9132734537124634	1.9268646240234375	False	[0 0 0 0 0 0 0 0 0 0 0 0]	[0 0 0 0 0 0 0 0 0 0 0 0]	[0 0 1 1 0 0]	[0 0 0 0 0 0]
3	0.5267632603645325	8.852656364440918	2.5015571117401123	2.539210796356201	1.8987683057785034	1.913120150566101	False	[0 0 0 0 0 0 0 1 0 0 0 0]	[0 0 1 0 0 0 0 0 0 0 0 0]	[0 0 0 1 0 0]	[0 1 0 0 0 0]
3	0.2664038836956024	8.928658485412598	2.5308139324188232	2.5510523319244385	1.9164916276931763	1.9303010702133179	False	[0 0 0 0 1 0 0 1 0 0 0 0]	[0 0 0 0 0 0 0 0 0 0 0 0]	[0 0 1 1 0 0]	[0 1 0 0 0 1]
3	0.42039382457733154	8.88836669921875	2.515964984893799	2.5452589988708496	1.9076576232910156	1.919485330581665	False	[0 0 0 0 1 0 0 0 0 0 0 0]	[0 0 1 0 0 0 0 0 0 0 0 0]	[0 0 0 1 0 0]	[0 0 0 0 0 1]
3	-0.5	8.915221214294434	2.526071548461914	2.5493459701538086	1.9132473468780518	1.9265562295913696	False	[0 0 0 0 0 0 0 0 0 0 0 0]	[0 0 0 0 0 0 0 0 0 0 0 0]	[0 0 1 1 0 0]	[0 0 0 0 0 0]
3	0.507771372795105	8.85246753692627	2.501422882080078	2.5390048027038574	1.8989245891571045	1.9131155014038086	False	[0 0 0 0 0 0 0 1 0 0 0 0]	[0 0 1 0 0 0 0 0 0 0 0 0]	[0 0 0 1 0 0]	[0 1 0 0 0 0]
3	0.3004709482192993	8.931172370910645	2.5315043926239014	2.5515964031219482	1.917431354522705	1.9306405782699585	False	[0 0 0 0 1 0 0 1 0 0 0 0]	[0 0 0 0 0 0 0 0 0 0 0 0]	[0 0 1 1 0 0]	[0 1 0 0 0 1]
3	0.3119416832923889	8.887855529785156	2.5160531997680664	2.54502534866333	1.9076106548309326	1.919166922569275	False	[0 0 0 0 1 0 0 0 0 0 0 0]	[0 0 1 0 0 0 0 0 0 0 0 0]	[0 0 0 1 0 0]	[0 1 0 1 0 1]
3	0.13784247636795044	8.921490669250488	2.5282020568847656	2.550297498703003	1.915353536605835	1.9276373386383057	False	[0 0 0 0 0 0 0 0 0 0 0 0]	[0 0 0 0 0 0 0 0 0 0 0 0]	[0 0 1 1 0 0]	[0 1 0 1 0 0]
3	0.32613280415534973	8.858680725097656	2.5042364597320557	2.540079116821289	1.9011130332946777	1.913252830505371	False	[0 0 0 0 0 0 0 1 0 0 0 0]	[0 0 1 0 0 0 0 0 0 0 0 0]	[0 0 0 1 0 0]	[0 0 0 1 0 0]
3	0.26716533303260803	8.908673286437988	2.5234007835388184	2.5483362674713135	1.9122724533081055	1.9246634244918823	False	[0 0 0 0 1 0 0 1 0 0 0 0]	[0 0 0 0 0 0 0 0 0 0 0 0]	[0 0 1 1 0 0]	[0 0 0 1 0 1]
3	0.30733251571655273	8.886073112487793	2.5150232315063477	2.545116424560547	1.906590223312378	1.9193428754806519	False	[0 0 0 0 1 0 0 0 0 0 0 0]	[0 0 1 0 0 0 0 0 0 0 0 0]	[0 0 0 1 0 0]	[0 1 0 1 0 1]
3	0.1441383957862854	8.91937255859375	2.5274081230163574	2.550041675567627	1.9146314859390259	1.9272913932800293	False	[0 0 0 0 0 0 0 0 0 0 0 0]	[0 0 0 0 0 0 0 0 0 0 0 0]	[0 0 1 1 0 0]	[0 1 0 1 0 0]
3	0.3528670370578766	8.856711387634277	2.5033998489379883	2.539944887161255	1.9002994298934937	1.9130676984786987	False	[0 0 0 0 0 0 0 1 0 0 0 0]	[0 0 1 0 0 0 0 0 0 0 0 0]	[0 0 0 1 0 0]	[0 0 0 1 0 0]
3	0.27213189005851746	8.905506134033203	2.5223915576934814	2.547722816467285	1.9109232425689697	1.9244685173034668	False	[0 0 0 0 1 0 0 1 0 0 0 0]	[0 0 0 0 0 0 0 0 0 0 0 0]	[0 0 1 1 0 0]	[0 0 0 1 0 1]
3	0.3118213415145874	8.884865760803223	2.514784574508667	2.544491767883301	1.906406283378601	1.9191827774047852	False	[0 0 0 0 1 0 0 0 0 0 0 0]	[0 0 1 0 0 0 0 0 0 0 0 0]	[0 0 0 1 0 0]	[0 1 0 1 0 1]
3	0.1253332793712616	8.92072582244873	2.5282394886016846	2.5499353408813477	1.9151228666305542	1.9274280071258545	False	[0 0 0 0 0 0 0 0 0 0 0 0]	[0 0 0 0 0 0 0 0 0 0 0 0]	[0 0 1 1 0 0]	[0 1 0 1 0 0]
3	0.33393019437789917	8.856549263000488	2.503302812576294	2.5398340225219727	1.9003942012786865	1.9130185842514038	False	[0 0 0 0 0 0 0 1 0 0 0 0]	[0 0 1 0 0 0 0 0 0 0 0 0]	[0 0 0 1 0 0]	[0 0 0 1 0 0]
3	0.1411031186580658	8.904640197753906	2.5222549438476562	2.5475947856903076	1.910623550415039	1.9241669178009033	False	[0 0 0 0 0 0 0 0 0 0 0 0]	[0 0 0 0 0 0 0 0 0 0 0 0]	[0 0 1 1 0 0]	[0 0 0 1 0 1]
3	0.40912431478500366	8.855875968933105	2.5030603408813477	2.5396854877471924	1.899994969367981	1.9131357669830322	False	[0 0 0 0 0 0 0 1 0 0 0 0]	[0 0 1 0 0 0 0 0 0 0 0 0]	[0 0 0 1 0 0]	[0 1 0 1 0 1]
3	0.27249985933303833	8.935211181640625	2.5330452919006348	2.551931858062744	1.9189767837524414	1.9312570095062256	False	[0 0 0 0 1 0 0 1 0 0 0 0]	[0 0 0 0 0 0 0 0 0 0 0 0]	[0 0 1 1 0 0]	[0 1 0 1 0 0]
3	0.1888258010149002	8.883543014526367	2.5146775245666504	2.5440361499786377	1.9059982299804688	1.9188312292099	False	[0 0 0 0 1 0 0 0 0 0 0 0]	[0 0 1 0 0 0 0 0 0 0 0 0]	[0 0 0 1 0 0]	[0 0 0 1 0 0]
3	0.26389873027801514	8.884117126464844	2.5143375396728516	2.5444047451019287	1.9061702489852905	1.9192042350769043	False	[0 0 0 0 1 0 0 1 0 0 0 0]	[0 0 0 0 0 0 0 0 0 0 0 0]	[0 0 1 1 0 0]	[0 1 0 1 0 0]
4	0.5428088903427124	8.65764045715332	2.487673759460449	2.4470622539520264	1.8692829608917236	1.8536213636398315	False	[0 0 0 0 0 0 0 0 0 0 0 1]	[0 0 0 1 0 0 0 0 0 0 0 0]	[0 0 0 1 0 0]	[0 0 1 0 0 0]
4	0.21865366399288177	8.853654861450195	2.524946689605713	2.5265660285949707	1.9043924808502197	1.897749423980713	False	[0 0 0 0 0 0 0 0 0 0 1 1]	[0 0 0 1 0 0 0 0 0 1 0 0]	[1 0 0 1 0 0]	[0 0 1 0 0 1]
4	0.5313594937324524	8.848320007324219	2.5233402252197266	2.5250136852264404	1.9013314247131348	1.8986341953277588	False	[0 0 0 0 0 0 0 0 0 0 0 1]	[0 0 0 1 0 0 0 0 0 0 0 0]	[0 0 0 1 0 0]	[0 0 1 0 0 0]
4	0.19788913428783417	8.854400634765625	2.5247628688812256	2.5268030166625977	1.9046369791030884	1.8981971740722656	False	[0 0 0 0 0 0 0 0 0 0 1 1]	[0 0 0 1 0 0 0 0 0 1 0 0]	[1 0 0 1 0 0]	[0 0 1 0 0 1]
4	0.5376242995262146	8.846565246582031	2.522918462753296	2.524972677230835	1.9008936882019043	1.897780418395996	False	[0 0 0 0 0 0 0 0 0 0 0 1]	[0 0 0 1 0 0 0 0 0 0 0 0]	[0 0 0 1 0 0]	[0 0 1 0 0 0]
4	0.22000110149383545	8.858570098876953	2.5256845951080322	2.528102397918701	1.9053975343704224	1.8993850946426392	False	[0 0 0 0 0 0 0 0 0 0 1 1]	[0 0 0 1 0 0 0 0 0 1 0 0]	[1 0 0 1 0 0]	[0 0 1 0 0 1]
4	0.5622313022613525	8.848819732666016	2.5235610008239746	2.5249979496002197	1.9017493724822998	1.8985106945037842	False	[0 0 0 0 0 0 0 0 0 0 0 1]	[0 0 0 1 0 0 0 0 0 0 0 0]	[0 0 0 1 0 0]	[0 0 1 0 0 0]
4	0.21842384338378906	8.849623680114746	2.523909330368042	2.525641441345215	1.9040199518203735	1.8960530757904053	False	[0 0 0 0 0 0 0 0 0 0 1 1]	[0 0 0 1 0 0 0 0 0 1 0 0]	[1 0 0 1 0 0]	[0 0 1 0 0 1]
4	0.5051600337028503	8.846312522888184	2.522636651992798	2.5242366790771484	1.9013088941574097	1.8981302976608276	False	[0 0 0 0 0 0 0 0 0 0 0 1]	[0 0 0 1 0 0 0 0 0 0 0 0]	[0 0 0 1 0 0]	[0 0 1 0 0 0]
4	0.21654988825321198	8.85167121887207	2.524057388305664	2.526411294937134	1.9044418334960938	1.896761417388916	False	[0 0 0 0 0 0 0 0 0 0 1 1]	[0 0 0 1 0 0 0 0 0 1 0 0]	[1 0 0 1 0 0]	[0 0 1 0 0 1]
4	0.5525739789009094	8.843046188354492	2.521969795227051	2.5234341621398926	1.9007298946380615	1.8969125747680664	False	[0 0 0 0 0 0 0 0 0 0 0 1]	[0 0 0 1 0 0 0 0 0 0 0 0]	[0 0 0 1 0 0]	[0 0 1 0 0 0]
4	0.2135941982269287	8.857987403869629	2.5257062911987305	2.527686834335327	1.9051892757415771	1.8994041681289673	False	[0 0 0 0 0 0 0 0 0 0 1 1]	[0 0 0 1 0 0 0 0 0 1 0 0]	[1 0 0 1 0 0]	[0 0 1 0 0 1]
4	0.5697466135025024	8.853321075439453	2.5241990089416504	2.5266494750976562	1.902133822441101	1.9003390073776245	False	[0 0 0 0 0 0 0 0 0 0 0 1]	[0 0 0 1 0 0 0 0 0 0 0 0]	[0 0 0 1 0 0]	[0 0 1 0 0 0]
4	0.21896444261074066	8.85063362121582	2.5243608951568604	2.525892496109009	1.904076099395752	1.8963044881820679	False	[0 0 0 0 0 0 0 0 0 0 1 1]	[0 0 0 1 0 0 0 0 0 1 0 0]	[1 0 0 1 0 0]	[0 0 1 0 0 1]
4	0.5638855695724487	8.849455833435059	2.523160219192505	2.525378942489624	1.9018696546554565	1.8990466594696045	False	[0 0 0 0 0 0 0 0 0 0 0 1]	[0 0 0 1 0 0 0 0 0 0 0 0]	[0 0 0 1 0 0]	[0 0 1 0 0 0]
4	0.218218132853508	8.854488372802734	2.524916648864746	2.526646375656128	1.9046196937561035	1.8983054161071777	False	[0 0 0 0 0 0 0 0 0 0 1 1]	[0 0 0 1 0 0 0 0 0 1 0 0]	[1 0 0 1 0 0]	[0 0 1 0 0 1]
4	0.5565173029899597	8.846699714660645	2.5226235389709473	2.524386405944824	1.9014177322387695	1.8982720375061035	False	[0 0 0 0 0 0 0 0 0 0 0 1]	[0 0 0 1 0 0 0 0 0 0 0 0]	[0 0 0 1 0 0]	[0 0 1 0 0 0]
4	0.22095556557178497	8.850873947143555	2.524059534072876	2.525810480117798	1.9045689105987549	1.8964351415634155	False	[0 0 0 0 0 0 0 0 0 0 1 1]	[0 0 0 1 0 0 0 0 0 1 0 0]	[1 0 0 1 0 0]	[0 0 1 0 0 1]
4	0.5325486660003662	8.84988021850586	2.523754119873047	2.5253591537475586	1.9021642208099365	1.8986026048660278	False	[0 0 0 0 0 0 0 0 0 0 0 1]	[0 0 0 1 0 0 0 0 0 0 0 0]	[0 0 0 1 0 0]	[0 0 1 0 0 0]
4	0.22314351797103882	8.8477201461792	2.5235226154327393	2.524792194366455	1.903430461883545	1.8959746360778809	False	[0 0 0 0 0 0 0 0 0 0 1 1]	[0 0 0 1 0 0 0 0 0 1 0 0]	[1 0 0 1 0 0]	[0 0 1 0 0 1]
4	0.5387256741523743	8.84695053100586	2.52304744720459	2.5245108604431152	1.9011343717575073	1.8982574939727783	False	[0 0 0 0 0 0 0 0 0 0 0 1]	[0 0 0 1 0 0 0 0 0 0 0 0]	[0 0 0 1 0 0]	[0 0 1 0 0 0]
4	0.23195885121822357	8.861029624938965	2.5262043476104736	2.5287253856658936	1.9054937362670898	1.9006061553955078	False	[0 0 0 0 0 0 0 0 0 0 1 1]	[0 0 0 1 0 0 0 0 0 1 0 0]	[1 0 0 1 0 0]	[0 0 1 0 0 1]
4	0.544348955154419	8.845444679260254	2.522629976272583	2.5242562294006348	1.9008033275604248	1.8977547883987427	False	[0 0 0 0 0 0 0 0 0 0 0 1]	[0 0 0 1 0 0 0 0 0 0 0 0]	[0 0 0 1 0 0]	[0 0 1 0 0 0]
4	0.20999962091445923	8.855494499206543	2.52493953704834	2.5274734497070312	1.9045308828353882	1.8985508680343628	False	[0 0 0 0 0 0 0 0 0 0 1 1]	[0 0 0 1 0 0 0 0 0 1 0 0]	[1 0 0 1 0 0]	[0 0 1 0 0 1]
4	0.5644756555557251	8.849531173706055	2.523416042327881	2.525428295135498	1.9013350009918213	1.8993520736694336	False	[0 0 0 0 0 0 0 0 0 0 0 1]	[0 0 0 1 0 0 0 0 0 0 0 0]	[0 0 0 1 0 0]	[0 0 1 0 0 0]
4	0.22144216299057007	8.849708557128906	2.523876190185547	2.5253922939300537	1.9042294025421143	1.896210789680481	False	[0 0 0 0 0 0 0 0 0 0 1 1]	[0 0 0 1 0 0 0 0 0 1 0 0]	[1 0 0 1 0 0]	[0 0 1 0 0 1]
4	0.5432254672050476	8.84880256652832	2.5232889652252197	2.525373697280884	1.9017293453216553	1.8984107971191406	False	[0 0 0 0 0 0 0 0 0 0 0 1]	[0 0 0 1 0 0 0 0 0 0 0 0]	[0 0 0 1 0 0]	[0 0 1 0 0 0]
4	0.19881966710090637	8.851012229919434	2.524088144302368	2.5262093544006348	1.9040242433547974	1.8966907262802124	False	[0 0 0 0 0 0 0 0 0 0 1 1]	[0 0 0 1 0 0 0 0 0 1 0 0]	[1 0 0 1 0 0]	[0 0 1 0 0 1]
4	0.5188595056533813	8.849056243896484	2.5232653617858887	2.5249733924865723	1.9018088579177856	1.899008870124817	False	[0 0 0 0 0 0 0 0 0 0 0 1]	[0 0 0 1 0 0 0 0 0 0 0 0]	[0 0 0 1 0 0]	[0 0 1 0 0 0]
4	0.2097688615322113	8.854536056518555	2.5248279571533203	2.526916027069092	1.9047801494598389	1.8980118036270142	False	[0 0 0 0 0 0 0 0 0 0 1 1]	[0 0 0 1 0 0 0 0 0 1 0 0]	[1 0 0 1 0 0]	[0 0 1 0 0 1]
5	0.3910297453403473	8.718389511108398	2.480912685394287	2.524831533432007	1.8547048568725586	1.8579405546188354	False	[0 0 0 0 0 0 0 1 0 0 0 0]	[0 0 0 1 0 0 0 0 0 0 0 0]	[0 0 1 0 0 0]	[0 0 0 0 1 0]
5	-0.5	8.881467819213867	2.5273497104644775	2.541468858718872	1.9105117321014404	1.9021376371383667	False	[0 0 0 0 0 0 0 0 0 0 0 0]	[1 0 0 1 0 0 0 0 0 0 0 0]	[0 0 0 0 0 0]	[0 0 0 0 1 1]
5	0.34574633836746216	8.849066734313965	2.519026279449463	2.5391452312469482	1.8991705179214478	1.8917253017425537	False	[0 0 0 1 0 0 0 0 0 0 0 0]	[1 0 0 0 0 0 0 0 0 0 0 0]	[0 0 1 0 0 0]	[0 0 0 0 0 1]
5	-0.5	8.874418258666992	2.5261597633361816	2.541485071182251	1.9074232578277588	1.8993502855300903	False	[0 0 0 1 0 0 0 1 0 0 0 0]	[0 0 0 0 0 0 0 0 0 0 0 0]	[0 0 0 0 0 0]	[0 0 0 0 0 0]
5	0.3739907443523407	8.782828330993652	2.4998703002929688	2.5326523780822754	1.8767729997634888	1.8735326528549194	False	[0 0 0 0 0 0 0 1 0 0 0 0]	[0 0 0 1 0 0 0 0 0 0 0 0]	[0 0 1 0 0 0]	[0 0 0 0 1 0]
5	-0.5	8.883105278015137	2.528073310852051	2.5415825843811035	1.9107460975646973	1.9027031660079956	False	[0 0 0 0 0 0 0 0 0 0 0 0]	[1 0 0 1 0 0 0 0 0 0 0 0]	[0 0 0 0 0 0]	[0 0 0 0 1 1]
5	0.34947720170021057	8.850255966186523	2.51942777633667	2.539760112762451	1.8991072177886963	1.8919612169265747	False	[0 0 0 1 0 0 0 0 0 0 0 0]	[1 0 0 0 0 0 0 0 0 0 0 0]	[0 0 1 0 0 0]	[0 0 0 0 0 1]
5	-0.5	8.872060775756836	2.5253913402557373	2.5408339500427246	1.9069647789001465	1.8988707065582275	False	[0 0 0 0 0 0 0 0 0 0 0 0]	[0 0 0 0 0 0 0 0 0 0 0 0]	[0 0 0 0 0 0]	[0 0 0 0 1 1]
5	0.23010189831256866	8.814395904541016	2.5085084438323975	2.5353844165802	1.8878326416015625	1.8826699256896973	False	[0 0 0 1 0 0 0 0 0 0 0 0]	[0 0 0 1 0 0 0 0 0 0 0 0]	[0 0 1 0 0 0]	[0 0 0 0 0 1]
5	-0.5	8.870421409606934	2.5250606536865234	2.5406494140625	1.9063022136688232	1.8984086513519287	False	[0 0 0 0 0 0 0 0 0 0 0 0]	[1 0 0 1 0 0 0 0 0 0 0 0]	[0 0 0 0 0 0]	[0 0 0 0 1 1]
5	0.3374158442020416	8.851763725280762	2.520148515701294	2.5401153564453125	1.8994852304458618	1.892014980316162	False	[0 0 0 1 0 0 0 0 0 0 0 0]	[1 0 0 0 0 0 0 0 0 0 0 0]	[0 0 1 0 0 0]	[0 0 0 0 0 1]
5	0.35451740026474	8.870959281921387	2.524644374847412	2.540855646133423	1.9065783023834229	1.898880958557129	False	[0 0 0 1 0 0 0 1 0 0 0 0]	[0 0 0 0 0 0 0 0 0 0 0 0]	[0 0 0 0 0 0]	[0 0 0 0 1 1]
5	0.5247665643692017	8.86134147644043	2.5223028659820557	2.5403127670288086	1.9030681848526	1.895658254623413	False	[0 0 0 0 0 0 0 1 0 0 0 0]	[1 0 0 0 0 0 0 0 0 0 0 0]	[0 0 1 0 0 0]	[0 0 0 0 0 1]
5	-1.0	8.891937255859375	2.5295488834381104	2.5409674644470215	1.9144654273986816	1.9069557189941406	False	[0 0 0 0 0 0 0 0 0 0 0 0]	[0 0 0 0 0 0 0 0 0 0 0 0]	[0 0 0 0 0 0]	[0 0 0 0 0 0]
5	0.36984744668006897	8.722339630126953	2.482764482498169	2.5249969959259033	1.8557301759719849	1.8588480949401855	False	[0 0 0 0 0 0 0 1 0 0 0 0]	[0 0 0 1 0 0 0 0 0 0 0 0]	[0 0 1 0 0 0]	[0 0 0 0 1 0]
5	0.31397905945777893	8.883247375488281	2.5281763076782227	2.5416479110717773	1.9109083414077759	1.9025146961212158	False	[0 0 0 1 0 0 0 1 0 0 0 0]	[1 0 0 1 0 0 0 0 0 0 0 0]	[0 0 0 0 0 0]	[0 0 0 0 1 1]
5	0.3847746253013611	8.89205265045166	2.5319254398345947	2.5436325073242188	1.9127538204193115	1.9037410020828247	False	[0 0 0 0 0 0 0 1 0 0 0 0]	[0 0 0 1 0 0 0 0 0 0 0 0]	[0 0 1 0 0 0]	[0 0 0 0 1 0]
5	-0.5	8.880572319030762	2.5272934436798096	2.5411746501922607	1.9101603031158447	1.9019441604614258	False	[0 0 0 0 0 0 0 0 0 0 0 0]	[1 0 0 1 0 0 0 0 0 0 0 0]	[0 0 0 0 0 0]	[0 0 0 0 1 1]
5	0.35950738191604614	8.851181983947754	2.519853115081787	2.539947748184204	1.8995001316070557	1.8918812274932861	False	[0 0 0 1 0 0 0 0 0 0 0 0]	[1 0 0 0 0 0 0 0 0 0 0 0]	[0 0 1 0 0 0]	[0 0 0 0 0 1]
5	-0.5	8.868850708007812	2.5240859985351562	2.540417194366455	1.9060114622116089	1.898335576057434	False	[0 0 0 0 0 0 0 0 0 0 0 0]	[0 0 0 0 0 0 0 0 0 0 0 0]	[0 0 0 0 0 0]	[0 0 0 0 1 1]
5	0.5609100461006165	8.818004608154297	2.5097038745880127	2.536104440689087	1.8887507915496826	1.8834452629089355	False	[0 0 0 0 0 0 0 1 0 0 0 0]	[0 0 0 1 0 0 0 0 0 0 0 0]	[0 0 1 0 0 0]	[0 0 0 0 0 1]
5	-0.5	8.899642944335938	2.532731294631958	2.5421323776245117	1.916684865951538	1.9080946445465088	False	[0 0 0 0 0 0 0 0 0 0 0 0]	[1 0 0 1 0 0 0 0 0 0 0 0]	[0 0 0 0 0 0]	[0 0 0 0 0 0]
5	0.3192863464355469	8.800209045410156	2.5048885345458984	2.5341572761535645	1.8826078176498413	1.8785556554794312	False	[0 0 0 0 0 0 0 1 0 0 0 0]	[1 0 0 0 0 0 0 0 0 0 0 0]	[0 0 1 0 0 0]	[0 0 0 0 1 0]
5	-0.5	8.882774353027344	2.528263568878174	2.5416414737701416	1.9104753732681274	1.9023938179016113	False	[0 0 0 0 0 0 0 0 0 0 0 0]	[0 0 0 0 0 0 0 0 0 0 0 0]	[0 0 0 0 0 0]	[0 0 0 0 1 1]
5	0.5660164952278137	8.816566467285156	2.5092320442199707	2.53578519821167	1.8883731365203857	1.8831757307052612	False	[0 0 0 0 0 0 0 1 0 0 0 0]	[0 0 0 1 0 0 0 0 0 0 0 0]	[0 0 1 0 0 0]	[0 0 0 0 0 1]
5	-0.5	8.898738861083984	2.532132863998413	2.5422961711883545	1.916468620300293	1.9078407287597656	False	[0 0 0 0 0 0 0 0 0 0 0 0]	[1 0 0 1 0 0 0 0 0 0 0 0]	[0 0 0 0 0 0]	[0 0 0 0 0 0]
5	0.3408619165420532	8.795170783996582	2.5032854080200195	2.5334713459014893	1.8809261322021484	1.8774878978729248	False	[0 0 0 0 0 0 0 1 0 0 0 0]	[1 0 0 0 0 0 0 0 0 0 0 0]	[0 0 1 0 0 0]	[0 0 0 0 1 0]
5	-0.5	8.884132385253906	2.528214693069458	2.5417685508728027	1.9111058712005615	1.9030423164367676	False	[0 0 0 0 0 0 0 0 0 0 0 0]	[0 0 0 0 0 0 0 0 0 0 0 0]	[0 0 0 0 0 0]	[0 0 0 0 1 1]
5	0.5335242748260498	8.814543724060059	2.5086915493011475	2.5356392860412598	1.8873896598815918	1.8828237056732178	False	[0 0 0 0 0 0 0 1 0 0 0 0]	[0 0 0 1 0 0 0 0 0 0 0 0]	[0 0 1 0 0 0]	[0 0 0 0 0 1]
5	-0.5	8.897211074829102	2.531876802444458	2.5419461727142334	1.9156749248504639	1.9077134132385254	False	[0 0 0 0 0 0 0 0 0 0 0 0]	[1 0 0 1 0 0 0 0 0 0 0 0]	[0 0 0 0 0 0]	[0 0 0 0 0 0]
6	0.23995254933834076	8.869457244873047	2.5232644081115723	2.535142421722412	1.909854769706726	1.9011952877044678	False	[0 0 0 0 0 0 0 0 0 1 0 0]	[1 0 0 0 0 0 0 0 0 0 0 0]	[0 0 0 0 0 1]	[0 0 1 0 0 0]
6	-0.5	8.90615463256836	2.537236452102661	2.5392026901245117	1.9186049699783325	1.9111108779907227	False	[0 0 0 0 0 1 0 0 0 1 0 0]	[0 0 0 0 0 0 0 0 0 0 0 0]	[0 0 0 0 0 0]	[0 0 0 0 0 0]
6	0.33280906081199646	8.88689136505127	2.5305142402648926	2.5373573303222656	1.9135191440582275	1.9055002927780151	False	[0 0 0 0 0 1 0 0 0 0 0 0]	[1 0 0 0 0 0 0 0 0 0 0 0]	[0 0 0 0 0 1]	[0 0 1 0 0 0]
6	-0.5	8.913871765136719	2.5395655632019043	2.5394222736358643	1.921883463859558	1.9130005836486816	False	[0 0 0 0 0 0 0 0 0 0 0 0]	[0 0 0 0 0 0 0 0 0 0 0 0]	[0 0 1 0 0 1]	[0 0 0 0 0 0]
6	0.2277497798204422	8.879585266113281	2.527874231338501	2.536513090133667	1.9117388725280762	1.903458833694458	False	[0 0 0 0 0 0 0 0 0 1 0 0]	[1 0 0 0 0 0 0 0 0 0 0 0]	[0 0 1 0 0 0]	[0 0 1 0 0 0]
6	-0.5	8.903427124023438	2.5365893840789795	2.5391459465026855	1.917752981185913	1.9099386930465698	False	[0 0 0 0 0 1 0 0 0 1 0 0]	[0 0 0 0 0 0 0 0 0 0 0 0]	[0 0 1 0 0 1]	[0 0 0 0 0 0]
6	0.3442957401275635	8.896844863891602	2.5344433784484863	2.53853178024292	1.915649652481079	1.9082200527191162	False	[0 0 0 0 0 1 0 0 0 0 0 0]	[1 0 0 0 0 0 0 0 0 0 0 0]	[0 0 1 0 0 0]	[0 0 1 0 0 0]
6	-1.0	8.916807174682617	2.5411367416381836	2.540330648422241	1.9214645624160767	1.9138754606246948	False	[0 0 0 0 0 0 0 0 0 0 0 0]	[0 0 0 0 0 0 0 0 0 0 0 0]	[0 0 0 0 0 0]	[0 0 0 0 0 0]
6	0.25050070881843567	8.871588706970215	2.52435564994812	2.5354068279266357	1.90997314453125	1.9018529653549194	False	[0 0 0 0 0 0 0 0 0 1 0 0]	[1 0 0 0 0 0 0 0 0 0 0 0]	[0 0 0 0 0 1]	[0 0 0 0 1 0]
6	-0.5	8.904465675354004	2.536525011062622	2.538886070251465	1.9185667037963867	1.910488486289978	False	[0 0 0 0 0 0 0 0 0 0 0 0]	[0 0 0 0 0 0 0 0 0 0 0 0]	[0 0 0 0 0 0]	[0 0 1 0 1 0]
6	0.25840380787849426	8.885730743408203	2.530555248260498	2.5372016429901123	1.9128605127334595	1.9051132202148438	False	[0 0 0 0 0 0 0 0 0 1 0 0]	[1 0 0 0 0 0 0 0 0 0 0 0]	[0 0 0 0 0 1]	[0 0 0 0 1 0]
6	-0.5	8.905961990356445	2.537647247314453	2.539390802383423	1.9183223247528076	1.910601258277893	False	[0 0 0 0 0 0 0 0 0 0 0 0]	[0 0 0 0 0 0 0 0 0 0 0 0]	[0 0 0 0 0 0]	[0 0 1 0 1 0]
6	0.24539287388324738	8.886285781860352	2.531127452850342	2.537435293197632	1.9125148057937622	1.9052083492279053	False	[0 0 0 0 0 0 0 0 0 1 0 0]	[1 0 0 0 0 0 0 0 0 0 0 0]	[0 0 0 0 0 1]	[0 0 0 0 1 0]
6	0.2462167739868164	8.906150817871094	2.5376055240631104	2.539487361907959	1.9183413982391357	1.91071617603302	False	[0 0 0 0 0 1 0 0 0 1 0 0]	[0 0 0 0 0 0 0 0 0 0 0 0]	[0 0 0 0 0 0]	[0 0 1 0 1 0]
6	0.3356374502182007	8.903054237365723	2.5366852283477783	2.539721965789795	1.916762351989746	1.9098848104476929	False	[0 0 0 0 0 1 0 0 0 0 0 0]	[1 0 0 0 0 0 0 0 0 0 0 0]	[0 0 0 0 0 1]	[0 0 0 0 1 0]
6	0.04489488527178764	8.914472579956055	2.539266586303711	2.5391809940338135	1.9226282835006714	1.9133964776992798	False	[0 0 0 0 0 0 0 0 0 0 0 0]	[0 0 0 0 0 0 0 0 0 0 0 0]	[0 0 1 0 0 1]	[0 0 1 0 1 0]
6	0.24376361072063446	8.89687728881836	2.5346221923828125	2.5387911796569824	1.915360927581787	1.9081025123596191	False	[0 0 0 0 0 0 0 0 0 1 0 0]	[1 0 0 0 0 0 0 0 0 0 0 0]	[0 0 1 0 0 0]	[0 0 0 0 1 0]
6	0.2763359844684601	8.903995513916016	2.536745071411133	2.5389487743377686	1.9181114435195923	1.910190224647522	False	[0 0 0 0 0 1 0 0 0 1 0 0]	[0 0 0 0 0 0 0 0 0 0 0 0]	[0 0 1 0 0 1]	[0 0 1 0 1 0]
6	0.27011317014694214	8.910478591918945	2.539900779724121	2.540496826171875	1.9185469150543213	1.9115345478057861	False	[0 0 0 0 0 0 0 0 0 1 0 0]	[1 0 0 0 0 0 0 0 0 0 0 0]	[0 0 1 0 0 0]	[0 0 0 0 1 0]
6	0.05103939399123192	8.904633522033691	2.5365028381347656	2.5391058921813965	1.918532133102417	1.9104926586151123	False	[0 0 0 0 0 0 0 0 0 0 0 0]	[0 0 0 0 0 0 0 0 0 0 0 0]	[0 0 1 0 0 1]	[0 0 1 0 1 0]
6	0.2305765599012375	8.897363662719727	2.535416603088379	2.538989543914795	1.9148451089859009	1.9081122875213623	False	[0 0 0 0 0 0 0 0 0 1 0 0]	[1 0 0 0 0 0 0 0 0 0 0 0]	[0 0 1 0 0 0]	[0 0 0 0 1 0]
6	0.2620701491832733	8.905664443969727	2.5375466346740723	2.539520263671875	1.9178723096847534	1.9107253551483154	False	[0 0 0 0 0 1 0 0 0 1 0 0]	[0 0 0 0 0 0 0 0 0 0 0 0]	[0 0 1 0 0 1]	[0 0 1 0 1 0]
6	0.2461240291595459	8.909070014953613	2.5392305850982666	2.5399179458618164	1.918549656867981	1.911372423171997	False	[0 0 0 0 0 0 0 0 0 1 0 0]	[1 0 0 0 0 0 0 0 0 0 0 0]	[0 0 1 0 0 0]	[0 0 0 0 1 0]
6	0.03995513543486595	8.904704093933105	2.536778450012207	2.5392487049102783	1.918447494506836	1.9102298021316528	False	[0 0 0 0 0 0 0 0 0 0 0 0]	[0 0 0 0 0 0 0 0 0 0 0 0]	[0 0 1 0 0 1]	[0 0 1 0 1 0]
6	0.2465047538280487	8.89842700958252	2.5349583625793457	2.539341926574707	1.9157131910324097	1.9084131717681885	False	[0 0 0 0 0 0 0 0 0 1 0 0]	[1 0 0 0 0 0 0 0 0 0 0 0]	[0 0 1 0 0 0]	[0 0 0 0 1 0]
6	0.05288119241595268	8.905305862426758	2.5371463298797607	2.5393033027648926	1.9182647466659546	1.910591721534729	False	[0 0 0 0 0 0 0 0 0 0 0 0]	[0 0 0 0 0 0 0 0 0 0 0 0]	[0 0 1 0 0 1]	[0 0 1 0 1 0]
6	0.2533418536186218	8.897432327270508	2.5350213050842285	2.539175510406494	1.9150481224060059	1.9081878662109375	False	[0 0 0 0 0 0 0 0 0 1 0 0]	[1 0 0 0 0 0 0 0 0 0 0 0]	[0 0 1 0 0 0]	[0 0 0 0 1 0]
6	0.04975934699177742	8.904723167419434	2.5373826026916504	2.539224863052368	1.917912483215332	1.910202980041504	False	[0 0 0 0 0 0 0 0 0 0 0 0]	[0 0 0 0 0 0 0 0 0 0 0 0]	[0 0 1 0 0 1]	[0 0 1 0 1 0]
6	0.23915567994117737	8.897964477539062	2.535182476043701	2.5392167568206787	1.9154726266860962	1.9080932140350342	False	[0 0 0 0 0 0 0 0 0 1 0 0]	[1 0 0 0 0 0 0 0 0 0 0 0]	[0 0 1 0 0 0]	[0 0 0 0 1 0]
6	0.05229506269097328	8.905214309692383	2.537015676498413	2.539247989654541	1.918349266052246	1.9106011390686035	False	[0 0 0 0 0 0 0 0 0 0 0 0]	[0 0 0 0 0 0 0 0 0 0 0 0]	[0 0 1 0 0 1]	[0 0 1 0 1 0]
7	0.19840270280838013	8.899857521057129	2.5255818367004395	2.54227876663208	1.9082776308059692	1.9237192869186401	False	[0 0 0 0 0 0 0 1 0 0 0 0]	[0 0 0 0 0 0 0 0 0 0 1 0]	[0 0 0 1 0 0]	[1 0 0 0 0 0]
7	-0.5	8.933106422424316	2.5392792224884033	2.5509932041168213	1.9171887636184692	1.9256449937820435	False	[0 0 0 0 0 0 0 0 0 0 0 0]	[0 0 0 0 0 0 0 0 0 0 1 1]	[0 0 0 0 0 0]	[1 0 0 0 1 0]
7	0.504604160785675	8.937634468078613	2.5426647663116455	2.5518898963928223	1.9185534715652466	1.9245262145996094	False	[0 0 0 0 0 0 0 1 0 0 0 0]	[0 0 0 0 0 0 0 0 0 0 1 0]	[0 0 0 1 0 0]	[1 0 0 0 1 1]
7	0.37798449397087097	8.940299034118652	2.5451745986938477	2.551929473876953	1.9199578762054443	1.9232367277145386	False	[0 0 0 0 0 1 0 1 0 0 0 0]	[0 0 0 1 0 0 0 0 0 0 1 0]	[0 0 0 0 0 0]	[1 0 0 0 1 0]
7	0.43919646739959717	8.94094181060791	2.5437304973602295	2.552136182785034	1.9200626611709595	1.9250125885009766	False	[0 0 0 0 0 1 0 0 0 0 0 0]	[0 0 0 1 0 0 0 0 0 0 1 1]	[0 0 0 1 0 0]	[1 0 0 0 1 1]
7	-0.5	8.942337036132812	2.5461666584014893	2.552072286605835	1.9211643934249878	1.9229332208633423	False	[0 0 0 0 0 0 0 0 0 0 0 0]	[0 0 0 0 0 0 0 0 0 0 1 1]	[0 0 0 0 0 0]	[1 0 0 0 1 0]
7	0.4687109887599945	8.93680477142334	2.5427353382110596	2.55165696144104	1.9183437824249268	1.924068808555603	False	[0 0 0 0 0 0 0 1 0 0 0 0]	[0 0 0 0 0 0 0 0 0 0 1 0]	[0 0 0 1 0 0]	[1 0 0 0 1 1]
7	0.3736995458602905	8.942302703857422	2.5455524921417236	2.552203893661499	1.9207277297973633	1.9238181114196777	False	[0 0 0 0 0 1 0 1 0 0 0 0]	[0 0 0 1 0 0 0 0 0 0 1 0]	[0 0 0 0 0 0]	[1 0 0 0 1 0]
7	0.45215630531311035	8.940712928771973	2.5438637733459473	2.5523598194122314	1.9196820259094238	1.924807071685791	False	[0 0 0 0 0 1 0 0 0 0 0 0]	[0 0 0 1 0 0 0 0 0 0 1 1]	[0 0 0 1 0 0]	[1 0 0 0 1 1]
7	-0.5	8.941699981689453	2.5457146167755127	2.551985263824463	1.9206608533859253	1.9233393669128418	False	[0 0 0 0 0 0 0 0 0 0 0 0]	[0 0 0 0 0 0 0 0 0 0 1 1]	[0 0 0 0 0 0]	[1 0 0 0 1 0]
7	0.48316624760627747	8.937994956970215	2.5429203510284424	2.551825523376465	1.9185618162155151	1.924687385559082	False	[0 0 0 0 0 0 0 1 0 0 0 0]	[0 0 0 0 0 0 0 0 0 0 1 0]	[0 0 0 1 0 0]	[1 0 0 0 1 1]
7	0.3897092342376709	8.939996719360352	2.5448760986328125	2.551982879638672	1.9199291467666626	1.9232085943222046	False	[0 0 0 0 0 1 0 1 0 0 0 0]	[0 0 0 1 0 0 0 0 0 0 1 0]	[0 0 0 0 0 0]	[1 0 0 0 1 0]
7	0.43010321259498596	8.939103126525879	2.543558120727539	2.552046775817871	1.9191999435424805	1.9242984056472778	False	[0 0 0 0 0 1 0 0 0 0 0 0]	[0 0 0 1 0 0 0 0 0 0 1 1]	[0 0 0 1 0 0]	[1 0 0 0 1 1]
7	-0.5	8.943416595458984	2.5463011264801025	2.55220365524292	1.9216527938842773	1.9232583045959473	False	[0 0 0 0 0 0 0 0 0 0 0 0]	[0 0 0 0 0 0 0 0 0 0 1 1]	[0 0 0 0 0 0]	[1 0 0 0 1 0]
7	0.5004434585571289	8.935657501220703	2.542043685913086	2.551542043685913	1.9177554845809937	1.92431640625	False	[0 0 0 0 0 0 0 1 0 0 0 0]	[0 0 0 0 0 0 0 0 0 0 1 0]	[0 0 0 1 0 0]	[1 0 0 0 1 1]
7	0.394456148147583	8.94045639038086	2.5445327758789062	2.5521726608276367	1.9200401306152344	1.9237111806869507	False	[0 0 0 0 0 1 0 1 0 0 0 0]	[0 0 0 1 0 0 0 0 0 0 1 0]	[0 0 0 0 0 0]	[1 0 0 0 1 0]
7	0.4670895040035248	8.940681457519531	2.5439932346343994	2.5521697998046875	1.919830560684204	1.9246885776519775	False	[0 0 0 0 0 1 0 0 0 0 0 0]	[0 0 0 1 0 0 0 0 0 0 1 1]	[0 0 0 1 0 0]	[1 0 0 0 1 1]
7	-0.5	8.942852020263672	2.545713424682617	2.5522403717041016	1.9210379123687744	1.9238606691360474	False	[0 0 0 0 0 0 0 0 0 0 0 0]	[0 0 0 0 0 0 0 0 0 0 1 1]	[0 0 0 0 0 0]	[1 0 0 0 1 0]
7	0.5114380121231079	8.937251091003418	2.5424158573150635	2.5517425537109375	1.9183415174484253	1.9247510433197021	False	[0 0 0 0 0 0 0 1 0 0 0 0]	[0 0 0 0 0 0 0 0 0 0 1 0]	[0 0 0 1 0 0]	[1 0 0 0 1 1]
7	0.3905629813671112	8.938309669494629	2.5442843437194824	2.5517771244049072	1.919109582901001	1.9231383800506592	False	[0 0 0 0 0 1 0 1 0 0 0 0]	[0 0 0 1 0 0 0 0 0 0 1 0]	[0 0 0 0 0 0]	[1 0 0 0 1 0]
7	0.4337352216243744	8.939342498779297	2.5433716773986816	2.5520927906036377	1.9192824363708496	1.9245954751968384	False	[0 0 0 0 0 1 0 0 0 0 0 0]	[0 0 0 1 0 0 0 0 0 0 1 1]	[0 0 0 1 0 0]	[1 0 0 0 1 1]
7	-0.5	8.943086624145508	2.5462234020233154	2.552224636077881	1.9214568138122559	1.9231815338134766	False	[0 0 0 0 0 0 0 0 0 0 0 0]	[0 0 0 0 0 0 0 0 0 0 1 1]	[0 0 0 0 0 0]	[1 0 0 0 1 0]
7	0.4615233540534973	8.936196327209473	2.542149782180786	2.5517656803131104	1.917912244796753	1.924368977546692	False	[0 0 0 0 0 0 0 1 0 0 0 0]	[0 0 0 0 0 0 0 0 0 0 1 0]	[0 0 0 1 0 0]	[1 0 0 0 1 1]
7	0.3993239104747772	8.939462661743164	2.5443217754364014	2.5520095825195312	1.9193284511566162	1.9238020181655884	False	[0 0 0 0 0 1 0 1 0 0 0 0]	[0 0 0 1 0 0 0 0 0 0 1 0]	[0 0 0 0 0 0]	[1 0 0 0 1 0]
7	0.4401896297931671	8.940141677856445	2.5439088344573975	2.5520732402801514	1.9195189476013184	1.9246410131454468	False	[0 0 0 0 0 1 0 0 0 0 0 0]	[0 0 0 1 0 0 0 0 0 0 1 1]	[0 0 0 1 0 0]	[1 0 0 0 1 1]
7	-0.5	8.94266128540039	2.5465145111083984	2.5519039630889893	1.9214153289794922	1.9228272438049316	False	[0 0 0 0 0 0 0 0 0 0 0 0]	[0 0 0 0 0 0 0 0 0 0 1 1]	[0 0 0 0 0 0]	[1 0 0 0 1 0]
7	0.49531063437461853	8.937320709228516	2.5427255630493164	2.551835536956787	1.91825532913208	1.9245045185089111	False	[0 0 0 0 0 0 0 1 0 0 0 0]	[0 0 0 0 0 0 0 0 0 0 1 0]	[0 0 0 1 0 0]	[1 0 0 0 1 1]
7	0.3648911118507385	8.939630508422852	2.5446512699127197	2.5518360137939453	1.9198226928710938	1.9233205318450928	False	[0 0 0 0 0 1 0 1 0 0 0 0]	[0 0 0 1 0 0 0 0 0 0 1 0]	[0 0 0 0 0 0]	[1 0 0 0 1 0]
7	0.43355458974838257	8.940672874450684	2.543736219406128	2.5523924827575684	1.9198065996170044	1.9247376918792725	False	[0 0 0 0 0 1 0 0 0 0 0 0]	[0 0 0 1 0 0 0 0 0 0 1 1]	[0 0 0 1 0 0]	[1 0 0 0 1 1]
7	-0.5	8.943264961242676	2.5459282398223877	2.5520596504211426	1.9213303327560425	1.9239463806152344	False	[0 0 0 0 0 0 0 0 0 0 0 0]	[0 0 0 0 0 0 0 0 0 0 1 1]	[0 0 0 0 0 0]	[1 0 0 0 1 0]
8	0.476782888174057	8.854326248168945	2.5412485599517822	2.544503927230835	1.8665504455566406	1.902023434638977	False	[1 0 0 0 0 0 0 0 0 0 0 0]	[0 0 0 0 0 0 0 0 0 0 1 0]	[0 0 0 0 0 1]	[1 0 0 0 0 0]
8	0.019430795684456825	8.875110626220703	2.543008804321289	2.5446555614471436	1.8867108821868896	1.9007351398468018	False	[1 0 0 0 0 0 0 0 0 1 0 0]	[0 1 0 0 0 0 0 0 0 0 1 0]	[0 0 0 0 0 0]	[0 0 0 0 0 0]
8	0.5122494697570801	8.885592460632324	2.544769048690796	2.5501513481140137	1.8828247785568237	1.9078471660614014	False	[0 0 0 0 0 0 0 0 0 1 0 0]	[0 1 0 0 0 0 0 0 0 0 0 0]	[0 0 0 0 0 1]	[1 0 0 0 0 0]
8	-1.0	8.863649368286133	2.5413944721221924	2.541363000869751	1.8850849866867065	1.8958070278167725	False	[0 0 0 0 0 0 0 0 0 0 0 0]	[0 0 0 0 0 0 0 0 0 0 0 0]	[0 0 0 0 0 0]	[0 0 0 0 0 0]
8	0.44655895233154297	8.856989860534668	2.54171085357666	2.5451126098632812	1.8671092987060547	1.9030570983886719	False	[1 0 0 0 0 0 0 0 0 0 0 0]	[0 0 0 0 0 0 0 0 0 0 1 0]	[0 0 0 0 0 1]	[1 0 0 0 0 0]
8	0.019913990050554276	8.874526023864746	2.5426440238952637	2.5445337295532227	1.8865158557891846	1.9008322954177856	False	[1 0 0 0 0 0 0 0 0 1 0 0]	[0 1 0 0 0 0 0 0 0 0 1 0]	[0 0 0 0 0 0]	[0 0 0 0 0 0]
8	0.5171127319335938	8.880162239074707	2.5439884662628174	2.549433946609497	1.8807270526885986	1.9060125350952148	False	[0 0 0 0 0 0 0 0 0 1 0 0]	[0 1 0 0 0 0 0 0 0 0 0 0]	[0 0 0 0 0 1]	[1 0 0 0 0 0]
8	-1.0	8.869623184204102	2.542182445526123	2.54213285446167	1.8871102333068848	1.898198127746582	False	[0 0 0 0 0 0 0 0 0 0 0 0]	[0 0 0 0 0 0 0 0 0 0 0 0]	[0 0 0 0 0 0]	[0 0 0 0 0 0]
8	0.47474804520606995	8.85666561126709	2.541612148284912	2.5446088314056396	1.867173194885254	1.9032713174819946	False	[1 0 0 0 0 0 0 0 0 0 0 0]	[0 0 0 0 0 0 0 0 0 0 1 0]	[0 0 0 0 0 1]	[1 0 0 0 0 0]
8	0.01660534366965294	8.875728607177734	2.542710542678833	2.544825792312622	1.8872349262237549	1.9009575843811035	False	[1 0 0 0 0 0 0 0 0 1 0 0]	[0 1 0 0 0 0 0 0 0 0 1 0]	[0 0 0 0 0 0]	[0 0 0 0 0 0]
8	0.569075882434845	8.886568069458008	2.5447423458099365	2.5502896308898926	1.883685827255249	1.9078505039215088	False	[0 0 0 0 0 0 0 0 0 1 0 0]	[0 1 0 0 0 0 0 0 0 0 0 0]	[0 0 0 0 0 1]	[1 0 0 0 0 0]
8	-1.0	8.86644172668457	2.541722536087036	2.5416691303253174	1.8859434127807617	1.8971071243286133	False	[0 0 0 0 0 0 0 0 0 0 0 0]	[0 0 0 0 0 0 0 0 0 0 0 0]	[0 0 0 0 0 0]	[0 0 0 0 0 0]
8	0.48410671949386597	8.853596687316895	2.5413031578063965	2.544340133666992	1.8659820556640625	1.9019715785980225	False	[1 0 0 0 0 0 0 0 0 0 0 0]	[0 0 0 0 0 0 0 0 0 0 1 0]	[0 0 0 0 0 1]	[1 0 0 0 0 0]
8	0.01869194768369198	8.874249458312988	2.542731523513794	2.5445239543914795	1.886540412902832	1.9004533290863037	False	[1 0 0 0 0 0 0 0 0 1 0 0]	[0 1 0 0 0 0 0 0 0 0 1 0]	[0 0 0 0 0 0]	[0 0 0 0 0 0]
8	0.5541590452194214	8.883038520812988	2.5442135334014893	2.550013780593872	1.8819425106048584	1.9068690538406372	False	[0 0 0 0 0 0 0 0 0 1 0 0]	[0 1 0 0 0 0 0 0 0 0 0 0]	[0 0 0 0 0 1]	[1 0 0 0 0 0]
8	-1.0	8.876510620117188	2.5428357124328613	2.5430705547332764	1.8897488117218018	1.9008564949035645	False	[0 0 0 0 0 0 0 0 0 0 0 0]	[0 0 0 0 0 0 0 0 0 0 0 0]	[0 0 0 0 0 0]	[0 0 0 0 0 0]
8	0.484327495098114	8.852372169494629	2.540844440460205	2.544423818588257	1.8654707670211792	1.9016330242156982	False	[1 0 0 0 0 0 0 0 0 0 0 0]	[0 0 0 0 0 0 0 0 0 0 1 0]	[0 0 0 0 0 1]	[1 0 0 0 0 0]
8	0.027487244457006454	8.878194808959961	2.5432677268981934	2.5451109409332275	1.8880003690719604	1.9018151760101318	False	[1 0 0 0 0 0 0 0 0 1 0 0]	[0 1 0 0 0 0 0 0 0 0 1 0]	[0 0 0 0 0 0]	[0 0 0 0 0 0]
8	0.5403617024421692	8.884624481201172	2.5445358753204346	2.549950122833252	1.882745385169983	1.9073928594589233	False	[0 0 0 0 0 0 0 0 0 1 0 0]	[0 1 0 0 0 0 0 0 0 0 0 0]	[0 0 0 0 0 1]	[1 0 0 0 0 0]
8	-1.0	8.871319770812988	2.5420150756835938	2.542226552963257	1.8881034851074219	1.8989747762680054	False	[0 0 0 0 0 0 0 0 0 0 0 0]	[0 0 0 0 0 0 0 0 0 0 0 0]	[0 0 0 0 0 0]	[0 0 0 0 0 0]
8	0.4470168948173523	8.853357315063477	2.5412914752960205	2.5445451736450195	1.8657681941986084	1.9017529487609863	False	[1 0 0 0 0 0 0 0 0 0 0 0]	[0 0 0 0 0 0 0 0 0 0 1 0]	[0 0 0 0 0 1]	[1 0 0 0 0 0]
8	0.019931921735405922	8.879558563232422	2.543231964111328	2.545449733734131	1.8885939121246338	1.902282953262329	False	[1 0 0 0 0 0 0 0 0 1 0 0]	[0 1 0 0 0 0 0 0 0 0 1 0]	[0 0 0 0 0 0]	[0 0 0 0 0 0]
8	0.5642493367195129	8.882591247558594	2.54427170753479	2.549650192260742	1.8819859027862549	1.9066842794418335	False	[0 0 0 0 0 0 0 0 0 1 0 0]	[0 1 0 0 0 0 0 0 0 0 0 0]	[0 0 0 0 0 1]	[1 0 0 0 0 0]
8	-1.0	8.868940353393555	2.5419888496398926	2.542107343673706	1.8869447708129883	1.897899866104126	False	[0 0 0 0 0 0 0 0 0 0 0 0]	[0 0 0 0 0 0 0 0 0 0 0 0]	[0 0 0 0 0 0]	[0 0 0 0 0 0]
8	0.4595170319080353	8.862089157104492	2.5421879291534424	2.545644760131836	1.869706630706787	1.9045497179031372	False	[1 0 0 0 0 0 0 0 0 0 0 0]	[0 0 0 0 0 0 0 0 0 0 1 0]	[0 0 0 0 0 1]	[1 0 0 0 0 0]
8	0.031105773523449898	8.872605323791504	2.542201280593872	2.5442042350769043	1.8864881992340088	1.8997114896774292	False	[1 0 0 0 0 0 0 0 0 1 0 0]	[0 1 0 0 0 0 0 0 0 0 1 0]	[0 0 0 0 0 0]	[0 0 0 0 0 0]
8	0.5224483013153076	8.886367797851562	2.5448954105377197	2.5501930713653564	1.8833787441253662	1.9079010486602783	False	[0 0 0 0 0 0 0 0 0 1 0 0]	[0 1 0 0 0 0 0 0 0 0 0 0]	[0 0 0 0 0 1]	[1 0 0 0 0 0]
8	-1.0	8.870901107788086	2.541867971420288	2.542229652404785	1.8878352642059326	1.898967981338501	False	[0 0 0 0 0 0 0 0 0 0 0 0]	[0 0 0 0 0 0 0 0 0 0 0 0]	[0 0 0 0 0 0]	[0 0 0 0 0 0]
8	0.4920770823955536	8.85899543762207	2.5418314933776855	2.5452208518981934	1.8685123920440674	1.9034309387207031	False	[1 0 0 0 0 0 0 0 0 0 0 0]	[0 0 0 0 0 0 0 0 0 0 1 0]	[0 0 0 0 0 1]	[1 0 0 0 0 0]
8	0.03336729109287262	8.874848365783691	2.542677164077759	2.5445942878723145	1.8866634368896484	1.9009134769439697	False	[1 0 0 0 0 0 0 0 0 1 0 0]	[0 1 0 0 0 0 0 0 0 0 1 0]	[0 0 0 0 0 0]	[0 0 0 0 0 0]
9	0.4215654730796814	8.892248153686523	2.529649257659912	2.5359461307525635	1.917470097541809	1.9091821908950806	False	[0 0 0 0 0 0 1 0 0 0 0 0]	[0 0 0 0 1 0 0 0 0 0 0 0]	[0 0 0 0 0 1]	[0 0 0 1 0 0]
9	0.4408428966999054	8.849214553833008	2.5353589057922363	2.5205860137939453	1.8957793712615967	1.8974905014038086	False	[0 0 0 0 0 0 1 1 0 0 0 0]	[0 1 0 0 1 0 0 0 0 0 0 0]	[0 0 0 0 0 0]	[0 0 0 1 0 1]
9	0.4141986668109894	8.870322227478027	2.5401599407196045	2.5252902507781982	1.9020826816558838	1.9027892351150513	False	[0 0 0 0 0 0 1 0 0 0 0 0]	[0 0 0 0 1 0 0 0 0 0 0 0]	[0 0 0 0 0 1]	[0 0 0 1 0 0]
9	0.418438196182251	8.856281280517578	2.536806583404541	2.5219626426696777	1.8978376388549805	1.899674415588379	False	[0 0 0 0 0 0 1 1 0 0 0 0]	[0 0 0 0 1 0 0 0 1 0 0 0]	[0 0 0 0 0 0]	[0 0 0 1 0 1]
9	0.45214375853538513	8.871816635131836	2.5406453609466553	2.5253145694732666	1.9026364088058472	1.9032200574874878	False	[0 0 0 0 0 0 1 0 0 0 0 0]	[0 1 0 0 1 0 0 0 1 0 0 0]	[0 0 0 0 0 1]	[0 0 0 1 0 0]
9	0.41386839747428894	8.850166320800781	2.5376391410827637	2.5191938877105713	1.8963208198547363	1.8970121145248413	False	[0 0 0 0 0 0 1 1 0 0 0 0]	[0 0 0 0 1 0 0 0 1 0 0 0]	[0 0 0 0 0 0]	[0 0 0 1 0 1]
9	0.47868603467941284	8.865153312683105	2.539496421813965	2.5239763259887695	1.900479793548584	1.9012008905410767	False	[0 0 0 0 0 0 1 0 0 0 0 0]	[0 1 0 0 1 0 0 0 1 0 0 0]	[0 0 0 0 0 1]	[0 0 0 1 0 0]
9	0.4134974777698517	8.853165626525879	2.538271427154541	2.5205399990081787	1.8969274759292603	1.8974268436431885	False	[0 0 0 0 0 0 1 1 0 0 0 0]	[0 0 0 0 1 0 0 0 1 0 0 0]	[0 0 0 0 0 0]	[0 0 0 1 0 1]
9	0.3852963447570801	8.869247436523438	2.5402092933654785	2.525182008743286	1.901640772819519	1.9022154808044434	False	[0 0 0 0 0 0 1 0 0 0 0 0]	[0 0 0 0 1 0 0 0 0 0 0 0]	[0 0 0 0 0 1]	[0 0 0 1 0 0]
9	0.43525242805480957	8.856827735900879	2.537233829498291	2.5219686031341553	1.898080587387085	1.8995447158813477	False	[0 0 0 0 0 0 1 1 0 0 0 0]	[0 1 0 0 1 0 0 0 0 0 0 0]	[0 0 0 0 0 0]	[0 0 0 1 0 1]
9	0.4321044981479645	8.872750282287598	2.5407299995422363	2.5260021686553955	1.9026882648468018	1.903329849243164	False	[0 0 0 0 0 0 1 0 0 0 0 0]	[0 0 0 0 1 0 0 0 0 0 0 0]	[0 0 0 0 0 1]	[0 0 0 1 0 0]
9	0.4026075005531311	8.859875679016113	2.538127899169922	2.522887945175171	1.898861050605774	1.8999987840652466	False	[0 0 0 0 0 0 1 1 0 0 0 0]	[0 0 0 0 1 0 0 0 1 0 0 0]	[0 0 0 0 0 0]	[0 0 0 1 0 1]
9	0.4165661334991455	8.869416236877441	2.5403966903686523	2.52493953704834	1.901699423789978	1.902380108833313	False	[0 0 0 0 0 0 1 0 0 0 0 0]	[0 0 0 0 1 0 0 0 0 0 0 0]	[0 0 0 0 0 1]	[0 0 0 1 0 0]
9	0.4436228275299072	8.858440399169922	2.5377349853515625	2.5221829414367676	1.8986103534698486	1.8999114036560059	False	[0 0 0 0 0 0 1 1 0 0 0 0]	[0 0 0 0 1 0 0 0 1 0 0 0]	[0 0 0 0 0 0]	[0 0 0 1 0 1]
9	0.471203476190567	8.861494064331055	2.538189172744751	2.5233733654022217	1.8995614051818848	1.900370478630066	False	[0 0 0 0 0 0 1 0 0 0 0 0]	[0 1 0 0 1 0 0 0 1 0 0 0]	[0 0 0 0 0 1]	[0 0 0 1 0 0]
9	0.40328115224838257	8.852178573608398	2.5381264686584473	2.519723892211914	1.896985411643982	1.8973429203033447	False	[0 0 0 0 0 0 1 1 0 0 0 0]	[0 0 0 0 1 0 0 0 1 0 0 0]	[0 0 0 0 0 0]	[0 0 0 1 0 1]
9	0.43847644329071045	8.86680793762207	2.5399680137634277	2.5244712829589844	1.90071702003479	1.9016512632369995	False	[0 0 0 0 0 0 1 0 0 0 0 0]	[0 0 0 0 1 0 0 0 0 0 0 0]	[0 0 0 0 0 1]	[0 0 0 1 0 0]
9	0.4244420826435089	8.854970932006836	2.5369021892547607	2.521451234817505	1.89741849899292	1.89919912815094	False	[0 0 0 0 0 0 1 1 0 0 0 0]	[0 0 0 0 1 0 0 0 1 0 0 0]	[0 0 0 0 0 0]	[0 0 0 1 0 1]
9	0.4751362204551697	8.865152359008789	2.5393733978271484	2.5240423679351807	1.9004348516464233	1.9013020992279053	False	[0 0 0 0 0 0 1 0 0 0 0 0]	[0 1 0 0 1 0 0 0 1 0 0 0]	[0 0 0 0 0 1]	[0 0 0 1 0 0]
9	0.41331687569618225	8.850780487060547	2.5380167961120605	2.519439697265625	1.8963245153427124	1.896999716758728	False	[0 0 0 0 0 0 1 1 0 0 0 0]	[0 0 0 0 1 0 0 0 1 0 0 0]	[0 0 0 0 0 0]	[0 0 0 1 0 1]
9	0.4861495792865753	8.861473083496094	2.538593292236328	2.5234079360961914	1.8994816541671753	1.8999900817871094	False	[0 0 0 0 0 0 1 0 0 0 0 0]	[0 1 0 0 1 0 0 0 1 0 0 0]	[0 0 0 0 0 1]	[0 0 0 1 0 0]
9	0.4139412045478821	8.852890014648438	2.5382962226867676	2.520129680633545	1.896762728691101	1.8977010250091553	False	[0 0 0 0 0 0 1 1 0 0 0 0]	[0 0 0 0 1 0 0 0 1 0 0 0]	[0 0 0 0 0 0]	[0 0 0 1 0 1]
9	0.47914397716522217	8.86867904663086	2.5400495529174805	2.524752378463745	1.9015518426895142	1.902324914932251	False	[0 0 0 0 0 0 1 0 0 0 0 0]	[0 1 0 0 1 0 0 0 1 0 0 0]	[0 0 0 0 0 1]	[0 0 0 1 0 0]
9	0.40179285407066345	8.850797653198242	2.537738800048828	2.5191903114318848	1.8966478109359741	1.8972208499908447	False	[0 0 0 0 0 0 1 1 0 0 0 0]	[0 0 0 0 1 0 0 0 1 0 0 0]	[0 0 0 0 0 0]	[0 0 0 1 0 1]
9	0.48721233010292053	8.867002487182617	2.53975248336792	2.524793863296509	1.9009270668029785	1.90152907371521	False	[0 0 0 0 0 0 1 0 0 0 0 0]	[0 1 0 0 1 0 0 0 1 0 0 0]	[0 0 0 0 0 1]	[0 0 0 1 0 0]
9	0.4146791100502014	8.849780082702637	2.537731647491455	2.5194602012634277	1.8958338499069214	1.8967539072036743	False	[0 0 0 0 0 0 1 1 0 0 0 0]	[0 0 0 0 1 0 0 0 1 0 0 0]	[0 0 0 0 0 0]	[0 0 0 1 0 1]
9	0.42790988087654114	8.867566108703613	2.539811611175537	2.524684190750122	1.9012861251831055	1.90178382396698	False	[0 0 0 0 0 0 1 0 0 0 0 0]	[0 0 0 0 1 0 0 0 0 0 0 0]	[0 0 0 0 0 1]	[0 0 0 1 0 0]
9	0.4273051619529724	8.851201057434082	2.536320924758911	2.52060604095459	1.8963192701339722	1.8979551792144775	False	[0 0 0 0 0 0 1 1 0 0 0 0]	[0 0 0 0 1 0 0 0 1 0 0 0]	[0 0 0 0 0 0]	[0 0 0 1 0 1]
9	0.47941285371780396	8.866386413574219	2.539422035217285	2.524310350418091	1.9010248184204102	1.9016296863555908	False	[0 0 0 0 0 0 1 0 0 0 0 0]	[0 1 0 0 1 0 0 0 1 0 0 0]	[0 0 0 0 0 1]	[0 0 0 1 0 0]
9	0.41840001940727234	8.85158634185791	2.5379295349121094	2.5196785926818848	1.8965744972229004	1.897403359413147	False	[0 0 0 0 0 0 1 1 0 0 0 0]	[0 0 0 0 1 0 0 0 1 0 0 0]	[0 0 0 0 0 0]	[0 0 0 1 0 1]
10	0.43929800391197205	8.823790550231934	2.5116186141967773	2.5173630714416504	1.8948824405670166	1.899925947189331	False	[0 1 0 0 0 0 0 0 0 0 0 0]	[0 0 0 0 0 0 0 0 0 0 1 0]	[0 0 0 0 0 1]	[1 0 0 0 0 0]
10	0.4671291708946228	8.93796443939209	2.547837495803833	2.5446150302886963	1.9234014749526978	1.922110915184021	False	[0 1 1 0 0 0 0 0 0 0 0 0]	[0 0 0 0 0 0 0 0 0 0 1 1]	[0 0 0 0 1 1]	[0 0 0 0 0 0]
10	0.505220353603363	8.929546356201172	2.5442073345184326	2.5437004566192627	1.923399567604065	1.9182394742965698	False	[0 1 0 0 0 0 0 0 0 0 0 0]	[0 0 0 0 0 0 0 0 0 0 1 0]	[0 0 0 0 0 1]	[0 0 0 1 0 0]
10	0.3435785174369812	8.926803588867188	2.5444939136505127	2.5431156158447266	1.92133629322052	1.9178581237792969	False	[0 1 1 0 0 0 0 0 0 0 0 0]	[0 0 0 0 0 0 0 0 0 0 1 1]	[0 0 0 0 1 1]	[1 0 0 1 0 0]
10	0.5374358296394348	8.942562103271484	2.5473546981811523	2.544800281524658	1.927780032157898	1.9226264953613281	False	[0 1 0 0 0 0 0 0 0 0 0 0]	[0 0 0 0 0 0 0 0 0 0 1 0]	[0 0 0 0 0 1]	[0 0 0 1 0 0]
10	0.3716878592967987	8.927677154541016	2.544656991958618	2.5431265830993652	1.921576976776123	1.9183160066604614	False	[0 1 1 0 0 0 0 0 0 0 0 0]	[0 0 0 0 0 0 0 0 0 0 1 1]	[0 0 0 0 1 1]	[1 0 0 1 0 0]
10	0.528664231300354	8.942973136901855	2.5476486682891846	2.5451693534851074	1.9273598194122314	1.922795295715332	False	[0 1 0 0 0 0 0 0 0 0 0 0]	[0 0 0 0 0 0 0 0 0 0 1 0]	[0 0 0 0 0 1]	[0 0 0 1 0 0]
10	0.3442807197570801	8.927732467651367	2.5447397232055664	2.543184995651245	1.921533465385437	1.9182738065719604	False	[0 1 1 0 0 0 0 0 0 0 0 0]	[0 0 0 0 0 0 0 0 0 0 1 1]	[0 0 0 0 1 1]	[1 0 0 1 0 0]
10	0.48718520998954773	8.942983627319336	2.547382116317749	2.545008897781372	1.9276663064956665	1.9229261875152588	False	[0 1 0 0 0 0 0 0 0 0 0 0]	[0 0 0 0 0 0 0 0 0 0 1 0]	[0 0 0 0 0 1]	[0 0 0 1 0 0]
10	0.33465588092803955	8.930185317993164	2.5454204082489014	2.5440878868103027	1.921879529953003	1.918797254562378	False	[0 1 1 0 0 0 0 0 0 0 0 0]	[0 0 0 0 0 0 0 0 0 0 1 1]	[0 0 0 0 1 1]	[1 0 0 1 0 0]
10	0.5437620282173157	8.94135570526123	2.546982526779175	2.5441977977752686	1.9272619485855103	1.9229134321212769	False	[0 1 0 0 0 0 0 0 0 0 0 0]	[0 0 0 0 0 0 0 0 0 0 1 0]	[0 0 0 0 0 1]	[0 0 0 1 0 0]
10	0.3560003340244293	8.929219245910645	2.5455503463745117	2.544049024581909	1.9214987754821777	1.9181208610534668	False	[0 1 1 0 0 0 0 0 0 0 0 0]	[0 0 0 0 0 0 0 0 0 0 1 1]	[0 0 0 0 1 1]	[1 0 0 1 0 0]
10	0.4273469150066376	8.941084861755371	2.5470693111419678	2.5446524620056152	1.926770806312561	1.9225926399230957	False	[0 1 0 0 0 0 0 0 0 0 0 0]	[0 0 0 0 0 0 0 0 0 0 1 0]	[0 0 0 0 0 1]	[1 0 0 0 0 0]
10	0.4886392056941986	8.937185287475586	2.5472898483276367	2.5441813468933105	1.923642635345459	1.9220712184906006	False	[0 1 1 0 0 0 0 0 0 0 0 0]	[0 0 0 0 0 0 0 0 0 0 1 1]	[0 0 0 0 1 1]	[0 0 0 0 0 0]
10	0.35959044098854065	8.927759170532227	2.543996572494507	2.543567657470703	1.922744631767273	1.917449712753296	False	[0 1 0 0 0 0 0 0 0 0 0 0]	[0 0 0 0 0 0 0 0 0 0 1 0]	[0 0 0 0 0 1]	[0 0 0 0 0 1]
10	0.38190707564353943	8.941157341003418	2.5484161376953125	2.544616460800171	1.9244670867919922	1.9236575365066528	False	[0 1 1 0 0 0 0 0 0 0 0 0]	[0 0 0 0 0 0 0 0 0 0 1 1]	[0 0 0 0 1 1]	[1 0 0 0 0 1]
10	0.341583251953125	8.94288444519043	2.546967029571533	2.544530153274536	1.928037166595459	1.9233503341674805	False	[0 1 0 0 0 0 0 0 0 0 0 0]	[0 0 0 0 0 0 0 0 0 0 1 0]	[0 0 0 0 0 1]	[1 0 0 1 0 1]
10	0.4364876449108124	8.944992065429688	2.5484976768493652	2.544621467590332	1.9269453287124634	1.9249272346496582	False	[0 1 1 0 0 0 0 0 0 0 0 0]	[0 0 0 0 0 0 0 0 0 0 1 1]	[0 0 0 0 1 1]	[0 0 0 1 0 1]
10	0.531683623790741	8.931180953979492	2.5438859462738037	2.5441880226135254	1.9245827198028564	1.9185242652893066	False	[0 1 0 0 0 0 0 0 0 0 0 0]	[0 0 0 0 0 0 0 0 0 0 1 0]	[0 0 0 0 0 1]	[0 0 0 1 0 0]
10	0.356045663356781	8.926562309265137	2.54475736618042	2.5432887077331543	1.920954942703247	1.9175615310668945	False	[0 1 1 0 0 0 0 0 0 0 0 0]	[0 0 0 0 0 0 0 0 0 0 1 1]	[0 0 0 0 1 1]	[1 0 0 1 0 0]
10	0.5358261466026306	8.94266414642334	2.547182083129883	2.5446996688842773	1.9276399612426758	1.9231427907943726	False	[0 1 0 0 0 0 0 0 0 0 0 0]	[0 0 0 0 0 0 0 0 0 0 1 0]	[0 0 0 0 0 1]	[0 0 0 1 0 0]
10	0.36482906341552734	8.92951774597168	2.5451395511627197	2.5437309741973877	1.9222722053527832	1.9183745384216309	False	[0 1 1 0 0 0 0 0 0 0 0 0]	[0 0 0 0 0 0 0 0 0 0 1 1]	[0 0 0 0 1 1]	[1 0 0 1 0 0]
10	0.5282361507415771	8.943658828735352	2.5470850467681885	2.5449743270874023	1.9283369779586792	1.923262119293213	False	[0 1 0 0 0 0 0 0 0 0 0 0]	[0 0 0 0 0 0 0 0 0 0 1 0]	[0 0 0 0 0 1]	[0 0 0 1 0 0]
10	0.35404184460639954	8.929468154907227	2.545046806335449	2.5439388751983643	1.9219415187835693	1.9185407161712646	False	[0 1 1 0 0 0 0 0 0 0 0 0]	[0 0 0 0 0 0 0 0 0 0 1 1]	[0 0 0 0 1 1]	[1 0 0 1 0 0]
10	0.5455877184867859	8.942476272583008	2.5470480918884277	2.54447340965271	1.927729606628418	1.9232252836227417	False	[0 1 0 0 0 0 0 0 0 0 0 0]	[0 0 0 0 0 0 0 0 0 0 1 0]	[0 0 0 0 0 1]	[0 0 0 1 0 0]
10	0.35283413529396057	8.92802619934082	2.5450785160064697	2.543640375137329	1.921312928199768	1.9179949760437012	False	[0 1 1 0 0 0 0 0 0 0 0 0]	[0 0 0 0 0 0 0 0 0 0 1 1]	[0 0 0 0 1 1]	[1 0 0 1 0 0]
10	0.4106704592704773	8.944828033447266	2.5474798679351807	2.545367479324341	1.9287034273147583	1.9232771396636963	False	[0 1 0 0 0 0 0 0 0 0 0 0]	[0 0 0 0 0 0 0 0 0 0 1 0]	[0 0 0 0 0 1]	[1 0 0 0 0 0]
10	0.4972662329673767	8.939059257507324	2.54781436920166	2.5447750091552734	1.9239195585250854	1.9225504398345947	False	[0 1 1 0 0 0 0 0 0 0 0 0]	[0 0 0 0 0 0 0 0 0 0 1 1]	[0 0 0 0 1 1]	[0 0 0 0 0 0]
10	0.33330145478248596	8.929244995117188	2.543616771697998	2.5437064170837402	1.9238275289535522	1.918094277381897	False	[0 1 0 0 0 0 0 0 0 0 0 0]	[0 0 0 0 0 0 0 0 0 0 1 0]	[0 0 0 0 0 1]	[0 0 0 0 0 1]
10	0.3735317587852478	8.938507080078125	2.5479981899261475	2.5440549850463867	1.9236574172973633	1.9227964878082275	False	[0 1 1 0 0 0 0 0 0 0 0 0]	[0 0 0 0 0 0 0 0 0 0 1 1]	[0 0 0 0 1 1]	[1 0 0 0 0 1]
