# num_workers = 7
# num_cells = 256
# seed_for_environment = 7654321
# lr = 0.0003
# max_grad_norm = 1.0
# eval_rollout_length = 30
# scaling_factor = 1000
# frames_per_batch = 500
# sub_batch_size = 64
# num_epochs = 15
# clip_epsilon = 0.2
# gamma = 0.99
# lmbda = 0.95
# entropy_eps = 0.003
# env_reward_engineering = True
# env_minimum_number_of_qubits = 8
# log_name = search_9_6_seed_7654321
# env_error_range = linear5
# env_version = qecc/bbcode-ldpc-v0
# env_bit_flipping = True
# env_l = 9
# env_m = 6
# env_use_dict_observation = True
# env_number_of_decoder_iterations = 50
# env_number_of_samples = 50
# env_code_logging = False
# model_architecture = hybrid
# model_surrogate_model_path = /vol/bitbucket/osella/rl-qecc-data//supervisedLearning/2026-07-12_21-15-58/surrogate_6x6.pth
# model_use_pretrained_encoder = True
# index_to_unfreeze_encoder_updates = 10
# encoder_lr_factor = 0.1
# training_device = cpu
# Resolved arguments:
# Resolved_env_reward_engineering = True
# Resolved_env_bit_flipping = True
# Resolved_env_useDictObservation = True
# Resolved_env_code_logging = False
# Resolved_env_error_range = [np.float64(0.0001), np.float64(0.025075), np.float64(0.05005), np.float64(0.075025), np.float64(0.1)]
# Resolved_model_use_pretrained_encoder = True
# Resolved_trainingDevice = cpu
# Resolved_model_architecture = hybrid
# Just for information, not used in actual run: SLURM CPUS queried from os environment: 96
# Number of workers: 7
# Does torch identify cuda: False
evaluation number	reward	policy entropy	policy entropy aX	policy entropy bX	policy entropy aY	policy entropy bY	Encoder freeze	postAction_aX	postAction_bX	postAction_aY	postAction_bY
0	-0.5	8.27314281463623	2.2650346755981445	2.260709762573242	1.8903474807739258	1.857051134109497	True	[0 0 1 0 0 0 0 0 0]	[0 0 0 0 0 0 1 0 0]	[1 0 0 0 0 0]	[0 0 0 0 1 0]
0	0.3149999976158142	8.43736743927002	2.285435914993286	2.2860260009765625	1.929966688156128	1.9359385967254639	True	[0 0 1 0 0 1 0 0 0]	[0 0 0 0 0 0 0 0 0]	[0 0 0 0 0 0]	[0 0 1 0 1 0]
0	-0.5	8.418804168701172	2.282644271850586	2.2820184230804443	1.926108479499817	1.9280327558517456	True	[0 0 1 0 0 0 0 0 0]	[1 0 0 0 0 0 0 0 0]	[1 0 0 0 0 0]	[0 0 0 0 1 0]
0	-1.0	8.416234016418457	2.2804996967315674	2.2755861282348633	1.929882526397705	1.9302661418914795	True	[0 0 1 0 0 0 0 0 0]	[1 0 0 0 0 0 1 0 0]	[0 0 0 0 0 0]	[0 0 1 0 1 0]
0	-0.75	8.433252334594727	2.28692889213562	2.2854695320129395	1.9242051839828491	1.9366486072540283	True	[0 0 1 0 0 0 0 0 0]	[1 0 0 0 0 0 0 0 0]	[0 1 0 0 0 0]	[0 0 0 0 1 0]
0	-1.0	8.418109893798828	2.279848575592041	2.2808194160461426	1.9323749542236328	1.9250667095184326	True	[0 0 1 0 0 0 0 0 0]	[1 0 0 0 0 0 1 0 0]	[1 1 0 0 0 0]	[0 0 1 0 1 0]
0	-0.5	8.447833061218262	2.2895703315734863	2.287069797515869	1.9358338117599487	1.9353587627410889	True	[0 0 1 0 0 0 0 0 0]	[1 0 0 0 0 0 0 0 0]	[1 0 0 0 0 0]	[0 0 0 0 1 0]
0	-1.0	8.418180465698242	2.280093193054199	2.2787375450134277	1.928516149520874	1.9308340549468994	True	[0 0 1 0 0 0 0 0 0]	[1 0 0 0 0 0 1 0 0]	[0 0 0 0 0 0]	[0 0 1 0 1 0]
0	-0.75	8.431344985961914	2.2861216068267822	2.283782958984375	1.9253604412078857	1.9360796213150024	True	[0 0 1 0 0 0 0 0 0]	[1 0 0 0 0 0 0 0 0]	[0 1 0 0 0 0]	[0 0 0 0 1 0]
0	-1.0	8.417797088623047	2.2799720764160156	2.2819507122039795	1.9301152229309082	1.9257593154907227	True	[0 0 1 0 0 0 0 0 0]	[1 0 0 0 0 0 1 0 0]	[1 1 0 0 0 0]	[0 0 1 0 1 0]
0	-1.0	8.43874740600586	2.288130521774292	2.2865166664123535	1.9341869354248047	1.9299132823944092	True	[0 0 1 0 0 1 0 0 0]	[1 0 0 0 0 0 0 0 0]	[0 1 0 0 0 0]	[0 0 0 0 1 0]
0	-1.0	8.42719554901123	2.2832565307617188	2.287541627883911	1.9308390617370605	1.92555832862854	True	[0 0 1 0 0 1 1 0 0]	[1 0 0 0 0 0 1 0 0]	[0 0 0 0 0 0]	[0 0 1 0 1 0]
0	-1.0	8.422931671142578	2.2871973514556885	2.282902717590332	1.9172941446304321	1.9355380535125732	True	[0 0 1 1 0 1 1 0 0]	[1 0 0 0 0 0 0 0 0]	[0 1 0 0 0 0]	[0 0 1 0 0 0]
0	-1.0	8.423384666442871	2.283141613006592	2.286409854888916	1.9346134662628174	1.9192196130752563	True	[0 0 1 1 0 1 0 0 0]	[1 0 0 0 0 0 1 0 0]	[1 1 0 0 0 0]	[0 0 0 0 0 0]
0	-1.0	8.427311897277832	2.2858152389526367	2.286944627761841	1.9361639022827148	1.9183883666992188	True	[0 0 1 1 0 1 1 0 0]	[1 0 0 0 0 0 0 0 0]	[0 1 0 0 0 0]	[0 0 1 0 0 0]
0	-1.0	8.418854713439941	2.280813455581665	2.2852983474731445	1.9345784187316895	1.9181649684906006	True	[0 0 1 1 0 1 0 0 0]	[1 0 0 0 0 0 1 0 0]	[1 1 0 0 0 0]	[0 0 0 0 0 0]
0	-1.0	8.435983657836914	2.2868387699127197	2.286931037902832	1.9347096681594849	1.9275041818618774	True	[0 0 1 1 0 1 1 0 0]	[1 0 0 0 0 0 0 0 0]	[0 1 0 0 0 0]	[0 0 1 0 0 0]
0	-1.0	8.418227195739746	2.280636787414551	2.2839784622192383	1.9340245723724365	1.9195873737335205	True	[0 0 1 1 0 1 0 0 0]	[1 0 0 0 0 0 1 0 0]	[1 1 0 0 0 0]	[0 0 0 0 0 0]
0	-1.0	8.430243492126465	2.2838172912597656	2.2888731956481934	1.9357662200927734	1.921787142753601	True	[0 0 1 0 0 1 0 0 0]	[1 0 0 0 0 0 0 0 0]	[0 1 0 0 0 0]	[0 0 1 0 0 0]
0	-1.0	8.418517112731934	2.280991315841675	2.28373384475708	1.9322017431259155	1.9215900897979736	True	[0 0 1 0 0 1 1 0 0]	[1 0 0 0 0 0 1 0 0]	[1 1 0 0 0 0]	[0 0 0 0 0 0]
0	-1.0	8.435921669006348	2.282599925994873	2.2885472774505615	1.9339863061904907	1.9307886362075806	True	[0 0 1 0 0 1 0 0 0]	[1 0 0 0 0 0 0 0 0]	[0 1 0 0 0 0]	[0 0 1 0 0 0]
0	-1.0	8.427253723144531	2.283329486846924	2.286022424697876	1.9328160285949707	1.9250850677490234	True	[0 0 1 0 0 1 1 0 0]	[1 0 0 0 0 0 1 0 0]	[1 1 0 0 0 0]	[0 0 0 0 0 0]
0	-1.0	8.440115928649902	2.2845749855041504	2.2908272743225098	1.935449481010437	1.9292638301849365	True	[0 0 1 0 0 1 0 0 0]	[1 0 0 0 0 0 0 0 0]	[0 1 0 0 0 0]	[0 0 1 0 0 0]
0	-1.0	8.425640106201172	2.28340744972229	2.2841289043426514	1.9306094646453857	1.9274944067001343	True	[0 0 1 0 0 1 1 0 0]	[1 0 0 0 0 0 1 0 0]	[1 1 0 0 0 0]	[0 0 0 0 0 0]
0	-1.0	8.441841125488281	2.284832239151001	2.2903900146484375	1.9346483945846558	1.9319709539413452	True	[0 0 1 0 0 1 0 0 0]	[1 0 0 0 0 0 0 0 0]	[0 1 0 0 0 0]	[0 0 1 0 0 0]
0	-1.0	8.426793098449707	2.2838375568389893	2.28391695022583	1.9345824718475342	1.9244558811187744	True	[0 0 1 0 0 1 1 0 0]	[1 0 0 0 0 0 1 0 0]	[1 1 0 0 0 0]	[0 0 0 0 0 0]
0	-1.0	8.435859680175781	2.283426284790039	2.289726734161377	1.9351049661636353	1.9276021718978882	True	[0 0 1 0 0 1 0 0 0]	[1 0 0 0 0 0 0 0 0]	[0 1 0 0 0 0]	[0 0 1 0 0 0]
0	-1.0	8.431696891784668	2.284470558166504	2.2866098880767822	1.933302402496338	1.927314043045044	True	[0 0 1 0 0 1 1 0 0]	[1 0 0 0 0 0 1 0 0]	[1 1 0 0 0 0]	[0 0 0 0 0 0]
0	-1.0	8.443269729614258	2.285489559173584	2.290780782699585	1.9322476387023926	1.9347517490386963	True	[0 0 1 0 0 1 0 0 0]	[1 0 0 0 0 0 0 0 0]	[0 1 0 0 0 0]	[0 0 1 0 0 0]
0	-1.0	8.42895793914795	2.2827084064483643	2.2870750427246094	1.9327974319458008	1.926377534866333	True	[0 0 1 0 0 1 1 0 0]	[1 0 0 0 0 0 1 0 0]	[1 1 0 0 0 0]	[0 0 0 0 0 0]
