# num_workers = 7
# num_cells = 256
# seed_for_environment = 2645751
# lr = 0.0003
# max_grad_norm = 1.0
# eval_rollout_length = 30
# scaling_factor = 1000
# frames_per_batch = 500
# sub_batch_size = 64
# num_epochs = 15
# clip_epsilon = 0.2
# gamma = 0.99
# lmbda = 0.95
# entropy_eps = 0.003
# env_reward_engineering = True
# env_minimum_number_of_qubits = 8
# log_name = search_9_6_seed_2645751
# env_error_range = linear5
# env_version = qecc/bbcode-ldpc-v0
# env_bit_flipping = True
# env_l = 9
# env_m = 6
# env_use_dict_observation = True
# env_number_of_decoder_iterations = 50
# env_number_of_samples = 50
# env_code_logging = False
# model_architecture = hybrid
# model_surrogate_model_path = /vol/bitbucket/osella/rl-qecc-data//supervisedLearning/2026-07-12_20-18-32/surrogate_6x6.pth
# model_use_pretrained_encoder = True
# index_to_unfreeze_encoder_updates = 10
# encoder_lr_factor = 0.1
# training_device = cpu
# Resolved arguments:
# Resolved_env_reward_engineering = True
# Resolved_env_bit_flipping = True
# Resolved_env_useDictObservation = True
# Resolved_env_code_logging = False
# Resolved_env_error_range = [np.float64(0.0001), np.float64(0.025075), np.float64(0.05005), np.float64(0.075025), np.float64(0.1)]
# Resolved_model_use_pretrained_encoder = True
# Resolved_trainingDevice = cpu
# Resolved_model_architecture = hybrid
# Just for information, not used in actual run: SLURM CPUS queried from os environment: 96
# Number of workers: 7
# Does torch identify cuda: False
evaluation number	reward	policy entropy	policy entropy aX	policy entropy bX	policy entropy aY	policy entropy bY	Encoder freeze	postAction_aX	postAction_bX	postAction_aY	postAction_bY
0	-1.0	8.297999382019043	2.2460813522338867	2.261394739151001	1.9015812873840332	1.8889424800872803	True	[0 0 0 0 1 0 0 0 0]	[1 0 0 0 0 0 0 0 0]	[0 0 0 1 0 0]	[0 0 0 0 0 0]
0	-1.0	8.3311185836792	2.261979341506958	2.2748818397521973	1.8900582790374756	1.9041985273361206	True	[0 0 0 0 0 0 0 0 0]	[0 0 0 0 0 0 0 0 0]	[0 0 0 0 0 0]	[0 0 0 0 0 0]
0	-1.0	8.306300163269043	2.245290756225586	2.2641687393188477	1.9050806760787964	1.8917595148086548	True	[0 0 0 0 1 0 0 0 0]	[1 0 0 0 0 0 0 0 0]	[0 0 0 1 0 0]	[0 0 0 0 0 0]
0	-1.0	8.33004093170166	2.263375759124756	2.275412082672119	1.8876137733459473	1.9036394357681274	True	[0 0 0 0 0 0 0 0 0]	[0 0 0 0 0 0 0 0 0]	[0 0 0 0 0 0]	[0 0 0 0 0 0]
0	-1.0	8.313300132751465	2.2475738525390625	2.2641472816467285	1.907552719116211	1.8940261602401733	True	[0 0 0 0 1 0 0 0 0]	[1 0 0 0 0 0 0 0 0]	[0 0 0 1 0 0]	[0 0 0 0 0 0]
0	-1.0	8.335342407226562	2.264547824859619	2.2767746448516846	1.894714593887329	1.8993055820465088	True	[0 0 0 0 0 0 0 0 0]	[0 0 0 0 0 0 0 0 0]	[0 0 0 0 0 0]	[0 0 0 0 0 0]
0	-1.0	8.30832576751709	2.245725154876709	2.263747215270996	1.906514048576355	1.8923393487930298	True	[0 0 0 0 1 0 0 0 0]	[1 0 0 0 0 0 0 0 0]	[0 0 0 1 0 0]	[0 0 0 0 0 0]
0	-1.0	8.340088844299316	2.265718460083008	2.2756195068359375	1.8936638832092285	1.9050872325897217	True	[0 0 0 0 0 0 0 0 0]	[0 0 0 0 0 0 0 0 0]	[0 0 0 0 0 0]	[0 0 0 0 0 0]
0	-1.0	8.306417465209961	2.247462272644043	2.2630720138549805	1.905497431755066	1.8903857469558716	True	[0 0 0 0 1 0 0 0 0]	[1 0 0 0 0 0 0 0 0]	[0 0 0 1 0 0]	[0 0 0 0 0 0]
0	-1.0	8.32381534576416	2.262179374694824	2.2746829986572266	1.8873367309570312	1.8996164798736572	True	[0 0 0 0 0 0 0 0 0]	[0 0 0 0 0 0 0 0 0]	[0 0 0 0 0 0]	[0 0 0 0 0 0]
0	-1.0	8.299775123596191	2.2454473972320557	2.262390613555908	1.9030646085739136	1.8888722658157349	True	[0 0 0 0 1 0 0 0 0]	[1 0 0 0 0 0 0 0 0]	[0 0 0 1 0 0]	[0 0 0 0 0 0]
0	-1.0	8.345865249633789	2.2664153575897217	2.279122829437256	1.8958158493041992	1.9045119285583496	True	[0 0 0 0 0 0 0 0 0]	[0 0 0 0 0 0 0 0 0]	[0 0 0 0 0 0]	[0 0 0 0 0 0]
0	-1.0	8.309837341308594	2.249603509902954	2.2632179260253906	1.9064234495162964	1.8905928134918213	True	[0 0 0 0 1 0 0 0 0]	[1 0 0 0 0 0 0 0 0]	[0 0 0 1 0 0]	[0 0 0 0 0 0]
0	-1.0	8.321357727050781	2.262199878692627	2.2735815048217773	1.8882763385772705	1.8973000049591064	True	[0 0 0 0 0 0 0 0 0]	[0 0 0 0 0 0 0 0 0]	[0 0 0 0 0 0]	[0 0 0 0 0 0]
0	-1.0	8.308537483215332	2.245184898376465	2.263117790222168	1.9064396619796753	1.8937948942184448	True	[0 0 0 0 1 0 0 0 0]	[1 0 0 0 0 0 0 0 0]	[0 0 0 1 0 0]	[0 0 0 0 0 0]
0	-1.0	8.326210021972656	2.26450514793396	2.273715019226074	1.8897823095321655	1.8982067108154297	True	[0 0 0 0 0 0 0 0 0]	[0 0 0 0 0 0 0 0 0]	[0 0 0 0 0 0]	[0 0 0 0 0 0]
0	-1.0	8.306190490722656	2.2469186782836914	2.2636756896972656	1.9055827856063843	1.8900130987167358	True	[0 0 0 0 1 0 0 0 0]	[1 0 0 0 0 0 0 0 0]	[0 0 0 1 0 0]	[0 0 0 0 0 0]
0	-1.0	8.338025093078613	2.264338254928589	2.2764475345611572	1.895670771598816	1.9015681743621826	True	[0 0 0 0 0 0 0 0 0]	[0 0 0 0 0 0 0 0 0]	[0 0 0 0 0 0]	[0 0 0 0 0 0]
0	-1.0	8.316024780273438	2.2450764179229736	2.266075849533081	1.9104069471359253	1.894465446472168	True	[0 0 0 0 1 0 0 0 0]	[1 0 0 0 0 0 0 0 0]	[0 0 0 1 0 0]	[0 0 0 0 0 0]
0	-1.0	8.32010269165039	2.2606563568115234	2.272352695465088	1.888141393661499	1.8989520072937012	True	[0 0 0 0 0 0 0 0 0]	[0 0 0 0 0 0 0 0 0]	[0 0 0 0 0 0]	[0 0 0 0 0 0]
0	-1.0	8.296087265014648	2.244074821472168	2.261705160140991	1.900514841079712	1.8897920846939087	True	[0 0 0 0 1 0 0 0 0]	[1 0 0 0 0 0 0 0 0]	[0 0 0 1 0 0]	[0 0 0 0 0 0]
0	-1.0	8.323962211608887	2.2633473873138428	2.275437831878662	1.8862457275390625	1.8989312648773193	True	[0 0 0 0 0 0 0 0 0]	[0 0 0 0 0 0 0 0 0]	[0 0 0 0 0 0]	[0 0 0 0 0 0]
0	-1.0	8.309464454650879	2.2470216751098633	2.261892080307007	1.9064103364944458	1.894140601158142	True	[0 0 0 0 1 0 0 0 0]	[1 0 0 0 0 0 0 0 0]	[0 0 0 1 0 0]	[0 0 0 0 0 0]
0	-1.0	8.325516700744629	2.2639048099517822	2.2727084159851074	1.8904839754104614	1.8984196186065674	True	[0 0 0 0 0 0 0 0 0]	[0 0 0 0 0 0 0 0 0]	[0 0 0 0 0 0]	[0 0 0 0 0 0]
0	-1.0	8.301616668701172	2.244885206222534	2.2614550590515137	1.9042932987213135	1.8909831047058105	True	[0 0 0 0 1 0 0 0 0]	[1 0 0 0 0 0 0 0 0]	[0 0 0 1 0 0]	[0 0 0 0 0 0]
0	-1.0	8.320930480957031	2.2623682022094727	2.2743098735809326	1.8857641220092773	1.8984875679016113	True	[0 0 0 0 0 0 0 0 0]	[0 0 0 0 0 0 0 0 0]	[0 0 0 0 0 0]	[0 0 0 0 0 0]
0	-1.0	8.304449081420898	2.2442619800567627	2.26396107673645	1.9059617519378662	1.8902643918991089	True	[0 0 0 0 1 0 0 0 0]	[1 0 0 0 0 0 0 0 0]	[0 0 0 1 0 0]	[0 0 0 0 0 0]
0	-1.0	8.34026050567627	2.2645158767700195	2.2761521339416504	1.8952605724334717	1.904331922531128	True	[0 0 0 0 0 0 0 0 0]	[0 0 0 0 0 0 0 0 0]	[0 0 0 0 0 0]	[0 0 0 0 0 0]
0	-1.0	8.30665111541748	2.2460691928863525	2.2639660835266113	1.905811071395874	1.890804648399353	True	[0 0 0 0 1 0 0 0 0]	[1 0 0 0 0 0 0 0 0]	[0 0 0 1 0 0]	[0 0 0 0 0 0]
0	-1.0	8.337238311767578	2.2639317512512207	2.277876853942871	1.8935444355010986	1.90188467502594	True	[0 0 0 0 0 0 0 0 0]	[0 0 0 0 0 0 0 0 0]	[0 0 0 0 0 0]	[0 0 0 0 0 0]
