# num_workers = 64
# num_cells = 256
# seed_for_environment = 90110
# lr = 0.0003
# max_grad_norm = 1.0
# eval_rollout_length = 30
# scaling_factor = 1000
# frames_per_batch = 500
# sub_batch_size = 64
# num_epochs = 15
# clip_epsilon = 0.2
# gamma = 0.99
# lmbda = 0.95
# entropy_eps = 0.01
# env_reward_engineering = True
# env_minimum_number_of_qubits = 6
# log_name = None
# env_version = qecc/bbcode-ldpc-v0
# env_bit_flipping = True
# env_l = 6
# env_m = 6
# env_use_dict_observation = True
# env_number_of_decoder_iterations = 50
# env_number_of_samples = 50
# env_code_logging = False
# model_architecture = hybrid
# model_surrogate_model_path = /vol/bitbucket/osella/rl-qecc-data//supervisedLearning/2026-07-12_20-18-32/surrogate_6x6.pth
# index_to_unfreeze_encoder_updates = 20
# encoder_lr_factor = 0.1
# Number of workers: 64
# Does torch identify cuda: False
evaluation number	reward	policy entropy	policy entropy aX	policy entropy bX	policy entropy aY	policy entropy bY	Encoder freeze
0	-0.3333333432674408	7.584243297576904	1.9122860431671143	1.8569304943084717	1.8965656757354736	1.9184614419937134	True
0	-1.0	7.725874900817871	1.9318492412567139	1.9278968572616577	1.935337781906128	1.9307911396026611	True
0	-1.0	7.718722343444824	1.9280517101287842	1.9228687286376953	1.9328263998031616	1.9349753856658936	True
0	-0.6666666865348816	7.7403082847595215	1.9389041662216187	1.9269534349441528	1.9365456104278564	1.9379048347473145	True
0	-0.3333333432674408	7.743026256561279	1.9433077573776245	1.9287172555923462	1.9305899143218994	1.94041109085083	True
0	-0.3333333432674408	7.735721588134766	1.9376184940338135	1.9236657619476318	1.9344943761825562	1.9399428367614746	True
0	-0.6666666865348816	7.738582134246826	1.9428486824035645	1.9299041032791138	1.924499273300171	1.9413304328918457	True
0	0.29499998688697815	7.713838577270508	1.9174127578735352	1.9270989894866943	1.93612802028656	1.9331990480422974	True
0	0.35249999165534973	7.728099822998047	1.9412468671798706	1.935070276260376	1.9133729934692383	1.9384100437164307	True
0	-0.3333333432674408	7.719263076782227	1.9290931224822998	1.9247671365737915	1.9374052286148071	1.9279974699020386	True
0	0.33000001311302185	7.733489990234375	1.9342193603515625	1.9267771244049072	1.9337248802185059	1.9387685060501099	True
0	-0.6666666865348816	7.734607696533203	1.9353725910186768	1.932212471961975	1.9359139204025269	1.9311085939407349	True
0	0.25999999046325684	7.709949493408203	1.9321165084838867	1.9110885858535767	1.9309346675872803	1.9358100891113281	True
0	-0.3333333432674408	7.7112531661987305	1.92819344997406	1.9188519716262817	1.9369350671768188	1.9272730350494385	True
0	0.3199999928474426	7.729259014129639	1.9334113597869873	1.9254350662231445	1.9332270622253418	1.9371858835220337	True
0	0.33500000834465027	7.740164756774902	1.937983512878418	1.9326841831207275	1.9363752603530884	1.9331214427947998	True
0	-0.6666666865348816	7.730255126953125	1.9340713024139404	1.9289653301239014	1.9281901121139526	1.939028024673462	True
0	0.3449999988079071	7.694538116455078	1.9266120195388794	1.9077227115631104	1.9344223737716675	1.9257807731628418	True
0	-0.6666666865348816	7.72986364364624	1.9343808889389038	1.9288523197174072	1.9287075996398926	1.9379229545593262	True
0	-0.3333333432674408	7.722848415374756	1.936349630355835	1.917049527168274	1.937246561050415	1.932202935218811	True
0	-0.6666666865348816	7.73615837097168	1.942629098892212	1.9283554553985596	1.9233568906784058	1.941817045211792	True
0	0.3400000035762787	7.723361015319824	1.928771734237671	1.9204223155975342	1.9396899938583374	1.9344767332077026	True
0	-0.3333333432674408	7.738812446594238	1.9378728866577148	1.9274368286132812	1.933456540107727	1.9400460720062256	True
0	-0.6666666865348816	7.726768493652344	1.928490161895752	1.924332857131958	1.938154935836792	1.9357904195785522	True
0	-0.3333333432674408	7.721360206604004	1.939436674118042	1.911486029624939	1.9327046871185303	1.937732458114624	True
0	-0.6666666865348816	7.728056907653809	1.9277875423431396	1.9246861934661865	1.9384983777999878	1.9370847940444946	True
0	-0.3333333432674408	7.722009181976318	1.9399912357330322	1.9111449718475342	1.9331786632537842	1.9376939535140991	True
0	-0.6666666865348816	7.722343921661377	1.9255460500717163	1.9236458539962769	1.9370708465576172	1.9360815286636353	True
0	-0.3333333432674408	7.718257904052734	1.9392201900482178	1.9109658002853394	1.9317755699157715	1.9362967014312744	True
0	-0.6666666865348816	7.720635414123535	1.9256445169448853	1.9223719835281372	1.9383594989776611	1.9342595338821411	True
1	-1.0	7.08769416809082	1.8427454233169556	1.5480682849884033	1.7965223789215088	1.9003582000732422	True
1	-1.0	7.275053024291992	1.8969370126724243	1.7664918899536133	1.8895885944366455	1.7220354080200195	True
1	-1.0	7.137290000915527	1.9154045581817627	1.7809216976165771	1.7554824352264404	1.6854808330535889	True
1	-0.3333333432674408	6.994887828826904	1.7171953916549683	1.851514458656311	1.7157940864562988	1.7103840112686157	True
1	-0.6666666865348816	6.608240127563477	1.3439173698425293	1.8799759149551392	1.6490089893341064	1.7353384494781494	True
1	-1.0	6.847159385681152	1.6428194046020508	1.8136768341064453	1.6942249536514282	1.6964385509490967	True
1	-0.6666666865348816	6.813891410827637	1.6236698627471924	1.809557318687439	1.6673284769058228	1.7133362293243408	True
1	-0.6666666865348816	6.853829383850098	1.726466178894043	1.8206818103790283	1.6690729856491089	1.637608289718628	True
1	-0.3333333432674408	7.234964370727539	1.7110941410064697	1.9202665090560913	1.7637768983840942	1.8398268222808838	True
1	-0.3333333432674408	7.37955904006958	1.8258243799209595	1.9153499603271484	1.8341532945632935	1.8042317628860474	True
1	-1.0	6.6303815841674805	1.37624192237854	1.9048831462860107	1.66032874584198	1.6889278888702393	True
1	-0.3333333432674408	7.035951137542725	1.7236695289611816	1.8535202741622925	1.7334935665130615	1.725267767906189	True
1	-0.3333333432674408	6.651226997375488	1.3695521354675293	1.89261794090271	1.659674048423767	1.729383111000061	True
1	-0.3333333432674408	6.884488582611084	1.5680290460586548	1.858839511871338	1.7399450540542603	1.7176752090454102	True
1	-0.3333333432674408	6.672447681427002	1.4295785427093506	1.8820593357086182	1.654473066329956	1.706336498260498	True
1	-0.3333333432674408	6.887931823730469	1.5541291236877441	1.8633792400360107	1.7472518682479858	1.7231717109680176	True
1	-0.3333333432674408	6.66287899017334	1.4060235023498535	1.8796330690383911	1.6728990077972412	1.704323649406433	True
1	-0.3333333432674408	6.932044506072998	1.5991079807281494	1.8595517873764038	1.7409621477127075	1.732422947883606	True
1	-0.3333333432674408	6.658433437347412	1.410884141921997	1.882979154586792	1.6638970375061035	1.700673222541809	True
1	-0.3333333432674408	6.896796226501465	1.561872959136963	1.855010747909546	1.7515729665756226	1.7283399105072021	True
1	-0.3333333432674408	6.678755283355713	1.445462703704834	1.8859995603561401	1.6458475589752197	1.7014451026916504	True
1	-0.3333333432674408	6.923196315765381	1.5904337167739868	1.8675000667572021	1.7405505180358887	1.7247117757797241	True
1	-0.3333333432674408	6.667889595031738	1.4193154573440552	1.8819891214370728	1.669036626815796	1.6975486278533936	True
1	-0.3333333432674408	6.89302396774292	1.5704854726791382	1.85866379737854	1.7353836297988892	1.7284913063049316	True
1	-0.3333333432674408	6.670969486236572	1.4381318092346191	1.8808623552322388	1.6596472263336182	1.6923279762268066	True
1	-0.3333333432674408	6.89769983291626	1.5656838417053223	1.860323190689087	1.7372246980667114	1.7344679832458496	True
1	-0.3333333432674408	6.668148040771484	1.423343300819397	1.8847217559814453	1.6574063301086426	1.7026770114898682	True
1	-0.3333333432674408	6.879724025726318	1.5475168228149414	1.86533784866333	1.73811674118042	1.7287527322769165	True
1	-0.3333333432674408	6.678623199462891	1.4247865676879883	1.8779493570327759	1.664626121520996	1.7112610340118408	True
1	-0.3333333432674408	6.920454502105713	1.595251441001892	1.8612303733825684	1.7436838150024414	1.720288634300232	True
2	0.125	6.628993034362793	1.611452341079712	1.589982509613037	1.5747911930084229	1.8527672290802002	False
2	0.2750000059604645	6.412724018096924	1.6777368783950806	1.5901615619659424	1.529922604560852	1.6149030923843384	False
2	0.16249999403953552	6.812664031982422	1.6491001844406128	1.6670488119125366	1.7161836624145508	1.7803318500518799	False
2	0.2150000035762787	6.564633369445801	1.7106444835662842	1.5210144519805908	1.6370177268981934	1.6959569454193115	False
2	0.1550000011920929	6.8116374015808105	1.6585111618041992	1.6666476726531982	1.7173044681549072	1.7691742181777954	False
2	0.25999999046325684	6.5694451332092285	1.707901120185852	1.5394107103347778	1.6378552913665771	1.6842780113220215	False
2	0.17000000178813934	6.833740711212158	1.656502366065979	1.6691924333572388	1.7244559526443481	1.7835899591445923	False
2	0.25999999046325684	6.550073623657227	1.7095290422439575	1.493302583694458	1.6423752307891846	1.7048661708831787	False
2	0.1599999964237213	6.809922218322754	1.6403264999389648	1.6648175716400146	1.7228319644927979	1.7819459438323975	False
2	0.13249999284744263	6.5424017906188965	1.7102667093276978	1.4953798055648804	1.6301887035369873	1.7065662145614624	False
2	0.13750000298023224	6.448526859283447	1.560652732849121	1.7315863370895386	1.5752403736114502	1.5810476541519165	False
2	0.20749999582767487	6.256075382232666	1.4943004846572876	1.5054411888122559	1.684826135635376	1.5715078115463257	False
2	0.11999999731779099	6.458512783050537	1.6264736652374268	1.3999876976013184	1.668580412864685	1.7634711265563965	False
2	0.2150000035762787	6.073335647583008	1.3888542652130127	1.4425169229507446	1.660049319267273	1.5819151401519775	False
2	0.14749999344348907	6.519106388092041	1.6689043045043945	1.4221853017807007	1.6809571981430054	1.7470594644546509	False
2	0.1899999976158142	6.167178153991699	1.418755292892456	1.4717907905578613	1.6698700189590454	1.606762170791626	False
2	0.12999999523162842	6.511446475982666	1.67698335647583	1.4150973558425903	1.6526718139648438	1.7666940689086914	False
2	0.19249999523162842	6.106710433959961	1.3583807945251465	1.4688420295715332	1.6598249673843384	1.6196625232696533	False
2	0.14499999582767487	6.534958362579346	1.670168161392212	1.4635519981384277	1.6534019708633423	1.7478361129760742	False
2	0.19499999284744263	6.189531326293945	1.4372615814208984	1.4856692552566528	1.6780025959014893	1.588598370552063	False
2	0.14000000059604645	6.538319110870361	1.6829838752746582	1.4351359605789185	1.671082854270935	1.7491165399551392	False
2	0.17000000178813934	6.161307334899902	1.4094023704528809	1.4794012308120728	1.6683249473571777	1.6041789054870605	False
2	0.12250000238418579	6.525811672210693	1.6921772956848145	1.4225118160247803	1.6694250106811523	1.7416977882385254	False
2	0.1850000023841858	6.15593957901001	1.4190099239349365	1.4499140977859497	1.691552758216858	1.5954629182815552	False
2	0.13249999284744263	6.535999774932861	1.6718435287475586	1.4432322978973389	1.6669704914093018	1.7539535760879517	False
2	0.2224999964237213	6.243649482727051	1.4743027687072754	1.5043063163757324	1.6713703870773315	1.5936697721481323	False
2	0.14499999582767487	6.532788276672363	1.7073856592178345	1.4310214519500732	1.6541922092437744	1.740188479423523	False
2	0.2224999964237213	6.205523490905762	1.4342039823532104	1.4888826608657837	1.675423264503479	1.6070137023925781	False
2	0.13500000536441803	6.570770263671875	1.7094371318817139	1.468711018562317	1.6606272459030151	1.7319947481155396	False
2	0.2199999988079071	6.155549049377441	1.406707525253296	1.4767591953277588	1.6649446487426758	1.6071374416351318	False
3	0.17749999463558197	5.985185146331787	1.2715145349502563	1.395777940750122	1.7040162086486816	1.613876223564148	False
3	0.13249999284744263	6.509789943695068	1.3112401962280273	1.7215638160705566	1.7478907108306885	1.7290948629379272	False
3	-0.6666666865348816	6.526370048522949	1.6432065963745117	1.3572590351104736	1.7067501544952393	1.819154143333435	False
3	0.2849999964237213	6.349335193634033	1.5353668928146362	1.6444262266159058	1.7274978160858154	1.4420442581176758	False
3	-0.3333333432674408	5.698746681213379	1.3289555311203003	1.4252822399139404	1.6759395599365234	1.2685693502426147	False
3	0.26499998569488525	6.183079719543457	1.4070193767547607	1.643575668334961	1.6014487743377686	1.531036138534546	False
3	-0.3333333432674408	5.663793087005615	1.274688482284546	1.4338458776474	1.6810438632965088	1.2742151021957397	False
3	0.2750000059604645	6.165226936340332	1.4156769514083862	1.6282871961593628	1.6004104614257812	1.5208523273468018	False
3	-0.3333333432674408	5.702363967895508	1.3224228620529175	1.433290958404541	1.6820456981658936	1.2646046876907349	False
3	0.25	6.198492050170898	1.4330729246139526	1.6373381614685059	1.6094286441802979	1.5186522006988525	False
3	-0.3333333432674408	5.661399841308594	1.307481288909912	1.4040617942810059	1.684950351715088	1.264906644821167	False
3	0.26499998569488525	6.1650471687316895	1.4111084938049316	1.632426381111145	1.5958497524261475	1.525662899017334	False
3	-0.3333333432674408	5.664570331573486	1.2972099781036377	1.423551321029663	1.6768300533294678	1.2669787406921387	False
3	0.27000001072883606	6.160644054412842	1.3956173658370972	1.6215258836746216	1.608543038368225	1.534958004951477	False
3	-0.3333333432674408	5.66314697265625	1.2954959869384766	1.4159444570541382	1.6801964044570923	1.2715098857879639	False
3	0.2800000011920929	6.1910929679870605	1.4177261590957642	1.637308120727539	1.6107022762298584	1.5253567695617676	False
3	-0.3333333432674408	5.716007232666016	1.333168387413025	1.4267992973327637	1.6810208559036255	1.275018572807312	False
3	0.3149999976158142	6.162727355957031	1.4141682386398315	1.635818600654602	1.6006766557693481	1.5120638608932495	False
3	-0.3333333432674408	5.689774513244629	1.3221828937530518	1.4225196838378906	1.6829009056091309	1.2621709108352661	False
3	0.25	6.19413948059082	1.407773494720459	1.6584278345108032	1.600656509399414	1.527281641960144	False
3	-0.3333333432674408	5.680820465087891	1.3063584566116333	1.4267868995666504	1.6830509901046753	1.2646242380142212	False
3	0.3149999976158142	6.203153610229492	1.417374849319458	1.6345235109329224	1.6083256006240845	1.5429295301437378	False
3	-0.3333333432674408	5.693583965301514	1.3175721168518066	1.4274187088012695	1.677118182182312	1.271474838256836	False
3	0.3050000071525574	6.174666881561279	1.404480218887329	1.6263939142227173	1.6114445924758911	1.5323481559753418	False
3	-0.3333333432674408	5.664105415344238	1.2961896657943726	1.4221925735473633	1.680410385131836	1.2653124332427979	False
3	0.2549999952316284	6.192841529846191	1.4181883335113525	1.6390514373779297	1.6152756214141846	1.5203262567520142	False
3	-0.3333333432674408	5.659269332885742	1.295040488243103	1.4118015766143799	1.680741548538208	1.2716856002807617	False
3	0.3050000071525574	6.196989059448242	1.4139196872711182	1.6358129978179932	1.6065117120742798	1.540744662284851	False
3	-0.3333333432674408	5.671738147735596	1.2990895509719849	1.4258781671524048	1.6746151447296143	1.2721554040908813	False
3	0.25999999046325684	6.143527030944824	1.3800591230392456	1.6323906183242798	1.601563572883606	1.5295138359069824	False
4	0.25	6.241099834442139	1.4882575273513794	1.5830038785934448	1.4943065643310547	1.6755318641662598	False
4	-0.3333333432674408	6.36685848236084	1.5448942184448242	1.6140823364257812	1.5789741277694702	1.6289076805114746	False
4	-0.3333333432674408	6.021694183349609	1.5143216848373413	1.698340892791748	1.4105236530303955	1.3985079526901245	False
4	-0.3333333432674408	6.607874393463135	1.5896888971328735	1.5972943305969238	1.8080805540084839	1.612810730934143	False
4	-0.3333333432674408	6.348203659057617	1.6232141256332397	1.6054035425186157	1.5556402206420898	1.5639458894729614	False
4	0.3199999928474426	6.368005752563477	1.6385310888290405	1.5931191444396973	1.619464635848999	1.516890287399292	False
4	-0.3333333432674408	5.495121479034424	1.2405707836151123	1.2906641960144043	1.4797993898391724	1.4840868711471558	False
4	-0.3333333432674408	6.00041389465332	1.5848066806793213	1.5002875328063965	1.5061330795288086	1.4091861248016357	False
4	0.3199999928474426	6.42683744430542	1.4752476215362549	1.604974627494812	1.653815746307373	1.69279944896698	False
4	0.4300000071525574	5.990499019622803	1.5882506370544434	1.4334242343902588	1.3082728385925293	1.6605515480041504	False
4	-0.6666666865348816	6.174403190612793	1.6276979446411133	1.2247275114059448	1.6712546348571777	1.6507232189178467	False
4	0.4025000035762787	6.408106803894043	1.65928316116333	1.2237740755081177	1.7967643737792969	1.7282851934432983	False
4	-0.3333333432674408	6.210182189941406	1.5805073976516724	1.2686998844146729	1.6769976615905762	1.6839770078659058	False
4	0.1599999964237213	6.28993034362793	1.477550745010376	1.462999701499939	1.7894076108932495	1.5599721670150757	False
4	-0.3333333432674408	6.3378095626831055	1.5372823476791382	1.5060546398162842	1.5440852642059326	1.7503873109817505	False
4	0.36000001430511475	6.296104431152344	1.6274207830429077	1.6180615425109863	1.574329137802124	1.476292371749878	False
4	0.3400000035762787	5.956027984619141	1.334612488746643	1.6217737197875977	1.5462462902069092	1.4533958435058594	False
4	-0.3333333432674408	5.054609298706055	0.9997909665107727	1.4033160209655762	1.5730719566345215	1.0784306526184082	False
4	-0.3333333432674408	5.9802398681640625	1.5222457647323608	1.666637897491455	1.5661866664886475	1.2251694202423096	False
4	0.3449999988079071	5.416093826293945	1.2902271747589111	1.4179929494857788	1.649775505065918	1.0580984354019165	False
4	-0.3333333432674408	5.809546947479248	1.317935585975647	1.6496340036392212	1.5091408491134644	1.332836627960205	False
4	0.35499998927116394	6.258591651916504	1.2463066577911377	1.7265245914459229	1.6675838232040405	1.6181766986846924	False
4	-0.6666666865348816	5.920048713684082	1.3201756477355957	1.617971420288086	1.5559327602386475	1.4259692430496216	False
4	0.2150000035762787	6.035480499267578	1.5171668529510498	1.5170400142669678	1.677952527999878	1.3233212232589722	False
4	-0.3333333432674408	5.879024505615234	1.3787399530410767	1.5870846509933472	1.466585397720337	1.4466142654418945	False
4	0.3449999988079071	6.506939888000488	1.4419078826904297	1.6744991540908813	1.693010687828064	1.6975219249725342	False
4	0.3199999928474426	5.931896209716797	1.3146569728851318	1.6318403482437134	1.5406769514083862	1.4447219371795654	False
4	-0.3333333432674408	5.042886734008789	1.0104163885116577	1.3784089088439941	1.580925464630127	1.0731360912322998	False
4	-0.3333333432674408	5.994139671325684	1.5270256996154785	1.6755238771438599	1.561463475227356	1.2301266193389893	False
4	0.3100000023841858	5.4470601081848145	1.2700655460357666	1.4607855081558228	1.6456984281539917	1.0705102682113647	False
5	0.13750000298023224	4.416313648223877	1.04722261428833	1.0972903966903687	1.5070509910583496	0.7647495269775391	False
5	0.14249999821186066	6.223165512084961	1.5437068939208984	1.668384075164795	1.6624071598052979	1.3486672639846802	False
5	0.23999999463558197	5.393961429595947	1.568112850189209	1.04768967628479	1.5157530307769775	1.2624059915542603	False
5	-0.3333333432674408	6.512380599975586	1.475020408630371	1.5794987678527832	1.704721212387085	1.7531404495239258	False
5	0.1599999964237213	5.695072174072266	1.4444811344146729	1.2554435729980469	1.6347278356552124	1.3604199886322021	False
5	0.14749999344348907	5.1594438552856445	1.1382874250411987	1.5991748571395874	1.7263484001159668	0.695633053779602	False
5	0.14000000059604645	5.427952766418457	1.0585566759109497	1.5689105987548828	1.63279390335083	1.167691946029663	False
5	0.125	5.489291191101074	1.2776339054107666	1.611246109008789	1.7095251083374023	0.8908865451812744	False
5	0.19750000536441803	5.200520992279053	0.6066064834594727	1.5254124402999878	1.6981111764907837	1.370390772819519	False
5	0.125	5.635776519775391	1.0397496223449707	1.5151292085647583	1.6474049091339111	1.433492660522461	False
5	0.20000000298023224	5.323275089263916	0.6487369537353516	1.557401180267334	1.722639799118042	1.3944971561431885	False
5	0.12250000238418579	5.625260829925537	1.012072205543518	1.5160267353057861	1.6577625274658203	1.4393993616104126	False
5	0.2199999988079071	5.242866039276123	0.6323565244674683	1.52225661277771	1.709442138671875	1.3788108825683594	False
5	0.125	5.735705375671387	1.0861085653305054	1.520840048789978	1.6722002029418945	1.4565565586090088	False
5	0.20999999344348907	5.252293586730957	0.6252058148384094	1.5311778783798218	1.7124416828155518	1.3834683895111084	False
5	0.1274999976158142	5.660095691680908	1.0689703226089478	1.504099726676941	1.6692192554473877	1.4178061485290527	False
5	0.21250000596046448	5.306013107299805	0.6401929259300232	1.550502896308899	1.7170934677124023	1.398223638534546	False
5	0.13249999284744263	6.0497660636901855	1.2433736324310303	1.559881567955017	1.7017344236373901	1.544776439666748	False
5	0.17249999940395355	5.328469276428223	0.6809232234954834	1.5405209064483643	1.7223206758499146	1.384704351425171	False
5	0.13249999284744263	5.6580491065979	1.0465426445007324	1.5160808563232422	1.6566470861434937	1.438778281211853	False
5	0.23749999701976776	5.288318157196045	0.6461492776870728	1.5413788557052612	1.7140705585479736	1.3867195844650269	False
5	0.1274999976158142	5.718832015991211	1.066133975982666	1.5239616632461548	1.6783915758132935	1.4503452777862549	False
5	0.19499999284744263	5.290143966674805	0.6326284408569336	1.5411860942840576	1.7129806280136108	1.4033488035202026	False
5	0.13750000298023224	5.7401275634765625	1.076035976409912	1.5130608081817627	1.669627070426941	1.4814038276672363	False
5	0.18000000715255737	5.251484394073486	0.6342681050300598	1.5342782735824585	1.7051599025726318	1.3777780532836914	False
5	0.125	5.616218566894531	1.0149174928665161	1.5318200588226318	1.6513588428497314	1.4181220531463623	False
5	0.22499999403953552	5.2721405029296875	0.6271185278892517	1.5426127910614014	1.7143726348876953	1.3880366086959839	False
5	0.13500000536441803	5.670535087585449	1.0332319736480713	1.5260136127471924	1.6599457263946533	1.4513437747955322	False
5	0.17749999463558197	5.238250732421875	0.6461920142173767	1.5067921876907349	1.7066890001296997	1.3785779476165771	False
5	0.12999999523162842	5.704309940338135	1.0572994947433472	1.5295523405075073	1.6637227535247803	1.4537352323532104	False
6	0.13500000536441803	4.359875679016113	1.5347367525100708	0.7896358370780945	1.0451918840408325	0.9903109073638916	False
6	0.125	4.990389823913574	1.5527775287628174	1.1049293279647827	1.0627520084381104	1.2699311971664429	False
6	0.14000000059604645	4.382256984710693	1.5329715013504028	0.8205916881561279	1.024673581123352	1.0040203332901	False
6	0.12250000238418579	4.964158058166504	1.5458524227142334	1.1093658208847046	1.070835828781128	1.2381041049957275	False
6	0.13500000536441803	4.3837151527404785	1.5334293842315674	0.8220745325088501	1.0310267210006714	0.9971842765808105	False
6	0.11249999701976776	4.910005569458008	1.538371205329895	1.0842926502227783	1.0504425764083862	1.23689866065979	False
6	0.14249999821186066	4.427183151245117	1.5362648963928223	0.8376340866088867	1.0419079065322876	1.0113765001296997	False
6	0.125	4.905893802642822	1.5475624799728394	1.086214542388916	1.0449498891830444	1.227166771888733	False
6	0.13500000536441803	4.376246929168701	1.526429295539856	0.8399298191070557	1.0038845539093018	1.0060032606124878	False
6	0.125	4.989542484283447	1.5600595474243164	1.0951544046401978	1.0661193132400513	1.268209457397461	False
6	0.12999999523162842	4.418785572052002	1.5351874828338623	0.8425554037094116	1.0316489934921265	1.0093938112258911	False
6	0.11999999731779099	4.963615417480469	1.542173981666565	1.131615161895752	1.0179623365402222	1.2718639373779297	False
6	0.14249999821186066	4.418516159057617	1.542474627494812	0.815771758556366	1.0502853393554688	1.0099842548370361	False
6	0.12250000238418579	4.976901054382324	1.5442969799041748	1.1366034746170044	1.0510227680206299	1.2449777126312256	False
6	0.14000000059604645	4.595009803771973	1.5879759788513184	0.8653172254562378	1.0252795219421387	1.1164369583129883	False
6	0.11999999731779099	4.977776050567627	1.5514929294586182	1.1234378814697266	1.0577740669250488	1.2450710535049438	False
6	0.125	4.4564714431762695	1.559241771697998	0.8299280405044556	1.0095160007476807	1.0577857494354248	False
6	0.12250000238418579	4.883763313293457	1.5355041027069092	1.0965988636016846	1.0489780902862549	1.202682375907898	False
6	0.13500000536441803	4.446191310882568	1.5600603818893433	0.8200957775115967	1.0185456275939941	1.0474896430969238	False
6	0.12250000238418579	4.9098591804504395	1.5191279649734497	1.1221270561218262	1.0598793029785156	1.208724856376648	False
6	0.13500000536441803	4.401027679443359	1.526831865310669	0.8309297561645508	1.0440378189086914	0.9992280006408691	False
6	0.12250000238418579	4.89780330657959	1.531005620956421	1.0932815074920654	1.0731847286224365	1.200331449508667	False
6	0.13500000536441803	4.342698097229004	1.533332109451294	0.8055506944656372	1.0176455974578857	0.9861693382263184	False
6	0.125	4.993979454040527	1.5610597133636475	1.1169122457504272	1.0541378259658813	1.2618699073791504	False
6	0.12250000238418579	4.4008893966674805	1.536960482597351	0.8393731117248535	1.0170167684555054	1.0075386762619019	False
6	0.12999999523162842	4.897945404052734	1.5346568822860718	1.088642954826355	1.0529576539993286	1.2216875553131104	False
6	0.1274999976158142	4.415485858917236	1.5352561473846436	0.8376202583312988	1.0335469245910645	1.0090625286102295	False
6	0.12250000238418579	5.047393798828125	1.5719799995422363	1.1267971992492676	1.0624560117721558	1.2861604690551758	False
6	0.12250000238418579	4.446075439453125	1.5411465167999268	0.8535395860671997	1.0195821523666382	1.0318069458007812	False
6	0.125	4.878905773162842	1.5420483350753784	1.050765037536621	1.0706714391708374	1.2154207229614258	False
7	0.14000000059604645	4.0283331871032715	1.148821473121643	0.2515387535095215	1.3525903224945068	1.2753825187683105	False
7	0.11999999731779099	4.076730251312256	0.9976001977920532	0.3382927179336548	1.3274455070495605	1.4133918285369873	False
7	0.14499999582767487	4.013614177703857	1.144585132598877	0.25001031160354614	1.3484487533569336	1.270570158958435	False
7	0.125	4.026427268981934	0.9586038589477539	0.3224334418773651	1.3391947746276855	1.4061951637268066	False
7	0.12999999523162842	4.027966022491455	1.1288059949874878	0.2501603364944458	1.3732349872589111	1.2757647037506104	False
7	0.125	4.377518653869629	1.4896116256713867	0.266862154006958	1.1568284034729004	1.4642162322998047	False
7	0.13500000536441803	3.7957701683044434	1.2127346992492676	0.17148053646087646	1.0048315525054932	1.4067234992980957	False
7	0.14000000059604645	4.415733337402344	1.4957339763641357	0.27795034646987915	1.1579276323318481	1.484121322631836	False
7	0.125	3.7705636024475098	1.2219204902648926	0.16602885723114014	0.9764367341995239	1.4061775207519531	False
7	0.12999999523162842	4.3792009353637695	1.4779956340789795	0.2715584635734558	1.1619436740875244	1.4677033424377441	False
7	0.11999999731779099	3.813544988632202	1.2239184379577637	0.172885924577713	1.0011405944824219	1.415600061416626	False
7	0.1274999976158142	4.266787528991699	1.4603155851364136	0.22460219264030457	1.1529165506362915	1.4289530515670776	False
7	0.125	3.822542667388916	1.2232518196105957	0.17221030592918396	1.0146478414535522	1.4124326705932617	False
7	0.12999999523162842	4.34428071975708	1.4744834899902344	0.25799500942230225	1.1504217386245728	1.4613804817199707	False
7	0.12999999523162842	3.754220485687256	1.216195821762085	0.15130658447742462	1.0012377500534058	1.3854804039001465	False
7	0.14000000059604645	4.291977882385254	1.468003749847412	0.24585235118865967	1.1300209760665894	1.4481006860733032	False
7	0.12999999523162842	3.775649070739746	1.220795750617981	0.15994498133659363	1.0031769275665283	1.3917312622070312	False
7	0.12999999523162842	4.319380760192871	1.473283052444458	0.2462179958820343	1.1499855518341064	1.4498944282531738	False
7	0.125	3.7105627059936523	1.2116546630859375	0.154062420129776	0.9808264970779419	1.3640192747116089	False
7	0.1274999976158142	4.3271050453186035	1.4772276878356934	0.2514711022377014	1.131706953048706	1.4666993618011475	False
7	0.125	3.791104316711426	1.2165858745574951	0.16557811200618744	1.0074036121368408	1.4015365839004517	False
7	0.12250000238418579	4.298739910125732	1.4705177545547485	0.23889383673667908	1.145829677581787	1.4434987306594849	False
7	0.125	3.7618887424468994	1.2140289545059204	0.1584659218788147	0.9888209104537964	1.4005730152130127	False
7	0.12999999523162842	4.306340217590332	1.4666742086410522	0.25067922472953796	1.1331616640090942	1.455824851989746	False
7	0.12250000238418579	3.7664222717285156	1.2063813209533691	0.16527774930000305	1.008244276046753	1.386518955230713	False
7	0.125	4.209024906158447	1.4586460590362549	0.20351192355155945	1.1434593200683594	1.4034074544906616	False
7	0.11999999731779099	3.8068180084228516	1.2244607210159302	0.17482653260231018	1.0026979446411133	1.4048329591751099	False
7	0.13249999284744263	4.297946929931641	1.489980936050415	0.2347094565629959	1.1340460777282715	1.4392104148864746	False
7	0.1274999976158142	3.748828649520874	1.2131530046463013	0.15851479768753052	0.9817140698432922	1.39544677734375	False
7	0.13249999284744263	4.385239601135254	1.4930485486984253	0.2640494704246521	1.1667367219924927	1.4614046812057495	False
8	0.13750000298023224	3.5982470512390137	0.7930671572685242	0.4250725507736206	1.381482720375061	0.9986246824264526	False
8	0.125	4.358628749847412	1.2312402725219727	0.7878029942512512	1.264312744140625	1.075272798538208	False
8	0.13750000298023224	3.6873538494110107	0.8205866813659668	0.4609721302986145	1.3971186876296997	1.008676290512085	False
8	0.11999999731779099	4.503741264343262	1.2493282556533813	0.8354289531707764	1.2906450033187866	1.1283386945724487	False
8	0.13249999284744263	3.672353744506836	0.8237935304641724	0.4523392915725708	1.3857547044754028	1.0104659795761108	False
8	0.12250000238418579	4.503769874572754	1.2554413080215454	0.8425820469856262	1.2764739990234375	1.129272222518921	False
8	0.14000000059604645	3.7154979705810547	0.8265599012374878	0.47598111629486084	1.3964691162109375	1.0164878368377686	False
8	0.12250000238418579	4.358118057250977	1.2446582317352295	0.7708476185798645	1.2685490846633911	1.0740630626678467	False
8	0.12999999523162842	3.6487603187561035	0.7930697798728943	0.4477088749408722	1.3959637880325317	1.0120176076889038	False
8	0.125	4.432607650756836	1.2548145055770874	0.813023567199707	1.260172963142395	1.1045966148376465	False
8	0.1274999976158142	3.6799774169921875	0.7988669276237488	0.46365469694137573	1.399590253829956	1.017865538597107	False
8	0.125	4.411852836608887	1.241323709487915	0.7879107594490051	1.2752387523651123	1.1073797941207886	False
8	0.125	3.6247429847717285	0.8028697967529297	0.4371326267719269	1.3752496242523193	1.0094910860061646	False
8	0.125	4.43427848815918	1.2448244094848633	0.8104994297027588	1.2524445056915283	1.1265100240707397	False
8	0.12999999523162842	3.6815743446350098	0.8208668231964111	0.45486027002334595	1.3910714387893677	1.0147757530212402	False
8	0.12999999523162842	4.551023006439209	1.2758318185806274	0.8551472425460815	1.2904751300811768	1.1295686960220337	False
8	0.13500000536441803	3.701876640319824	0.8087456822395325	0.47725409269332886	1.3974367380142212	1.0184401273727417	False
8	0.11999999731779099	4.49959659576416	1.2559767961502075	0.8398317694664001	1.2786200046539307	1.1251678466796875	False
8	0.1274999976158142	3.6189708709716797	0.8168565034866333	0.4312877655029297	1.3800346851348877	0.9907917976379395	False
8	0.12250000238418579	4.386569976806641	1.23892343044281	0.7876535654067993	1.2560827732086182	1.103910207748413	False
8	0.12250000238418579	3.6245031356811523	0.8161364197731018	0.4193227291107178	1.3871474266052246	1.001896619796753	False
8	0.11999999731779099	4.456742286682129	1.2409545183181763	0.8082501888275146	1.2960443496704102	1.1114929914474487	False
8	0.12999999523162842	3.6219043731689453	0.810490608215332	0.4409390687942505	1.3859705924987793	0.984504222869873	False
8	0.1274999976158142	4.544832229614258	1.2828437089920044	0.8633644580841064	1.2625633478164673	1.1360609531402588	False
8	0.13500000536441803	3.6902384757995605	0.7999955415725708	0.4643309414386749	1.4057414531707764	1.0201706886291504	False
8	0.12250000238418579	4.483114719390869	1.254151463508606	0.8468785285949707	1.2609260082244873	1.1211588382720947	False
8	0.13500000536441803	3.7125465869903564	0.8194482326507568	0.4658072590827942	1.3946893215179443	1.0326018333435059	False
8	0.125	4.5274977684021	1.247596263885498	0.8535246253013611	1.2857935428619385	1.1405833959579468	False
8	0.13500000536441803	3.746814012527466	0.8388588428497314	0.4861331284046173	1.3894648551940918	1.0323572158813477	False
8	0.12999999523162842	4.3926239013671875	1.2431113719940186	0.784631609916687	1.257157564163208	1.1077234745025635	False
9	0.1274999976158142	2.551793098449707	0.7590611577033997	0.06739744544029236	1.087540864944458	0.6377936601638794	False
9	0.125	2.582470655441284	0.7440984845161438	0.06600497663021088	1.1027007102966309	0.669666588306427	False
9	0.12250000238418579	2.5980608463287354	0.7450128793716431	0.07633917778730392	1.1020853519439697	0.674623429775238	False
9	0.12250000238418579	2.581514358520508	0.752296507358551	0.06668713688850403	1.0994460582733154	0.6630845069885254	False
9	0.12250000238418579	2.6630403995513916	0.7471601366996765	0.08026988804340363	1.115736722946167	0.7198736667633057	False
9	0.125	2.5753939151763916	0.7495946884155273	0.06835028529167175	1.0884405374526978	0.6690083146095276	False
9	0.13249999284744263	2.5202722549438477	0.7468180656433105	0.06558017432689667	1.0772086381912231	0.6306651830673218	False
9	0.12250000238418579	2.5629143714904785	0.734550952911377	0.06554057449102402	1.0812370777130127	0.6815857887268066	False
9	0.11749999970197678	2.5333309173583984	0.7436748743057251	0.06888540834188461	1.0782184600830078	0.6425522565841675	False
9	0.125	2.574105978012085	0.7517811059951782	0.06784693896770477	1.092778205871582	0.6616997718811035	False
9	0.11749999970197678	2.592611074447632	0.7390533089637756	0.07277721911668777	1.092565655708313	0.6882149577140808	False
9	0.125	2.5748791694641113	0.7486425638198853	0.06734184920787811	1.1056432723999023	0.6532513499259949	False
9	0.125	2.587148666381836	0.7485986948013306	0.07152080535888672	1.095748782157898	0.6712804436683655	False
9	0.11999999731779099	2.5848498344421387	0.764615535736084	0.06476125121116638	1.1077443361282349	0.6477286219596863	False
9	0.11999999731779099	2.634800434112549	0.7445610761642456	0.07444148510694504	1.1162490844726562	0.6995487213134766	False
9	0.12250000238418579	2.526742696762085	0.749475359916687	0.061859287321567535	1.0805261135101318	0.6348819732666016	False
9	0.11999999731779099	2.52954363822937	0.7396653890609741	0.07084624469280243	1.0711795091629028	0.6478524208068848	False
9	0.125	2.5850300788879395	0.7403696775436401	0.06478394567966461	1.0951483249664307	0.6847281455993652	False
9	0.12250000238418579	2.5237221717834473	0.7478976249694824	0.06619950383901596	1.067068099975586	0.6425567865371704	False
9	0.12250000238418579	2.5212974548339844	0.7379265427589417	0.0625099465250969	1.0762221813201904	0.6446388959884644	False
9	0.12999999523162842	2.5864930152893066	0.7430461645126343	0.07071244716644287	1.093346118927002	0.679388165473938	False
9	0.12250000238418579	2.5527865886688232	0.7522990703582764	0.06402915716171265	1.0847456455230713	0.6517127156257629	False
9	0.13249999284744263	2.522777795791626	0.7468503713607788	0.06519175320863724	1.0831270217895508	0.6276087164878845	False
9	0.12250000238418579	2.5440495014190674	0.7590214014053345	0.06515920162200928	1.090245246887207	0.6296237111091614	False
9	0.1274999976158142	2.570485830307007	0.7551764249801636	0.07159033417701721	1.0927659273147583	0.6509531140327454	False
9	0.11999999731779099	2.580709218978882	0.7515590786933899	0.06886086612939835	1.0940581560134888	0.666231095790863	False
9	0.12250000238418579	2.5716018676757812	0.7494661808013916	0.07139214873313904	1.0957822799682617	0.6549612283706665	False
9	0.11749999970197678	2.5898609161376953	0.7549242377281189	0.06837888062000275	1.0912567377090454	0.675301194190979	False
9	0.12250000238418579	2.525564193725586	0.7508628964424133	0.0655009001493454	1.0721421241760254	0.6370581984519958	False
9	0.1274999976158142	2.6030735969543457	0.7490297555923462	0.06539938598871231	1.1029523611068726	0.6856919527053833	False
10	0.13500000536441803	2.3567214012145996	0.7767176628112793	0.07503526657819748	1.1183395385742188	0.3866288661956787	False
10	0.12250000238418579	2.4696121215820312	0.7891608476638794	0.11228712648153305	1.046696424484253	0.5214678049087524	False
10	0.125	2.368565082550049	0.7795604467391968	0.08032090961933136	1.12363600730896	0.3850475549697876	False
10	0.125	2.545158863067627	0.8091553449630737	0.10766759514808655	1.095428228378296	0.5329078435897827	False
10	0.125	2.3839783668518066	0.7826814651489258	0.07689619809389114	1.123870611190796	0.4005301594734192	False
10	0.12250000238418579	2.5384864807128906	0.7932814359664917	0.1151631698012352	1.068570613861084	0.5614712834358215	False
10	0.1274999976158142	2.3667075634002686	0.78372722864151	0.07929898798465729	1.114653468132019	0.389027863740921	False
10	0.11999999731779099	2.470989227294922	0.7959301471710205	0.10832062363624573	1.0537397861480713	0.5129985809326172	False
10	0.1274999976158142	2.3609001636505127	0.7763363122940063	0.07530529797077179	1.1120439767837524	0.3972146511077881	False
10	0.12999999523162842	2.5163354873657227	0.804700493812561	0.11021071672439575	1.0857577323913574	0.5156666040420532	False
10	0.125	2.3454768657684326	0.7875142097473145	0.07842950522899628	1.121993899345398	0.3575391471385956	False
10	0.125	2.5239362716674805	0.7932745218276978	0.1070045605301857	1.0678330659866333	0.5558241605758667	False
10	0.12250000238418579	2.3420066833496094	0.7809005379676819	0.07496561110019684	1.1197229623794556	0.3664177656173706	False
10	0.12250000238418579	2.462963819503784	0.787605881690979	0.10963118821382523	1.0365689992904663	0.5291576981544495	False
10	0.12250000238418579	2.3552393913269043	0.7893308401107788	0.07543817162513733	1.1229257583618164	0.36754459142684937	False
10	0.125	2.504380702972412	0.7872875332832336	0.11222510039806366	1.040663242340088	0.5642049312591553	False
10	0.11749999970197678	2.391465902328491	0.7806963920593262	0.07838155329227448	1.117283821105957	0.4151041507720947	False
10	0.12250000238418579	2.5170738697052	0.7961264848709106	0.11244510859251022	1.0600471496582031	0.5484551191329956	False
10	0.12999999523162842	2.3755669593811035	0.7821810841560364	0.07794221490621567	1.1211435794830322	0.39430001378059387	False
10	0.125	2.4941933155059814	0.8009260892868042	0.1106758639216423	1.0601445436477661	0.522446870803833	False
10	0.12250000238418579	2.37821888923645	0.7851999998092651	0.07865287363529205	1.1295599937438965	0.38480597734451294	False
10	0.12250000238418579	2.474581003189087	0.7950379848480225	0.11074529588222504	1.0597832202911377	0.5090144872665405	False
10	0.12250000238418579	2.3817501068115234	0.7776625156402588	0.081610307097435	1.1121329069137573	0.4103443920612335	False
10	0.11999999731779099	2.4900643825531006	0.8031634092330933	0.10952561348676682	1.0646138191223145	0.5127615928649902	False
10	0.125	2.3356595039367676	0.7820302248001099	0.07769523561000824	1.1145057678222656	0.36142832040786743	False
10	0.11999999731779099	2.50309419631958	0.7949072122573853	0.1051601767539978	1.068476676940918	0.5345501899719238	False
10	0.1274999976158142	2.3482046127319336	0.774838924407959	0.07762844860553741	1.1124519109725952	0.38328516483306885	False
10	0.125	2.547316789627075	0.7998648285865784	0.11443929374217987	1.0897492170333862	0.5432634353637695	False
10	0.12999999523162842	2.3592517375946045	0.7801367044448853	0.07718288898468018	1.1257412433624268	0.3761909306049347	False
10	0.11999999731779099	2.4990451335906982	0.7973027229309082	0.11131326854228973	1.0650678873062134	0.5253612995147705	False
11	0.1274999976158142	2.81266188621521	0.6943165063858032	0.1150156781077385	1.240128517150879	0.7632011771202087	False
11	0.13500000536441803	3.261251449584961	0.7281544208526611	0.20006097853183746	1.4633647203445435	0.8696714639663696	False
11	0.13500000536441803	3.295179843902588	0.6922042369842529	0.19114908576011658	1.5038247108459473	0.9080020189285278	False
11	0.12999999523162842	3.239562511444092	0.7131988406181335	0.1946101188659668	1.4727054834365845	0.8590481281280518	False
11	0.125	3.3404946327209473	0.7117429971694946	0.19328710436820984	1.5098153352737427	0.9256492853164673	False
11	0.1274999976158142	3.228032112121582	0.7047246694564819	0.1896413117647171	1.4768226146697998	0.8568435907363892	False
11	0.14000000059604645	3.299147367477417	0.6992696523666382	0.19028910994529724	1.5072760581970215	0.9023125767707825	False
11	0.125	3.243297815322876	0.7067772150039673	0.19129756093025208	1.4790500402450562	0.8661729693412781	False
11	0.14499999582767487	3.284351348876953	0.6955468654632568	0.18371018767356873	1.5054535865783691	0.8996404409408569	False
11	0.12999999523162842	3.249455451965332	0.7140898108482361	0.19431431591510773	1.4780892133712769	0.8629623651504517	False
11	0.125	3.3118443489074707	0.6981634497642517	0.19000515341758728	1.518203616142273	0.9054722785949707	False
11	0.13750000298023224	3.2475662231445312	0.7150184512138367	0.19233697652816772	1.4773155450820923	0.8628952503204346	False
11	0.12999999523162842	3.3148727416992188	0.6947723627090454	0.18990077078342438	1.506504774093628	0.9236947894096375	False
11	0.12250000238418579	3.2507524490356445	0.7075675129890442	0.19618089497089386	1.4839897155761719	0.8630141019821167	False
11	0.14000000059604645	3.2952027320861816	0.673178493976593	0.190499946475029	1.5299831628799438	0.9015413522720337	False
11	0.11999999731779099	3.2443056106567383	0.7176723480224609	0.19710776209831238	1.460639476776123	0.8688859939575195	False
11	0.14000000059604645	3.3193159103393555	0.7053303122520447	0.1932941973209381	1.50430428981781	0.9163872003555298	False
11	0.13750000298023224	3.254225730895996	0.7190203666687012	0.19405587017536163	1.4686864614486694	0.8724631071090698	False
11	0.125	3.3390707969665527	0.6830305457115173	0.19331946969032288	1.5446624755859375	0.9180583953857422	False
11	0.12999999523162842	3.277040719985962	0.7323373556137085	0.20269303023815155	1.4702125787734985	0.8717978596687317	False
11	0.125	3.31046986579895	0.694652795791626	0.18959367275238037	1.516676902770996	0.9095466136932373	False
11	0.125	3.233931303024292	0.7136316299438477	0.19372226297855377	1.4683691263198853	0.858208417892456	False
11	0.13750000298023224	3.304067611694336	0.6873029470443726	0.18781395256519318	1.5200579166412354	0.9088928699493408	False
11	0.14499999582767487	3.2564477920532227	0.7240839004516602	0.19492560625076294	1.464127540588379	0.8733106851577759	False
11	0.14499999582767487	3.3279757499694824	0.6999958753585815	0.18773546814918518	1.5219147205352783	0.9183297753334045	False
11	0.12250000238418579	3.2590689659118652	0.712478518486023	0.19076354801654816	1.4906967878341675	0.8651301860809326	False
11	0.13500000536441803	3.3057942390441895	0.699641227722168	0.1914825141429901	1.5155526399612427	0.8991179466247559	False
11	0.14499999582767487	3.2437353134155273	0.7046194076538086	0.19328977167606354	1.4854521751403809	0.8603740930557251	False
11	0.12999999523162842	3.2998411655426025	0.6893912553787231	0.1898612380027771	1.5133745670318604	0.9072141647338867	False
11	0.13249999284744263	3.253763437271118	0.7105139493942261	0.19393837451934814	1.4865907430648804	0.862720251083374	False
12	0.12250000238418579	3.3406031131744385	0.7201848030090332	0.513369083404541	1.195999026298523	0.9110500812530518	False
12	0.11500000208616257	3.342587947845459	0.7173289060592651	0.5131978392601013	1.197731375694275	0.9143298864364624	False
12	0.125	3.2901201248168945	0.7131214141845703	0.5008377432823181	1.1704119443893433	0.9057487845420837	False
12	0.125	3.4304111003875732	0.7335761189460754	0.5300799012184143	1.2393957376480103	0.927359402179718	False
12	0.12250000238418579	3.345072031021118	0.7216068506240845	0.5126879215240479	1.1988190412521362	0.9119582176208496	False
12	0.12250000238418579	3.3581972122192383	0.7204885482788086	0.5178795456886292	1.203566312789917	0.9162628650665283	False
12	0.11999999731779099	3.325709104537964	0.7198053002357483	0.5118404626846313	1.1842066049575806	0.9098565578460693	False
12	0.12250000238418579	3.3769278526306152	0.7273117899894714	0.5193142890930176	1.214104175567627	0.9161975383758545	False
12	0.12250000238418579	3.3371899127960205	0.7202234268188477	0.5115869045257568	1.1956173181533813	0.9097622036933899	False
12	0.11999999731779099	3.3883156776428223	0.7283177971839905	0.5279145836830139	1.213073492050171	0.9190095663070679	False
12	0.12250000238418579	3.2680273056030273	0.7078338861465454	0.498695433139801	1.1595526933670044	0.9019451141357422	False
12	0.11999999731779099	3.2093844413757324	0.6990846991539001	0.4903991222381592	1.1200268268585205	0.8998738527297974	False
12	0.12250000238418579	3.2944774627685547	0.7152045965194702	0.5038301944732666	1.1703821420669556	0.9050605893135071	False
12	0.125	3.3443503379821777	0.7157337665557861	0.5193301439285278	1.1918026208877563	0.917483925819397	False
12	0.125	3.293138027191162	0.7179571390151978	0.5027413964271545	1.167346477508545	0.9050928354263306	False
12	0.12250000238418579	3.3499984741210938	0.7123151421546936	0.5165060758590698	1.2054921388626099	0.9156850576400757	False
12	0.11999999731779099	3.2806339263916016	0.7178454399108887	0.5018826723098755	1.159228801727295	0.9016770124435425	False
12	0.1274999976158142	3.335094451904297	0.7116265892982483	0.5121215581893921	1.1966524124145508	0.9146937727928162	False
12	0.11749999970197678	3.414212703704834	0.7274637222290039	0.5263034105300903	1.239790678024292	0.9206546545028687	False
12	0.11999999731779099	3.331448554992676	0.7166020274162292	0.5104279518127441	1.1928735971450806	0.911544680595398	False
12	0.12250000238418579	3.2713284492492676	0.7124402523040771	0.49622422456741333	1.1589823961257935	0.9036816358566284	False
12	0.125	3.281844139099121	0.7104777693748474	0.5036463141441345	1.1590713262557983	0.9086488485336304	False
12	0.11749999970197678	3.3089404106140137	0.7189321517944336	0.5010191202163696	1.1828632354736328	0.9061260223388672	False
12	0.125	3.3629326820373535	0.7216758728027344	0.5173457860946655	1.2051994800567627	0.9187117218971252	False
12	0.12250000238418579	3.2588024139404297	0.7139348983764648	0.5017615556716919	1.142206072807312	0.9008997678756714	False
12	0.11749999970197678	3.407066822052002	0.7305708527565002	0.5235862731933594	1.2278532981872559	0.9250565767288208	False
12	0.12250000238418579	3.2521467208862305	0.7080308794975281	0.49773484468460083	1.1486806869506836	0.897700309753418	False
12	0.125	3.3905091285705566	0.7273730039596558	0.5222738981246948	1.2200771570205688	0.9207849502563477	False
12	0.125	3.2513790130615234	0.7077136039733887	0.4949990510940552	1.146388292312622	0.9022778272628784	False
12	0.12250000238418579	3.289872884750366	0.7115665078163147	0.5033688545227051	1.1659969091415405	0.9089406132698059	False
13	0.17499999701976776	4.09227180480957	0.6751478910446167	0.38229820132255554	1.5885035991668701	1.4463222026824951	False
13	0.25999999046325684	4.415926933288574	0.6630682945251465	0.49524855613708496	1.6200717687606812	1.637538194656372	False
13	0.27000001072883606	3.348330020904541	0.5362609028816223	0.34561967849731445	1.3055487871170044	1.160900592803955	False
13	0.27000001072883606	4.142392635345459	0.7261077761650085	0.5529946088790894	1.4340488910675049	1.4292415380477905	False
13	0.30000001192092896	4.196436882019043	0.7213630676269531	0.5604173541069031	1.4557770490646362	1.4588794708251953	False
13	0.25999999046325684	4.105681896209717	0.7186547517776489	0.5502123236656189	1.4171525239944458	1.4196624755859375	False
13	0.25999999046325684	4.210348606109619	0.7311346530914307	0.5599468350410461	1.4651893377304077	1.4540777206420898	False
13	0.2849999964237213	4.091631889343262	0.7232071757316589	0.5589596033096313	1.4020671844482422	1.4073978662490845	False
13	0.2800000011920929	4.134402275085449	0.7219098806381226	0.5533145666122437	1.4228323698043823	1.4363458156585693	False
13	0.32499998807907104	4.135077953338623	0.7269394397735596	0.5664075613021851	1.4207310676574707	1.4210001230239868	False
13	0.1274999976158142	4.375792503356934	0.7228073477745056	0.576945424079895	1.551804780960083	1.5242350101470947	False
13	0.30000001192092896	4.123653411865234	0.6988779306411743	0.43290072679519653	1.577346682548523	1.4145281314849854	False
13	0.2800000011920929	4.156979084014893	0.726372241973877	0.558424711227417	1.429960012435913	1.4422221183776855	False
13	0.23999999463558197	4.152612209320068	0.7256120443344116	0.5545326471328735	1.4427573680877686	1.429710030555725	False
13	0.2750000059604645	4.2009406089782715	0.7319356203079224	0.5555644631385803	1.4567530155181885	1.456687569618225	False
13	0.25	4.044917106628418	0.7049626111984253	0.5508604645729065	1.3809388875961304	1.4081549644470215	False
13	0.27000001072883606	4.150141716003418	0.7230169773101807	0.5575463175773621	1.436932921409607	1.432645559310913	False
13	0.25999999046325684	4.171772003173828	0.7246416807174683	0.5508499145507812	1.4505326747894287	1.445747971534729	False
13	0.29499998688697815	4.272707939147949	0.7168096303939819	0.5652354955673218	1.515715479850769	1.474947452545166	False
13	0.2750000059604645	4.143181324005127	0.7142325639724731	0.553024411201477	1.4347991943359375	1.4411252737045288	False
13	0.25999999046325684	4.2116217613220215	0.7204889059066772	0.5620604753494263	1.4600520133972168	1.4690203666687012	False
13	0.25	4.231539726257324	0.7360547780990601	0.5656076669692993	1.46721613407135	1.4626610279083252	False
13	0.27000001072883606	4.1989617347717285	0.7244471907615662	0.5644252896308899	1.461373209953308	1.4487162828445435	False
13	0.27000001072883606	4.135427951812744	0.7166627049446106	0.564461886882782	1.4250906705856323	1.4292126893997192	False
13	0.27000001072883606	4.210769176483154	0.7295363545417786	0.5662555694580078	1.4569268226623535	1.4580504894256592	False
13	0.24500000476837158	4.168313026428223	0.7182424068450928	0.5514332056045532	1.4440808296203613	1.4545567035675049	False
13	0.2750000059604645	4.278592109680176	0.7246688604354858	0.5771028399467468	1.494591474533081	1.4822291135787964	False
13	0.2750000059604645	4.133549690246582	0.7152982354164124	0.5474610924720764	1.4264512062072754	1.4443391561508179	False
13	0.26499998569488525	4.125014781951904	0.7212997674942017	0.5519039630889893	1.4219448566436768	1.4298663139343262	False
13	0.2549999952316284	4.164279937744141	0.7203370332717896	0.5688278079032898	1.4364691972732544	1.4386460781097412	False
14	0.1599999964237213	4.593182563781738	0.6940950155258179	0.6755104064941406	1.6675467491149902	1.556030511856079	False
14	0.17000000178813934	4.532013893127441	0.7221639156341553	0.6917983293533325	1.6312552690505981	1.486796498298645	False
14	0.33000001311302185	4.6276140213012695	0.7167478799819946	0.6934593915939331	1.6585553884506226	1.5588514804840088	False
14	0.14249999821186066	4.652751922607422	0.7267335653305054	0.6933233737945557	1.719106674194336	1.5135881900787354	False
14	0.3050000071525574	4.633516311645508	0.7284707427024841	0.6826437711715698	1.7230808734893799	1.4993212223052979	False
14	0.125	4.599782943725586	0.7121725082397461	0.6925313472747803	1.7183457612991333	1.4767334461212158	False
14	0.33000001311302185	4.620339870452881	0.722081184387207	0.6810003519058228	1.7171988487243652	1.5000594854354858	False
14	0.14000000059604645	4.618645668029785	0.7151663303375244	0.6907973289489746	1.7189195156097412	1.493762493133545	False
14	0.32749998569488525	4.642261505126953	0.7275960445404053	0.6832491755485535	1.7261805534362793	1.5052359104156494	False
14	0.14749999344348907	4.646590709686279	0.7201346158981323	0.6941140294075012	1.7239429950714111	1.5083988904953003	False
14	0.3149999976158142	4.627050399780273	0.7144336700439453	0.6826977729797363	1.7259491682052612	1.5039697885513306	False
14	0.14249999821186066	4.637581825256348	0.7074578404426575	0.6918343305587769	1.7215728759765625	1.516716480255127	False
14	0.3050000071525574	4.6230316162109375	0.72563636302948	0.6820200085639954	1.7192821502685547	1.4960927963256836	False
14	0.14499999582767487	4.615509033203125	0.712133526802063	0.6930795907974243	1.7166759967803955	1.4936199188232422	False
14	0.30250000953674316	4.6291728019714355	0.7151605486869812	0.681698739528656	1.7189823389053345	1.5133312940597534	False
14	0.1899999976158142	4.636627197265625	0.7164030075073242	0.6925346851348877	1.721372365951538	1.506317138671875	False
14	0.33500000834465027	4.648262977600098	0.7250280976295471	0.6933910846710205	1.6749900579452515	1.554854154586792	False
14	0.17499999701976776	4.640596866607666	0.7113145589828491	0.693418562412262	1.722895622253418	1.5129681825637817	False
14	0.1525000035762787	4.637292861938477	0.727191686630249	0.6930547952651978	1.6569387912750244	1.560107707977295	False
14	0.14749999344348907	4.544045448303223	0.7227460741996765	0.6906349062919617	1.6359667778015137	1.4946973323822021	False
14	0.27250000834465027	4.619086742401123	0.7181717157363892	0.6941206455230713	1.6529276371002197	1.5538667440414429	False
14	0.14499999582767487	4.64726448059082	0.7236735820770264	0.6938871145248413	1.7245314121246338	1.5051724910736084	False
14	0.28999999165534973	4.6356658935546875	0.7225751280784607	0.6840622425079346	1.7240022420883179	1.5050263404846191	False
14	0.14499999582767487	4.627513885498047	0.710446298122406	0.6929608583450317	1.7240420579910278	1.5000649690628052	False
14	0.3100000023841858	4.63236141204834	0.7244739532470703	0.6835125684738159	1.725837230682373	1.4985377788543701	False
14	0.17499999701976776	4.631951332092285	0.7142519354820251	0.6940023899078369	1.7246971130371094	1.4989995956420898	False
14	0.3075000047683716	4.6284003257751465	0.7179991006851196	0.6939343214035034	1.6592621803283691	1.5572047233581543	False
14	0.1850000023841858	4.626472473144531	0.7099705934524536	0.6918236613273621	1.7246928215026855	1.4999854564666748	False
14	0.2849999964237213	4.630369186401367	0.709784984588623	0.6925328373908997	1.666103720664978	1.5619477033615112	False
14	0.14499999582767487	4.601637840270996	0.7031134366989136	0.6877119541168213	1.7124972343444824	1.4983155727386475	False
15	0.2849999964237213	4.867377281188965	0.7091017961502075	0.6952967643737793	1.7167950868606567	1.7461836338043213	False
15	0.1525000035762787	4.753353118896484	0.6936249732971191	0.6920135021209717	1.750671625137329	1.6170430183410645	False
15	0.3100000023841858	4.598361015319824	0.7091617584228516	0.6966848373413086	1.6820207834243774	1.510493516921997	False
15	0.13500000536441803	4.757143497467041	0.6938978433609009	0.6902146935462952	1.754800796508789	1.6182301044464111	False
15	0.35499998927116394	4.576019287109375	0.7019834518432617	0.6971690654754639	1.672613501548767	1.5042535066604614	False
15	0.125	4.768518447875977	0.695332407951355	0.6917742490768433	1.7583081722259521	1.6231036186218262	False
15	0.3050000071525574	4.575664043426514	0.7016164064407349	0.697076678276062	1.6642065048217773	1.51276433467865	False
15	0.15000000596046448	4.771023273468018	0.6958500146865845	0.691601037979126	1.7557356357574463	1.6278365850448608	False
15	0.32499998807907104	4.57698917388916	0.7007273435592651	0.6971791386604309	1.666884183883667	1.5121982097625732	False
15	0.12999999523162842	4.785855293273926	0.7025737762451172	0.689749002456665	1.7624280452728271	1.6311042308807373	False
15	0.3375000059604645	4.589732646942139	0.7039424180984497	0.6970495581626892	1.6777687072753906	1.510972023010254	False
15	0.14499999582767487	4.775103569030762	0.6977954506874084	0.6890912055969238	1.758789300918579	1.629427433013916	False
15	0.3474999964237213	4.569947719573975	0.7003055214881897	0.6959296464920044	1.664654016494751	1.5090584754943848	False
15	0.14249999821186066	4.784058570861816	0.7025032043457031	0.6911414861679077	1.7559477090835571	1.6344659328460693	False
15	0.29499998688697815	4.521005153656006	0.7018289566040039	0.6978036165237427	1.6497184038162231	1.4716540575027466	False
15	0.17249999940395355	4.774200916290283	0.6916478872299194	0.6921364665031433	1.7529422044754028	1.637474536895752	False
15	0.33000001311302185	4.570342063903809	0.7010946273803711	0.6971704959869385	1.6680169105529785	1.5040602684020996	False
15	0.13750000298023224	4.775243759155273	0.7013827562332153	0.6913082599639893	1.7568045854568481	1.6257482767105103	False
15	0.29750001430511475	4.634575366973877	0.7006749510765076	0.6965371370315552	1.6879500150680542	1.5494132041931152	False
15	0.13500000536441803	4.767812728881836	0.6963971853256226	0.6910516023635864	1.7569458484649658	1.6234180927276611	False
15	0.3700000047683716	4.597760200500488	0.7001648545265198	0.6967184543609619	1.677271842956543	1.5236053466796875	False
15	0.1525000035762787	4.7899627685546875	0.6970949172973633	0.6904959678649902	1.7615338563919067	1.6408382654190063	False
15	0.33500000834465027	4.552852630615234	0.7012392282485962	0.6962637305259705	1.6567667722702026	1.4985827207565308	False
15	0.14499999582767487	4.791894912719727	0.6987079381942749	0.6906765103340149	1.760372519493103	1.6421382427215576	False
15	0.3149999976158142	4.588461399078369	0.6998820304870605	0.6962692737579346	1.6716809272766113	1.5206291675567627	False
15	0.14499999582767487	4.755910396575928	0.6991099119186401	0.6911669969558716	1.7563121318817139	1.6093212366104126	False
15	0.35499998927116394	4.52461051940918	0.7000536322593689	0.697490930557251	1.6518425941467285	1.4752235412597656	False
15	0.13500000536441803	4.79477071762085	0.7096070051193237	0.6898937225341797	1.765053629875183	1.6302162408828735	False
15	0.3499999940395355	4.592616558074951	0.7051191926002502	0.6972716450691223	1.6755045652389526	1.5147210359573364	False
15	0.14499999582767487	4.791888236999512	0.6993917226791382	0.6884171962738037	1.7628216743469238	1.6412575244903564	False
