# num_workers = 8
# num_cells = 256
# seed_for_environment = 5
# lr = 0.0003
# max_grad_norm = 1.0
# eval_rollout_length = 30
# scaling_factor = 1000
# frames_per_batch = 500
# sub_batch_size = 64
# num_epochs = 15
# clip_epsilon = 0.2
# gamma = 0.99
# lmbda = 0.95
# entropy_eps = 0.5
# env_reward_engineering = True
# env_minimum_number_of_qubits = 1
# log_name = None
# env_error_range = dataCollection
# env_version = qecc/bbcode-ldpc-v0
# env_bit_flipping = True
# env_l = 12
# env_m = 6
# env_use_dict_observation = True
# env_number_of_decoder_iterations = 50
# env_number_of_samples = 50
# env_code_logging = True
# model_architecture = hybrid
# model_surrogate_model_path = /rds/general/user/osella/home/rl-qecc-data//supervisedLearning/2026-07-12_20-18-32/surrogate_6x6.pth
# model_use_pretrained_encoder = False
# index_to_unfreeze_encoder_updates = 20
# encoder_lr_factor = 0.1
# training_device = cpu
# Resolved arguments:
# Resolved_env_reward_engineering = True
# Resolved_env_reward_integral = Between prob. of no error and curve.
# Resolved_env_bit_flipping = True
# Resolved_env_useDictObservation = True
# Resolved_env_code_logging = True
# Resolved_env_error_range = [np.float64(0.0001), np.float64(0.000215), np.float64(0.000464), np.float64(0.001), np.float64(0.002154), np.float64(0.003162), np.float64(0.004642), np.float64(0.01), np.float64(0.021544), np.float64(0.025075), np.float64(0.031623), np.float64(0.046416), np.float64(0.05005), np.float64(0.075025), np.float64(0.1)]
# Resolved_model_use_pretrained_encoder = False
# Resolved_trainingDevice = cpu
# Resolved_model_architecture = hybrid
# Number of workers: 8
# Does torch identify cuda: False
# encoder ***RANDOM WEIGHTS***
evaluation number	reward	policy entropy	policy entropy aX	policy entropy bX	policy entropy aY	policy entropy bY	Encoder freeze	postAction_aX	postAction_bX	postAction_aY	postAction_bY
0	0.5273687243461609	8.955482482910156	2.543147563934326	2.553194522857666	1.934149146080017	1.9249916076660156	True	[0 0 0 0 0 1 0 0 0 0 0 0]	[0 0 0 0 0 0 0 0 0 1 0 0]	[0 0 0 0 0 1]	[0 0 1 0 0 0]
0	-0.5	8.977657318115234	2.5528831481933594	2.5561270713806152	1.939090609550476	1.9295563697814941	True	[0 0 1 0 0 1 0 0 0 0 0 0]	[0 0 0 0 0 0 0 0 0 0 0 0]	[0 1 0 0 0 1]	[0 0 0 0 0 0]
0	0.5545613765716553	8.971631050109863	2.550428628921509	2.555687189102173	1.937683343887329	1.927832007408142	True	[0 0 0 0 0 1 0 0 0 0 0 0]	[0 0 0 0 0 0 0 0 0 1 0 0]	[0 0 0 0 0 1]	[0 0 1 0 0 0]
0	-0.5	8.978348731994629	2.5536017417907715	2.5558745861053467	1.939181923866272	1.9296910762786865	True	[0 0 1 0 0 1 0 0 0 0 0 0]	[0 0 0 0 0 0 0 0 0 0 0 0]	[0 1 0 0 0 1]	[0 0 0 0 0 0]
0	0.5521834492683411	8.972441673278809	2.5506911277770996	2.555530071258545	1.9375227689743042	1.9286975860595703	True	[0 0 0 0 0 1 0 0 0 0 0 0]	[0 0 0 0 0 0 0 0 0 1 0 0]	[0 0 0 0 0 1]	[0 0 1 0 0 0]
0	-0.5	8.977080345153809	2.5528225898742676	2.5557587146759033	1.9389610290527344	1.9295380115509033	True	[0 0 1 0 0 1 0 0 0 0 0 0]	[0 0 0 0 0 0 0 0 0 0 0 0]	[0 1 0 0 0 1]	[0 0 0 0 0 0]
0	0.5603302717208862	8.972429275512695	2.550264358520508	2.5552825927734375	1.9374439716339111	1.9294381141662598	True	[0 0 0 0 0 1 0 0 0 0 0 0]	[0 0 0 0 0 0 0 0 0 1 0 0]	[0 0 0 0 0 1]	[0 0 1 0 0 0]
0	-0.5	8.97749137878418	2.5532355308532715	2.5560169219970703	1.9386835098266602	1.9295552968978882	True	[0 0 1 0 0 1 0 0 0 0 0 0]	[0 0 0 0 0 0 0 0 0 0 0 0]	[0 1 0 0 0 1]	[0 0 0 0 0 0]
0	0.5361821055412292	8.971048355102539	2.549968719482422	2.555814743041992	1.9374589920043945	1.9278062582015991	True	[0 0 0 0 0 1 0 0 0 0 0 0]	[0 0 0 0 0 0 0 0 0 1 0 0]	[0 0 0 0 0 1]	[0 0 1 0 0 0]
0	-0.5	8.977778434753418	2.5533998012542725	2.555950880050659	1.9387632608413696	1.9296643733978271	True	[0 0 1 0 0 1 0 0 0 0 0 0]	[0 0 0 0 0 0 0 0 0 0 0 0]	[0 1 0 0 0 1]	[0 0 0 0 0 0]
0	0.5556469559669495	8.973308563232422	2.5505058765411377	2.555790424346924	1.9379197359085083	1.929092526435852	True	[0 0 0 0 0 1 0 0 0 0 0 0]	[0 0 0 0 0 0 0 0 0 1 0 0]	[0 0 0 0 0 1]	[0 0 1 0 0 0]
0	-0.5	8.976606369018555	2.5529956817626953	2.5556862354278564	1.9385645389556885	1.9293606281280518	True	[0 0 1 0 0 1 0 0 0 0 0 0]	[0 0 0 0 0 0 0 0 0 0 0 0]	[0 1 0 0 0 1]	[0 0 0 0 0 0]
0	0.5312359929084778	8.972087860107422	2.5506434440612793	2.5554747581481934	1.9379802942276	1.9279896020889282	True	[0 0 0 0 0 1 0 0 0 0 0 0]	[0 0 0 0 0 0 0 0 0 1 0 0]	[0 0 0 0 0 1]	[0 0 1 0 0 0]
0	-0.5	8.978248596191406	2.553454637527466	2.5556840896606445	1.9389287233352661	1.9301815032958984	True	[0 0 1 0 0 1 0 0 0 0 0 0]	[0 0 0 0 0 0 0 0 0 0 0 0]	[0 1 0 0 0 1]	[0 0 0 0 0 0]
0	0.5554981231689453	8.972251892089844	2.5507001876831055	2.555410385131836	1.937652826309204	1.9284884929656982	True	[0 0 0 0 0 1 0 0 0 0 0 0]	[0 0 0 0 0 0 0 0 0 1 0 0]	[0 0 0 0 0 1]	[0 0 1 0 0 0]
0	-0.5	8.976621627807617	2.5532326698303223	2.5558297634124756	1.9386225938796997	1.9289371967315674	True	[0 0 1 0 0 1 0 0 0 0 0 0]	[0 0 0 0 0 0 0 0 0 0 0 0]	[0 1 0 0 0 1]	[0 0 0 0 0 0]
0	0.5587695240974426	8.971724510192871	2.5504403114318848	2.555668354034424	1.9377597570419312	1.927856206893921	True	[0 0 0 0 0 1 0 0 0 0 0 0]	[0 0 0 0 0 0 0 0 0 1 0 0]	[0 0 0 0 0 1]	[0 0 1 0 0 0]
0	-0.5	8.977618217468262	2.5532338619232178	2.5561883449554443	1.939195990562439	1.9290000200271606	True	[0 0 1 0 0 1 0 0 0 0 0 0]	[0 0 0 0 0 0 0 0 0 0 0 0]	[0 1 0 0 0 1]	[0 0 0 0 0 0]
0	0.5505120158195496	8.972429275512695	2.5506751537323	2.555938243865967	1.9374321699142456	1.9283843040466309	True	[0 0 0 0 0 1 0 0 0 0 0 0]	[0 0 0 0 0 0 0 0 0 1 0 0]	[0 0 0 0 0 1]	[0 0 1 0 0 0]
0	-0.5	8.975602149963379	2.5532572269439697	2.555804967880249	1.9384809732437134	1.9280588626861572	True	[0 0 1 0 0 1 0 0 0 0 0 0]	[0 0 0 0 0 0 0 0 0 0 0 0]	[0 1 0 0 0 1]	[0 0 0 0 0 0]
0	0.5229288339614868	8.97159194946289	2.5501983165740967	2.555448055267334	1.9374022483825684	1.9285436868667603	True	[0 0 0 0 0 1 0 0 0 0 0 0]	[0 0 0 0 0 0 0 0 0 1 0 0]	[0 0 0 0 0 1]	[0 0 1 0 0 0]
0	-0.5	8.976913452148438	2.5531728267669678	2.5556533336639404	1.938730239868164	1.9293572902679443	True	[0 0 1 0 0 1 0 0 0 0 0 0]	[0 0 0 0 0 0 0 0 0 0 0 0]	[0 1 0 0 0 1]	[0 0 0 0 0 0]
0	0.5328738689422607	8.972795486450195	2.550642490386963	2.5558664798736572	1.9377361536026	1.9285500049591064	True	[0 0 0 0 0 1 0 0 0 0 0 0]	[0 0 0 0 0 0 0 0 0 1 0 0]	[0 0 0 0 0 1]	[0 0 1 0 0 0]
0	0.2374292016029358	8.976705551147461	2.553443670272827	2.5555901527404785	1.939107894897461	1.9285635948181152	True	[0 0 1 0 0 1 0 0 0 0 0 0]	[0 0 0 0 0 0 0 0 0 0 0 0]	[0 1 0 0 0 1]	[0 0 1 0 1 0]
0	0.5329081416130066	8.972650527954102	2.550405502319336	2.555624485015869	1.937770962715149	1.9288499355316162	True	[0 0 0 0 0 1 0 0 0 0 0 0]	[0 0 0 0 0 0 0 0 0 1 0 0]	[0 0 0 0 0 1]	[0 0 0 0 1 0]
0	0.2470794916152954	8.976795196533203	2.553178548812866	2.555899143218994	1.9388421773910522	1.9288759231567383	True	[0 0 1 0 0 1 0 0 0 0 0 0]	[0 0 0 0 0 0 0 0 0 0 0 0]	[0 1 0 0 0 1]	[0 0 1 0 1 0]
0	0.533066987991333	8.972960472106934	2.5502617359161377	2.555661201477051	1.9377338886260986	1.9293038845062256	True	[0 0 0 0 0 1 0 0 0 0 0 0]	[0 0 0 0 0 0 0 0 0 1 0 0]	[0 0 0 0 0 1]	[0 0 0 0 1 0]
0	0.23682430386543274	8.975985527038574	2.55319881439209	2.5557479858398438	1.9384962320327759	1.928542971611023	True	[0 0 1 0 0 1 0 0 0 0 0 0]	[0 0 0 0 0 0 0 0 0 0 0 0]	[0 1 0 0 0 1]	[0 0 1 0 1 0]
0	0.5510706901550293	8.971962928771973	2.5504815578460693	2.555985689163208	1.938161015510559	1.9273350238800049	True	[0 0 0 0 0 1 0 0 0 0 0 0]	[0 0 0 0 0 0 0 0 0 1 0 0]	[0 0 0 0 0 1]	[0 0 0 0 1 0]
0	0.2481326311826706	8.977130889892578	2.5532588958740234	2.5560526847839355	1.9386893510818481	1.9291298389434814	True	[0 0 1 0 0 1 0 0 0 0 0 0]	[0 0 0 0 0 0 0 0 0 0 0 0]	[0 1 0 0 0 1]	[0 0 1 0 1 0]
1	0.4190889894962311	8.773065567016602	2.4943249225616455	2.5345547199249268	1.8561429977416992	1.8880432844161987	True	[0 0 0 0 0 0 0 0 0 0 1 0]	[0 0 1 0 0 0 0 0 0 0 0 0]	[0 1 0 0 0 0]	[0 0 0 0 1 0]
1	0.32173216342926025	8.927165985107422	2.5334296226501465	2.554145336151123	1.9175488948822021	1.9220420122146606	True	[0 0 0 0 0 0 0 0 0 0 0 0]	[1 0 1 0 0 0 0 0 0 0 0 0]	[0 1 0 1 0 0]	[0 0 0 0 0 0]
1	0.4199782609939575	8.903238296508789	2.5265378952026367	2.5516679286956787	1.9070649147033691	1.9179672002792358	True	[0 0 0 0 0 0 0 0 0 0 1 0]	[0 0 1 0 0 0 0 0 0 0 0 0]	[0 1 0 0 0 0]	[0 0 0 0 1 0]
1	0.36902251839637756	8.924625396728516	2.5328071117401123	2.5538952350616455	1.9162123203277588	1.9217110872268677	True	[0 0 0 0 0 0 0 0 0 0 0 0]	[1 0 1 0 0 0 0 0 0 0 0 0]	[0 1 0 1 0 0]	[0 0 0 0 0 0]
1	0.4220327138900757	8.904634475708008	2.5266058444976807	2.5517096519470215	1.9081734418869019	1.9181454181671143	True	[0 0 0 0 0 0 0 0 0 0 1 0]	[0 0 1 0 0 0 0 0 0 0 0 0]	[0 1 0 0 0 0]	[0 0 0 0 1 0]
1	0.32438045740127563	8.92647933959961	2.5330984592437744	2.5541677474975586	1.9170325994491577	1.9221810102462769	True	[0 0 0 0 0 0 0 0 0 0 0 0]	[1 0 1 0 0 0 0 0 0 0 0 0]	[0 1 0 1 0 0]	[0 0 0 0 0 0]
1	0.406279981136322	8.904685974121094	2.5264949798583984	2.55191969871521	1.907773494720459	1.9184976816177368	True	[0 0 0 0 0 0 0 0 0 0 1 0]	[0 0 1 0 0 0 0 0 0 0 0 0]	[0 1 0 0 0 0]	[0 0 0 0 1 0]
1	0.3615051209926605	8.927186012268066	2.5330870151519775	2.554266929626465	1.9176745414733887	1.922158122062683	True	[0 0 0 0 0 0 0 0 0 0 0 0]	[1 0 1 0 0 0 0 0 0 0 0 0]	[0 1 0 1 0 0]	[0 0 0 0 0 0]
1	0.41379302740097046	8.906139373779297	2.5270121097564697	2.551914691925049	1.9086416959762573	1.918570876121521	True	[0 0 0 0 0 0 0 0 0 0 1 0]	[0 0 1 0 0 0 0 0 0 0 0 0]	[0 1 0 0 0 0]	[0 0 0 0 1 0]
1	0.3359012007713318	8.923683166503906	2.5324277877807617	2.553900718688965	1.916113257408142	1.9212414026260376	True	[0 0 0 0 0 0 0 0 0 0 0 0]	[1 0 1 0 0 0 0 0 0 0 0 0]	[0 1 0 1 0 0]	[0 0 0 0 0 0]
1	0.4402746260166168	8.905393600463867	2.5267560482025146	2.552011013031006	1.9082494974136353	1.9183778762817383	True	[0 0 0 0 0 0 0 0 0 0 1 0]	[0 0 1 0 0 0 0 0 0 0 0 0]	[0 1 0 0 0 0]	[0 0 0 0 1 0]
1	0.31065642833709717	8.927278518676758	2.5333399772644043	2.5541188716888428	1.9176254272460938	1.922194480895996	True	[0 0 0 0 0 0 0 0 0 0 0 0]	[1 0 1 0 0 0 0 0 0 0 0 0]	[0 1 0 1 0 0]	[0 0 0 0 0 0]
1	0.42811688780784607	8.902090072631836	2.5263490676879883	2.551541805267334	1.9069432020187378	1.9172561168670654	True	[0 0 0 0 0 0 0 0 0 0 1 0]	[0 0 1 0 0 0 0 0 0 0 0 0]	[0 1 0 0 0 0]	[0 0 0 0 1 0]
1	0.312844842672348	8.927005767822266	2.533527135848999	2.5541136264801025	1.9171841144561768	1.9221807718276978	True	[0 0 0 0 0 0 0 0 0 0 0 0]	[1 0 1 0 0 0 0 0 0 0 0 0]	[0 1 0 1 0 0]	[0 0 0 0 0 0]
1	0.41309764981269836	8.905802726745605	2.526959180831909	2.5519237518310547	1.9083139896392822	1.9186054468154907	True	[0 0 0 0 0 0 0 0 0 0 1 0]	[0 0 1 0 0 0 0 0 0 0 0 0]	[0 1 0 0 0 0]	[0 0 0 0 1 0]
1	0.3424924612045288	8.927816390991211	2.5333776473999023	2.5542056560516357	1.9172756671905518	1.9229578971862793	True	[0 0 0 0 0 0 0 0 0 0 0 0]	[1 0 1 0 0 0 0 0 0 0 0 0]	[0 1 0 1 0 0]	[0 0 0 0 0 0]
1	0.4346153736114502	8.90522289276123	2.5267207622528076	2.5519022941589355	1.9080866575241089	1.918513536453247	True	[0 0 0 0 0 0 0 0 0 0 1 0]	[0 0 1 0 0 0 0 0 0 0 0 0]	[0 1 0 0 0 0]	[0 0 0 0 1 0]
1	0.3275822401046753	8.93014144897461	2.533947467803955	2.554469347000122	1.9181957244873047	1.9235285520553589	True	[0 0 0 0 0 0 0 0 0 0 0 0]	[1 0 1 0 0 0 0 0 0 0 0 0]	[0 1 0 1 0 0]	[0 0 0 0 0 0]
1	0.41977161169052124	8.90318775177002	2.5264651775360107	2.55191969871521	1.9071191549301147	1.9176832437515259	True	[0 0 0 0 0 0 0 0 0 0 1 0]	[0 0 1 0 0 0 0 0 0 0 0 0]	[0 1 0 0 0 0]	[0 0 0 0 1 0]
1	0.33160635828971863	8.92801284790039	2.5334529876708984	2.554260730743408	1.9174081087112427	1.9228907823562622	True	[0 0 0 0 0 0 0 0 0 0 0 0]	[1 0 1 0 0 0 0 0 0 0 0 0]	[0 1 0 1 0 0]	[0 0 0 0 0 0]
1	0.4193956255912781	8.904520988464355	2.5267162322998047	2.5519707202911377	1.9076578617095947	1.918176531791687	True	[0 0 0 0 0 0 0 0 0 0 1 0]	[0 0 1 0 0 0 0 0 0 0 0 0]	[0 1 0 0 0 0]	[0 0 0 0 1 0]
1	0.3164905905723572	8.927164077758789	2.5331356525421143	2.5540852546691895	1.9176875352859497	1.9222558736801147	True	[0 0 0 0 0 0 0 0 0 0 0 0]	[1 0 1 0 0 0 0 0 0 0 0 0]	[0 1 0 1 0 0]	[0 0 0 0 0 0]
1	0.4306390881538391	8.905232429504395	2.527125120162964	2.5518367290496826	1.9077376127243042	1.9185329675674438	True	[0 0 0 0 0 0 0 0 0 0 1 0]	[0 0 1 0 0 0 0 0 0 0 0 0]	[0 1 0 0 0 0]	[0 0 0 0 1 0]
1	0.29654866456985474	8.92765998840332	2.5332822799682617	2.5542166233062744	1.9178528785705566	1.9223088026046753	True	[0 0 0 0 0 0 0 0 0 0 0 0]	[1 0 1 0 0 0 0 0 0 0 0 0]	[0 1 0 1 0 0]	[0 0 0 0 0 0]
1	0.4290362000465393	8.904956817626953	2.5266799926757812	2.5518391132354736	1.9077262878417969	1.918711543083191	True	[0 0 0 0 0 0 0 0 0 0 1 0]	[0 0 1 0 0 0 0 0 0 0 0 0]	[0 1 0 0 0 0]	[0 0 0 0 1 0]
1	0.3055282235145569	8.925429344177246	2.5330734252929688	2.5540008544921875	1.9168052673339844	1.9215500354766846	True	[0 0 0 0 0 0 0 0 0 0 0 0]	[1 0 1 0 0 0 0 0 0 0 0 0]	[0 1 0 1 0 0]	[0 0 0 0 0 0]
1	0.4073743522167206	8.904233932495117	2.526700973510742	2.551938056945801	1.9076725244522095	1.9179224967956543	True	[0 0 0 0 0 0 0 0 0 0 1 0]	[0 0 1 0 0 0 0 0 0 0 0 0]	[0 1 0 0 0 0]	[0 0 0 0 1 0]
1	0.3328545391559601	8.928653717041016	2.533445119857788	2.5541579723358154	1.9179813861846924	1.923068881034851	True	[0 0 0 0 0 0 0 0 0 0 0 0]	[1 0 1 0 0 0 0 0 0 0 0 0]	[0 1 0 1 0 0]	[0 0 0 0 0 0]
1	0.397868812084198	8.90335750579834	2.5266153812408447	2.551870584487915	1.9071568250656128	1.9177148342132568	True	[0 0 0 0 0 0 0 0 0 0 1 0]	[0 0 1 0 0 0 0 0 0 0 0 0]	[0 1 0 0 0 0]	[0 0 0 0 1 0]
1	0.3003467917442322	8.926076889038086	2.5328707695007324	2.5540409088134766	1.9168193340301514	1.9223456382751465	True	[0 0 0 0 0 0 0 0 0 0 0 0]	[1 0 1 0 0 0 0 0 0 0 0 0]	[0 1 0 1 0 0]	[0 0 0 0 0 0]
2	0.3720638155937195	8.80595874786377	2.536440849304199	2.5126872062683105	1.873706340789795	1.883124589920044	False	[0 0 0 0 0 0 0 0 0 1 0 0]	[0 0 0 0 0 0 1 0 0 0 0 0]	[0 0 0 0 1 0]	[0 1 0 0 0 0]
2	-0.5	8.944064140319824	2.5529372692108154	2.5500030517578125	1.919910192489624	1.9212132692337036	False	[0 0 0 0 0 0 0 0 0 0 0 0]	[0 0 1 0 0 0 1 0 0 0 0 0]	[0 0 0 0 0 0]	[0 1 0 1 0 0]
2	0.06561688333749771	8.881961822509766	2.5459322929382324	2.5338375568389893	1.8982350826263428	1.9039568901062012	False	[0 0 0 0 0 0 0 0 0 1 0 0]	[0 0 0 0 0 0 1 0 0 0 0 0]	[0 0 0 0 1 0]	[0 0 0 1 0 0]
2	-0.5	8.944975852966309	2.553745746612549	2.5503287315368652	1.9195457696914673	1.9213558435440063	False	[0 0 0 0 0 0 0 0 0 0 0 0]	[0 0 1 0 0 0 1 0 0 0 0 0]	[0 0 0 0 0 0]	[0 0 0 0 0 0]
2	0.34292739629745483	8.861390113830566	2.543102979660034	2.528196096420288	1.8917105197906494	1.8983802795410156	False	[0 0 0 0 0 0 0 0 0 1 0 0]	[0 0 0 0 0 0 1 0 0 0 0 0]	[0 0 0 0 1 0]	[0 1 0 0 0 0]
2	-0.5	8.942432403564453	2.5530548095703125	2.5495448112487793	1.9188882112503052	1.9209442138671875	False	[0 0 0 0 0 0 0 0 0 0 0 0]	[0 0 1 0 0 0 1 0 0 0 0 0]	[0 0 0 0 0 0]	[0 1 0 1 0 0]
2	0.08547359704971313	8.882102966308594	2.545985221862793	2.533740520477295	1.898314356803894	1.9040623903274536	False	[0 0 0 0 0 0 0 0 0 1 0 0]	[0 0 0 0 0 0 1 0 0 0 0 0]	[0 0 0 0 1 0]	[0 0 0 1 0 0]
2	-0.5	8.943964958190918	2.553074836730957	2.5500388145446777	1.9194976091384888	1.921353816986084	False	[0 0 0 0 0 0 0 0 0 0 0 0]	[0 0 1 0 0 0 1 0 0 0 0 0]	[0 0 0 0 0 0]	[0 0 0 0 0 0]
2	0.35797035694122314	8.864306449890137	2.5437512397766113	2.5289957523345947	1.8922759294509888	1.8992836475372314	False	[0 0 0 0 0 0 0 0 0 1 0 0]	[0 0 0 0 0 0 1 0 0 0 0 0]	[0 0 0 0 1 0]	[0 1 0 0 0 0]
2	-0.5	8.94461441040039	2.5531702041625977	2.549870491027832	1.919853925704956	1.921720027923584	False	[0 0 0 0 0 0 0 0 0 0 0 0]	[0 0 1 0 0 0 1 0 0 0 0 0]	[0 0 0 0 0 0]	[0 1 0 1 0 0]
2	0.07918643951416016	8.881567001342773	2.546067237854004	2.5338096618652344	1.8981975317001343	1.90349280834198	False	[0 0 0 0 0 0 0 0 0 1 0 0]	[0 0 0 0 0 0 1 0 0 0 0 0]	[0 0 0 0 1 0]	[0 0 0 1 0 0]
2	-0.5	8.94579029083252	2.5535099506378174	2.550309419631958	1.9200763702392578	1.9218947887420654	False	[0 0 0 0 0 0 0 0 0 0 0 0]	[0 0 1 0 0 0 1 0 0 0 0 0]	[0 0 0 0 0 0]	[0 0 0 0 0 0]
2	0.3306947350502014	8.86080265045166	2.542954683303833	2.5276050567626953	1.8914556503295898	1.8987871408462524	False	[0 0 0 0 0 0 0 0 0 1 0 0]	[0 0 0 0 0 0 1 0 0 0 0 0]	[0 0 0 0 1 0]	[0 1 0 0 0 0]
2	-0.5	8.944199562072754	2.5530104637145996	2.5502333641052246	1.9195140600204468	1.9214411973953247	False	[0 0 0 0 0 0 0 0 0 0 0 0]	[0 0 1 0 0 0 1 0 0 0 0 0]	[0 0 0 0 0 0]	[0 1 0 1 0 0]
2	0.07123836874961853	8.880758285522461	2.545938730239868	2.5338540077209473	1.8978543281555176	1.9031113386154175	False	[0 0 0 0 0 0 0 0 0 1 0 0]	[0 0 0 0 0 0 1 0 0 0 0 0]	[0 0 0 0 1 0]	[0 0 0 1 0 0]
2	-0.5	8.941872596740723	2.5523011684417725	2.5492334365844727	1.9195432662963867	1.920794129371643	False	[0 0 0 0 0 0 0 0 0 0 0 0]	[0 0 1 0 0 0 1 0 0 0 0 0]	[0 0 0 0 0 0]	[0 0 0 0 0 0]
2	0.5194531679153442	8.862284660339355	2.5431575775146484	2.528371810913086	1.8921961784362793	1.8985590934753418	False	[0 0 0 0 0 0 0 0 0 1 0 0]	[0 1 1 0 0 0 1 0 0 0 0 0]	[0 0 0 0 1 0]	[0 1 0 0 0 0]
2	0.4893878102302551	8.968681335449219	2.5559027194976807	2.5557873249053955	1.9285831451416016	1.9284076690673828	False	[0 0 0 0 0 0 0 0 0 0 0 0]	[0 1 0 0 0 0 1 0 0 0 0 0]	[0 0 0 1 1 0]	[0 1 0 1 0 0]
2	0.4733754098415375	8.97010612487793	2.5558948516845703	2.5560712814331055	1.929245948791504	1.9288945198059082	False	[0 0 0 0 0 0 0 0 0 1 0 0]	[0 1 1 0 0 0 1 0 0 0 0 0]	[0 0 0 0 1 0]	[0 1 0 0 0 0]
2	0.4957279860973358	8.96855640411377	2.55590558052063	2.555767059326172	1.928356647491455	1.9285271167755127	False	[0 0 0 0 0 0 0 0 0 0 0 0]	[0 1 0 0 0 0 1 0 0 0 0 0]	[0 0 0 1 1 0]	[0 1 0 1 0 0]
2	0.48349395394325256	8.969456672668457	2.5556325912475586	2.5558719635009766	1.9288215637207031	1.9291303157806396	False	[0 0 0 0 0 0 0 0 0 1 0 0]	[0 1 1 0 0 0 1 0 0 0 0 0]	[0 0 0 0 1 0]	[0 1 0 0 0 0]
2	0.43583041429519653	8.968053817749023	2.555889129638672	2.555536985397339	1.9282234907150269	1.928403615951538	False	[0 0 0 0 0 0 0 0 0 0 0 0]	[0 1 0 0 0 0 1 0 0 0 0 0]	[0 0 0 1 1 0]	[0 1 0 1 0 0]
2	0.48038992285728455	8.969636917114258	2.5558550357818604	2.555911064147949	1.9290162324905396	1.9288554191589355	False	[0 0 0 0 0 0 0 0 0 1 0 0]	[0 1 1 0 0 0 1 0 0 0 0 0]	[0 0 0 0 1 0]	[0 1 0 0 0 0]
2	0.45240262150764465	8.96956729888916	2.5559542179107666	2.5560741424560547	1.9288115501403809	1.9287279844284058	False	[0 0 0 0 0 0 0 0 0 0 0 0]	[0 1 0 0 0 0 1 0 0 0 0 0]	[0 0 0 1 1 0]	[0 1 0 1 0 0]
2	0.5004124045372009	8.970430374145508	2.5559542179107666	2.5562868118286133	1.9289371967315674	1.9292529821395874	False	[0 0 0 0 0 0 0 0 0 1 0 0]	[0 1 1 0 0 0 1 0 0 0 0 0]	[0 0 0 0 1 0]	[0 1 0 0 0 0]
2	0.47134608030319214	8.96841049194336	2.555837631225586	2.55594539642334	1.9282807111740112	1.9283469915390015	False	[0 0 0 0 0 0 0 0 0 0 0 0]	[0 1 0 0 0 0 1 0 0 0 0 0]	[0 0 0 1 1 0]	[0 1 0 1 0 0]
2	0.501030683517456	8.968791007995605	2.5561392307281494	2.55600643157959	1.9280202388763428	1.9286249876022339	False	[0 0 0 0 0 0 0 0 0 1 0 0]	[0 1 1 0 0 0 1 0 0 0 0 0]	[0 0 0 0 1 0]	[0 1 0 0 0 0]
2	0.476235568523407	8.969517707824707	2.555786371231079	2.555852174758911	1.9289259910583496	1.9289531707763672	False	[0 0 0 0 0 0 0 0 0 0 0 0]	[0 1 0 0 0 0 1 0 0 0 0 0]	[0 0 0 1 1 0]	[0 1 0 1 0 0]
2	0.5305955410003662	8.969095230102539	2.5558319091796875	2.55572509765625	1.9287471771240234	1.9287914037704468	False	[0 0 0 0 0 0 0 0 0 1 0 0]	[0 1 1 0 0 0 1 0 0 0 0 0]	[0 0 0 0 1 0]	[0 1 0 0 0 0]
2	0.4719594717025757	8.96859359741211	2.5555553436279297	2.555753469467163	1.9286121129989624	1.9286723136901855	False	[0 0 0 0 0 0 0 0 0 0 0 0]	[0 1 0 0 0 0 1 0 0 0 0 0]	[0 0 0 1 1 0]	[0 1 0 1 0 0]
3	0.35925763845443726	8.775446891784668	2.497863292694092	2.534238815307617	1.8815488815307617	1.8617957830429077	False	[1 0 0 0 0 0 0 0 0 0 0 0]	[0 0 0 0 0 1 0 0 0 0 0 0]	[0 0 0 0 1 0]	[0 0 0 0 1 0]
3	0.23272351920604706	8.889642715454102	2.5407228469848633	2.5454368591308594	1.9044554233551025	1.8990278244018555	False	[1 0 0 0 1 0 0 0 0 0 0 0]	[0 0 0 0 0 0 0 0 0 0 0 0]	[0 0 0 0 0 0]	[1 0 0 0 1 0]
3	0.3964354395866394	8.856642723083496	2.5294511318206787	2.5434603691101074	1.8967543840408325	1.886977195739746	False	[1 1 0 0 1 0 0 0 0 0 0 0]	[0 0 0 0 0 1 0 0 0 0 0 0]	[0 0 0 0 1 0]	[0 0 0 0 1 0]
3	0.32986360788345337	8.895038604736328	2.542703628540039	2.546044111251831	1.906341791152954	1.899949312210083	False	[1 1 0 0 0 0 0 0 0 0 0 0]	[0 0 0 0 0 0 0 0 0 0 0 0]	[0 0 0 0 0 0]	[1 0 0 0 1 0]
3	0.38625913858413696	8.893253326416016	2.5416510105133057	2.546055793762207	1.905562400817871	1.8999840021133423	False	[1 1 0 0 1 0 0 0 0 0 0 0]	[0 0 0 0 0 1 0 0 0 0 0 0]	[0 0 0 0 1 0]	[0 0 0 0 1 0]
3	0.3393886387348175	8.892607688903809	2.541853427886963	2.5459976196289062	1.9052597284317017	1.8994966745376587	False	[1 1 0 0 0 0 0 0 0 0 0 0]	[0 0 0 0 0 0 0 0 0 0 0 0]	[0 0 0 0 0 0]	[1 0 0 0 1 0]
3	0.3849429190158844	8.889989852905273	2.541163921356201	2.54565167427063	1.9043227434158325	1.8988512754440308	False	[1 1 0 0 1 0 0 0 0 0 0 0]	[0 0 0 0 0 1 0 0 0 0 0 0]	[0 0 0 0 1 0]	[0 0 0 0 1 0]
3	0.3273947834968567	8.892477035522461	2.5420515537261963	2.545696973800659	1.905066967010498	1.8996620178222656	False	[1 1 0 0 0 0 0 0 0 0 0 0]	[0 0 0 0 0 0 0 0 0 0 0 0]	[0 0 0 0 0 0]	[1 0 0 0 1 0]
3	0.3714829981327057	8.888901710510254	2.5402426719665527	2.5452375411987305	1.9040411710739136	1.8993799686431885	False	[1 1 0 0 1 0 0 0 0 0 0 0]	[0 0 0 0 0 1 0 0 0 0 0 0]	[0 0 0 0 1 0]	[0 0 0 0 1 0]
3	0.33966904878616333	8.896732330322266	2.542985677719116	2.5465738773345947	1.9069623947143555	1.9002104997634888	False	[1 1 0 0 0 0 0 0 0 0 0 0]	[0 0 0 0 0 0 0 0 0 0 0 0]	[0 0 0 0 0 0]	[1 0 0 0 1 0]
3	0.36449557542800903	8.893242835998535	2.542257785797119	2.545802593231201	1.9053325653076172	1.8998496532440186	False	[1 1 0 0 1 0 0 0 0 0 0 0]	[0 0 0 0 0 1 0 0 0 0 0 0]	[0 0 0 0 1 0]	[0 0 0 0 1 0]
3	0.3532406985759735	8.895543098449707	2.5429837703704834	2.5463733673095703	1.9060803651809692	1.9001057147979736	False	[1 1 0 0 0 0 0 0 0 0 0 0]	[0 0 0 0 0 0 0 0 0 0 0 0]	[0 0 0 0 0 0]	[1 0 0 0 1 0]
3	0.36446666717529297	8.892904281616211	2.5415303707122803	2.5462682247161865	1.9049549102783203	1.9001511335372925	False	[1 1 0 0 1 0 0 0 0 0 0 0]	[0 0 0 0 0 1 0 0 0 0 0 0]	[0 0 0 0 1 0]	[0 0 0 0 1 0]
3	0.35741934180259705	8.892755508422852	2.541714668273926	2.545881986618042	1.9051240682601929	1.9000341892242432	False	[1 1 0 0 0 0 0 0 0 0 0 0]	[0 0 0 0 0 0 0 0 0 0 0 0]	[0 0 0 0 0 0]	[1 0 0 0 1 0]
3	0.37731096148490906	8.892265319824219	2.541278839111328	2.546123504638672	1.9048545360565186	1.9000083208084106	False	[1 1 0 0 1 0 0 0 0 0 0 0]	[0 0 0 0 0 1 0 0 0 0 0 0]	[0 0 0 0 1 0]	[0 0 0 0 1 0]
3	0.3450973629951477	8.891945838928223	2.5417237281799316	2.546034812927246	1.9051897525787354	1.898997187614441	False	[1 1 0 0 0 0 0 0 0 0 0 0]	[0 0 0 0 0 0 0 0 0 0 0 0]	[0 0 0 0 0 0]	[1 0 0 0 1 0]
3	0.361412912607193	8.890604972839355	2.5405216217041016	2.5460305213928223	1.9043200016021729	1.8997324705123901	False	[1 1 0 0 1 0 0 0 0 0 0 0]	[0 0 0 0 0 1 0 0 0 0 0 0]	[0 0 0 0 1 0]	[0 0 0 0 1 0]
3	0.31528884172439575	8.894583702087402	2.5427086353302	2.546168804168701	1.905742883682251	1.8999637365341187	False	[1 1 0 0 0 0 0 0 0 0 0 0]	[0 0 0 0 0 0 0 0 0 0 0 0]	[0 0 0 0 0 0]	[1 0 0 0 1 0]
3	0.3641261160373688	8.893163681030273	2.5417096614837646	2.5461738109588623	1.905260682106018	1.9000201225280762	False	[1 1 0 0 1 0 0 0 0 0 0 0]	[0 0 0 0 0 1 0 0 0 0 0 0]	[0 0 0 0 1 0]	[0 0 0 0 1 0]
3	0.3516482412815094	8.892190933227539	2.5417871475219727	2.5460479259490967	1.9047386646270752	1.8996167182922363	False	[1 1 0 0 0 0 0 0 0 0 0 0]	[0 0 0 0 0 0 0 0 0 0 0 0]	[0 0 0 0 0 0]	[1 0 0 0 1 0]
3	0.3693431317806244	8.89205265045166	2.5415196418762207	2.5457992553710938	1.90513014793396	1.8996038436889648	False	[1 1 0 0 1 0 0 0 0 0 0 0]	[0 0 0 0 0 1 0 0 0 0 0 0]	[0 0 0 0 1 0]	[0 0 0 0 1 0]
3	0.3063725531101227	8.893251419067383	2.5422935485839844	2.545879602432251	1.905541181564331	1.8995375633239746	False	[1 1 0 0 0 0 0 0 0 0 0 0]	[0 0 0 0 0 0 0 0 0 0 0 0]	[0 0 0 0 0 0]	[1 0 0 0 1 0]
3	0.35136884450912476	8.887298583984375	2.5401391983032227	2.545276641845703	1.9030719995498657	1.8988113403320312	False	[1 1 0 0 1 0 0 0 0 0 0 0]	[0 0 0 0 0 1 0 0 0 0 0 0]	[0 0 0 0 1 0]	[0 0 0 0 1 0]
3	0.34321099519729614	8.895524978637695	2.543081521987915	2.5461864471435547	1.9061205387115479	1.9001367092132568	False	[1 1 0 0 0 0 0 0 0 0 0 0]	[0 0 0 0 0 0 0 0 0 0 0 0]	[0 0 0 0 0 0]	[1 0 0 0 1 0]
3	0.3816862106323242	8.8916015625	2.5415070056915283	2.5459492206573486	1.9046679735183716	1.899477243423462	False	[1 1 0 0 1 0 0 0 0 0 0 0]	[0 0 0 0 0 1 0 0 0 0 0 0]	[0 0 0 0 1 0]	[0 0 0 0 1 0]
3	0.36531737446784973	8.895404815673828	2.5429024696350098	2.5463383197784424	1.9060728549957275	1.9000911712646484	False	[1 1 0 0 0 0 0 0 0 0 0 0]	[0 0 0 0 0 0 0 0 0 0 0 0]	[0 0 0 0 0 0]	[1 0 0 0 1 0]
3	0.34376588463783264	8.891356468200684	2.540919303894043	2.5459482669830322	1.904493808746338	1.899994969367981	False	[1 1 0 0 1 0 0 0 0 0 0 0]	[0 0 0 0 0 1 0 0 0 0 0 0]	[0 0 0 0 1 0]	[0 0 0 0 1 0]
3	0.3342714309692383	8.893653869628906	2.5423295497894287	2.5460543632507324	1.9055461883544922	1.899724006652832	False	[1 1 0 0 0 0 0 0 0 0 0 0]	[0 0 0 0 0 0 0 0 0 0 0 0]	[0 0 0 0 0 0]	[1 0 0 0 1 0]
3	0.3690434694290161	8.893139839172363	2.5418410301208496	2.5461320877075195	1.9053316116333008	1.899835228919983	False	[1 1 0 0 1 0 0 0 0 0 0 0]	[0 0 0 0 0 1 0 0 0 0 0 0]	[0 0 0 0 1 0]	[0 0 0 0 1 0]
3	0.291673868894577	8.894754409790039	2.54246187210083	2.5461628437042236	1.9060416221618652	1.9000883102416992	False	[1 1 0 0 0 0 0 0 0 0 0 0]	[0 0 0 0 0 0 0 0 0 0 0 0]	[0 0 0 0 0 0]	[1 0 0 0 1 0]
4	0.32529836893081665	8.87734603881836	2.540311574935913	2.509993076324463	1.9125268459320068	1.914514183998108	False	[1 0 0 0 0 0 0 0 0 0 0 0]	[0 1 0 0 0 0 0 0 0 0 0 0]	[0 0 0 0 1 0]	[0 0 0 0 1 0]
4	-0.5	8.945686340332031	2.5520853996276855	2.54020357131958	1.924835443496704	1.9285616874694824	False	[1 0 0 0 0 0 0 0 0 1 0 0]	[0 0 0 0 0 0 0 0 0 0 0 0]	[0 0 0 0 0 0]	[0 0 0 0 0 0]
4	0.3820973336696625	8.915149688720703	2.5469930171966553	2.5257568359375	1.9210567474365234	1.9213426113128662	False	[0 0 0 0 0 0 0 0 0 1 0 0]	[0 1 0 0 0 0 0 0 0 0 0 0]	[0 0 0 0 1 0]	[0 0 0 0 1 0]
4	-1.0	8.94499683380127	2.5516834259033203	2.5394985675811768	1.9248504638671875	1.9289642572402954	False	[0 0 0 0 0 0 0 0 0 0 0 0]	[0 0 0 0 0 0 0 0 0 0 0 0]	[0 0 0 0 0 0]	[0 0 0 0 0 0]
4	0.3466208577156067	8.877296447753906	2.5402917861938477	2.5108754634857178	1.9117529392242432	1.9143757820129395	False	[1 0 0 0 0 0 0 0 0 0 0 0]	[0 1 0 0 0 0 0 0 0 0 0 0]	[0 0 0 0 1 0]	[0 0 0 0 1 0]
4	-0.5	8.94579792022705	2.551657199859619	2.5396578311920166	1.925461769104004	1.929020881652832	False	[1 0 0 0 0 0 0 0 0 1 0 0]	[0 0 0 0 0 0 0 0 0 0 0 0]	[0 0 0 0 0 0]	[0 0 0 0 0 0]
4	0.38106581568717957	8.915319442749023	2.5470542907714844	2.5262250900268555	1.920843482017517	1.9211969375610352	False	[0 0 0 0 0 0 0 0 0 1 0 0]	[0 1 0 0 0 0 0 0 0 0 0 0]	[0 0 0 0 1 0]	[0 0 0 0 1 0]
4	-1.0	8.946735382080078	2.552001476287842	2.5400547981262207	1.9256037473678589	1.9290753602981567	False	[0 0 0 0 0 0 0 0 0 0 0 0]	[0 0 0 0 0 0 0 0 0 0 0 0]	[0 0 0 0 0 0]	[0 0 0 0 0 0]
4	0.3282325267791748	8.880023002624512	2.540646553039551	2.5122268199920654	1.9122686386108398	1.914880394935608	False	[1 0 0 0 0 0 0 0 0 0 0 0]	[0 1 0 0 0 0 0 0 0 0 0 0]	[0 0 0 0 1 0]	[0 0 0 0 1 0]
4	-0.5	8.946666717529297	2.5518290996551514	2.5394046306610107	1.925973653793335	1.9294593334197998	False	[1 0 0 0 0 0 0 0 0 1 0 0]	[0 0 0 0 0 0 0 0 0 0 0 0]	[0 0 0 0 0 0]	[0 0 0 0 0 0]
4	0.3629102110862732	8.916177749633789	2.547276020050049	2.525695562362671	1.9216561317443848	1.9215501546859741	False	[0 0 0 0 0 0 0 0 0 1 0 0]	[0 1 0 0 0 0 0 0 0 0 0 0]	[0 0 0 0 1 0]	[0 0 0 0 1 0]
4	-1.0	8.946578979492188	2.551837921142578	2.539954662322998	1.925652265548706	1.9291341304779053	False	[0 0 0 0 0 0 0 0 0 0 0 0]	[0 0 0 0 0 0 0 0 0 0 0 0]	[0 0 0 0 0 0]	[0 0 0 0 0 0]
4	0.35014867782592773	8.876513481140137	2.540491819381714	2.510782241821289	1.911202073097229	1.9140369892120361	False	[1 0 0 0 0 0 0 0 0 0 0 0]	[0 1 0 0 0 0 0 0 0 0 0 0]	[0 0 0 0 1 0]	[0 0 0 0 1 0]
4	-0.5	8.945536613464355	2.5516152381896973	2.539334297180176	1.9254915714263916	1.9290955066680908	False	[1 0 0 0 0 0 0 0 0 1 0 0]	[0 0 0 0 0 0 0 0 0 0 0 0]	[0 0 0 0 0 0]	[0 0 0 0 0 0]
4	0.39036232233047485	8.914098739624023	2.5465657711029053	2.525740146636963	1.9206223487854004	1.921170949935913	False	[0 0 0 0 0 0 0 0 0 1 0 0]	[0 1 0 0 0 0 0 0 0 0 0 0]	[0 0 0 0 1 0]	[0 0 0 0 1 0]
4	-1.0	8.946596145629883	2.551982879638672	2.5399560928344727	1.925483226776123	1.9291738271713257	False	[0 0 0 0 0 0 0 0 0 0 0 0]	[0 0 0 0 0 0 0 0 0 0 0 0]	[0 0 0 0 0 0]	[0 0 0 0 0 0]
4	0.3376184105873108	8.875504493713379	2.5401439666748047	2.5098109245300293	1.9113041162490845	1.9142452478408813	False	[1 0 0 0 0 0 0 0 0 0 0 0]	[0 1 0 0 0 0 0 0 0 0 0 0]	[0 0 0 0 1 0]	[0 0 0 0 1 0]
4	-0.5	8.948534965515137	2.5523927211761475	2.5409998893737793	1.9258257150650024	1.929316759109497	False	[1 0 0 0 0 0 0 0 0 1 0 0]	[0 0 0 0 0 0 0 0 0 0 0 0]	[0 0 0 0 0 0]	[0 0 0 0 0 0]
4	0.4058336019515991	8.914839744567871	2.547121524810791	2.525447368621826	1.9209706783294678	1.921299934387207	False	[0 0 0 0 0 0 0 0 0 1 0 0]	[0 1 0 0 0 0 0 0 0 0 0 0]	[0 0 0 0 1 0]	[0 0 0 0 1 0]
4	-1.0	8.945727348327637	2.551931619644165	2.539576292037964	1.9253432750701904	1.9288761615753174	False	[0 0 0 0 0 0 0 0 0 0 0 0]	[0 0 0 0 0 0 0 0 0 0 0 0]	[0 0 0 0 0 0]	[0 0 0 0 0 0]
4	0.3132241666316986	8.875995635986328	2.539912223815918	2.5096089839935303	1.912138819694519	1.9143353700637817	False	[1 0 0 0 0 0 0 0 0 0 0 0]	[0 1 0 0 0 0 0 0 0 0 0 0]	[0 0 0 0 1 0]	[0 0 0 0 1 0]
4	-0.5	8.946127891540527	2.5517704486846924	2.539729118347168	1.925576090812683	1.9290523529052734	False	[1 0 0 0 0 0 0 0 0 1 0 0]	[0 0 0 0 0 0 0 0 0 0 0 0]	[0 0 0 0 0 0]	[0 0 0 0 0 0]
4	0.41236448287963867	8.91482925415039	2.5469439029693604	2.5257813930511475	1.9211922883987427	1.9209115505218506	False	[0 0 0 0 0 0 0 0 0 1 0 0]	[0 1 0 0 0 0 0 0 0 0 0 0]	[0 0 0 0 1 0]	[0 0 0 0 1 0]
4	-1.0	8.945301055908203	2.551781177520752	2.539353847503662	1.9253374338150024	1.9288291931152344	False	[0 0 0 0 0 0 0 0 0 0 0 0]	[0 0 0 0 0 0 0 0 0 0 0 0]	[0 0 0 0 0 0]	[0 0 0 0 0 0]
4	0.32750362157821655	8.875046730041504	2.539860486984253	2.5101311206817627	1.9111931324005127	1.9138624668121338	False	[1 0 0 0 0 0 0 0 0 0 0 0]	[0 1 0 0 0 0 0 0 0 0 0 0]	[0 0 0 0 1 0]	[0 0 0 0 1 0]
4	-0.5	8.94724178314209	2.5520360469818115	2.540301561355591	1.92562997341156	1.9292739629745483	False	[1 0 0 0 0 0 0 0 0 1 0 0]	[0 0 0 0 0 0 0 0 0 0 0 0]	[0 0 0 0 0 0]	[0 0 0 0 0 0]
4	0.3608788549900055	8.914320945739746	2.5466630458831787	2.5256762504577637	1.9206632375717163	1.9213186502456665	False	[0 0 0 0 0 0 0 0 0 1 0 0]	[0 1 0 0 0 0 0 0 0 0 0 0]	[0 0 0 0 1 0]	[0 0 0 0 1 0]
4	-1.0	8.94624137878418	2.5518572330474854	2.5398242473602295	1.9254248142242432	1.9291348457336426	False	[0 0 0 0 0 0 0 0 0 0 0 0]	[0 0 0 0 0 0 0 0 0 0 0 0]	[0 0 0 0 0 0]	[0 0 0 0 0 0]
4	0.31903818249702454	8.875870704650879	2.540376901626587	2.5104172229766846	1.9110900163650513	1.9139864444732666	False	[1 0 0 0 0 0 0 0 0 0 0 0]	[0 1 0 0 0 0 0 0 0 0 0 0]	[0 0 0 0 1 0]	[0 0 0 0 1 0]
4	-0.5	8.946035385131836	2.552163600921631	2.5402841567993164	1.9248783588409424	1.928708791732788	False	[1 0 0 0 0 0 0 0 0 1 0 0]	[0 0 0 0 0 0 0 0 0 0 0 0]	[0 0 0 0 0 0]	[0 0 0 0 0 0]
5	0.45645245909690857	8.813437461853027	2.524270534515381	2.4788596630096436	1.9068242311477661	1.9034833908081055	False	[0 0 0 0 0 0 0 0 0 0 1 0]	[0 0 0 0 0 0 1 0 0 0 0 0]	[1 0 0 0 0 0]	[0 1 0 0 0 0]
5	0.32125869393348694	8.874496459960938	2.538104772567749	2.517639398574829	1.9089818000793457	1.9097704887390137	False	[0 0 0 0 0 0 1 0 0 0 1 0]	[0 0 0 0 0 0 0 0 0 0 0 0]	[1 1 0 0 0 0]	[1 1 0 0 0 0]
5	0.051713671535253525	8.873529434204102	2.5385990142822266	2.517268657684326	1.9081863164901733	1.9094756841659546	False	[0 0 0 0 0 0 0 0 0 0 1 0]	[0 0 0 0 0 0 1 0 0 0 0 0]	[1 0 0 0 0 0]	[1 0 0 0 0 0]
5	0.32651060819625854	8.854248046875	2.534203052520752	2.50309681892395	1.90859854221344	1.9083499908447266	False	[0 0 0 0 0 0 1 0 0 0 1 0]	[0 0 0 0 0 0 0 0 0 0 0 0]	[1 1 0 0 0 0]	[1 1 0 0 0 0]
5	0.04788927361369133	8.873085021972656	2.5385353565216064	2.515451192855835	1.9092466831207275	1.9098517894744873	False	[0 0 0 0 0 0 0 0 0 0 1 0]	[0 0 0 0 0 0 1 0 0 0 0 0]	[1 0 0 0 0 0]	[1 0 0 0 0 0]
5	0.02223832719027996	8.854242324829102	2.534548044204712	2.5031235218048096	1.9082708358764648	1.908299446105957	False	[0 0 0 0 0 0 0 0 0 0 0 0]	[0 0 0 0 0 0 0 0 0 0 0 0]	[1 1 0 0 0 0]	[1 1 0 0 0 0]
5	0.046983882784843445	8.853381156921387	2.5342657566070557	2.503392219543457	1.9077037572860718	1.9080195426940918	False	[0 0 0 0 0 0 0 0 0 0 1 0]	[0 0 0 0 0 0 1 0 0 0 0 0]	[1 0 0 0 0 0]	[1 0 0 0 0 0]
5	0.02408963069319725	8.853431701660156	2.534173011779785	2.5025129318237305	1.9085156917572021	1.9082295894622803	False	[0 0 0 0 0 0 0 0 0 0 0 0]	[0 0 0 0 0 0 0 0 0 0 0 0]	[1 1 0 0 0 0]	[1 1 0 0 0 0]
5	0.05472782626748085	8.853821754455566	2.534757375717163	2.502551317214966	1.9082558155059814	1.9082577228546143	False	[0 0 0 0 0 0 0 0 0 0 1 0]	[0 0 0 0 0 0 1 0 0 0 0 0]	[1 0 0 0 0 0]	[1 0 0 0 0 0]
5	0.022997654974460602	8.855881690979004	2.5346410274505615	2.5034587383270264	1.9091719388961792	1.9086098670959473	False	[0 0 0 0 0 0 0 0 0 0 0 0]	[0 0 0 0 0 0 0 0 0 0 0 0]	[1 1 0 0 0 0]	[1 1 0 0 0 0]
5	0.039451342076063156	8.856431007385254	2.5350124835968018	2.5041093826293945	1.9087607860565186	1.9085485935211182	False	[0 0 0 0 0 0 0 0 0 0 1 0]	[0 0 0 0 0 0 1 0 0 0 0 0]	[1 0 0 0 0 0]	[1 0 0 0 0 0]
5	0.031266842037439346	8.85555648803711	2.535008192062378	2.5032968521118164	1.908767819404602	1.9084837436676025	False	[0 0 0 0 0 0 0 0 0 0 0 0]	[0 0 0 0 0 0 0 0 0 0 0 0]	[1 1 0 0 0 0]	[1 1 0 0 0 0]
5	0.04890228807926178	8.856247901916504	2.5350918769836426	2.5048317909240723	1.9083383083343506	1.9079854488372803	False	[0 0 0 0 0 0 0 0 0 0 1 0]	[0 0 0 0 0 0 1 0 0 0 0 0]	[1 0 0 0 0 0]	[1 0 0 0 0 0]
5	0.023127764463424683	8.854756355285645	2.5350255966186523	2.5035793781280518	1.9081532955169678	1.9079980850219727	False	[0 0 0 0 0 0 0 0 0 0 0 0]	[0 0 0 0 0 0 0 0 0 0 0 0]	[1 1 0 0 0 0]	[1 1 0 0 0 0]
5	0.049542225897312164	8.85575008392334	2.5349342823028564	2.5037012100219727	1.9083421230316162	1.9087724685668945	False	[0 0 0 0 0 0 0 0 0 0 1 0]	[0 0 0 0 0 0 1 0 0 0 0 0]	[1 0 0 0 0 0]	[1 0 0 0 0 0]
5	0.032168999314308167	8.852690696716309	2.5341365337371826	2.5025529861450195	1.908294439315796	1.907706379890442	False	[0 0 0 0 0 0 0 0 0 0 0 0]	[0 0 0 0 0 0 0 0 0 0 0 0]	[1 1 0 0 0 0]	[1 1 0 0 0 0]
5	0.034377437084913254	8.856338500976562	2.5350542068481445	2.504650592803955	1.9083303213119507	1.9083030223846436	False	[0 0 0 0 0 0 0 0 0 0 1 0]	[0 0 0 0 0 0 1 0 0 0 0 0]	[1 0 0 0 0 0]	[1 0 0 0 0 0]
5	0.026548855006694794	8.85403823852539	2.534341335296631	2.5035252571105957	1.9077048301696777	1.9084664583206177	False	[0 0 0 0 0 0 0 0 0 0 0 0]	[0 0 0 0 0 0 0 0 0 0 0 0]	[1 1 0 0 0 0]	[1 1 0 0 0 0]
5	0.044276636093854904	8.857324600219727	2.535215377807617	2.5052177906036377	1.9081578254699707	1.9087333679199219	False	[0 0 0 0 0 0 0 0 0 0 1 0]	[0 0 0 0 0 0 1 0 0 0 0 0]	[1 0 0 0 0 0]	[1 0 0 0 0 0]
5	0.035176753997802734	8.852509498596191	2.5335094928741455	2.501965284347534	1.908268928527832	1.9087655544281006	False	[0 0 0 0 0 0 0 0 0 0 0 0]	[0 0 0 0 0 0 0 0 0 0 0 0]	[1 1 0 0 0 0]	[1 1 0 0 0 0]
5	0.012717715464532375	8.856021881103516	2.5350043773651123	2.50458025932312	1.9082539081573486	1.9081834554672241	False	[0 0 0 0 0 0 1 0 0 0 0 0]	[0 0 0 0 0 0 1 0 0 0 0 0]	[1 0 0 0 0 0]	[1 0 0 0 0 0]
5	0.32270777225494385	8.837766647338867	2.5314459800720215	2.4929745197296143	1.9074609279632568	1.9058843851089478	False	[0 0 0 0 0 0 1 0 0 0 1 0]	[0 0 0 0 0 0 0 0 0 0 0 0]	[1 0 0 0 1 0]	[1 1 0 0 0 0]
5	0.051246289163827896	8.871740341186523	2.53798770904541	2.5147759914398193	1.908987045288086	1.9099892377853394	False	[0 0 0 0 0 0 0 0 0 0 1 0]	[0 0 0 0 0 0 1 0 0 0 0 0]	[1 1 0 0 1 0]	[1 0 0 0 0 0]
5	0.3257341980934143	8.86807632446289	2.537881851196289	2.512742757797241	1.90842604637146	1.9090248346328735	False	[0 0 0 0 0 0 1 0 0 0 1 0]	[0 0 0 0 0 0 0 0 0 0 0 0]	[1 0 0 0 1 0]	[1 1 0 0 0 0]
5	0.05919814854860306	8.870901107788086	2.5380284786224365	2.51460599899292	1.9087599515914917	1.9095070362091064	False	[0 0 0 0 0 0 0 0 0 0 1 0]	[0 0 0 0 0 0 1 0 0 0 0 0]	[1 1 0 0 1 0]	[1 0 0 0 0 0]
5	0.30025988817214966	8.867958068847656	2.537630081176758	2.5130698680877686	1.9081933498382568	1.9090642929077148	False	[0 0 0 0 0 0 1 0 0 0 1 0]	[0 0 0 0 0 0 0 0 0 0 0 0]	[1 0 0 0 1 0]	[1 1 0 0 0 0]
5	0.04455633834004402	8.869966506958008	2.537639617919922	2.5153772830963135	1.9080754518508911	1.908874273300171	False	[0 0 0 0 0 0 0 0 0 0 1 0]	[0 0 0 0 0 0 1 0 0 0 0 0]	[1 1 0 0 1 0]	[1 0 0 0 0 0]
5	0.3363628387451172	8.867606163024902	2.5374491214752197	2.5117990970611572	1.9085769653320312	1.9097813367843628	False	[0 0 0 0 0 0 1 0 0 0 1 0]	[0 0 0 0 0 0 0 0 0 0 0 0]	[1 0 0 0 1 0]	[1 1 0 0 0 0]
5	0.049493733793497086	8.871967315673828	2.5382468700408936	2.515458822250366	1.9087979793548584	1.90946364402771	False	[0 0 0 0 0 0 0 0 0 0 1 0]	[0 0 0 0 0 0 1 0 0 0 0 0]	[1 1 0 0 1 0]	[1 0 0 0 0 0]
5	0.3305552303791046	8.865422248840332	2.5368704795837402	2.51171875	1.908081293106079	1.9087514877319336	False	[0 0 0 0 0 0 1 0 0 0 1 0]	[0 0 0 0 0 0 0 0 0 0 0 0]	[1 0 0 0 1 0]	[1 1 0 0 0 0]
6	0.042794495820999146	8.791428565979004	2.517573356628418	2.439908266067505	1.9006494283676147	1.9332973957061768	False	[0 0 0 0 0 0 0 0 0 0 1 0]	[0 0 0 0 0 0 1 0 0 0 0 0]	[1 0 0 0 0 0]	[1 0 0 0 0 0]
6	0.40801307559013367	8.835386276245117	2.520486354827881	2.483917713165283	1.9021536111831665	1.9288289546966553	False	[0 0 0 0 0 0 0 1 0 0 1 0]	[0 0 0 0 0 0 0 0 0 0 0 0]	[1 0 0 0 1 0]	[1 0 0 0 0 1]
6	0.04591791331768036	8.85091781616211	2.522221565246582	2.5045504570007324	1.900894045829773	1.9232521057128906	False	[0 0 0 0 0 0 0 0 0 0 1 0]	[0 0 0 0 0 0 1 0 0 0 0 0]	[1 0 0 0 0 0]	[1 0 0 0 0 0]
6	0.36421820521354675	8.836559295654297	2.5214054584503174	2.483680248260498	1.90232515335083	1.9291484355926514	False	[0 0 0 0 0 0 0 1 0 0 1 0]	[0 0 0 0 0 0 0 0 0 0 0 0]	[1 0 0 0 1 0]	[1 0 0 0 0 1]
6	0.04590638354420662	8.850647926330566	2.522021770477295	2.5049550533294678	1.9007198810577393	1.9229516983032227	False	[0 0 0 0 0 0 0 0 0 0 1 0]	[0 0 0 0 0 0 1 0 0 0 0 0]	[1 0 0 0 0 0]	[1 0 0 0 0 0]
6	0.37613993883132935	8.840935707092285	2.521932601928711	2.485991954803467	1.9036760330200195	1.929335117340088	False	[0 0 0 0 0 0 0 1 0 0 1 0]	[0 0 0 0 0 0 0 0 0 0 0 0]	[1 0 0 0 1 0]	[1 0 0 0 0 1]
6	0.04410771653056145	8.842312812805176	2.519956350326538	2.501225709915161	1.8985536098480225	1.922577142715454	False	[0 0 0 0 0 0 0 0 0 0 1 0]	[0 0 0 0 0 0 1 0 0 0 0 0]	[1 0 0 0 0 0]	[1 0 0 0 0 0]
6	0.39100000262260437	8.831279754638672	2.5198781490325928	2.4814343452453613	1.901341199874878	1.928626298904419	False	[0 0 0 0 0 0 0 1 0 0 1 0]	[0 0 0 0 0 0 0 0 0 0 0 0]	[1 0 0 0 1 0]	[1 0 0 0 0 1]
6	0.04478151351213455	8.85058307647705	2.5216610431671143	2.504749298095703	1.9010958671569824	1.9230774641036987	False	[0 0 0 0 0 0 0 0 0 0 1 0]	[0 0 0 0 0 0 1 0 0 0 0 0]	[1 0 0 0 0 0]	[1 0 0 0 0 0]
6	0.3793438971042633	8.841272354125977	2.522024154663086	2.485903263092041	1.903962254524231	1.9293829202651978	False	[0 0 0 0 0 0 0 1 0 0 1 0]	[0 0 0 0 0 0 0 0 0 0 0 0]	[1 0 0 0 1 0]	[1 0 0 0 0 1]
6	0.04322802275419235	8.850653648376465	2.521890163421631	2.5055320262908936	1.9005615711212158	1.9226707220077515	False	[0 0 0 0 0 0 0 0 0 0 1 0]	[0 0 0 0 0 0 1 0 0 0 0 0]	[1 0 0 0 0 0]	[1 0 0 0 0 0]
6	0.3615880608558655	8.84260368347168	2.523132562637329	2.485429048538208	1.904355764389038	1.9296863079071045	False	[0 0 0 0 0 0 0 1 0 0 1 0]	[0 0 0 0 0 0 0 0 0 0 0 0]	[1 0 0 0 1 0]	[1 0 0 0 0 1]
6	0.05374406278133392	8.854781150817871	2.5233817100524902	2.506540298461914	1.901747465133667	1.923111915588379	False	[0 0 0 0 0 0 0 0 0 0 1 0]	[0 0 0 0 0 0 1 0 0 0 0 0]	[1 0 0 0 0 0]	[1 0 0 0 0 0]
6	0.38795000314712524	8.84510612487793	2.523125648498535	2.4878787994384766	1.9041568040847778	1.9299453496932983	False	[0 0 0 0 0 0 0 1 0 0 1 0]	[0 0 0 0 0 0 0 0 0 0 0 0]	[1 0 0 0 1 0]	[1 0 0 0 0 1]
6	0.0441516675055027	8.853310585021973	2.522919178009033	2.5055110454559326	1.9015164375305176	1.9233640432357788	False	[0 0 0 0 0 0 0 0 0 0 1 0]	[0 0 0 0 0 0 1 0 0 0 0 0]	[1 0 0 0 0 0]	[1 0 0 0 0 0]
6	0.36330556869506836	8.83669662475586	2.5215065479278564	2.4828526973724365	1.903135061264038	1.9292024374008179	False	[0 0 0 0 0 0 0 1 0 0 1 0]	[0 0 0 0 0 0 0 0 0 0 0 0]	[1 0 0 0 1 0]	[1 0 0 0 0 1]
6	0.03143122419714928	8.853134155273438	2.522862672805786	2.505614995956421	1.9013190269470215	1.923337459564209	False	[0 0 0 0 0 0 0 0 0 0 1 0]	[0 0 0 0 0 0 1 0 0 0 0 0]	[1 0 0 0 0 0]	[1 0 0 0 0 0]
6	0.3749372363090515	8.833089828491211	2.5201241970062256	2.4822030067443848	1.9018464088439941	1.9289166927337646	False	[0 0 0 0 0 0 0 1 0 0 1 0]	[0 0 0 0 0 0 0 0 0 0 0 0]	[1 0 0 0 1 0]	[1 0 0 0 0 1]
6	0.04328690841794014	8.847143173217773	2.5209879875183105	2.5033514499664307	1.8997304439544678	1.9230730533599854	False	[0 0 0 0 0 0 0 0 0 0 1 0]	[0 0 0 0 0 0 1 0 0 0 0 0]	[1 0 0 0 0 0]	[1 0 0 0 0 0]
6	0.39464041590690613	8.83447551727295	2.520474672317505	2.4830915927886963	1.9018418788909912	1.9290677309036255	False	[0 0 0 0 0 0 0 1 0 0 1 0]	[0 0 0 0 0 0 0 0 0 0 0 0]	[1 0 0 0 1 0]	[1 0 0 0 0 1]
6	0.04276246950030327	8.84976577758789	2.5218851566314697	2.504396915435791	1.900648593902588	1.9228352308273315	False	[0 0 0 0 0 0 0 0 0 0 1 0]	[0 0 0 0 0 0 1 0 0 0 0 0]	[1 0 0 0 0 0]	[1 0 0 0 0 0]
6	0.40072154998779297	8.837292671203613	2.521049737930298	2.4842822551727295	1.9029937982559204	1.9289673566818237	False	[0 0 0 0 0 0 0 1 0 0 1 0]	[0 0 0 0 0 0 0 0 0 0 0 0]	[1 0 0 0 1 0]	[1 0 0 0 0 1]
6	0.03933781757950783	8.852959632873535	2.5227768421173096	2.5055079460144043	1.9012205600738525	1.9234540462493896	False	[0 0 0 0 0 0 0 0 0 0 1 0]	[0 0 0 0 0 0 1 0 0 0 0 0]	[1 0 0 0 0 0]	[1 0 0 0 0 0]
6	0.3722115755081177	8.836019515991211	2.5208845138549805	2.483511209487915	1.9026743173599243	1.9289499521255493	False	[0 0 0 0 0 0 0 1 0 0 1 0]	[0 0 0 0 0 0 0 0 0 0 0 0]	[1 0 0 0 1 0]	[1 0 0 0 0 1]
6	0.043952714651823044	8.850728988647461	2.522158145904541	2.504772424697876	1.9009156227111816	1.9228825569152832	False	[0 0 0 0 0 0 0 0 0 0 1 0]	[0 0 0 0 0 0 1 0 0 0 0 0]	[1 0 0 0 0 0]	[1 0 0 0 0 0]
6	0.41255927085876465	8.830753326416016	2.519385814666748	2.481785297393799	1.9012260437011719	1.9283558130264282	False	[0 0 0 0 0 0 0 1 0 0 1 0]	[0 0 0 0 0 0 0 0 0 0 0 0]	[1 0 0 0 1 0]	[1 0 0 0 0 1]
6	0.04746636748313904	8.852581977844238	2.52264404296875	2.505148410797119	1.9010947942733765	1.923694372177124	False	[0 0 0 0 0 0 0 0 0 0 1 0]	[0 0 0 0 0 0 1 0 0 0 0 0]	[1 0 0 0 0 0]	[1 0 0 0 0 0]
6	0.38877883553504944	8.837706565856934	2.5215351581573486	2.4835236072540283	1.9032847881317139	1.9293636083602905	False	[0 0 0 0 0 0 0 1 0 0 1 0]	[0 0 0 0 0 0 0 0 0 0 0 0]	[1 0 0 0 1 0]	[1 0 0 0 0 1]
6	0.04617582634091377	8.84546184539795	2.520688533782959	2.5026490688323975	1.899613380432129	1.9225112199783325	False	[0 0 0 0 0 0 0 0 0 0 1 0]	[0 0 0 0 0 0 1 0 0 0 0 0]	[1 0 0 0 0 0]	[1 0 0 0 0 0]
6	0.3908921778202057	8.831432342529297	2.5201547145843506	2.4813361167907715	1.9013862609863281	1.9285550117492676	False	[0 0 0 0 0 0 0 1 0 0 1 0]	[0 0 0 0 0 0 0 0 0 0 0 0]	[1 0 0 0 1 0]	[1 0 0 0 0 1]
7	0.561759352684021	8.848298072814941	2.51004695892334	2.5163064002990723	1.8927576541900635	1.929186463356018	False	[0 0 0 1 0 0 0 0 0 0 0 0]	[0 0 0 0 0 0 0 0 0 0 0 1]	[0 0 1 0 0 0]	[0 0 0 0 0 1]
7	0.2093144804239273	8.881525993347168	2.536141872406006	2.5376977920532227	1.8992222547531128	1.9084641933441162	False	[0 0 0 1 0 0 1 0 0 0 0 0]	[0 0 0 0 0 0 0 0 1 0 0 1]	[0 0 1 0 1 0]	[0 0 0 0 0 0]
7	0.3751603364944458	8.905580520629883	2.536329746246338	2.538930892944336	1.9095045328140259	1.9208155870437622	False	[0 0 0 0 0 0 1 0 0 0 0 0]	[0 0 1 0 0 0 0 0 1 0 0 1]	[0 0 0 0 1 0]	[0 0 0 0 0 1]
7	0.20313821732997894	8.89026927947998	2.5359978675842285	2.5378305912017822	1.9034316539764404	1.9130089282989502	False	[0 0 0 1 0 0 1 0 0 0 0 0]	[0 0 1 0 0 0 0 0 0 0 0 1]	[0 0 1 0 1 0]	[0 0 0 0 0 0]
7	0.3999018669128418	8.911064147949219	2.538137197494507	2.5402698516845703	1.9106119871139526	1.9220452308654785	False	[0 0 0 0 0 0 1 0 0 0 0 0]	[0 0 0 0 0 0 0 0 0 0 0 1]	[0 0 0 0 1 0]	[0 0 0 0 0 1]
7	0.19973984360694885	8.882436752319336	2.53373384475708	2.535965919494629	1.9012727737426758	1.9114638566970825	False	[0 0 0 1 0 0 1 0 0 0 0 0]	[0 0 1 0 0 0 0 0 0 0 0 1]	[0 0 1 0 1 0]	[0 0 0 0 0 0]
7	0.4513137936592102	8.908985137939453	2.537461042404175	2.539980173110962	1.91041898727417	1.9211251735687256	False	[0 0 0 0 0 0 1 0 0 0 0 0]	[0 0 0 0 0 0 0 0 0 0 0 1]	[0 0 0 0 1 0]	[0 0 0 0 0 1]
7	0.20398065447807312	8.880112648010254	2.533137321472168	2.535696506500244	1.9003772735595703	1.9109015464782715	False	[0 0 0 1 0 0 1 0 0 0 0 0]	[0 0 1 0 0 0 0 0 0 0 0 1]	[0 0 1 0 1 0]	[0 0 0 0 0 0]
7	0.4224061667919159	8.906005859375	2.536452531814575	2.5388901233673096	1.909578561782837	1.921083927154541	False	[0 0 0 0 0 0 1 0 0 0 0 0]	[0 0 0 0 0 0 0 0 0 0 0 1]	[0 0 0 0 1 0]	[0 0 0 0 0 1]
7	0.21487148106098175	8.885517120361328	2.535233974456787	2.537008285522461	1.9019508361816406	1.911324381828308	False	[0 0 0 1 0 0 1 0 0 0 0 0]	[0 0 1 0 0 0 0 0 0 0 0 1]	[0 0 1 0 1 0]	[0 0 0 0 0 0]
7	0.4234153628349304	8.909974098205566	2.5373048782348633	2.54018235206604	1.91050386428833	1.9219831228256226	False	[0 0 0 0 0 0 1 0 0 0 0 0]	[0 0 0 0 0 0 0 0 0 0 0 1]	[0 0 0 0 1 0]	[0 0 0 0 0 1]
7	0.2026958167552948	8.884777069091797	2.5345840454101562	2.5366930961608887	1.9019966125488281	1.9115029573440552	False	[0 0 0 1 0 0 1 0 0 0 0 0]	[0 0 1 0 0 0 0 0 0 0 0 1]	[0 0 1 0 1 0]	[0 0 0 0 0 0]
7	0.4624415338039398	8.910043716430664	2.537562370300293	2.5401623249053955	1.9108721017837524	1.9214468002319336	False	[0 0 0 0 0 0 1 0 0 0 0 0]	[0 0 0 0 0 0 0 0 0 0 0 1]	[0 0 0 0 1 0]	[0 0 0 0 0 1]
7	0.21232189238071442	8.879369735717773	2.533247947692871	2.535615921020508	1.9002794027328491	1.910226583480835	False	[0 0 0 1 0 0 1 0 0 0 0 0]	[0 0 1 0 0 0 0 0 0 0 0 1]	[0 0 1 0 1 0]	[0 0 0 0 0 0]
7	0.43643268942832947	8.903277397155762	2.5356221199035645	2.5385522842407227	1.9087101221084595	1.920392632484436	False	[0 0 0 0 0 0 1 0 0 0 0 0]	[0 0 0 0 0 0 0 0 0 0 0 1]	[0 0 0 0 1 0]	[0 0 0 0 0 1]
7	0.19217215478420258	8.888350486755371	2.5357048511505127	2.5375609397888184	1.9026507139205933	1.9124336242675781	False	[0 0 0 1 0 0 1 0 0 0 0 0]	[0 0 1 0 0 0 0 0 0 0 0 1]	[0 0 1 0 1 0]	[0 0 0 0 0 0]
7	0.4231983423233032	8.900351524353027	2.53459095954895	2.5375571250915527	1.9080533981323242	1.920149564743042	False	[0 0 0 0 0 0 1 0 0 0 0 0]	[0 0 0 0 0 0 0 0 0 0 0 1]	[0 0 0 0 1 0]	[0 0 0 0 0 1]
7	0.19596755504608154	8.884708404541016	2.5350074768066406	2.5364584922790527	1.9017555713653564	1.9114863872528076	False	[0 0 0 1 0 0 1 0 0 0 0 0]	[0 0 1 0 0 0 0 0 0 0 0 1]	[0 0 1 0 1 0]	[0 0 0 0 0 0]
7	0.41919606924057007	8.906328201293945	2.536376953125	2.539163589477539	1.909663200378418	1.9211241006851196	False	[0 0 0 0 0 0 1 0 0 0 0 0]	[0 0 0 0 0 0 0 0 0 0 0 1]	[0 0 0 0 1 0]	[0 0 0 0 0 1]
7	0.21214589476585388	8.881062507629395	2.5335187911987305	2.5359246730804443	1.9008936882019043	1.9107251167297363	False	[0 0 0 1 0 0 1 0 0 0 0 0]	[0 0 1 0 0 0 0 0 0 0 0 1]	[0 0 1 0 1 0]	[0 0 0 0 0 0]
7	0.44837895035743713	8.909842491149902	2.5377533435821533	2.5398387908935547	1.9107415676116943	1.9215087890625	False	[0 0 0 0 0 0 1 0 0 0 0 0]	[0 0 0 0 0 0 0 0 0 0 0 1]	[0 0 0 0 1 0]	[0 0 0 0 0 1]
7	0.21133732795715332	8.886430740356445	2.535385847091675	2.5367343425750732	1.9027249813079834	1.9115854501724243	False	[0 0 0 1 0 0 1 0 0 0 0 0]	[0 0 1 0 0 0 0 0 0 0 0 1]	[0 0 1 0 1 0]	[0 0 0 0 0 0]
7	0.46202385425567627	8.908584594726562	2.5369327068328857	2.5397861003875732	1.9103025197982788	1.9215631484985352	False	[0 0 0 0 0 0 1 0 0 0 0 0]	[0 0 0 0 0 0 0 0 0 0 0 1]	[0 0 0 0 1 0]	[0 0 0 0 0 1]
7	0.213788703083992	8.880252838134766	2.5336384773254395	2.5357272624969482	1.9004994630813599	1.9103882312774658	False	[0 0 0 1 0 0 1 0 0 0 0 0]	[0 0 1 0 0 0 0 0 0 0 0 1]	[0 0 1 0 1 0]	[0 0 0 0 0 0]
7	0.42441990971565247	8.910207748413086	2.537874221801758	2.540116310119629	1.910789966583252	1.921426773071289	False	[0 0 0 0 0 0 1 0 0 0 0 0]	[0 0 0 0 0 0 0 0 0 0 0 1]	[0 0 0 0 1 0]	[0 0 0 0 0 1]
7	0.2045520693063736	8.885154724121094	2.5348949432373047	2.5367681980133057	1.9019547700881958	1.9115371704101562	False	[0 0 0 1 0 0 1 0 0 0 0 0]	[0 0 1 0 0 0 0 0 0 0 0 1]	[0 0 1 0 1 0]	[0 0 0 0 0 0]
7	0.4512186646461487	8.905851364135742	2.5366270542144775	2.538757562637329	1.9095139503479004	1.9209530353546143	False	[0 0 0 0 0 0 1 0 0 0 0 0]	[0 0 0 0 0 0 0 0 0 0 0 1]	[0 0 0 0 1 0]	[0 0 0 0 0 1]
7	0.21948345005512238	8.88880443572998	2.5359771251678467	2.537684679031372	1.9028055667877197	1.912337064743042	False	[0 0 0 1 0 0 1 0 0 0 0 0]	[0 0 1 0 0 0 0 0 0 0 0 1]	[0 0 1 0 1 0]	[0 0 0 0 0 0]
7	0.40939781069755554	8.908430099487305	2.5372366905212402	2.539691925048828	1.9102411270141602	1.9212603569030762	False	[0 0 0 0 0 0 1 0 0 0 0 0]	[0 0 0 0 0 0 0 0 0 0 0 1]	[0 0 0 0 1 0]	[0 0 0 0 0 1]
7	0.2861995995044708	8.879352569580078	2.5328638553619385	2.5352163314819336	1.900602102279663	1.9106698036193848	False	[0 0 0 0 0 0 0 0 0 0 0 0]	[0 0 1 0 0 0 0 0 0 0 0 1]	[0 0 1 0 1 0]	[0 0 0 0 0 0]
8	0.33909446001052856	8.871709823608398	2.4939730167388916	2.5369808673858643	1.9142754077911377	1.9264802932739258	False	[0 0 0 0 1 0 0 0 0 0 0 0]	[0 0 0 0 0 0 0 0 0 0 0 1]	[0 0 0 0 0 1]	[0 1 0 0 0 0]
8	-0.5	8.927152633666992	2.5315418243408203	2.548285961151123	1.9173609018325806	1.9299635887145996	False	[0 0 0 0 0 0 0 0 0 0 0 0]	[0 0 0 0 1 0 0 0 0 0 0 1]	[0 0 0 0 0 0]	[1 1 0 0 0 0]
8	0.3305460214614868	8.920448303222656	2.5313782691955566	2.546757221221924	1.9149048328399658	1.9274084568023682	False	[0 0 0 0 1 0 0 0 0 0 0 0]	[0 0 0 0 0 0 0 0 0 0 0 1]	[0 0 0 0 0 1]	[0 1 0 0 0 0]
8	-0.5	8.926161766052246	2.5309269428253174	2.547675132751465	1.9174623489379883	1.9300973415374756	False	[0 0 0 0 0 0 0 0 0 0 0 0]	[0 0 0 0 1 0 0 0 0 0 0 1]	[0 0 0 0 0 0]	[1 1 0 0 0 0]
8	0.35567453503608704	8.91973876953125	2.5313127040863037	2.5465011596679688	1.914853811264038	1.9270707368850708	False	[0 0 0 0 1 0 0 0 0 0 0 0]	[0 0 0 0 0 0 0 0 0 0 0 1]	[0 0 0 0 0 1]	[0 1 0 0 0 0]
8	-0.5	8.929023742675781	2.5316951274871826	2.5484673976898193	1.9182053804397583	1.930655837059021	False	[0 0 0 0 0 0 0 0 0 0 0 0]	[0 0 0 0 1 0 0 0 0 0 0 1]	[0 0 0 0 0 0]	[1 1 0 0 0 0]
8	0.3337077498435974	8.919544219970703	2.531217575073242	2.5465619564056396	1.914516806602478	1.927247166633606	False	[0 0 0 0 1 0 0 0 0 0 0 0]	[0 0 0 0 0 0 0 0 0 0 0 1]	[0 0 0 0 0 1]	[0 1 0 0 0 0]
8	-0.5	8.926316261291504	2.5311152935028076	2.5475754737854004	1.9174368381500244	1.9301894903182983	False	[0 0 0 0 0 0 0 0 0 0 0 0]	[0 0 0 0 1 0 0 0 0 0 0 1]	[0 0 0 0 0 0]	[1 1 0 0 0 0]
8	0.3344939053058624	8.917745590209961	2.53061580657959	2.5461585521698	1.9140238761901855	1.926946759223938	False	[0 0 0 0 1 0 0 0 0 0 0 0]	[0 0 0 0 0 0 0 0 0 0 0 1]	[0 0 0 0 0 1]	[0 1 0 0 0 0]
8	-0.5	8.928049087524414	2.5317087173461914	2.5481202602386475	1.9179259538650513	1.9302945137023926	False	[0 0 0 0 0 0 0 0 0 0 0 0]	[0 0 0 0 1 0 0 0 0 0 0 1]	[0 0 0 0 0 0]	[1 1 0 0 0 0]
8	0.3127797544002533	8.919581413269043	2.530712604522705	2.5465197563171387	1.9148900508880615	1.927458643913269	False	[0 0 0 0 1 0 0 0 0 0 0 0]	[0 0 0 0 0 0 0 0 0 0 0 1]	[0 0 0 0 0 1]	[0 1 0 0 0 0]
8	-0.5	8.927265167236328	2.5313634872436523	2.5479464530944824	1.9174516201019287	1.930504322052002	False	[0 0 0 0 0 0 0 0 0 0 0 0]	[0 0 0 0 1 0 0 0 0 0 0 1]	[0 0 0 0 0 0]	[1 1 0 0 0 0]
8	0.3425476849079132	8.920187950134277	2.5309665203094482	2.5464820861816406	1.9150352478027344	1.9277037382125854	False	[0 0 0 0 1 0 0 0 0 0 0 0]	[0 0 0 0 0 0 0 0 0 0 0 1]	[0 0 0 0 0 1]	[0 1 0 0 0 0]
8	-0.5	8.923654556274414	2.5296566486358643	2.547072410583496	1.9169445037841797	1.9299817085266113	False	[0 0 0 0 0 0 0 0 0 0 0 0]	[0 0 0 0 1 0 0 0 0 0 0 1]	[0 0 0 0 0 0]	[1 1 0 0 0 0]
8	0.337909460067749	8.919053077697754	2.5309808254241943	2.5463194847106934	1.914680004119873	1.9270732402801514	False	[0 0 0 0 1 0 0 0 0 0 0 0]	[0 0 0 0 0 0 0 0 0 0 0 1]	[0 0 0 0 0 1]	[0 1 0 0 0 0]
8	-0.5	8.926481246948242	2.5309455394744873	2.5477683544158936	1.917575478553772	1.930192470550537	False	[0 0 0 0 0 0 0 0 0 0 0 0]	[0 0 0 0 1 0 0 0 0 0 0 1]	[0 0 0 0 0 0]	[1 1 0 0 0 0]
8	0.35208722949028015	8.920974731445312	2.5315024852752686	2.5467123985290527	1.9151897430419922	1.9275703430175781	False	[0 0 0 0 1 0 0 0 0 0 0 0]	[0 0 0 0 0 0 0 0 0 0 0 1]	[0 0 0 0 0 1]	[0 1 0 0 0 0]
8	-0.5	8.928145408630371	2.5317108631134033	2.547910690307617	1.9180868864059448	1.9304367303848267	False	[0 0 0 0 0 0 0 0 0 0 0 0]	[0 0 0 0 1 0 0 0 0 0 0 1]	[0 0 0 0 0 0]	[1 1 0 0 0 0]
8	0.3312425911426544	8.919204711914062	2.530851364135742	2.5463428497314453	1.9147725105285645	1.9272381067276	False	[0 0 0 0 1 0 0 0 0 0 0 0]	[0 0 0 0 0 0 0 0 0 0 0 1]	[0 0 0 0 0 1]	[0 1 0 0 0 0]
8	-0.5	8.92800235748291	2.5318684577941895	2.5477750301361084	1.9178489446640015	1.93051016330719	False	[0 0 0 0 0 0 0 0 0 0 0 0]	[0 0 0 0 1 0 0 0 0 0 0 1]	[0 0 0 0 0 0]	[1 1 0 0 0 0]
8	0.35811761021614075	8.921191215515137	2.5322682857513428	2.546828508377075	1.9149290323257446	1.9271657466888428	False	[0 0 0 0 1 0 0 0 0 0 0 0]	[0 0 0 0 0 0 0 0 0 0 0 1]	[0 0 0 0 0 1]	[0 1 0 0 0 0]
8	-0.5	8.927492141723633	2.531456232070923	2.547769546508789	1.9178667068481445	1.930399775505066	False	[0 0 0 0 0 0 0 0 0 0 0 0]	[0 0 0 0 1 0 0 0 0 0 0 1]	[0 0 0 0 0 0]	[1 1 0 0 0 0]
8	0.3620067834854126	8.92179012298584	2.532228708267212	2.5467562675476074	1.9154877662658691	1.9273171424865723	False	[0 0 0 0 1 0 0 0 0 0 0 0]	[0 0 0 0 0 0 0 0 0 0 0 1]	[0 0 0 0 0 1]	[0 1 0 0 0 0]
8	-0.5	8.928397178649902	2.531921625137329	2.5483319759368896	1.9179612398147583	1.9301823377609253	False	[0 0 0 0 0 0 0 0 0 0 0 0]	[0 0 0 0 1 0 0 0 0 0 0 1]	[0 0 0 0 0 0]	[1 1 0 0 0 0]
8	0.35740524530410767	8.919983863830566	2.5309059619903564	2.546109437942505	1.9151519536972046	1.9278167486190796	False	[0 0 0 0 1 0 0 0 0 0 0 0]	[0 0 0 0 0 0 0 0 0 0 0 1]	[0 0 0 0 0 1]	[0 1 0 0 0 0]
8	-0.5	8.929768562316895	2.5325706005096436	2.5486106872558594	1.9182779788970947	1.9303096532821655	False	[0 0 0 0 0 0 0 0 0 0 0 0]	[0 0 0 0 1 0 0 0 0 0 0 1]	[0 0 0 0 0 0]	[1 1 0 0 0 0]
8	0.34442001581192017	8.919485092163086	2.5312671661376953	2.5465872287750244	1.9147157669067383	1.9269148111343384	False	[0 0 0 0 1 0 0 0 0 0 0 0]	[0 0 0 0 0 0 0 0 0 0 0 1]	[0 0 0 0 0 1]	[0 1 0 0 0 0]
8	-0.5	8.928333282470703	2.531909465789795	2.547921657562256	1.918205738067627	1.9302964210510254	False	[0 0 0 0 0 0 0 0 0 0 0 0]	[0 0 0 0 1 0 0 0 0 0 0 1]	[0 0 0 0 0 0]	[1 1 0 0 0 0]
8	0.34738969802856445	8.919241905212402	2.5309391021728516	2.5461819171905518	1.9148706197738647	1.9272507429122925	False	[0 0 0 0 1 0 0 0 0 0 0 0]	[0 0 0 0 0 0 0 0 0 0 0 1]	[0 0 0 0 0 1]	[0 1 0 0 0 0]
8	-0.5	8.928969383239746	2.532061815261841	2.548419237136841	1.918198823928833	1.930289626121521	False	[0 0 0 0 0 0 0 0 0 0 0 0]	[0 0 0 0 1 0 0 0 0 0 0 1]	[0 0 0 0 0 0]	[1 1 0 0 0 0]
9	0.5334400534629822	8.781801223754883	2.5070981979370117	2.4839632511138916	1.9032872915267944	1.8874528408050537	False	[0 0 0 0 1 0 0 0 0 0 0 0]	[0 1 0 0 0 0 0 0 0 0 0 0]	[0 0 0 0 0 1]	[0 1 0 0 0 0]
9	-0.5	8.809081077575684	2.507314443588257	2.542865514755249	1.8738657236099243	1.8850352764129639	False	[0 0 0 0 1 0 0 0 0 1 0 0]	[0 0 0 0 0 0 0 0 0 0 0 0]	[0 0 0 0 1 1]	[0 0 0 0 0 0]
9	0.5075596570968628	8.82086181640625	2.511134147644043	2.5398566722869873	1.8804703950881958	1.8894009590148926	False	[0 0 0 0 1 0 0 0 0 0 0 0]	[0 1 0 0 0 0 0 0 0 0 0 0]	[0 0 0 0 0 1]	[0 1 0 0 0 0]
9	-0.5	8.81338882446289	2.508387327194214	2.5431599617004395	1.8752762079238892	1.8865654468536377	False	[0 0 0 0 1 0 0 0 0 1 0 0]	[0 0 0 0 0 0 0 0 0 0 0 0]	[0 0 0 0 1 1]	[0 0 0 0 0 0]
9	0.5417647361755371	8.820686340332031	2.5108306407928467	2.5402026176452637	1.8807456493377686	1.888907551765442	False	[0 0 0 0 1 0 0 0 0 0 0 0]	[0 1 0 0 0 0 0 0 0 0 0 0]	[0 0 0 0 0 1]	[0 1 0 0 0 0]
9	-0.5	8.812788009643555	2.5084097385406494	2.5433809757232666	1.8741861581802368	1.8868111371994019	False	[0 0 0 0 1 0 0 0 0 1 0 0]	[0 0 0 0 0 0 0 0 0 0 0 0]	[0 0 0 0 1 1]	[0 0 0 0 0 0]
9	0.5200086236000061	8.819025039672852	2.5107412338256836	2.5393619537353516	1.8800334930419922	1.888887882232666	False	[0 0 0 0 1 0 0 0 0 0 0 0]	[0 1 0 0 0 0 0 0 0 0 0 0]	[0 0 0 0 0 1]	[0 1 0 0 0 0]
9	-0.5	8.810775756835938	2.508183479309082	2.54286527633667	1.8738839626312256	1.8858429193496704	False	[0 0 0 0 1 0 0 0 0 1 0 0]	[0 0 0 0 0 0 0 0 0 0 0 0]	[0 0 0 0 1 1]	[0 0 0 0 0 0]
9	0.4932672381401062	8.824760437011719	2.5115818977355957	2.540825605392456	1.8821377754211426	1.890215516090393	False	[0 0 0 0 1 0 0 0 0 0 0 0]	[0 1 0 0 0 0 0 0 0 0 0 0]	[0 0 0 0 0 1]	[0 1 0 0 0 0]
9	-0.5	8.809171676635742	2.507558584213257	2.5426125526428223	1.8735445737838745	1.885455846786499	False	[0 0 0 0 1 0 0 0 0 1 0 0]	[0 0 0 0 0 0 0 0 0 0 0 0]	[0 0 0 0 1 1]	[0 0 0 0 0 0]
9	0.5094664096832275	8.824300765991211	2.511610984802246	2.540548324584961	1.8822259902954102	1.8899149894714355	False	[0 0 0 0 1 0 0 0 0 0 0 0]	[0 1 0 0 0 0 0 0 0 0 0 0]	[0 0 0 0 0 1]	[0 1 0 0 0 0]
9	-0.5	8.806843757629395	2.50683856010437	2.5424180030822754	1.8725159168243408	1.885071873664856	False	[0 0 0 0 1 0 0 0 0 1 0 0]	[0 0 0 0 0 0 0 0 0 0 0 0]	[0 0 0 0 1 1]	[0 0 0 0 0 0]
9	0.5627564191818237	8.82404613494873	2.5114877223968506	2.541168212890625	1.8813222646713257	1.8900678157806396	False	[0 0 0 0 1 0 0 0 0 0 0 0]	[0 1 0 0 0 0 0 0 0 0 0 0]	[0 0 0 0 0 1]	[0 1 0 0 0 0]
9	-0.5	8.812761306762695	2.5079030990600586	2.543560743331909	1.8749433755874634	1.8863542079925537	False	[0 0 0 0 1 0 0 0 0 1 0 0]	[0 0 0 0 0 0 0 0 0 0 0 0]	[0 0 0 0 1 1]	[0 0 0 0 0 0]
9	0.5085160732269287	8.819684982299805	2.5106451511383057	2.540316581726074	1.8796215057373047	1.8891017436981201	False	[0 0 0 0 1 0 0 0 0 0 0 0]	[0 1 0 0 0 0 0 0 0 0 0 0]	[0 0 0 0 0 1]	[0 1 0 0 0 0]
9	-0.5	8.812376022338867	2.5085909366607666	2.5428404808044434	1.8745790719985962	1.8863657712936401	False	[0 0 0 0 1 0 0 0 0 1 0 0]	[0 0 0 0 0 0 0 0 0 0 0 0]	[0 0 0 0 1 1]	[0 0 0 0 0 0]
9	0.5092989206314087	8.817183494567871	2.5101637840270996	2.539469003677368	1.8790347576141357	1.8885152339935303	False	[0 0 0 0 1 0 0 0 0 0 0 0]	[0 1 0 0 0 0 0 0 0 0 0 0]	[0 0 0 0 0 1]	[0 1 0 0 0 0]
9	-0.5	8.813115119934082	2.5082342624664307	2.5432381629943848	1.8749668598175049	1.8866761922836304	False	[0 0 0 0 1 0 0 0 0 1 0 0]	[0 0 0 0 0 0 0 0 0 0 0 0]	[0 0 0 0 1 1]	[0 0 0 0 0 0]
9	0.5383745431900024	8.823877334594727	2.5113155841827393	2.5410375595092773	1.8822104930877686	1.8893132209777832	False	[0 0 0 0 1 0 0 0 0 0 0 0]	[0 1 0 0 0 0 0 0 0 0 0 0]	[0 0 0 0 0 1]	[0 1 0 0 0 0]
9	-0.5	8.815467834472656	2.50881290435791	2.543217420578003	1.875722885131836	1.8877146244049072	False	[0 0 0 0 1 0 0 0 0 1 0 0]	[0 0 0 0 0 0 0 0 0 0 0 0]	[0 0 0 0 1 1]	[0 0 0 0 0 0]
9	0.5068174600601196	8.82236099243164	2.5118300914764404	2.54080867767334	1.8801310062408447	1.8895916938781738	False	[0 0 0 0 1 0 0 0 0 0 0 0]	[0 1 0 0 0 0 0 0 0 0 0 0]	[0 0 0 0 0 1]	[0 1 0 0 0 0]
9	-0.5	8.806251525878906	2.507133960723877	2.5421698093414307	1.871893286705017	1.8850538730621338	False	[0 0 0 0 1 0 0 0 0 1 0 0]	[0 0 0 0 0 0 0 0 0 0 0 0]	[0 0 0 0 1 1]	[0 0 0 0 0 0]
9	0.5260400176048279	8.827139854431152	2.5121729373931885	2.5412490367889404	1.8832858800888062	1.8904322385787964	False	[0 0 0 0 1 0 0 0 0 0 0 0]	[0 1 0 0 0 0 0 0 0 0 0 0]	[0 0 0 0 0 1]	[0 1 0 0 0 0]
9	-0.5	8.812314987182617	2.508512496948242	2.5432424545288086	1.8740425109863281	1.8865180015563965	False	[0 0 0 0 1 0 0 0 0 1 0 0]	[0 0 0 0 0 0 0 0 0 0 0 0]	[0 0 0 0 1 1]	[0 0 0 0 0 0]
9	0.5438581109046936	8.82066535949707	2.5105926990509033	2.540215015411377	1.8806473016738892	1.88921058177948	False	[0 0 0 0 1 0 0 0 0 0 0 0]	[0 1 0 0 0 0 0 0 0 0 0 0]	[0 0 0 0 0 1]	[0 1 0 0 0 0]
9	-0.5	8.812726974487305	2.508354902267456	2.543503522872925	1.874964714050293	1.8859033584594727	False	[0 0 0 0 1 0 0 0 0 1 0 0]	[0 0 0 0 0 0 0 0 0 0 0 0]	[0 0 0 0 1 1]	[0 0 0 0 0 0]
9	0.556156575679779	8.826337814331055	2.5121114253997803	2.5410079956054688	1.8823539018630981	1.890864610671997	False	[0 0 0 0 1 0 0 0 0 0 0 0]	[0 1 0 0 0 0 0 0 0 0 0 0]	[0 0 0 0 0 1]	[0 1 0 0 0 0]
9	-0.5	8.806388854980469	2.5065035820007324	2.5425615310668945	1.872401237487793	1.8849220275878906	False	[0 0 0 0 1 0 0 0 0 1 0 0]	[0 0 0 0 0 0 0 0 0 0 0 0]	[0 0 0 0 1 1]	[0 0 0 0 0 0]
9	0.5209221839904785	8.822251319885254	2.5109972953796387	2.5404212474823	1.8815617561340332	1.8892709016799927	False	[0 0 0 0 1 0 0 0 0 0 0 0]	[0 1 0 0 0 0 0 0 0 0 0 0]	[0 0 0 0 0 1]	[0 1 0 0 0 0]
9	-0.5	8.81048583984375	2.5079193115234375	2.5429303646087646	1.873464584350586	1.8861711025238037	False	[0 0 0 0 1 0 0 0 0 1 0 0]	[0 0 0 0 0 0 0 0 0 0 0 0]	[0 0 0 0 1 1]	[0 0 0 0 0 0]
10	-1.0	8.807197570800781	2.520610809326172	2.475038766860962	1.91217839717865	1.899369239807129	False	[0 0 0 0 0 1 0 0 0 0 0 0]	[0 0 0 0 0 0 1 0 0 0 0 0]	[0 0 0 0 0 0]	[0 0 1 0 0 0]
10	-1.0	8.893526077270508	2.5526115894317627	2.5258641242980957	1.9003046751022339	1.9147450923919678	False	[0 0 0 0 0 1 0 0 0 0 0 0]	[0 0 0 0 0 0 0 0 0 0 0 0]	[0 0 0 0 0 0]	[0 0 1 0 0 0]
10	-1.0	8.880646705627441	2.550433397293091	2.521303415298462	1.898256540298462	1.9106534719467163	False	[0 0 0 0 0 1 0 0 0 0 0 0]	[0 0 0 0 0 0 1 0 0 0 0 0]	[0 0 0 0 0 0]	[0 0 1 0 0 0]
10	-1.0	8.89645767211914	2.5528783798217773	2.5262739658355713	1.9015841484069824	1.9157216548919678	False	[0 0 0 0 0 1 0 0 0 0 0 0]	[0 0 0 0 0 0 0 0 0 0 0 0]	[0 0 0 0 0 0]	[0 0 1 0 0 0]
10	-1.0	8.891973495483398	2.5527241230010986	2.524871587753296	1.9001796245574951	1.914197564125061	False	[0 0 0 0 0 1 0 0 0 0 0 0]	[0 0 0 0 0 0 1 0 0 0 0 0]	[0 0 0 0 0 0]	[0 0 1 0 0 0]
10	-1.0	8.893858909606934	2.5527279376983643	2.525308609008789	1.9014055728912354	1.914417028427124	False	[0 0 0 0 0 1 0 0 0 0 0 0]	[0 0 0 0 0 0 0 0 0 0 0 0]	[0 0 0 0 0 0]	[0 0 1 0 0 0]
10	-1.0	8.877758979797363	2.550025463104248	2.5199103355407715	1.8973751068115234	1.9104477167129517	False	[0 0 0 0 0 1 0 0 0 0 0 0]	[0 0 0 0 0 0 1 0 0 0 0 0]	[0 0 0 0 0 0]	[0 0 1 0 0 0]
10	-1.0	8.893654823303223	2.552335739135742	2.5252532958984375	1.9015660285949707	1.9144999980926514	False	[0 0 0 0 0 1 0 0 0 0 0 0]	[0 0 0 0 0 0 0 0 0 0 0 0]	[0 0 0 0 0 0]	[0 0 1 0 0 0]
10	-1.0	8.886009216308594	2.5516459941864014	2.5225319862365723	1.899050235748291	1.9127817153930664	False	[0 0 0 0 0 1 0 0 0 0 0 0]	[0 0 0 0 0 0 1 0 0 0 0 0]	[0 0 0 0 0 0]	[0 0 1 0 0 0]
10	-1.0	8.888683319091797	2.55202317237854	2.5239806175231934	1.8992390632629395	1.913440227508545	False	[0 0 0 0 0 1 0 0 0 0 0 0]	[0 0 0 0 0 0 0 0 0 0 0 0]	[0 0 0 0 0 0]	[0 0 1 0 0 0]
10	-1.0	8.880990982055664	2.550945281982422	2.521111488342285	1.8981703519821167	1.9107635021209717	False	[0 0 0 0 0 1 0 0 0 0 0 0]	[0 0 0 0 0 0 1 0 0 0 0 0]	[0 0 0 0 0 0]	[0 0 1 0 0 0]
10	-1.0	8.895806312561035	2.552781105041504	2.5259411334991455	1.902141809463501	1.914942979812622	False	[0 0 0 0 0 1 0 0 0 0 0 0]	[0 0 0 0 0 0 0 0 0 0 0 0]	[0 0 0 0 0 0]	[0 0 1 0 0 0]
10	-1.0	8.891366004943848	2.5521397590637207	2.524019718170166	1.9010539054870605	1.9141523838043213	False	[0 0 0 0 0 1 0 0 0 0 0 0]	[0 0 0 0 0 0 1 0 0 0 0 0]	[0 0 0 0 0 0]	[0 0 1 0 0 0]
10	-1.0	8.892192840576172	2.5522398948669434	2.5250802040100098	1.9009745121002197	1.9138983488082886	False	[0 0 0 0 0 1 0 0 0 0 0 0]	[0 0 0 0 0 0 0 0 0 0 0 0]	[0 0 0 0 0 0]	[0 0 1 0 0 0]
10	-1.0	8.885443687438965	2.5515525341033936	2.5221993923187256	1.899794101715088	1.9118977785110474	False	[0 0 0 0 0 1 0 0 0 0 0 0]	[0 0 0 0 0 0 1 0 0 0 0 0]	[0 0 0 0 0 0]	[0 0 1 0 0 0]
10	-1.0	8.893193244934082	2.5525693893432617	2.5258126258850098	1.900038480758667	1.9147729873657227	False	[0 0 0 0 0 1 0 0 0 0 0 0]	[0 0 0 0 0 0 0 0 0 0 0 0]	[0 0 0 0 0 0]	[0 0 1 0 0 0]
10	-1.0	8.886092185974121	2.551464557647705	2.523130178451538	1.8990576267242432	1.9124401807785034	False	[0 0 0 0 0 1 0 0 0 0 0 0]	[0 0 0 0 0 0 1 0 0 0 0 0]	[0 0 0 0 0 0]	[0 0 1 0 0 0]
10	-1.0	8.899553298950195	2.55338716506958	2.5277466773986816	1.9018906354904175	1.9165287017822266	False	[0 0 0 0 0 1 0 0 0 0 0 0]	[0 0 0 0 0 0 0 0 0 0 0 0]	[0 0 0 0 0 0]	[0 0 1 0 0 0]
10	-1.0	8.884105682373047	2.5515620708465576	2.5220398902893066	1.898726224899292	1.911777377128601	False	[0 0 0 0 0 1 0 0 0 0 0 0]	[0 0 0 0 0 0 1 0 0 0 0 0]	[0 0 0 0 0 0]	[0 0 1 0 0 0]
10	-1.0	8.891853332519531	2.552304744720459	2.5247528553009033	1.9006162881851196	1.9141788482666016	False	[0 0 0 0 0 1 0 0 0 0 0 0]	[0 0 0 0 0 0 0 0 0 0 0 0]	[0 0 0 0 0 0]	[0 0 1 0 0 0]
10	-1.0	8.883108139038086	2.5511553287506104	2.521991729736328	1.8986341953277588	1.911327600479126	False	[0 0 0 0 0 1 0 0 0 0 0 0]	[0 0 0 0 0 0 1 0 0 0 0 0]	[0 0 0 0 0 0]	[0 0 1 0 0 0]
10	-1.0	8.893882751464844	2.5525803565979004	2.5249781608581543	1.9015294313430786	1.914794921875	False	[0 0 0 0 0 1 0 0 0 0 0 0]	[0 0 0 0 0 0 0 0 0 0 0 0]	[0 0 0 0 0 0]	[0 0 1 0 0 0]
10	-1.0	8.890311241149902	2.5523996353149414	2.523467779159546	1.9008996486663818	1.913543939590454	False	[0 0 0 0 0 1 0 0 0 0 0 0]	[0 0 0 0 0 0 1 0 0 0 0 0]	[0 0 0 0 0 0]	[0 0 1 0 0 0]
10	-1.0	8.886391639709473	2.55191969871521	2.5228846073150635	1.8988442420959473	1.912743330001831	False	[0 0 0 0 0 1 0 0 0 0 0 0]	[0 0 0 0 0 0 0 0 0 0 0 0]	[0 0 0 0 0 0]	[0 0 1 0 0 0]
10	-1.0	8.880657196044922	2.550931930541992	2.521238088607788	1.8980083465576172	1.9104785919189453	False	[0 0 0 0 0 1 0 0 0 0 0 0]	[0 0 0 0 0 0 1 0 0 0 0 0]	[0 0 0 0 0 0]	[0 0 1 0 0 0]
10	-1.0	8.892295837402344	2.552400588989258	2.5250651836395264	1.9006019830703735	1.9142277240753174	False	[0 0 0 0 0 1 0 0 0 0 0 0]	[0 0 0 0 0 0 0 0 0 0 0 0]	[0 0 0 0 0 0]	[0 0 1 0 0 0]
10	-1.0	8.88061237335205	2.5506551265716553	2.521686315536499	1.8978562355041504	1.910414695739746	False	[0 0 0 0 0 1 0 0 0 0 0 0]	[0 0 0 0 0 0 1 0 0 0 0 0]	[0 0 0 0 0 0]	[0 0 1 0 0 0]
10	-1.0	8.889669418334961	2.551934003829956	2.52421498298645	1.9003345966339111	1.9131863117218018	False	[0 0 0 0 0 1 0 0 0 0 0 0]	[0 0 0 0 0 0 0 0 0 0 0 0]	[0 0 0 0 0 0]	[0 0 1 0 0 0]
10	-1.0	8.88526725769043	2.5516936779022217	2.5221946239471436	1.8991055488586426	1.9122731685638428	False	[0 0 0 0 0 1 0 0 0 0 0 0]	[0 0 0 0 0 0 1 0 0 0 0 0]	[0 0 0 0 0 0]	[0 0 1 0 0 0]
10	-1.0	8.890077590942383	2.5525436401367188	2.5244972705841064	1.8995108604431152	1.9135255813598633	False	[0 0 0 0 0 1 0 0 0 0 0 0]	[0 0 0 0 0 0 0 0 0 0 0 0]	[0 0 0 0 0 0]	[0 0 1 0 0 0]
11	0.33782947063446045	8.894855499267578	2.525268077850342	2.5314037799835205	1.921556830406189	1.916626214981079	False	[0 0 0 0 0 1 0 0 0 0 0 0]	[0 0 0 0 0 0 0 0 1 0 0 0]	[1 0 0 0 0 0]	[0 0 0 1 0 0]
11	-0.5	8.86823558807373	2.522627592086792	2.5371243953704834	1.9058043956756592	1.9026790857315063	False	[0 0 0 0 1 1 0 0 0 0 0 0]	[0 0 0 0 0 0 0 0 0 0 0 0]	[0 0 0 0 0 0]	[0 0 0 0 0 0]
11	0.3478313088417053	8.876474380493164	2.5232765674591064	2.5368552207946777	1.9101797342300415	1.9061626195907593	False	[0 0 0 0 0 1 0 0 0 0 0 0]	[0 0 0 0 0 0 0 0 1 0 0 0]	[1 0 0 0 0 0]	[0 0 0 1 0 0]
11	0.21396476030349731	8.873320579528809	2.5242717266082764	2.5379765033721924	1.907948613166809	1.9031238555908203	False	[0 0 0 0 1 1 0 0 0 0 0 0]	[0 0 0 0 0 0 1 0 1 0 0 0]	[0 0 0 0 0 0]	[0 0 0 0 0 0]
11	0.32959097623825073	8.898539543151855	2.5297915935516357	2.5410404205322266	1.916500449180603	1.9112063646316528	False	[0 0 0 0 0 1 0 0 0 0 0 0]	[0 0 0 0 0 0 0 0 1 0 0 0]	[1 0 0 0 0 0]	[0 0 0 1 0 0]
11	0.2127433717250824	8.875053405761719	2.524421215057373	2.5382258892059326	1.908369541168213	1.9040371179580688	False	[0 0 0 0 1 1 0 0 0 0 0 0]	[0 0 0 0 0 0 1 0 1 0 0 0]	[0 0 0 0 0 0]	[0 0 0 0 0 0]
11	0.34470489621162415	8.886802673339844	2.526724100112915	2.5389010906219482	1.9129436016082764	1.908233880996704	False	[0 0 0 0 0 1 0 0 0 0 0 0]	[0 0 0 0 0 0 0 0 1 0 0 0]	[1 0 0 0 0 0]	[0 0 0 1 0 0]
11	0.2127348929643631	8.877260208129883	2.5254714488983154	2.53873610496521	1.9088517427444458	1.9042009115219116	False	[0 0 0 0 1 1 0 0 0 0 0 0]	[0 0 0 0 0 0 1 0 1 0 0 0]	[0 0 0 0 0 0]	[0 0 0 0 0 0]
11	0.06253921240568161	8.894598007202148	2.529020309448242	2.5404746532440186	1.9151926040649414	1.9099103212356567	False	[0 0 0 0 0 1 0 0 0 0 0 0]	[0 0 0 0 0 0 1 0 0 0 0 0]	[1 0 0 0 0 0]	[0 0 0 1 0 0]
11	-0.5	8.874534606933594	2.5246129035949707	2.5383381843566895	1.9083049297332764	1.9032788276672363	False	[0 0 0 0 1 1 0 0 0 0 0 0]	[0 0 0 0 0 0 0 0 0 0 0 0]	[0 0 0 0 0 0]	[0 0 0 0 0 0]
11	0.07488936930894852	8.880372047424316	2.524851083755493	2.5379550457000732	1.9113438129425049	1.9062227010726929	False	[0 0 0 0 0 1 0 0 0 0 0 0]	[0 0 0 0 0 0 1 0 0 0 0 0]	[1 0 0 0 0 0]	[0 0 0 1 0 0]
11	-0.5	8.875615119934082	2.5250697135925293	2.538450241088867	1.9084852933883667	1.9036099910736084	False	[0 0 0 0 1 1 0 0 0 0 0 0]	[0 0 0 0 0 0 0 0 0 0 0 0]	[0 0 0 0 0 0]	[0 0 0 0 0 0]
11	0.351779580116272	8.88306713104248	2.5251100063323975	2.5380947589874268	1.9125272035598755	1.9073352813720703	False	[0 0 0 0 0 1 0 0 0 0 0 0]	[0 0 0 0 0 0 0 0 1 0 0 0]	[1 0 0 0 0 0]	[0 0 0 1 0 0]
11	-0.5	8.870648384094238	2.523689031600952	2.5376815795898438	1.9065890312194824	1.9026886224746704	False	[0 0 0 0 1 1 0 0 0 0 0 0]	[0 0 0 0 0 0 0 0 0 0 0 0]	[0 0 0 0 0 0]	[0 0 0 0 0 0]
11	0.33200666308403015	8.880937576293945	2.5243048667907715	2.537607192993164	1.9118714332580566	1.9071545600891113	False	[0 0 0 0 0 1 0 0 0 0 0 0]	[0 0 0 0 0 0 0 0 1 0 0 0]	[1 0 0 0 0 0]	[0 0 0 1 0 0]
11	0.19509342312812805	8.878183364868164	2.5256497859954834	2.5394558906555176	1.908639669418335	1.9044378995895386	False	[0 0 0 0 1 1 0 0 0 0 0 0]	[0 0 0 0 0 0 1 0 1 0 0 0]	[0 0 0 0 0 0]	[0 0 0 0 0 0]
11	0.3157016336917877	8.889490127563477	2.5274336338043213	2.5391833782196045	1.914005160331726	1.9088678359985352	False	[0 0 0 0 0 1 0 0 0 0 0 0]	[0 0 0 0 0 0 0 0 1 0 0 0]	[1 0 0 0 0 0]	[0 0 0 1 0 0]
11	0.19662779569625854	8.869041442871094	2.5228941440582275	2.5371644496917725	1.9063620567321777	1.9026210308074951	False	[0 0 0 0 1 1 0 0 0 0 0 0]	[0 0 0 0 0 0 1 0 1 0 0 0]	[0 0 0 0 0 0]	[0 0 0 0 0 0]
11	0.0693870484828949	8.891438484191895	2.527836322784424	2.539466142654419	1.9148422479629517	1.9092938899993896	False	[0 0 0 0 0 1 0 0 0 0 0 0]	[0 0 0 0 0 0 1 0 0 0 0 0]	[1 0 0 0 0 0]	[0 0 0 1 0 0]
11	-0.5	8.87554931640625	2.524714946746826	2.538595199584961	1.9078786373138428	1.9043611288070679	False	[0 0 0 0 1 1 0 0 0 0 0 0]	[0 0 0 0 0 0 0 0 0 0 0 0]	[0 0 0 0 0 0]	[0 0 0 0 0 0]
11	0.35303816199302673	8.881887435913086	2.5250115394592285	2.5377113819122314	1.9119418859481812	1.9072225093841553	False	[0 0 0 0 0 1 0 0 0 0 0 0]	[0 0 0 0 0 0 0 0 1 0 0 0]	[1 0 0 0 0 0]	[0 0 0 1 0 0]
11	-0.5	8.868139266967773	2.522549867630005	2.537459373474121	1.9058582782745361	1.9022727012634277	False	[0 0 0 0 1 1 0 0 0 0 0 0]	[0 0 0 0 0 0 0 0 0 0 0 0]	[0 0 0 0 0 0]	[0 0 0 0 0 0]
11	0.3488602340221405	8.87880802154541	2.524226188659668	2.5372211933135986	1.9111751317977905	1.906185507774353	False	[0 0 0 0 0 1 0 0 0 0 0 0]	[0 0 0 0 0 0 0 0 1 0 0 0]	[1 0 0 0 0 0]	[0 0 0 1 0 0]
11	-0.5	8.869617462158203	2.5231943130493164	2.5374653339385986	1.9064414501190186	1.9025160074234009	False	[0 0 0 0 1 1 0 0 0 0 0 0]	[0 0 0 0 0 0 0 0 0 0 0 0]	[0 0 0 0 0 0]	[0 0 0 0 0 0]
11	0.346292108297348	8.882452964782715	2.524996280670166	2.537982702255249	1.9120475053787231	1.9074267148971558	False	[0 0 0 0 0 1 0 0 0 0 0 0]	[0 0 0 0 0 0 0 0 1 0 0 0]	[1 0 0 0 0 0]	[0 0 0 1 0 0]
11	0.20587217807769775	8.871663093566895	2.523529529571533	2.5376763343811035	1.906864047050476	1.9035931825637817	False	[0 0 0 0 1 1 0 0 0 0 0 0]	[0 0 0 0 0 0 1 0 1 0 0 0]	[0 0 0 0 0 0]	[0 0 0 0 0 0]
11	0.056397490203380585	8.895758628845215	2.529266357421875	2.5403778553009033	1.9158999919891357	1.9102144241333008	False	[0 0 0 0 0 1 0 0 0 0 0 0]	[0 0 0 0 0 0 1 0 0 0 0 0]	[1 0 0 0 0 0]	[0 0 0 1 0 0]
11	-0.5	8.873662948608398	2.52439022064209	2.5379819869995117	1.9075093269348145	1.9037812948226929	False	[0 0 0 0 1 1 0 0 0 0 0 0]	[0 0 0 0 0 0 0 0 0 0 0 0]	[0 0 0 0 0 0]	[0 0 0 0 0 0]
11	0.33623844385147095	8.876611709594727	2.5234243869781494	2.5370900630950928	1.9105676412582397	1.9055293798446655	False	[0 0 0 0 0 1 0 0 0 0 0 0]	[0 0 0 0 0 0 0 0 1 0 0 0]	[1 0 0 0 0 0]	[0 0 0 1 0 0]
11	-0.5	8.875616073608398	2.525240659713745	2.5383901596069336	1.908101201057434	1.903883934020996	False	[0 0 0 0 1 1 0 0 0 0 0 0]	[0 0 0 0 0 0 0 0 0 0 0 0]	[0 0 0 0 0 0]	[0 0 0 0 0 0]
