# num_workers = 11
# num_cells = 256
# seed_for_environment = 59595959
# lr = 0.0003
# max_grad_norm = 1.0
# eval_rollout_length = 30
# scaling_factor = 100
# frames_per_batch = 500
# sub_batch_size = 64
# num_epochs = 15
# clip_epsilon = 0.2
# gamma = 0.99
# lmbda = 0.95
# entropy_eps = 0.03
# env_reward_engineering = True
# env_minimum_number_of_qubits = 16
# log_name = experiment_21_18_seed_59595959.txt
# env_error_range = geometric5
# env_version = qecc/bbcode-ldpc-v0
# env_bit_flipping = True
# env_l = 21
# env_m = 18
# env_use_dict_observation = True
# env_number_of_decoder_iterations = 50
# env_number_of_samples = 50
# env_code_logging = False
# env_reset_type = random3
# env_max_step = 30
# env_max_decoding_usage = 1073741824
# model_architecture = hybrid
# model_surrogate_model_path = /vol/bitbucket/osella/rl-qecc-data//supervisedLearning/sweep2/g5_ground_pure_H10_s6000.pth
# model_use_pretrained_encoder = True
# index_to_unfreeze_encoder_updates = 20
# encoder_lr_factor = 0.1
# training_device = cpu
# Resolved arguments:
# Resolved_env_reward_engineering = True
# Resolved_env_bit_flipping = True
# Resolved_env_useDictObservation = True
# Resolved_env_code_logging = False
# Resolved_env_max_step = 30
# Resolved_env_max_decoding_usage = 1073741824
# Resolved_env_reset_type = random3
# Resolved_env_error_range = [np.float64(0.001), np.float64(0.003162), np.float64(0.01), np.float64(0.031623), np.float64(0.1)]
# Resolved_model_use_pretrained_encoder = True
# Resolved_trainingDevice = cpu
# Resolved_model_architecture = hybrid
# Just for information, not used in actual run: SLURM CPUS queried from os environment: 12
# Number of workers: 11
# Does torch identify cuda: True
evaluation number	time	reward	time	policy entropy	time	policy entropy aX	time	policy entropy bX	time	policy entropy aY	time	policy entropy bY	time	Encoder freeze	time	preAction_aX	time	preAction_bX	time	preAction_aY	time	preAction_bY	time	preAction_k	time	postAction_aX	time	postAction_bX	time	postAction_aY	time	postAction_bY	time	postAction_k	time
0	2026-08-08_22-46-13	-0.875	2026-08-08_22-46-13	12.008699417114258	2026-08-08_22-46-13	3.0723886489868164	2026-08-08_22-46-13	3.071632146835327	2026-08-08_22-46-13	2.9311063289642334	2026-08-08_22-46-13	2.9335715770721436	2026-08-08_22-46-13	True	2026-08-08_22-46-13	[1 0 0 0 0 0 0 0 0 0 0 0 0 0 0 0 0 1 0 0 0]	2026-08-08_22-46-13	[0 0 0 0 0 0 0 0 0 0 0 1 0 0 0 0 0 0 0 0 0]	2026-08-08_22-46-13	[0 0 1 0 0 0 0 0 0 0 1 0 0 0 0 0 0 0]	2026-08-08_22-46-13	[0 0 0 0 0 0 0 0 0 0 0 0 1 0 0 0 0 0]	2026-08-08_22-46-13	[4]	2026-08-08_22-46-13	[1 0 0 0 0 0 0 0 0 0 0 0 0 0 0 0 1 1 0 0 0]	2026-08-08_22-46-13	[0 0 0 0 1 0 0 0 0 0 0 1 0 0 0 0 0 0 0 0 0]	2026-08-08_22-46-13	[0 0 1 0 0 0 0 0 0 0 1 0 0 1 0 0 0 0]	2026-08-08_22-46-13	[0 0 0 0 0 1 0 0 0 0 0 0 1 0 0 0 0 0]	2026-08-08_22-46-13	[2]	2026-08-08_22-46-13
0	2026-08-08_22-46-13	0.34556958079338074	2026-08-08_22-46-13	12.006110191345215	2026-08-08_22-46-13	3.072643280029297	2026-08-08_22-46-13	3.0723307132720947	2026-08-08_22-46-13	2.9325034618377686	2026-08-08_22-46-13	2.928632974624634	2026-08-08_22-46-13	True	2026-08-08_22-46-13	[1 0 0 0 0 0 0 0 0 0 0 0 0 0 0 0 1 1 0 0 0]	2026-08-08_22-46-13	[0 0 0 0 1 0 0 0 0 0 0 1 0 0 0 0 0 0 0 0 0]	2026-08-08_22-46-13	[0 0 1 0 0 0 0 0 0 0 1 0 0 1 0 0 0 0]	2026-08-08_22-46-13	[0 0 0 0 0 1 0 0 0 0 0 0 1 0 0 0 0 0]	2026-08-08_22-46-13	[2]	2026-08-08_22-46-13	[1 0 0 0 0 0 0 0 0 0 0 0 1 0 0 0 1 1 0 0 0]	2026-08-08_22-46-13	[1 0 0 0 1 0 0 0 0 0 0 1 0 0 0 0 0 0 0 0 0]	2026-08-08_22-46-13	[0 0 1 0 0 0 0 0 0 0 1 0 0 0 0 0 0 0]	2026-08-08_22-46-13	[0 0 0 0 0 0 0 0 0 0 0 0 1 0 0 0 0 0]	2026-08-08_22-46-13	[28]	2026-08-08_22-46-13
0	2026-08-08_22-46-13	-0.875	2026-08-08_22-46-13	11.992506980895996	2026-08-08_22-46-13	3.071249008178711	2026-08-08_22-46-13	3.0690324306488037	2026-08-08_22-46-13	2.9244449138641357	2026-08-08_22-46-13	2.9277801513671875	2026-08-08_22-46-13	True	2026-08-08_22-46-13	[1 0 0 0 0 0 0 0 0 0 0 0 1 0 0 0 1 1 0 0 0]	2026-08-08_22-46-13	[1 0 0 0 1 0 0 0 0 0 0 1 0 0 0 0 0 0 0 0 0]	2026-08-08_22-46-13	[0 0 1 0 0 0 0 0 0 0 1 0 0 0 0 0 0 0]	2026-08-08_22-46-13	[0 0 0 0 0 0 0 0 0 0 0 0 1 0 0 0 0 0]	2026-08-08_22-46-13	[28]	2026-08-08_22-46-13	[1 0 0 0 0 0 0 0 0 1 0 0 1 0 0 0 1 1 0 0 0]	2026-08-08_22-46-13	[0 0 0 0 1 0 0 0 0 0 0 1 0 0 0 0 0 0 0 0 0]	2026-08-08_22-46-13	[0 0 1 0 0 0 0 0 0 0 1 0 0 1 0 0 0 0]	2026-08-08_22-46-13	[0 0 0 0 0 1 0 0 0 0 0 0 1 0 0 0 0 0]	2026-08-08_22-46-13	[2]	2026-08-08_22-46-13
0	2026-08-08_22-46-13	0.33647868037223816	2026-08-08_22-46-13	12.001705169677734	2026-08-08_22-46-13	3.0713911056518555	2026-08-08_22-46-13	3.07200026512146	2026-08-08_22-46-13	2.930798053741455	2026-08-08_22-46-13	2.9275147914886475	2026-08-08_22-46-13	True	2026-08-08_22-46-13	[1 0 0 0 0 0 0 0 0 1 0 0 1 0 0 0 1 1 0 0 0]	2026-08-08_22-46-13	[0 0 0 0 1 0 0 0 0 0 0 1 0 0 0 0 0 0 0 0 0]	2026-08-08_22-46-13	[0 0 1 0 0 0 0 0 0 0 1 0 0 1 0 0 0 0]	2026-08-08_22-46-13	[0 0 0 0 0 1 0 0 0 0 0 0 1 0 0 0 0 0]	2026-08-08_22-46-13	[2]	2026-08-08_22-46-13	[1 0 0 0 0 0 0 0 0 1 0 0 1 0 0 0 0 1 0 0 0]	2026-08-08_22-46-13	[1 0 0 0 1 0 0 0 0 0 0 1 0 0 0 0 0 0 0 0 0]	2026-08-08_22-46-13	[0 0 1 0 0 0 0 0 0 0 1 0 0 0 0 0 0 0]	2026-08-08_22-46-13	[0 0 0 0 0 0 0 0 0 0 0 0 1 0 0 0 0 0]	2026-08-08_22-46-13	[28]	2026-08-08_22-46-13
0	2026-08-08_22-46-13	-0.875	2026-08-08_22-46-13	11.997010231018066	2026-08-08_22-46-13	3.0725574493408203	2026-08-08_22-46-13	3.0700392723083496	2026-08-08_22-46-13	2.925403118133545	2026-08-08_22-46-13	2.9290103912353516	2026-08-08_22-46-13	True	2026-08-08_22-46-13	[1 0 0 0 0 0 0 0 0 1 0 0 1 0 0 0 0 1 0 0 0]	2026-08-08_22-46-13	[1 0 0 0 1 0 0 0 0 0 0 1 0 0 0 0 0 0 0 0 0]	2026-08-08_22-46-13	[0 0 1 0 0 0 0 0 0 0 1 0 0 0 0 0 0 0]	2026-08-08_22-46-13	[0 0 0 0 0 0 0 0 0 0 0 0 1 0 0 0 0 0]	2026-08-08_22-46-13	[28]	2026-08-08_22-46-13	[1 0 0 0 0 0 0 0 0 0 0 0 1 0 0 0 0 1 0 0 0]	2026-08-08_22-46-13	[0 0 0 0 1 0 0 0 0 0 0 1 0 0 0 0 0 0 0 0 0]	2026-08-08_22-46-13	[0 0 1 0 0 0 0 0 0 0 1 0 0 1 0 0 0 0]	2026-08-08_22-46-13	[0 0 0 0 0 1 0 0 0 0 0 0 1 0 0 0 0 0]	2026-08-08_22-46-13	[2]	2026-08-08_22-46-13
0	2026-08-08_22-46-13	-0.75	2026-08-08_22-46-13	12.004734992980957	2026-08-08_22-46-13	3.072756290435791	2026-08-08_22-46-13	3.071972370147705	2026-08-08_22-46-13	2.931145191192627	2026-08-08_22-46-13	2.928860902786255	2026-08-08_22-46-13	True	2026-08-08_22-46-13	[1 0 0 0 0 0 0 0 0 0 0 0 1 0 0 0 0 1 0 0 0]	2026-08-08_22-46-13	[0 0 0 0 1 0 0 0 0 0 0 1 0 0 0 0 0 0 0 0 0]	2026-08-08_22-46-13	[0 0 1 0 0 0 0 0 0 0 1 0 0 1 0 0 0 0]	2026-08-08_22-46-13	[0 0 0 0 0 1 0 0 0 0 0 0 1 0 0 0 0 0]	2026-08-08_22-46-13	[2]	2026-08-08_22-46-13	[1 0 0 0 0 0 0 0 0 0 0 0 0 0 0 0 0 1 0 0 0]	2026-08-08_22-46-13	[1 0 0 0 1 0 0 0 0 0 0 1 0 0 0 0 0 0 0 0 0]	2026-08-08_22-46-13	[0 0 1 0 0 0 0 0 0 0 1 0 0 0 0 0 0 0]	2026-08-08_22-46-13	[0 0 0 0 0 0 0 0 0 0 0 0 1 0 0 0 0 0]	2026-08-08_22-46-13	[4]	2026-08-08_22-46-13
0	2026-08-08_22-46-13	-0.875	2026-08-08_22-46-13	12.010848999023438	2026-08-08_22-46-13	3.0722856521606445	2026-08-08_22-46-13	3.0728800296783447	2026-08-08_22-46-13	2.9331603050231934	2026-08-08_22-46-13	2.932523727416992	2026-08-08_22-46-13	True	2026-08-08_22-46-13	[1 0 0 0 0 0 0 0 0 0 0 0 0 0 0 0 0 1 0 0 0]	2026-08-08_22-46-13	[1 0 0 0 1 0 0 0 0 0 0 1 0 0 0 0 0 0 0 0 0]	2026-08-08_22-46-13	[0 0 1 0 0 0 0 0 0 0 1 0 0 0 0 0 0 0]	2026-08-08_22-46-13	[0 0 0 0 0 0 0 0 0 0 0 0 1 0 0 0 0 0]	2026-08-08_22-46-13	[4]	2026-08-08_22-46-13	[1 0 0 0 0 0 0 0 0 0 0 0 0 0 0 0 1 1 0 0 0]	2026-08-08_22-46-13	[1 0 0 0 0 0 0 0 0 0 0 1 0 0 0 0 0 0 0 0 0]	2026-08-08_22-46-13	[0 0 1 0 0 0 0 0 0 0 1 0 0 1 0 0 0 0]	2026-08-08_22-46-13	[0 0 0 0 0 1 0 0 0 0 0 0 1 0 0 0 0 0]	2026-08-08_22-46-13	[2]	2026-08-08_22-46-13
0	2026-08-08_22-46-13	-0.75	2026-08-08_22-46-13	12.002449989318848	2026-08-08_22-46-13	3.0715582370758057	2026-08-08_22-46-13	3.072399377822876	2026-08-08_22-46-13	2.9312868118286133	2026-08-08_22-46-13	2.9272048473358154	2026-08-08_22-46-13	True	2026-08-08_22-46-13	[1 0 0 0 0 0 0 0 0 0 0 0 0 0 0 0 1 1 0 0 0]	2026-08-08_22-46-13	[1 0 0 0 0 0 0 0 0 0 0 1 0 0 0 0 0 0 0 0 0]	2026-08-08_22-46-13	[0 0 1 0 0 0 0 0 0 0 1 0 0 1 0 0 0 0]	2026-08-08_22-46-13	[0 0 0 0 0 1 0 0 0 0 0 0 1 0 0 0 0 0]	2026-08-08_22-46-13	[2]	2026-08-08_22-46-13	[1 0 0 0 0 0 0 0 0 0 0 0 1 0 0 0 1 1 0 0 0]	2026-08-08_22-46-13	[0 0 0 0 0 0 0 0 0 0 0 1 0 0 0 0 0 0 0 0 0]	2026-08-08_22-46-13	[0 0 1 0 0 0 0 0 0 0 1 0 0 0 0 0 0 0]	2026-08-08_22-46-13	[0 0 0 0 0 0 0 0 0 0 0 0 1 0 0 0 0 0]	2026-08-08_22-46-13	[4]	2026-08-08_22-46-13
0	2026-08-08_22-46-13	-0.875	2026-08-08_22-46-13	12.005636215209961	2026-08-08_22-46-13	3.07365083694458	2026-08-08_22-46-13	3.0719761848449707	2026-08-08_22-46-13	2.9305574893951416	2026-08-08_22-46-13	2.9294514656066895	2026-08-08_22-46-13	True	2026-08-08_22-46-13	[1 0 0 0 0 0 0 0 0 0 0 0 1 0 0 0 1 1 0 0 0]	2026-08-08_22-46-13	[0 0 0 0 0 0 0 0 0 0 0 1 0 0 0 0 0 0 0 0 0]	2026-08-08_22-46-13	[0 0 1 0 0 0 0 0 0 0 1 0 0 0 0 0 0 0]	2026-08-08_22-46-13	[0 0 0 0 0 0 0 0 0 0 0 0 1 0 0 0 0 0]	2026-08-08_22-46-13	[4]	2026-08-08_22-46-13	[1 0 0 0 0 0 0 0 0 0 0 0 0 0 0 0 1 1 0 0 0]	2026-08-08_22-46-13	[1 0 0 0 0 0 0 0 0 0 0 1 0 0 0 0 0 0 0 0 0]	2026-08-08_22-46-13	[0 0 1 0 0 0 0 0 0 0 1 0 0 1 0 0 0 0]	2026-08-08_22-46-13	[0 0 0 0 0 1 0 0 0 0 0 0 1 0 0 0 0 0]	2026-08-08_22-46-13	[2]	2026-08-08_22-46-13
0	2026-08-08_22-46-13	-0.75	2026-08-08_22-46-13	12.003331184387207	2026-08-08_22-46-13	3.0728673934936523	2026-08-08_22-46-13	3.07174015045166	2026-08-08_22-46-13	2.930605411529541	2026-08-08_22-46-13	2.9281187057495117	2026-08-08_22-46-13	True	2026-08-08_22-46-13	[1 0 0 0 0 0 0 0 0 0 0 0 0 0 0 0 1 1 0 0 0]	2026-08-08_22-46-13	[1 0 0 0 0 0 0 0 0 0 0 1 0 0 0 0 0 0 0 0 0]	2026-08-08_22-46-13	[0 0 1 0 0 0 0 0 0 0 1 0 0 1 0 0 0 0]	2026-08-08_22-46-13	[0 0 0 0 0 1 0 0 0 0 0 0 1 0 0 0 0 0]	2026-08-08_22-46-13	[2]	2026-08-08_22-46-13	[1 0 0 0 0 0 0 0 0 0 0 0 0 0 0 0 0 1 0 0 0]	2026-08-08_22-46-13	[0 0 0 0 0 0 0 0 0 0 0 1 0 0 0 0 0 0 0 0 0]	2026-08-08_22-46-13	[0 0 1 0 0 0 0 0 0 0 1 0 0 0 0 0 0 0]	2026-08-08_22-46-13	[0 0 0 0 0 0 0 0 0 0 0 0 1 0 0 0 0 0]	2026-08-08_22-46-13	[4]	2026-08-08_22-46-13
0	2026-08-08_22-46-13	-0.875	2026-08-08_22-46-13	12.010177612304688	2026-08-08_22-46-13	3.073970317840576	2026-08-08_22-46-13	3.0720157623291016	2026-08-08_22-46-13	2.9320101737976074	2026-08-08_22-46-13	2.9321815967559814	2026-08-08_22-46-13	True	2026-08-08_22-46-13	[1 0 0 0 0 0 0 0 0 0 0 0 0 0 0 0 0 1 0 0 0]	2026-08-08_22-46-13	[0 0 0 0 0 0 0 0 0 0 0 1 0 0 0 0 0 0 0 0 0]	2026-08-08_22-46-13	[0 0 1 0 0 0 0 0 0 0 1 0 0 0 0 0 0 0]	2026-08-08_22-46-13	[0 0 0 0 0 0 0 0 0 0 0 0 1 0 0 0 0 0]	2026-08-08_22-46-13	[4]	2026-08-08_22-46-13	[1 0 0 0 0 0 0 0 0 0 0 0 0 0 0 0 1 1 0 0 0]	2026-08-08_22-46-13	[0 0 0 0 1 0 0 0 0 0 0 1 0 0 0 0 0 0 0 0 0]	2026-08-08_22-46-13	[0 0 1 0 0 0 0 0 0 0 1 0 0 1 0 0 0 0]	2026-08-08_22-46-13	[0 0 0 0 0 1 0 0 0 0 0 0 1 0 0 0 0 0]	2026-08-08_22-46-13	[2]	2026-08-08_22-46-13
0	2026-08-08_22-46-13	-0.75	2026-08-08_22-46-13	12.006382942199707	2026-08-08_22-46-13	3.07283091545105	2026-08-08_22-46-13	3.072448253631592	2026-08-08_22-46-13	2.9322400093078613	2026-08-08_22-46-13	2.9288647174835205	2026-08-08_22-46-13	True	2026-08-08_22-46-13	[1 0 0 0 0 0 0 0 0 0 0 0 0 0 0 0 1 1 0 0 0]	2026-08-08_22-46-13	[0 0 0 0 1 0 0 0 0 0 0 1 0 0 0 0 0 0 0 0 0]	2026-08-08_22-46-13	[0 0 1 0 0 0 0 0 0 0 1 0 0 1 0 0 0 0]	2026-08-08_22-46-13	[0 0 0 0 0 1 0 0 0 0 0 0 1 0 0 0 0 0]	2026-08-08_22-46-13	[2]	2026-08-08_22-46-13	[1 0 0 0 0 0 0 0 0 0 0 0 0 0 0 0 0 1 0 0 0]	2026-08-08_22-46-13	[0 0 0 0 0 0 0 0 0 0 0 1 0 0 0 0 0 0 0 0 0]	2026-08-08_22-46-13	[0 0 1 0 0 0 0 0 0 0 1 0 0 0 0 0 0 0]	2026-08-08_22-46-13	[0 0 0 0 0 0 0 0 0 0 0 0 1 0 0 0 0 0]	2026-08-08_22-46-13	[4]	2026-08-08_22-46-13
0	2026-08-08_22-46-13	-0.875	2026-08-08_22-46-13	12.007119178771973	2026-08-08_22-46-13	3.071992874145508	2026-08-08_22-46-13	3.070821523666382	2026-08-08_22-46-13	2.932371139526367	2026-08-08_22-46-13	2.9319334030151367	2026-08-08_22-46-13	True	2026-08-08_22-46-13	[1 0 0 0 0 0 0 0 0 0 0 0 0 0 0 0 0 1 0 0 0]	2026-08-08_22-46-13	[0 0 0 0 0 0 0 0 0 0 0 1 0 0 0 0 0 0 0 0 0]	2026-08-08_22-46-13	[0 0 1 0 0 0 0 0 0 0 1 0 0 0 0 0 0 0]	2026-08-08_22-46-13	[0 0 0 0 0 0 0 0 0 0 0 0 1 0 0 0 0 0]	2026-08-08_22-46-13	[4]	2026-08-08_22-46-13	[1 0 0 0 0 0 0 0 0 0 0 0 0 0 0 0 1 1 0 0 0]	2026-08-08_22-46-13	[0 0 0 0 1 0 0 0 0 0 0 1 0 0 0 0 0 0 0 0 0]	2026-08-08_22-46-13	[0 0 1 0 0 0 0 0 0 0 1 0 0 1 0 0 0 0]	2026-08-08_22-46-13	[0 0 0 0 0 1 0 0 0 0 0 0 1 0 0 0 0 0]	2026-08-08_22-46-13	[2]	2026-08-08_22-46-13
0	2026-08-08_22-46-13	0.3637514114379883	2026-08-08_22-46-13	12.004617691040039	2026-08-08_22-46-13	3.0730795860290527	2026-08-08_22-46-13	3.071596145629883	2026-08-08_22-46-13	2.9319658279418945	2026-08-08_22-46-13	2.9279770851135254	2026-08-08_22-46-13	True	2026-08-08_22-46-13	[1 0 0 0 0 0 0 0 0 0 0 0 0 0 0 0 1 1 0 0 0]	2026-08-08_22-46-13	[0 0 0 0 1 0 0 0 0 0 0 1 0 0 0 0 0 0 0 0 0]	2026-08-08_22-46-13	[0 0 1 0 0 0 0 0 0 0 1 0 0 1 0 0 0 0]	2026-08-08_22-46-13	[0 0 0 0 0 1 0 0 0 0 0 0 1 0 0 0 0 0]	2026-08-08_22-46-13	[2]	2026-08-08_22-46-13	[1 0 0 0 0 0 0 0 0 0 0 0 1 0 0 0 1 1 0 0 0]	2026-08-08_22-46-13	[1 0 0 0 1 0 0 0 0 0 0 1 0 0 0 0 0 0 0 0 0]	2026-08-08_22-46-13	[0 0 1 0 0 0 0 0 0 0 1 0 0 0 0 0 0 0]	2026-08-08_22-46-13	[0 0 0 0 0 0 0 0 0 0 0 0 1 0 0 0 0 0]	2026-08-08_22-46-13	[28]	2026-08-08_22-46-13
0	2026-08-08_22-46-13	-0.875	2026-08-08_22-46-13	11.998100280761719	2026-08-08_22-46-13	3.0720574855804443	2026-08-08_22-46-13	3.0707883834838867	2026-08-08_22-46-13	2.9264941215515137	2026-08-08_22-46-13	2.9287607669830322	2026-08-08_22-46-13	True	2026-08-08_22-46-13	[1 0 0 0 0 0 0 0 0 0 0 0 1 0 0 0 1 1 0 0 0]	2026-08-08_22-46-13	[1 0 0 0 1 0 0 0 0 0 0 1 0 0 0 0 0 0 0 0 0]	2026-08-08_22-46-13	[0 0 1 0 0 0 0 0 0 0 1 0 0 0 0 0 0 0]	2026-08-08_22-46-13	[0 0 0 0 0 0 0 0 0 0 0 0 1 0 0 0 0 0]	2026-08-08_22-46-13	[28]	2026-08-08_22-46-13	[1 0 0 0 0 0 0 0 0 1 0 0 1 0 0 0 1 1 0 0 0]	2026-08-08_22-46-13	[0 0 0 0 1 0 0 0 0 0 0 1 0 0 0 0 0 0 0 0 0]	2026-08-08_22-46-13	[0 0 1 0 0 0 0 0 0 0 1 0 0 1 0 0 0 0]	2026-08-08_22-46-13	[0 0 0 0 0 1 0 0 0 0 0 0 1 0 0 0 0 0]	2026-08-08_22-46-13	[2]	2026-08-08_22-46-13
0	2026-08-08_22-46-13	-0.75	2026-08-08_22-46-13	12.002511978149414	2026-08-08_22-46-13	3.0724635124206543	2026-08-08_22-46-13	3.0717356204986572	2026-08-08_22-46-13	2.930081367492676	2026-08-08_22-46-13	2.9282310009002686	2026-08-08_22-46-13	True	2026-08-08_22-46-13	[1 0 0 0 0 0 0 0 0 1 0 0 1 0 0 0 1 1 0 0 0]	2026-08-08_22-46-13	[0 0 0 0 1 0 0 0 0 0 0 1 0 0 0 0 0 0 0 0 0]	2026-08-08_22-46-13	[0 0 1 0 0 0 0 0 0 0 1 0 0 1 0 0 0 0]	2026-08-08_22-46-13	[0 0 0 0 0 1 0 0 0 0 0 0 1 0 0 0 0 0]	2026-08-08_22-46-13	[2]	2026-08-08_22-46-13	[1 0 0 0 0 0 0 0 0 1 0 0 0 0 0 0 1 1 0 0 0]	2026-08-08_22-46-13	[1 0 0 0 1 0 0 0 0 0 0 1 0 0 0 0 0 0 0 0 0]	2026-08-08_22-46-13	[0 0 1 0 0 0 0 0 0 0 1 0 0 0 0 0 0 0]	2026-08-08_22-46-13	[0 0 0 0 0 0 0 0 0 0 0 0 1 0 0 0 0 0]	2026-08-08_22-46-13	[4]	2026-08-08_22-46-13
0	2026-08-08_22-46-13	-0.875	2026-08-08_22-46-13	12.00377368927002	2026-08-08_22-46-13	3.0723516941070557	2026-08-08_22-46-13	3.072211980819702	2026-08-08_22-46-13	2.9301581382751465	2026-08-08_22-46-13	2.929051160812378	2026-08-08_22-46-13	True	2026-08-08_22-46-13	[1 0 0 0 0 0 0 0 0 1 0 0 0 0 0 0 1 1 0 0 0]	2026-08-08_22-46-13	[1 0 0 0 1 0 0 0 0 0 0 1 0 0 0 0 0 0 0 0 0]	2026-08-08_22-46-13	[0 0 1 0 0 0 0 0 0 0 1 0 0 0 0 0 0 0]	2026-08-08_22-46-13	[0 0 0 0 0 0 0 0 0 0 0 0 1 0 0 0 0 0]	2026-08-08_22-46-13	[4]	2026-08-08_22-46-13	[1 0 0 0 0 0 0 0 0 1 0 0 1 0 0 0 1 1 0 0 0]	2026-08-08_22-46-13	[0 0 0 0 1 0 0 0 0 0 0 1 0 0 0 0 0 0 0 0 0]	2026-08-08_22-46-13	[0 0 1 0 0 0 0 0 0 0 1 0 0 1 0 0 0 0]	2026-08-08_22-46-13	[0 0 0 0 0 1 0 0 0 0 0 0 1 0 0 0 0 0]	2026-08-08_22-46-13	[2]	2026-08-08_22-46-13
0	2026-08-08_22-46-13	-0.75	2026-08-08_22-46-13	12.001533508300781	2026-08-08_22-46-13	3.0711588859558105	2026-08-08_22-46-13	3.0712997913360596	2026-08-08_22-46-13	2.9308106899261475	2026-08-08_22-46-13	2.9282639026641846	2026-08-08_22-46-13	True	2026-08-08_22-46-13	[1 0 0 0 0 0 0 0 0 1 0 0 1 0 0 0 1 1 0 0 0]	2026-08-08_22-46-13	[0 0 0 0 1 0 0 0 0 0 0 1 0 0 0 0 0 0 0 0 0]	2026-08-08_22-46-13	[0 0 1 0 0 0 0 0 0 0 1 0 0 1 0 0 0 0]	2026-08-08_22-46-13	[0 0 0 0 0 1 0 0 0 0 0 0 1 0 0 0 0 0]	2026-08-08_22-46-13	[2]	2026-08-08_22-46-13	[1 0 0 0 0 0 0 0 0 1 0 0 0 0 0 0 1 1 0 0 0]	2026-08-08_22-46-13	[1 0 0 0 1 0 0 0 0 0 0 1 0 0 0 0 0 0 0 0 0]	2026-08-08_22-46-13	[0 0 1 0 0 0 0 0 0 0 1 0 0 0 0 0 0 0]	2026-08-08_22-46-13	[0 0 0 0 0 0 0 0 0 0 0 0 1 0 0 0 0 0]	2026-08-08_22-46-13	[4]	2026-08-08_22-46-13
0	2026-08-08_22-46-13	-0.875	2026-08-08_22-46-13	12.002161026000977	2026-08-08_22-46-13	3.072443962097168	2026-08-08_22-46-13	3.071352958679199	2026-08-08_22-46-13	2.929316520690918	2026-08-08_22-46-13	2.9290473461151123	2026-08-08_22-46-13	True	2026-08-08_22-46-13	[1 0 0 0 0 0 0 0 0 1 0 0 0 0 0 0 1 1 0 0 0]	2026-08-08_22-46-13	[1 0 0 0 1 0 0 0 0 0 0 1 0 0 0 0 0 0 0 0 0]	2026-08-08_22-46-13	[0 0 1 0 0 0 0 0 0 0 1 0 0 0 0 0 0 0]	2026-08-08_22-46-13	[0 0 0 0 0 0 0 0 0 0 0 0 1 0 0 0 0 0]	2026-08-08_22-46-13	[4]	2026-08-08_22-46-13	[1 0 0 0 0 0 0 0 0 1 0 0 0 0 0 0 0 1 0 0 0]	2026-08-08_22-46-13	[0 0 0 0 1 0 0 0 0 0 0 1 0 0 0 0 0 0 0 0 0]	2026-08-08_22-46-13	[0 0 1 0 0 0 0 0 0 0 1 0 0 1 0 0 0 0]	2026-08-08_22-46-13	[0 0 0 0 0 1 0 0 0 0 0 0 1 0 0 0 0 0]	2026-08-08_22-46-13	[2]	2026-08-08_22-46-13
0	2026-08-08_22-46-13	0.30011501908302307	2026-08-08_22-46-13	12.005901336669922	2026-08-08_22-46-13	3.074594497680664	2026-08-08_22-46-13	3.0717110633850098	2026-08-08_22-46-13	2.9310641288757324	2026-08-08_22-46-13	2.9285316467285156	2026-08-08_22-46-13	True	2026-08-08_22-46-13	[1 0 0 0 0 0 0 0 0 1 0 0 0 0 0 0 0 1 0 0 0]	2026-08-08_22-46-13	[0 0 0 0 1 0 0 0 0 0 0 1 0 0 0 0 0 0 0 0 0]	2026-08-08_22-46-13	[0 0 1 0 0 0 0 0 0 0 1 0 0 1 0 0 0 0]	2026-08-08_22-46-13	[0 0 0 0 0 1 0 0 0 0 0 0 1 0 0 0 0 0]	2026-08-08_22-46-13	[2]	2026-08-08_22-46-13	[1 0 0 0 0 0 0 0 0 1 0 0 1 0 0 0 0 1 0 0 0]	2026-08-08_22-46-13	[1 0 0 0 1 0 0 0 0 0 0 1 0 0 0 0 0 0 0 0 0]	2026-08-08_22-46-13	[0 0 1 0 0 0 0 0 0 0 1 0 0 0 0 0 0 0]	2026-08-08_22-46-13	[0 0 0 0 0 0 0 0 0 0 0 0 1 0 0 0 0 0]	2026-08-08_22-46-13	[28]	2026-08-08_22-46-13
0	2026-08-08_22-46-13	-0.875	2026-08-08_22-46-13	11.995805740356445	2026-08-08_22-46-13	3.0713846683502197	2026-08-08_22-46-13	3.0707342624664307	2026-08-08_22-46-13	2.925476551055908	2026-08-08_22-46-13	2.928210735321045	2026-08-08_22-46-13	True	2026-08-08_22-46-13	[1 0 0 0 0 0 0 0 0 1 0 0 1 0 0 0 0 1 0 0 0]	2026-08-08_22-46-13	[1 0 0 0 1 0 0 0 0 0 0 1 0 0 0 0 0 0 0 0 0]	2026-08-08_22-46-13	[0 0 1 0 0 0 0 0 0 0 1 0 0 0 0 0 0 0]	2026-08-08_22-46-13	[0 0 0 0 0 0 0 0 0 0 0 0 1 0 0 0 0 0]	2026-08-08_22-46-13	[28]	2026-08-08_22-46-13	[1 0 0 0 0 0 0 0 0 1 0 0 0 0 0 0 0 1 0 0 0]	2026-08-08_22-46-13	[0 0 0 0 1 0 0 0 0 0 0 1 0 0 0 0 0 0 0 0 0]	2026-08-08_22-46-13	[0 0 1 0 0 0 0 0 0 0 1 0 0 1 0 0 0 0]	2026-08-08_22-46-13	[0 0 0 0 0 1 0 0 0 0 0 0 1 0 0 0 0 0]	2026-08-08_22-46-13	[2]	2026-08-08_22-46-13
0	2026-08-08_22-46-13	0.34556958079338074	2026-08-08_22-46-13	12.002811431884766	2026-08-08_22-46-13	3.0723297595977783	2026-08-08_22-46-13	3.0712039470672607	2026-08-08_22-46-13	2.9311153888702393	2026-08-08_22-46-13	2.9281628131866455	2026-08-08_22-46-13	True	2026-08-08_22-46-13	[1 0 0 0 0 0 0 0 0 1 0 0 0 0 0 0 0 1 0 0 0]	2026-08-08_22-46-13	[0 0 0 0 1 0 0 0 0 0 0 1 0 0 0 0 0 0 0 0 0]	2026-08-08_22-46-13	[0 0 1 0 0 0 0 0 0 0 1 0 0 1 0 0 0 0]	2026-08-08_22-46-13	[0 0 0 0 0 1 0 0 0 0 0 0 1 0 0 0 0 0]	2026-08-08_22-46-13	[2]	2026-08-08_22-46-13	[1 0 0 0 0 0 0 0 0 1 0 0 1 0 0 0 0 1 0 0 0]	2026-08-08_22-46-13	[1 0 0 0 1 0 0 0 0 0 0 1 0 0 0 0 0 0 0 0 0]	2026-08-08_22-46-13	[0 0 1 0 0 0 0 0 0 0 1 0 0 0 0 0 0 0]	2026-08-08_22-46-13	[0 0 0 0 0 0 0 0 0 0 0 0 1 0 0 0 0 0]	2026-08-08_22-46-13	[28]	2026-08-08_22-46-13
0	2026-08-08_22-46-13	-0.875	2026-08-08_22-46-13	11.998091697692871	2026-08-08_22-46-13	3.072554111480713	2026-08-08_22-46-13	3.069242238998413	2026-08-08_22-46-13	2.925842046737671	2026-08-08_22-46-13	2.930453300476074	2026-08-08_22-46-13	True	2026-08-08_22-46-13	[1 0 0 0 0 0 0 0 0 1 0 0 1 0 0 0 0 1 0 0 0]	2026-08-08_22-46-13	[1 0 0 0 1 0 0 0 0 0 0 1 0 0 0 0 0 0 0 0 0]	2026-08-08_22-46-13	[0 0 1 0 0 0 0 0 0 0 1 0 0 0 0 0 0 0]	2026-08-08_22-46-13	[0 0 0 0 0 0 0 0 0 0 0 0 1 0 0 0 0 0]	2026-08-08_22-46-13	[28]	2026-08-08_22-46-13	[1 0 0 0 0 0 0 0 0 0 0 0 1 0 0 0 0 1 0 0 0]	2026-08-08_22-46-13	[0 0 0 0 1 0 0 0 0 0 0 1 0 0 0 0 0 0 0 0 0]	2026-08-08_22-46-13	[0 0 1 0 0 0 0 0 0 0 1 0 0 1 0 0 0 0]	2026-08-08_22-46-13	[0 0 0 0 0 1 0 0 0 0 0 0 1 0 0 0 0 0]	2026-08-08_22-46-13	[2]	2026-08-08_22-46-13
0	2026-08-08_22-46-13	-0.75	2026-08-08_22-46-13	12.00493335723877	2026-08-08_22-46-13	3.0727546215057373	2026-08-08_22-46-13	3.071820020675659	2026-08-08_22-46-13	2.930748462677002	2026-08-08_22-46-13	2.929610013961792	2026-08-08_22-46-13	True	2026-08-08_22-46-13	[1 0 0 0 0 0 0 0 0 0 0 0 1 0 0 0 0 1 0 0 0]	2026-08-08_22-46-13	[0 0 0 0 1 0 0 0 0 0 0 1 0 0 0 0 0 0 0 0 0]	2026-08-08_22-46-13	[0 0 1 0 0 0 0 0 0 0 1 0 0 1 0 0 0 0]	2026-08-08_22-46-13	[0 0 0 0 0 1 0 0 0 0 0 0 1 0 0 0 0 0]	2026-08-08_22-46-13	[2]	2026-08-08_22-46-13	[1 0 0 0 0 0 0 0 0 0 0 0 0 0 0 0 0 1 0 0 0]	2026-08-08_22-46-13	[1 0 0 0 1 0 0 0 0 0 0 1 0 0 0 0 0 0 0 0 0]	2026-08-08_22-46-13	[0 0 1 0 0 0 0 0 0 0 1 0 0 0 0 0 0 0]	2026-08-08_22-46-13	[0 0 0 0 0 0 0 0 0 0 0 0 1 0 0 0 0 0]	2026-08-08_22-46-13	[4]	2026-08-08_22-46-13
0	2026-08-08_22-46-13	-0.875	2026-08-08_22-46-13	12.008162498474121	2026-08-08_22-46-13	3.072139024734497	2026-08-08_22-46-13	3.0720901489257812	2026-08-08_22-46-13	2.9323434829711914	2026-08-08_22-46-13	2.9315900802612305	2026-08-08_22-46-13	True	2026-08-08_22-46-13	[1 0 0 0 0 0 0 0 0 0 0 0 0 0 0 0 0 1 0 0 0]	2026-08-08_22-46-13	[1 0 0 0 1 0 0 0 0 0 0 1 0 0 0 0 0 0 0 0 0]	2026-08-08_22-46-13	[0 0 1 0 0 0 0 0 0 0 1 0 0 0 0 0 0 0]	2026-08-08_22-46-13	[0 0 0 0 0 0 0 0 0 0 0 0 1 0 0 0 0 0]	2026-08-08_22-46-13	[4]	2026-08-08_22-46-13	[1 0 0 0 0 0 0 0 0 0 0 0 0 0 0 0 1 1 0 0 0]	2026-08-08_22-46-13	[1 0 0 0 0 0 0 0 0 0 0 1 0 0 0 0 0 0 0 0 0]	2026-08-08_22-46-13	[0 0 1 0 0 0 0 0 0 0 1 0 0 1 0 0 0 0]	2026-08-08_22-46-13	[0 0 0 0 0 1 0 0 0 0 0 0 1 0 0 0 0 0]	2026-08-08_22-46-13	[2]	2026-08-08_22-46-13
0	2026-08-08_22-46-13	-0.75	2026-08-08_22-46-13	12.006271362304688	2026-08-08_22-46-13	3.073517322540283	2026-08-08_22-46-13	3.0724289417266846	2026-08-08_22-46-13	2.931718111038208	2026-08-08_22-46-13	2.9286069869995117	2026-08-08_22-46-13	True	2026-08-08_22-46-13	[1 0 0 0 0 0 0 0 0 0 0 0 0 0 0 0 1 1 0 0 0]	2026-08-08_22-46-13	[1 0 0 0 0 0 0 0 0 0 0 1 0 0 0 0 0 0 0 0 0]	2026-08-08_22-46-13	[0 0 1 0 0 0 0 0 0 0 1 0 0 1 0 0 0 0]	2026-08-08_22-46-13	[0 0 0 0 0 1 0 0 0 0 0 0 1 0 0 0 0 0]	2026-08-08_22-46-13	[2]	2026-08-08_22-46-13	[1 0 0 0 0 0 0 0 0 0 0 0 0 0 0 0 0 1 0 0 0]	2026-08-08_22-46-13	[0 0 0 0 0 0 0 0 0 0 0 1 0 0 0 0 0 0 0 0 0]	2026-08-08_22-46-13	[0 0 1 0 0 0 0 0 0 0 1 0 0 0 0 0 0 0]	2026-08-08_22-46-13	[0 0 0 0 0 0 0 0 0 0 0 0 1 0 0 0 0 0]	2026-08-08_22-46-13	[4]	2026-08-08_22-46-13
0	2026-08-08_22-46-13	-0.875	2026-08-08_22-46-13	12.00948429107666	2026-08-08_22-46-13	3.0726375579833984	2026-08-08_22-46-13	3.0714900493621826	2026-08-08_22-46-13	2.9326324462890625	2026-08-08_22-46-13	2.9327239990234375	2026-08-08_22-46-13	True	2026-08-08_22-46-13	[1 0 0 0 0 0 0 0 0 0 0 0 0 0 0 0 0 1 0 0 0]	2026-08-08_22-46-13	[0 0 0 0 0 0 0 0 0 0 0 1 0 0 0 0 0 0 0 0 0]	2026-08-08_22-46-13	[0 0 1 0 0 0 0 0 0 0 1 0 0 0 0 0 0 0]	2026-08-08_22-46-13	[0 0 0 0 0 0 0 0 0 0 0 0 1 0 0 0 0 0]	2026-08-08_22-46-13	[4]	2026-08-08_22-46-13	[1 0 0 0 0 0 0 0 0 0 0 0 0 0 0 0 1 1 0 0 0]	2026-08-08_22-46-13	[0 0 0 0 1 0 0 0 0 0 0 1 0 0 0 0 0 0 0 0 0]	2026-08-08_22-46-13	[0 0 1 0 0 0 0 0 0 0 1 0 0 1 0 0 0 0]	2026-08-08_22-46-13	[0 0 0 0 0 1 0 0 0 0 0 0 1 0 0 0 0 0]	2026-08-08_22-46-13	[2]	2026-08-08_22-46-13
0	2026-08-08_22-46-13	-0.75	2026-08-08_22-46-13	12.004838943481445	2026-08-08_22-46-13	3.072993278503418	2026-08-08_22-46-13	3.0726664066314697	2026-08-08_22-46-13	2.932368516921997	2026-08-08_22-46-13	2.926811695098877	2026-08-08_22-46-13	True	2026-08-08_22-46-13	[1 0 0 0 0 0 0 0 0 0 0 0 0 0 0 0 1 1 0 0 0]	2026-08-08_22-46-13	[0 0 0 0 1 0 0 0 0 0 0 1 0 0 0 0 0 0 0 0 0]	2026-08-08_22-46-13	[0 0 1 0 0 0 0 0 0 0 1 0 0 1 0 0 0 0]	2026-08-08_22-46-13	[0 0 0 0 0 1 0 0 0 0 0 0 1 0 0 0 0 0]	2026-08-08_22-46-13	[2]	2026-08-08_22-46-13	[1 0 0 0 0 0 0 0 0 0 0 0 0 0 0 0 0 1 0 0 0]	2026-08-08_22-46-13	[0 0 0 0 0 0 0 0 0 0 0 1 0 0 0 0 0 0 0 0 0]	2026-08-08_22-46-13	[0 0 1 0 0 0 0 0 0 0 1 0 0 0 0 0 0 0]	2026-08-08_22-46-13	[0 0 0 0 0 0 0 0 0 0 0 0 1 0 0 0 0 0]	2026-08-08_22-46-13	[4]	2026-08-08_22-46-13
0	2026-08-08_22-46-13	-0.875	2026-08-08_22-46-13	12.009012222290039	2026-08-08_22-46-13	3.0728325843811035	2026-08-08_22-46-13	3.071605682373047	2026-08-08_22-46-13	2.9319024085998535	2026-08-08_22-46-13	2.932671546936035	2026-08-08_22-46-13	True	2026-08-08_22-46-13	[1 0 0 0 0 0 0 0 0 0 0 0 0 0 0 0 0 1 0 0 0]	2026-08-08_22-46-13	[0 0 0 0 0 0 0 0 0 0 0 1 0 0 0 0 0 0 0 0 0]	2026-08-08_22-46-13	[0 0 1 0 0 0 0 0 0 0 1 0 0 0 0 0 0 0]	2026-08-08_22-46-13	[0 0 0 0 0 0 0 0 0 0 0 0 1 0 0 0 0 0]	2026-08-08_22-46-13	[4]	2026-08-08_22-46-13	[1 0 0 0 0 0 0 0 0 0 0 0 0 0 0 0 1 1 0 0 0]	2026-08-08_22-46-13	[0 0 0 0 1 0 0 0 0 0 0 1 0 0 0 0 0 0 0 0 0]	2026-08-08_22-46-13	[0 0 1 0 0 0 0 0 0 0 1 0 0 1 0 0 0 0]	2026-08-08_22-46-13	[0 0 0 0 0 1 0 0 0 0 0 0 1 0 0 0 0 0]	2026-08-08_22-46-13	[2]	2026-08-08_22-46-13
0	2026-08-08_22-46-13	-0.75	2026-08-08_22-46-13	12.003833770751953	2026-08-08_22-46-13	3.0724525451660156	2026-08-08_22-46-13	3.07112979888916	2026-08-08_22-46-13	2.931004047393799	2026-08-08_22-46-13	2.9292469024658203	2026-08-08_22-46-13	True	2026-08-08_22-46-13	[1 0 0 0 0 0 0 0 0 0 0 0 0 0 0 0 1 1 0 0 0]	2026-08-08_22-46-13	[0 0 0 0 1 0 0 0 0 0 0 1 0 0 0 0 0 0 0 0 0]	2026-08-08_22-46-13	[0 0 1 0 0 0 0 0 0 0 1 0 0 1 0 0 0 0]	2026-08-08_22-46-13	[0 0 0 0 0 1 0 0 0 0 0 0 1 0 0 0 0 0]	2026-08-08_22-46-13	[2]	2026-08-08_22-46-13	[1 0 0 0 0 0 0 0 0 0 0 0 1 0 0 0 1 1 0 0 0]	2026-08-08_22-46-13	[0 0 0 0 0 0 0 0 0 0 0 1 0 0 0 0 0 0 0 0 0]	2026-08-08_22-46-13	[0 0 1 0 0 0 0 0 0 0 1 0 0 0 0 0 0 0]	2026-08-08_22-46-13	[0 0 0 0 0 0 0 0 0 0 0 0 1 0 0 0 0 0]	2026-08-08_22-46-13	[4]	2026-08-08_22-46-13
1	2026-08-10_04-36-57	-1.0	2026-08-10_04-36-57	11.76219367980957	2026-08-10_04-36-57	2.9909932613372803	2026-08-10_04-36-57	3.0245471000671387	2026-08-10_04-36-57	2.8670241832733154	2026-08-10_04-36-57	2.8796286582946777	2026-08-10_04-36-57	True	2026-08-10_04-36-57	[0 0 0 0 0 0 0 0 0 0 0 0 0 0 0 0 0 0 1 0 0]	2026-08-10_04-36-57	[0 0 0 1 0 0 0 1 0 0 0 0 0 0 0 0 0 0 0 0 0]	2026-08-10_04-36-57	[0 0 0 0 0 0 0 0 0 0 0 0 0 0 0 0 0 0]	2026-08-10_04-36-57	[1 0 0 0 0 0 0 0 0 1 0 0 0 0 0 1 0 0]	2026-08-10_04-36-57	[0]	2026-08-10_04-36-57	[0 0 0 0 1 0 0 0 0 0 0 0 0 0 0 0 0 0 1 0 0]	2026-08-10_04-36-57	[0 0 0 1 0 0 0 1 0 0 0 0 0 0 0 0 0 0 1 0 0]	2026-08-10_04-36-57	[0 0 0 0 0 0 0 0 0 0 0 0 0 0 0 0 0 1]	2026-08-10_04-36-57	[0 0 0 0 0 0 0 0 0 1 0 0 0 0 0 1 0 0]	2026-08-10_04-36-57	[0]	2026-08-10_04-36-57
1	2026-08-10_04-36-57	-1.0	2026-08-10_04-36-57	11.667342185974121	2026-08-10_04-36-57	3.000215768814087	2026-08-10_04-36-57	3.028693914413452	2026-08-10_04-36-57	2.822533369064331	2026-08-10_04-36-57	2.815899133682251	2026-08-10_04-36-57	True	2026-08-10_04-36-57	[0 0 0 0 1 0 0 0 0 0 0 0 0 0 0 0 0 0 1 0 0]	2026-08-10_04-36-57	[0 0 0 1 0 0 0 1 0 0 0 0 0 0 0 0 0 0 1 0 0]	2026-08-10_04-36-57	[0 0 0 0 0 0 0 0 0 0 0 0 0 0 0 0 0 1]	2026-08-10_04-36-57	[0 0 0 0 0 0 0 0 0 1 0 0 0 0 0 1 0 0]	2026-08-10_04-36-57	[0]	2026-08-10_04-36-57	[0 0 0 0 1 0 0 0 0 0 0 0 0 0 0 0 0 0 0 0 0]	2026-08-10_04-36-57	[0 0 0 1 0 0 0 1 0 0 0 0 0 0 0 0 0 0 0 0 0]	2026-08-10_04-36-57	[0 0 0 0 0 0 0 0 0 0 0 0 0 0 0 0 0 1]	2026-08-10_04-36-57	[0 0 0 0 0 0 1 0 0 1 0 0 0 0 0 1 0 0]	2026-08-10_04-36-57	[0]	2026-08-10_04-36-57
1	2026-08-10_04-36-57	-1.0	2026-08-10_04-36-57	11.795106887817383	2026-08-10_04-36-57	3.0105550289154053	2026-08-10_04-36-57	3.0406222343444824	2026-08-10_04-36-57	2.875892400741577	2026-08-10_04-36-57	2.868037223815918	2026-08-10_04-36-57	True	2026-08-10_04-36-57	[0 0 0 0 1 0 0 0 0 0 0 0 0 0 0 0 0 0 0 0 0]	2026-08-10_04-36-57	[0 0 0 1 0 0 0 1 0 0 0 0 0 0 0 0 0 0 0 0 0]	2026-08-10_04-36-57	[0 0 0 0 0 0 0 0 0 0 0 0 0 0 0 0 0 1]	2026-08-10_04-36-57	[0 0 0 0 0 0 1 0 0 1 0 0 0 0 0 1 0 0]	2026-08-10_04-36-57	[0]	2026-08-10_04-36-57	[0 0 0 0 1 0 0 0 0 0 0 0 0 0 0 0 0 0 1 0 0]	2026-08-10_04-36-57	[1 0 0 1 0 0 0 1 0 0 0 0 0 0 0 0 0 0 0 0 0]	2026-08-10_04-36-57	[0 0 1 0 0 0 0 0 0 0 0 0 0 0 0 0 0 1]	2026-08-10_04-36-57	[0 0 0 0 0 0 0 0 0 1 0 0 0 0 0 1 0 0]	2026-08-10_04-36-57	[0]	2026-08-10_04-36-57
1	2026-08-10_04-36-57	-1.0	2026-08-10_04-36-57	11.732412338256836	2026-08-10_04-36-57	3.0112552642822266	2026-08-10_04-36-57	3.0366358757019043	2026-08-10_04-36-57	2.844607353210449	2026-08-10_04-36-57	2.839914321899414	2026-08-10_04-36-57	True	2026-08-10_04-36-57	[0 0 0 0 1 0 0 0 0 0 0 0 0 0 0 0 0 0 1 0 0]	2026-08-10_04-36-57	[1 0 0 1 0 0 0 1 0 0 0 0 0 0 0 0 0 0 0 0 0]	2026-08-10_04-36-57	[0 0 1 0 0 0 0 0 0 0 0 0 0 0 0 0 0 1]	2026-08-10_04-36-57	[0 0 0 0 0 0 0 0 0 1 0 0 0 0 0 1 0 0]	2026-08-10_04-36-57	[0]	2026-08-10_04-36-57	[0 0 0 0 1 0 0 0 0 0 0 0 0 0 0 0 0 0 0 0 0]	2026-08-10_04-36-57	[1 0 0 1 0 0 0 1 0 0 0 0 0 0 0 0 0 0 1 0 0]	2026-08-10_04-36-57	[0 0 1 0 0 0 0 0 0 0 0 0 0 0 0 0 0 1]	2026-08-10_04-36-57	[0 0 0 0 0 0 1 0 0 1 0 0 0 0 0 1 0 0]	2026-08-10_04-36-57	[0]	2026-08-10_04-36-57
1	2026-08-10_04-36-57	-1.0	2026-08-10_04-36-57	11.814004898071289	2026-08-10_04-36-57	3.012599468231201	2026-08-10_04-36-57	3.042872190475464	2026-08-10_04-36-57	2.888530731201172	2026-08-10_04-36-57	2.8700029850006104	2026-08-10_04-36-57	True	2026-08-10_04-36-57	[0 0 0 0 1 0 0 0 0 0 0 0 0 0 0 0 0 0 0 0 0]	2026-08-10_04-36-57	[1 0 0 1 0 0 0 1 0 0 0 0 0 0 0 0 0 0 1 0 0]	2026-08-10_04-36-57	[0 0 1 0 0 0 0 0 0 0 0 0 0 0 0 0 0 1]	2026-08-10_04-36-57	[0 0 0 0 0 0 1 0 0 1 0 0 0 0 0 1 0 0]	2026-08-10_04-36-57	[0]	2026-08-10_04-36-57	[0 0 0 0 1 0 0 0 0 0 0 0 0 0 0 0 0 0 1 0 0]	2026-08-10_04-36-57	[0 0 0 1 0 0 0 1 0 0 0 0 0 0 0 0 0 0 1 0 0]	2026-08-10_04-36-57	[0 0 0 0 0 0 0 0 0 0 0 0 0 0 0 0 0 1]	2026-08-10_04-36-57	[0 0 0 0 0 0 0 0 0 1 0 0 0 0 0 1 0 0]	2026-08-10_04-36-57	[0]	2026-08-10_04-36-57
1	2026-08-10_04-36-57	-1.0	2026-08-10_04-36-57	11.65719223022461	2026-08-10_04-36-57	3.0014572143554688	2026-08-10_04-36-57	3.0268406867980957	2026-08-10_04-36-57	2.818124294281006	2026-08-10_04-36-57	2.8107705116271973	2026-08-10_04-36-57	True	2026-08-10_04-36-57	[0 0 0 0 1 0 0 0 0 0 0 0 0 0 0 0 0 0 1 0 0]	2026-08-10_04-36-57	[0 0 0 1 0 0 0 1 0 0 0 0 0 0 0 0 0 0 1 0 0]	2026-08-10_04-36-57	[0 0 0 0 0 0 0 0 0 0 0 0 0 0 0 0 0 1]	2026-08-10_04-36-57	[0 0 0 0 0 0 0 0 0 1 0 0 0 0 0 1 0 0]	2026-08-10_04-36-57	[0]	2026-08-10_04-36-57	[0 0 0 0 1 0 0 0 0 0 0 0 0 0 0 0 0 0 0 0 0]	2026-08-10_04-36-57	[0 0 0 1 0 0 0 1 0 0 0 0 0 0 0 0 0 0 0 0 0]	2026-08-10_04-36-57	[0 0 0 0 0 0 0 0 0 0 0 0 0 0 0 0 0 1]	2026-08-10_04-36-57	[0 0 0 0 0 0 1 0 0 1 0 0 0 0 0 1 0 0]	2026-08-10_04-36-57	[0]	2026-08-10_04-36-57
1	2026-08-10_04-36-57	-1.0	2026-08-10_04-36-57	11.80150032043457	2026-08-10_04-36-57	3.011537551879883	2026-08-10_04-36-57	3.0433428287506104	2026-08-10_04-36-57	2.879814386367798	2026-08-10_04-36-57	2.8668060302734375	2026-08-10_04-36-57	True	2026-08-10_04-36-57	[0 0 0 0 1 0 0 0 0 0 0 0 0 0 0 0 0 0 0 0 0]	2026-08-10_04-36-57	[0 0 0 1 0 0 0 1 0 0 0 0 0 0 0 0 0 0 0 0 0]	2026-08-10_04-36-57	[0 0 0 0 0 0 0 0 0 0 0 0 0 0 0 0 0 1]	2026-08-10_04-36-57	[0 0 0 0 0 0 1 0 0 1 0 0 0 0 0 1 0 0]	2026-08-10_04-36-57	[0]	2026-08-10_04-36-57	[0 0 0 0 1 0 0 0 0 0 0 0 0 0 0 0 0 0 1 0 0]	2026-08-10_04-36-57	[1 0 0 1 0 0 0 1 0 0 0 0 0 0 0 0 0 0 0 0 0]	2026-08-10_04-36-57	[0 0 1 0 0 0 0 0 0 0 0 0 0 0 0 0 0 1]	2026-08-10_04-36-57	[0 0 0 0 0 0 0 0 0 1 0 0 0 0 0 1 0 0]	2026-08-10_04-36-57	[0]	2026-08-10_04-36-57
1	2026-08-10_04-36-57	-1.0	2026-08-10_04-36-57	11.74370002746582	2026-08-10_04-36-57	3.009713649749756	2026-08-10_04-36-57	3.039520502090454	2026-08-10_04-36-57	2.852588653564453	2026-08-10_04-36-57	2.841876983642578	2026-08-10_04-36-57	True	2026-08-10_04-36-57	[0 0 0 0 1 0 0 0 0 0 0 0 0 0 0 0 0 0 1 0 0]	2026-08-10_04-36-57	[1 0 0 1 0 0 0 1 0 0 0 0 0 0 0 0 0 0 0 0 0]	2026-08-10_04-36-57	[0 0 1 0 0 0 0 0 0 0 0 0 0 0 0 0 0 1]	2026-08-10_04-36-57	[0 0 0 0 0 0 0 0 0 1 0 0 0 0 0 1 0 0]	2026-08-10_04-36-57	[0]	2026-08-10_04-36-57	[0 0 0 0 1 0 0 0 0 0 0 0 0 0 0 0 0 0 0 0 0]	2026-08-10_04-36-57	[1 0 0 1 0 0 0 1 0 0 0 0 0 0 0 0 0 0 1 0 0]	2026-08-10_04-36-57	[0 0 0 0 0 0 0 0 0 0 0 0 0 0 0 0 0 1]	2026-08-10_04-36-57	[0 0 0 0 0 0 1 0 0 1 0 0 0 0 0 1 0 0]	2026-08-10_04-36-57	[0]	2026-08-10_04-36-57
1	2026-08-10_04-36-57	-1.0	2026-08-10_04-36-57	11.812865257263184	2026-08-10_04-36-57	3.0100526809692383	2026-08-10_04-36-57	3.0433523654937744	2026-08-10_04-36-57	2.8870508670806885	2026-08-10_04-36-57	2.8724098205566406	2026-08-10_04-36-57	True	2026-08-10_04-36-57	[0 0 0 0 1 0 0 0 0 0 0 0 0 0 0 0 0 0 0 0 0]	2026-08-10_04-36-57	[1 0 0 1 0 0 0 1 0 0 0 0 0 0 0 0 0 0 1 0 0]	2026-08-10_04-36-57	[0 0 0 0 0 0 0 0 0 0 0 0 0 0 0 0 0 1]	2026-08-10_04-36-57	[0 0 0 0 0 0 1 0 0 1 0 0 0 0 0 1 0 0]	2026-08-10_04-36-57	[0]	2026-08-10_04-36-57	[0 0 0 0 1 0 0 0 0 0 0 0 0 0 0 0 0 0 1 0 0]	2026-08-10_04-36-57	[0 0 0 1 0 0 0 1 0 0 0 0 0 0 0 0 0 0 1 0 0]	2026-08-10_04-36-57	[0 0 1 0 0 0 0 0 0 0 0 0 0 0 0 0 0 1]	2026-08-10_04-36-57	[0 0 0 0 0 0 0 0 0 1 0 0 0 0 0 1 0 0]	2026-08-10_04-36-57	[0]	2026-08-10_04-36-57
1	2026-08-10_04-36-57	-1.0	2026-08-10_04-36-57	11.68132209777832	2026-08-10_04-36-57	3.0069234371185303	2026-08-10_04-36-57	3.03353214263916	2026-08-10_04-36-57	2.8237144947052	2026-08-10_04-36-57	2.8171520233154297	2026-08-10_04-36-57	True	2026-08-10_04-36-57	[0 0 0 0 1 0 0 0 0 0 0 0 0 0 0 0 0 0 1 0 0]	2026-08-10_04-36-57	[0 0 0 1 0 0 0 1 0 0 0 0 0 0 0 0 0 0 1 0 0]	2026-08-10_04-36-57	[0 0 1 0 0 0 0 0 0 0 0 0 0 0 0 0 0 1]	2026-08-10_04-36-57	[0 0 0 0 0 0 0 0 0 1 0 0 0 0 0 1 0 0]	2026-08-10_04-36-57	[0]	2026-08-10_04-36-57	[0 0 0 0 1 0 0 0 0 0 0 0 0 0 0 0 0 0 0 0 0]	2026-08-10_04-36-57	[0 0 0 1 0 0 0 1 0 0 0 0 0 0 0 0 0 0 0 0 0]	2026-08-10_04-36-57	[0 0 0 0 0 0 0 0 0 0 0 0 0 0 0 0 0 1]	2026-08-10_04-36-57	[0 0 0 0 0 0 1 0 0 1 0 0 0 0 0 1 0 0]	2026-08-10_04-36-57	[0]	2026-08-10_04-36-57
1	2026-08-10_04-36-57	-1.0	2026-08-10_04-36-57	11.807820320129395	2026-08-10_04-36-57	3.0125732421875	2026-08-10_04-36-57	3.045529365539551	2026-08-10_04-36-57	2.88203763961792	2026-08-10_04-36-57	2.867680788040161	2026-08-10_04-36-57	True	2026-08-10_04-36-57	[0 0 0 0 1 0 0 0 0 0 0 0 0 0 0 0 0 0 0 0 0]	2026-08-10_04-36-57	[0 0 0 1 0 0 0 1 0 0 0 0 0 0 0 0 0 0 0 0 0]	2026-08-10_04-36-57	[0 0 0 0 0 0 0 0 0 0 0 0 0 0 0 0 0 1]	2026-08-10_04-36-57	[0 0 0 0 0 0 1 0 0 1 0 0 0 0 0 1 0 0]	2026-08-10_04-36-57	[0]	2026-08-10_04-36-57	[0 0 0 0 1 0 0 0 0 0 0 0 0 0 0 0 0 0 1 0 0]	2026-08-10_04-36-57	[1 0 0 1 0 0 0 1 0 0 0 0 0 0 0 0 0 0 0 0 0]	2026-08-10_04-36-57	[0 0 1 0 0 0 0 0 0 0 0 0 0 0 0 0 0 1]	2026-08-10_04-36-57	[0 0 0 0 0 0 0 0 0 1 0 0 0 0 0 1 0 0]	2026-08-10_04-36-57	[0]	2026-08-10_04-36-57
1	2026-08-10_04-36-57	-1.0	2026-08-10_04-36-57	11.673789024353027	2026-08-10_04-36-57	3.0033483505249023	2026-08-10_04-36-57	3.030255079269409	2026-08-10_04-36-57	2.823961019515991	2026-08-10_04-36-57	2.8162238597869873	2026-08-10_04-36-57	True	2026-08-10_04-36-57	[0 0 0 0 1 0 0 0 0 0 0 0 0 0 0 0 0 0 1 0 0]	2026-08-10_04-36-57	[1 0 0 1 0 0 0 1 0 0 0 0 0 0 0 0 0 0 0 0 0]	2026-08-10_04-36-57	[0 0 1 0 0 0 0 0 0 0 0 0 0 0 0 0 0 1]	2026-08-10_04-36-57	[0 0 0 0 0 0 0 0 0 1 0 0 0 0 0 1 0 0]	2026-08-10_04-36-57	[0]	2026-08-10_04-36-57	[0 0 0 0 1 0 0 0 0 0 0 0 0 0 0 0 0 0 0 0 0]	2026-08-10_04-36-57	[1 0 0 1 0 0 0 1 0 0 0 0 0 0 0 0 0 0 1 0 0]	2026-08-10_04-36-57	[0 0 0 0 0 0 0 0 0 0 0 0 0 0 0 0 0 1]	2026-08-10_04-36-57	[0 0 0 0 0 0 1 0 0 1 0 0 0 0 0 1 0 0]	2026-08-10_04-36-57	[0]	2026-08-10_04-36-57
1	2026-08-10_04-36-57	-1.0	2026-08-10_04-36-57	11.817327499389648	2026-08-10_04-36-57	3.0116100311279297	2026-08-10_04-36-57	3.046135187149048	2026-08-10_04-36-57	2.889038562774658	2026-08-10_04-36-57	2.870544910430908	2026-08-10_04-36-57	True	2026-08-10_04-36-57	[0 0 0 0 1 0 0 0 0 0 0 0 0 0 0 0 0 0 0 0 0]	2026-08-10_04-36-57	[1 0 0 1 0 0 0 1 0 0 0 0 0 0 0 0 0 0 1 0 0]	2026-08-10_04-36-57	[0 0 0 0 0 0 0 0 0 0 0 0 0 0 0 0 0 1]	2026-08-10_04-36-57	[0 0 0 0 0 0 1 0 0 1 0 0 0 0 0 1 0 0]	2026-08-10_04-36-57	[0]	2026-08-10_04-36-57	[0 0 0 0 1 0 0 0 0 0 0 0 0 0 0 0 0 0 1 0 0]	2026-08-10_04-36-57	[0 0 0 1 0 0 0 1 0 0 0 0 0 0 0 0 0 0 1 0 0]	2026-08-10_04-36-57	[0 0 1 0 0 0 0 0 0 0 0 0 0 0 0 0 0 1]	2026-08-10_04-36-57	[0 0 0 0 0 0 0 0 0 1 0 0 0 0 0 1 0 0]	2026-08-10_04-36-57	[0]	2026-08-10_04-36-57
1	2026-08-10_04-36-57	-1.0	2026-08-10_04-36-57	11.701455116271973	2026-08-10_04-36-57	3.0069026947021484	2026-08-10_04-36-57	3.031480073928833	2026-08-10_04-36-57	2.8326222896575928	2026-08-10_04-36-57	2.8304498195648193	2026-08-10_04-36-57	True	2026-08-10_04-36-57	[0 0 0 0 1 0 0 0 0 0 0 0 0 0 0 0 0 0 1 0 0]	2026-08-10_04-36-57	[0 0 0 1 0 0 0 1 0 0 0 0 0 0 0 0 0 0 1 0 0]	2026-08-10_04-36-57	[0 0 1 0 0 0 0 0 0 0 0 0 0 0 0 0 0 1]	2026-08-10_04-36-57	[0 0 0 0 0 0 0 0 0 1 0 0 0 0 0 1 0 0]	2026-08-10_04-36-57	[0]	2026-08-10_04-36-57	[0 0 0 0 1 0 0 0 0 0 0 0 0 0 0 0 0 0 0 0 0]	2026-08-10_04-36-57	[0 0 0 1 0 0 0 1 0 0 0 0 0 0 0 0 0 0 0 0 0]	2026-08-10_04-36-57	[0 0 1 0 0 0 0 0 0 0 0 0 0 0 0 0 0 1]	2026-08-10_04-36-57	[0 0 0 0 0 0 1 0 0 1 0 0 0 0 0 1 0 0]	2026-08-10_04-36-57	[0]	2026-08-10_04-36-57
1	2026-08-10_04-36-57	-1.0	2026-08-10_04-36-57	11.778097152709961	2026-08-10_04-36-57	3.0070531368255615	2026-08-10_04-36-57	3.0402278900146484	2026-08-10_04-36-57	2.8734235763549805	2026-08-10_04-36-57	2.857391834259033	2026-08-10_04-36-57	True	2026-08-10_04-36-57	[0 0 0 0 1 0 0 0 0 0 0 0 0 0 0 0 0 0 0 0 0]	2026-08-10_04-36-57	[0 0 0 1 0 0 0 1 0 0 0 0 0 0 0 0 0 0 0 0 0]	2026-08-10_04-36-57	[0 0 1 0 0 0 0 0 0 0 0 0 0 0 0 0 0 1]	2026-08-10_04-36-57	[0 0 0 0 0 0 1 0 0 1 0 0 0 0 0 1 0 0]	2026-08-10_04-36-57	[0]	2026-08-10_04-36-57	[0 0 0 0 1 0 0 0 0 0 0 0 0 0 0 0 0 0 1 0 0]	2026-08-10_04-36-57	[1 0 0 1 0 0 0 1 0 0 0 0 0 0 0 0 0 0 0 0 0]	2026-08-10_04-36-57	[0 0 1 0 0 0 0 0 0 1 0 0 0 0 0 0 0 1]	2026-08-10_04-36-57	[0 0 0 0 0 0 0 0 0 1 0 0 0 0 0 1 0 0]	2026-08-10_04-36-57	[0]	2026-08-10_04-36-57
1	2026-08-10_04-36-57	-1.0	2026-08-10_04-36-57	11.619081497192383	2026-08-10_04-36-57	2.996492624282837	2026-08-10_04-36-57	3.0184993743896484	2026-08-10_04-36-57	2.8060169219970703	2026-08-10_04-36-57	2.7980732917785645	2026-08-10_04-36-57	True	2026-08-10_04-36-57	[0 0 0 0 1 0 0 0 0 0 0 0 0 0 0 0 0 0 1 0 0]	2026-08-10_04-36-57	[1 0 0 1 0 0 0 1 0 0 0 0 0 0 0 0 0 0 0 0 0]	2026-08-10_04-36-57	[0 0 1 0 0 0 0 0 0 1 0 0 0 0 0 0 0 1]	2026-08-10_04-36-57	[0 0 0 0 0 0 0 0 0 1 0 0 0 0 0 1 0 0]	2026-08-10_04-36-57	[0]	2026-08-10_04-36-57	[0 0 0 0 1 0 0 0 0 0 0 0 0 0 0 0 0 0 0 0 0]	2026-08-10_04-36-57	[1 0 0 1 0 0 0 1 0 0 0 0 0 0 0 0 0 0 1 0 0]	2026-08-10_04-36-57	[0 0 0 0 0 0 0 0 0 1 0 0 0 0 0 0 0 1]	2026-08-10_04-36-57	[0 0 0 0 0 0 1 0 0 1 0 0 0 0 0 1 0 0]	2026-08-10_04-36-57	[0]	2026-08-10_04-36-57
1	2026-08-10_04-36-57	-1.0	2026-08-10_04-36-57	11.823200225830078	2026-08-10_04-36-57	3.0159196853637695	2026-08-10_04-36-57	3.0459256172180176	2026-08-10_04-36-57	2.8858962059020996	2026-08-10_04-36-57	2.8754584789276123	2026-08-10_04-36-57	True	2026-08-10_04-36-57	[0 0 0 0 1 0 0 0 0 0 0 0 0 0 0 0 0 0 0 0 0]	2026-08-10_04-36-57	[1 0 0 1 0 0 0 1 0 0 0 0 0 0 0 0 0 0 1 0 0]	2026-08-10_04-36-57	[0 0 0 0 0 0 0 0 0 1 0 0 0 0 0 0 0 1]	2026-08-10_04-36-57	[0 0 0 0 0 0 1 0 0 1 0 0 0 0 0 1 0 0]	2026-08-10_04-36-57	[0]	2026-08-10_04-36-57	[0 0 0 0 1 0 0 0 0 0 0 0 0 0 0 0 0 0 1 0 0]	2026-08-10_04-36-57	[0 0 0 1 0 0 0 1 0 0 0 0 0 0 0 0 0 0 1 0 0]	2026-08-10_04-36-57	[0 0 0 0 0 0 0 0 0 0 0 0 0 0 0 0 0 1]	2026-08-10_04-36-57	[0 0 0 0 0 0 0 0 0 1 0 0 0 0 0 1 0 0]	2026-08-10_04-36-57	[0]	2026-08-10_04-36-57
1	2026-08-10_04-36-57	-1.0	2026-08-10_04-36-57	11.629802703857422	2026-08-10_04-36-57	2.997382640838623	2026-08-10_04-36-57	3.0216586589813232	2026-08-10_04-36-57	2.8095617294311523	2026-08-10_04-36-57	2.801199436187744	2026-08-10_04-36-57	True	2026-08-10_04-36-57	[0 0 0 0 1 0 0 0 0 0 0 0 0 0 0 0 0 0 1 0 0]	2026-08-10_04-36-57	[0 0 0 1 0 0 0 1 0 0 0 0 0 0 0 0 0 0 1 0 0]	2026-08-10_04-36-57	[0 0 0 0 0 0 0 0 0 0 0 0 0 0 0 0 0 1]	2026-08-10_04-36-57	[0 0 0 0 0 0 0 0 0 1 0 0 0 0 0 1 0 0]	2026-08-10_04-36-57	[0]	2026-08-10_04-36-57	[0 0 0 0 1 0 0 0 0 0 0 0 0 0 0 0 0 0 0 0 0]	2026-08-10_04-36-57	[0 0 0 1 0 0 0 1 0 0 0 0 0 0 0 0 0 0 0 0 0]	2026-08-10_04-36-57	[0 0 1 0 0 0 0 0 0 0 0 0 0 0 0 0 0 1]	2026-08-10_04-36-57	[0 0 0 0 0 0 1 0 0 1 0 0 0 0 0 1 0 0]	2026-08-10_04-36-57	[0]	2026-08-10_04-36-57
1	2026-08-10_04-36-57	-1.0	2026-08-10_04-36-57	11.76962947845459	2026-08-10_04-36-57	3.0073559284210205	2026-08-10_04-36-57	3.03706955909729	2026-08-10_04-36-57	2.868515729904175	2026-08-10_04-36-57	2.8566882610321045	2026-08-10_04-36-57	True	2026-08-10_04-36-57	[0 0 0 0 1 0 0 0 0 0 0 0 0 0 0 0 0 0 0 0 0]	2026-08-10_04-36-57	[0 0 0 1 0 0 0 1 0 0 0 0 0 0 0 0 0 0 0 0 0]	2026-08-10_04-36-57	[0 0 1 0 0 0 0 0 0 0 0 0 0 0 0 0 0 1]	2026-08-10_04-36-57	[0 0 0 0 0 0 1 0 0 1 0 0 0 0 0 1 0 0]	2026-08-10_04-36-57	[0]	2026-08-10_04-36-57	[0 0 0 0 1 0 0 0 0 0 0 0 0 0 0 0 0 0 1 0 0]	2026-08-10_04-36-57	[1 0 0 1 0 0 0 1 0 0 0 0 0 0 0 0 0 0 0 0 0]	2026-08-10_04-36-57	[0 0 1 0 0 0 0 0 0 0 0 0 0 0 0 0 0 0]	2026-08-10_04-36-57	[0 0 0 0 0 0 0 0 0 1 0 0 0 0 0 1 0 0]	2026-08-10_04-36-57	[0]	2026-08-10_04-36-57
1	2026-08-10_04-36-57	-1.0	2026-08-10_04-36-57	11.6748046875	2026-08-10_04-36-57	3.0049855709075928	2026-08-10_04-36-57	3.0105135440826416	2026-08-10_04-36-57	2.8203892707824707	2026-08-10_04-36-57	2.8389170169830322	2026-08-10_04-36-57	True	2026-08-10_04-36-57	[0 0 0 0 1 0 0 0 0 0 0 0 0 0 0 0 0 0 1 0 0]	2026-08-10_04-36-57	[1 0 0 1 0 0 0 1 0 0 0 0 0 0 0 0 0 0 0 0 0]	2026-08-10_04-36-57	[0 0 1 0 0 0 0 0 0 0 0 0 0 0 0 0 0 0]	2026-08-10_04-36-57	[0 0 0 0 0 0 0 0 0 1 0 0 0 0 0 1 0 0]	2026-08-10_04-36-57	[0]	2026-08-10_04-36-57	[0 0 0 0 0 0 0 0 0 0 0 0 0 0 0 0 0 0 1 0 0]	2026-08-10_04-36-57	[1 0 0 1 0 0 0 1 0 0 0 0 0 0 0 0 0 0 1 0 0]	2026-08-10_04-36-57	[0 0 1 0 0 0 0 0 0 0 0 0 0 0 0 0 0 1]	2026-08-10_04-36-57	[0 0 0 0 0 0 1 0 0 1 0 0 0 0 0 1 0 0]	2026-08-10_04-36-57	[0]	2026-08-10_04-36-57
1	2026-08-10_04-36-57	-1.0	2026-08-10_04-36-57	11.829784393310547	2026-08-10_04-36-57	3.0109615325927734	2026-08-10_04-36-57	3.044595241546631	2026-08-10_04-36-57	2.8873343467712402	2026-08-10_04-36-57	2.886892795562744	2026-08-10_04-36-57	True	2026-08-10_04-36-57	[0 0 0 0 0 0 0 0 0 0 0 0 0 0 0 0 0 0 1 0 0]	2026-08-10_04-36-57	[1 0 0 1 0 0 0 1 0 0 0 0 0 0 0 0 0 0 1 0 0]	2026-08-10_04-36-57	[0 0 1 0 0 0 0 0 0 0 0 0 0 0 0 0 0 1]	2026-08-10_04-36-57	[0 0 0 0 0 0 1 0 0 1 0 0 0 0 0 1 0 0]	2026-08-10_04-36-57	[0]	2026-08-10_04-36-57	[0 0 0 0 1 0 0 0 0 0 0 0 0 0 0 0 0 0 1 0 0]	2026-08-10_04-36-57	[1 0 0 1 0 0 0 1 0 0 0 0 0 0 0 0 0 0 0 0 0]	2026-08-10_04-36-57	[0 0 1 0 0 0 0 0 0 0 0 0 0 0 0 0 0 0]	2026-08-10_04-36-57	[0 0 0 0 0 0 0 0 0 1 0 0 0 0 0 1 0 0]	2026-08-10_04-36-57	[0]	2026-08-10_04-36-57
1	2026-08-10_04-36-57	-1.0	2026-08-10_04-36-57	11.733939170837402	2026-08-10_04-36-57	3.010113477706909	2026-08-10_04-36-57	3.0237133502960205	2026-08-10_04-36-57	2.844395875930786	2026-08-10_04-36-57	2.8557167053222656	2026-08-10_04-36-57	True	2026-08-10_04-36-57	[0 0 0 0 1 0 0 0 0 0 0 0 0 0 0 0 0 0 1 0 0]	2026-08-10_04-36-57	[1 0 0 1 0 0 0 1 0 0 0 0 0 0 0 0 0 0 0 0 0]	2026-08-10_04-36-57	[0 0 1 0 0 0 0 0 0 0 0 0 0 0 0 0 0 0]	2026-08-10_04-36-57	[0 0 0 0 0 0 0 0 0 1 0 0 0 0 0 1 0 0]	2026-08-10_04-36-57	[0]	2026-08-10_04-36-57	[0 0 0 0 0 0 0 0 0 0 0 0 0 0 0 0 0 0 1 0 0]	2026-08-10_04-36-57	[1 0 0 1 0 0 0 1 0 0 0 0 0 0 0 0 0 0 1 0 0]	2026-08-10_04-36-57	[0 0 1 0 0 0 0 0 0 0 0 0 0 0 0 0 0 1]	2026-08-10_04-36-57	[0 0 0 0 0 0 1 0 0 1 0 0 0 0 0 1 0 0]	2026-08-10_04-36-57	[0]	2026-08-10_04-36-57
1	2026-08-10_04-36-57	-1.0	2026-08-10_04-36-57	11.847885131835938	2026-08-10_04-36-57	3.016263723373413	2026-08-10_04-36-57	3.048358917236328	2026-08-10_04-36-57	2.894747734069824	2026-08-10_04-36-57	2.888514518737793	2026-08-10_04-36-57	True	2026-08-10_04-36-57	[0 0 0 0 0 0 0 0 0 0 0 0 0 0 0 0 0 0 1 0 0]	2026-08-10_04-36-57	[1 0 0 1 0 0 0 1 0 0 0 0 0 0 0 0 0 0 1 0 0]	2026-08-10_04-36-57	[0 0 1 0 0 0 0 0 0 0 0 0 0 0 0 0 0 1]	2026-08-10_04-36-57	[0 0 0 0 0 0 1 0 0 1 0 0 0 0 0 1 0 0]	2026-08-10_04-36-57	[0]	2026-08-10_04-36-57	[0 0 0 0 1 0 0 0 0 0 0 0 0 0 0 0 0 0 1 0 0]	2026-08-10_04-36-57	[1 0 0 1 0 0 0 1 0 0 0 0 0 0 0 0 0 0 0 0 0]	2026-08-10_04-36-57	[0 0 1 0 0 0 0 0 0 0 0 0 0 0 0 0 0 0]	2026-08-10_04-36-57	[0 0 0 0 0 0 0 0 0 1 0 0 0 0 0 1 0 0]	2026-08-10_04-36-57	[0]	2026-08-10_04-36-57
1	2026-08-10_04-36-57	-1.0	2026-08-10_04-36-57	11.72252082824707	2026-08-10_04-36-57	3.008340358734131	2026-08-10_04-36-57	3.0246729850769043	2026-08-10_04-36-57	2.8397152423858643	2026-08-10_04-36-57	2.849792718887329	2026-08-10_04-36-57	True	2026-08-10_04-36-57	[0 0 0 0 1 0 0 0 0 0 0 0 0 0 0 0 0 0 1 0 0]	2026-08-10_04-36-57	[1 0 0 1 0 0 0 1 0 0 0 0 0 0 0 0 0 0 0 0 0]	2026-08-10_04-36-57	[0 0 1 0 0 0 0 0 0 0 0 0 0 0 0 0 0 0]	2026-08-10_04-36-57	[0 0 0 0 0 0 0 0 0 1 0 0 0 0 0 1 0 0]	2026-08-10_04-36-57	[0]	2026-08-10_04-36-57	[0 0 0 0 0 0 0 0 0 0 0 0 0 0 0 0 0 0 1 0 0]	2026-08-10_04-36-57	[1 0 0 1 0 0 0 1 0 0 0 0 0 0 0 0 0 0 1 0 0]	2026-08-10_04-36-57	[0 0 1 0 0 0 0 0 0 0 0 0 0 0 0 0 0 1]	2026-08-10_04-36-57	[0 0 0 0 0 0 1 0 0 1 0 0 0 0 0 1 0 0]	2026-08-10_04-36-57	[0]	2026-08-10_04-36-57
1	2026-08-10_04-36-57	-1.0	2026-08-10_04-36-57	11.866142272949219	2026-08-10_04-36-57	3.017651319503784	2026-08-10_04-36-57	3.0516600608825684	2026-08-10_04-36-57	2.9051942825317383	2026-08-10_04-36-57	2.8916373252868652	2026-08-10_04-36-57	True	2026-08-10_04-36-57	[0 0 0 0 0 0 0 0 0 0 0 0 0 0 0 0 0 0 1 0 0]	2026-08-10_04-36-57	[1 0 0 1 0 0 0 1 0 0 0 0 0 0 0 0 0 0 1 0 0]	2026-08-10_04-36-57	[0 0 1 0 0 0 0 0 0 0 0 0 0 0 0 0 0 1]	2026-08-10_04-36-57	[0 0 0 0 0 0 1 0 0 1 0 0 0 0 0 1 0 0]	2026-08-10_04-36-57	[0]	2026-08-10_04-36-57	[0 0 0 0 1 0 0 0 0 0 0 0 0 0 0 0 0 0 1 0 0]	2026-08-10_04-36-57	[1 0 0 1 0 0 0 1 0 0 0 0 0 0 0 0 0 0 0 0 0]	2026-08-10_04-36-57	[0 0 1 0 0 0 0 0 0 0 0 0 0 0 0 0 0 0]	2026-08-10_04-36-57	[0 0 0 0 0 0 0 0 0 1 0 0 0 0 0 1 0 0]	2026-08-10_04-36-57	[0]	2026-08-10_04-36-57
1	2026-08-10_04-36-57	-1.0	2026-08-10_04-36-57	11.72780704498291	2026-08-10_04-36-57	3.010087251663208	2026-08-10_04-36-57	3.020507335662842	2026-08-10_04-36-57	2.8391528129577637	2026-08-10_04-36-57	2.8580596446990967	2026-08-10_04-36-57	True	2026-08-10_04-36-57	[0 0 0 0 1 0 0 0 0 0 0 0 0 0 0 0 0 0 1 0 0]	2026-08-10_04-36-57	[1 0 0 1 0 0 0 1 0 0 0 0 0 0 0 0 0 0 0 0 0]	2026-08-10_04-36-57	[0 0 1 0 0 0 0 0 0 0 0 0 0 0 0 0 0 0]	2026-08-10_04-36-57	[0 0 0 0 0 0 0 0 0 1 0 0 0 0 0 1 0 0]	2026-08-10_04-36-57	[0]	2026-08-10_04-36-57	[0 0 0 0 1 0 0 0 0 0 0 0 0 0 0 0 0 0 0 0 0]	2026-08-10_04-36-57	[1 0 0 1 0 0 0 1 0 0 0 0 0 0 0 0 0 0 1 0 0]	2026-08-10_04-36-57	[0 0 1 0 0 0 0 0 0 0 0 0 0 0 0 0 0 1]	2026-08-10_04-36-57	[0 0 0 0 0 0 1 0 0 1 0 0 0 0 0 1 0 0]	2026-08-10_04-36-57	[0]	2026-08-10_04-36-57
1	2026-08-10_04-36-57	-0.75	2026-08-10_04-36-57	11.839191436767578	2026-08-10_04-36-57	3.0157699584960938	2026-08-10_04-36-57	3.0514256954193115	2026-08-10_04-36-57	2.896261215209961	2026-08-10_04-36-57	2.875734329223633	2026-08-10_04-36-57	True	2026-08-10_04-36-57	[0 0 0 0 1 0 0 0 0 0 0 0 0 0 0 0 0 0 0 0 0]	2026-08-10_04-36-57	[1 0 0 1 0 0 0 1 0 0 0 0 0 0 0 0 0 0 1 0 0]	2026-08-10_04-36-57	[0 0 1 0 0 0 0 0 0 0 0 0 0 0 0 0 0 1]	2026-08-10_04-36-57	[0 0 0 0 0 0 1 0 0 1 0 0 0 0 0 1 0 0]	2026-08-10_04-36-57	[0]	2026-08-10_04-36-57	[0 0 0 0 1 0 0 0 0 0 0 0 0 0 0 0 0 0 1 0 0]	2026-08-10_04-36-57	[1 0 0 1 0 1 0 1 0 0 0 0 0 0 0 0 0 0 1 0 0]	2026-08-10_04-36-57	[0 0 0 0 0 0 0 0 0 0 0 0 0 0 0 0 0 1]	2026-08-10_04-36-57	[0 0 0 0 0 0 0 0 0 1 0 0 0 0 0 1 0 0]	2026-08-10_04-36-57	[4]	2026-08-10_04-36-57
1	2026-08-10_04-36-57	-1.0	2026-08-10_04-36-57	11.691679000854492	2026-08-10_04-36-57	2.996746063232422	2026-08-10_04-36-57	3.015577554702759	2026-08-10_04-36-57	2.8392722606658936	2026-08-10_04-36-57	2.840083599090576	2026-08-10_04-36-57	True	2026-08-10_04-36-57	[0 0 0 0 1 0 0 0 0 0 0 0 0 0 0 0 0 0 1 0 0]	2026-08-10_04-36-57	[1 0 0 1 0 1 0 1 0 0 0 0 0 0 0 0 0 0 1 0 0]	2026-08-10_04-36-57	[0 0 0 0 0 0 0 0 0 0 0 0 0 0 0 0 0 1]	2026-08-10_04-36-57	[0 0 0 0 0 0 0 0 0 1 0 0 0 0 0 1 0 0]	2026-08-10_04-36-57	[4]	2026-08-10_04-36-57	[0 0 0 0 1 0 0 0 0 0 0 0 0 0 0 0 0 0 0 0 0]	2026-08-10_04-36-57	[0 0 0 1 0 1 0 1 0 0 0 0 0 0 0 0 0 0 1 0 0]	2026-08-10_04-36-57	[0 0 0 0 0 0 0 0 0 0 0 0 0 0 0 0 0 0]	2026-08-10_04-36-57	[1 0 0 0 0 0 0 0 0 1 0 0 0 0 0 1 0 0]	2026-08-10_04-36-57	[0]	2026-08-10_04-36-57
1	2026-08-10_04-36-57	-1.0	2026-08-10_04-36-57	11.747686386108398	2026-08-10_04-36-57	2.9946553707122803	2026-08-10_04-36-57	3.011288642883301	2026-08-10_04-36-57	2.8609347343444824	2026-08-10_04-36-57	2.880807638168335	2026-08-10_04-36-57	True	2026-08-10_04-36-57	[0 0 0 0 1 0 0 0 0 0 0 0 0 0 0 0 0 0 0 0 0]	2026-08-10_04-36-57	[0 0 0 1 0 1 0 1 0 0 0 0 0 0 0 0 0 0 1 0 0]	2026-08-10_04-36-57	[0 0 0 0 0 0 0 0 0 0 0 0 0 0 0 0 0 0]	2026-08-10_04-36-57	[1 0 0 0 0 0 0 0 0 1 0 0 0 0 0 1 0 0]	2026-08-10_04-36-57	[0]	2026-08-10_04-36-57	[0 0 0 0 0 0 0 0 0 0 0 0 0 0 0 0 0 0 0 0 0]	2026-08-10_04-36-57	[0 0 0 1 0 1 0 1 0 0 0 0 0 0 0 0 0 0 0 0 0]	2026-08-10_04-36-57	[0 0 0 0 0 0 0 0 0 0 0 0 0 0 0 0 0 1]	2026-08-10_04-36-57	[0 0 0 0 0 0 0 0 0 1 0 0 0 0 0 1 0 0]	2026-08-10_04-36-57	[0]	2026-08-10_04-36-57
1	2026-08-10_04-36-57	-1.0	2026-08-10_04-36-57	11.798306465148926	2026-08-10_04-36-57	3.0169677734375	2026-08-10_04-36-57	3.0253047943115234	2026-08-10_04-36-57	2.879913091659546	2026-08-10_04-36-57	2.8761203289031982	2026-08-10_04-36-57	True	2026-08-10_04-36-57	[0 0 0 0 0 0 0 0 0 0 0 0 0 0 0 0 0 0 0 0 0]	2026-08-10_04-36-57	[0 0 0 1 0 1 0 1 0 0 0 0 0 0 0 0 0 0 0 0 0]	2026-08-10_04-36-57	[0 0 0 0 0 0 0 0 0 0 0 0 0 0 0 0 0 1]	2026-08-10_04-36-57	[0 0 0 0 0 0 0 0 0 1 0 0 0 0 0 1 0 0]	2026-08-10_04-36-57	[0]	2026-08-10_04-36-57	[0 0 0 0 0 0 0 0 0 0 0 0 0 0 0 1 0 0 0 0 0]	2026-08-10_04-36-57	[0 0 0 1 1 1 0 1 0 0 0 0 0 0 0 0 0 0 0 0 0]	2026-08-10_04-36-57	[0 0 0 0 0 0 1 0 0 0 0 0 0 0 0 0 0 1]	2026-08-10_04-36-57	[1 0 0 0 0 0 0 0 0 1 0 0 0 0 0 1 0 0]	2026-08-10_04-36-57	[0]	2026-08-10_04-36-57
2	2026-08-11_02-29-19	-1.0	2026-08-11_02-29-19	11.37649917602539	2026-08-11_02-29-19	2.844935417175293	2026-08-11_02-29-19	2.986135721206665	2026-08-11_02-29-19	2.7449376583099365	2026-08-11_02-29-19	2.800489902496338	2026-08-11_02-29-19	False	2026-08-11_02-29-19	[0 0 0 0 0 0 0 0 0 0 0 0 0 0 0 0 0 0 1 0 0]	2026-08-11_02-29-19	[0 0 0 0 0 0 0 0 0 0 0 0 0 0 1 0 0 0 0 0 0]	2026-08-11_02-29-19	[1 0 1 0 0 0 0 0 0 0 0 0 0 0 0 0 0 0]	2026-08-11_02-29-19	[0 0 0 0 1 0 0 0 0 0 0 0 0 0 0 0 0 0]	2026-08-11_02-29-19	[0]	2026-08-11_02-29-19	[0 0 0 0 0 0 0 0 0 0 0 0 0 0 0 1 0 0 1 0 0]	2026-08-11_02-29-19	[0 0 0 0 0 0 0 0 0 0 0 0 0 0 1 0 0 0 1 0 0]	2026-08-11_02-29-19	[1 0 1 1 0 0 0 0 0 0 0 0 0 0 0 0 0 0]	2026-08-11_02-29-19	[0 0 0 0 1 0 0 0 0 0 0 0 0 0 0 0 0 0]	2026-08-11_02-29-19	[0]	2026-08-11_02-29-19
2	2026-08-11_02-29-19	-1.0	2026-08-11_02-29-19	11.488213539123535	2026-08-11_02-29-19	2.894155502319336	2026-08-11_02-29-19	3.0101749897003174	2026-08-11_02-29-19	2.7974495887756348	2026-08-11_02-29-19	2.786433458328247	2026-08-11_02-29-19	False	2026-08-11_02-29-19	[0 0 0 0 0 0 0 0 0 0 0 0 0 0 0 1 0 0 1 0 0]	2026-08-11_02-29-19	[0 0 0 0 0 0 0 0 0 0 0 0 0 0 1 0 0 0 1 0 0]	2026-08-11_02-29-19	[1 0 1 1 0 0 0 0 0 0 0 0 0 0 0 0 0 0]	2026-08-11_02-29-19	[0 0 0 0 1 0 0 0 0 0 0 0 0 0 0 0 0 0]	2026-08-11_02-29-19	[0]	2026-08-11_02-29-19	[0 0 0 0 0 0 0 0 0 0 0 0 0 0 0 0 0 0 1 0 0]	2026-08-11_02-29-19	[0 0 0 0 0 0 0 0 0 0 0 0 0 0 1 0 0 0 0 0 0]	2026-08-11_02-29-19	[1 0 1 1 0 0 0 0 0 0 0 1 0 0 0 0 0 0]	2026-08-11_02-29-19	[1 0 0 0 1 0 0 0 0 0 0 0 0 0 0 0 0 0]	2026-08-11_02-29-19	[0]	2026-08-11_02-29-19
2	2026-08-11_02-29-19	-1.0	2026-08-11_02-29-19	11.46821117401123	2026-08-11_02-29-19	2.8789353370666504	2026-08-11_02-29-19	3.0036113262176514	2026-08-11_02-29-19	2.767871618270874	2026-08-11_02-29-19	2.8177926540374756	2026-08-11_02-29-19	False	2026-08-11_02-29-19	[0 0 0 0 0 0 0 0 0 0 0 0 0 0 0 0 0 0 1 0 0]	2026-08-11_02-29-19	[0 0 0 0 0 0 0 0 0 0 0 0 0 0 1 0 0 0 0 0 0]	2026-08-11_02-29-19	[1 0 1 1 0 0 0 0 0 0 0 1 0 0 0 0 0 0]	2026-08-11_02-29-19	[1 0 0 0 1 0 0 0 0 0 0 0 0 0 0 0 0 0]	2026-08-11_02-29-19	[0]	2026-08-11_02-29-19	[0 1 0 0 0 0 0 0 0 0 0 0 0 0 0 0 0 0 1 0 0]	2026-08-11_02-29-19	[0 0 0 0 0 0 0 0 0 0 0 0 0 0 1 0 0 0 1 0 0]	2026-08-11_02-29-19	[1 0 1 1 0 0 0 0 0 0 0 0 0 0 0 0 0 0]	2026-08-11_02-29-19	[1 0 0 0 1 0 0 0 0 0 0 0 0 0 0 0 0 0]	2026-08-11_02-29-19	[0]	2026-08-11_02-29-19
2	2026-08-11_02-29-19	-1.0	2026-08-11_02-29-19	11.560296058654785	2026-08-11_02-29-19	2.9219677448272705	2026-08-11_02-29-19	3.0243358612060547	2026-08-11_02-29-19	2.8009564876556396	2026-08-11_02-29-19	2.8130359649658203	2026-08-11_02-29-19	False	2026-08-11_02-29-19	[0 1 0 0 0 0 0 0 0 0 0 0 0 0 0 0 0 0 1 0 0]	2026-08-11_02-29-19	[0 0 0 0 0 0 0 0 0 0 0 0 0 0 1 0 0 0 1 0 0]	2026-08-11_02-29-19	[1 0 1 1 0 0 0 0 0 0 0 0 0 0 0 0 0 0]	2026-08-11_02-29-19	[1 0 0 0 1 0 0 0 0 0 0 0 0 0 0 0 0 0]	2026-08-11_02-29-19	[0]	2026-08-11_02-29-19	[0 1 0 0 0 0 0 0 0 0 0 0 0 0 0 1 0 0 1 0 0]	2026-08-11_02-29-19	[0 0 0 0 0 0 0 0 0 0 0 0 0 0 1 0 0 0 0 0 0]	2026-08-11_02-29-19	[1 0 1 1 0 0 0 0 0 0 0 1 0 0 0 0 0 0]	2026-08-11_02-29-19	[0 0 0 0 1 0 0 0 0 0 0 0 0 0 0 0 0 0]	2026-08-11_02-29-19	[0]	2026-08-11_02-29-19
2	2026-08-11_02-29-19	-0.625	2026-08-11_02-29-19	11.429908752441406	2026-08-11_02-29-19	2.874067783355713	2026-08-11_02-29-19	2.992654323577881	2026-08-11_02-29-19	2.7818922996520996	2026-08-11_02-29-19	2.7812936305999756	2026-08-11_02-29-19	False	2026-08-11_02-29-19	[0 1 0 0 0 0 0 0 0 0 0 0 0 0 0 1 0 0 1 0 0]	2026-08-11_02-29-19	[0 0 0 0 0 0 0 0 0 0 0 0 0 0 1 0 0 0 0 0 0]	2026-08-11_02-29-19	[1 0 1 1 0 0 0 0 0 0 0 1 0 0 0 0 0 0]	2026-08-11_02-29-19	[0 0 0 0 1 0 0 0 0 0 0 0 0 0 0 0 0 0]	2026-08-11_02-29-19	[0]	2026-08-11_02-29-19	[0 1 0 0 0 0 0 0 0 0 0 0 0 0 0 1 0 0 1 0 0]	2026-08-11_02-29-19	[0 0 0 0 0 0 0 0 0 0 0 0 0 0 1 0 0 0 1 0 0]	2026-08-11_02-29-19	[1 0 1 1 0 0 0 0 0 0 0 0 0 0 0 0 0 0]	2026-08-11_02-29-19	[1 0 0 0 1 0 0 0 0 0 0 0 0 0 0 0 0 0]	2026-08-11_02-29-19	[6]	2026-08-11_02-29-19
2	2026-08-11_02-29-19	-0.875	2026-08-11_02-29-19	11.312777519226074	2026-08-11_02-29-19	2.8143258094787598	2026-08-11_02-29-19	2.903372287750244	2026-08-11_02-29-19	2.8284006118774414	2026-08-11_02-29-19	2.766678810119629	2026-08-11_02-29-19	False	2026-08-11_02-29-19	[0 1 0 0 0 0 0 0 0 0 0 0 0 0 0 1 0 0 1 0 0]	2026-08-11_02-29-19	[0 0 0 0 0 0 0 0 0 0 0 0 0 0 1 0 0 0 1 0 0]	2026-08-11_02-29-19	[1 0 1 1 0 0 0 0 0 0 0 0 0 0 0 0 0 0]	2026-08-11_02-29-19	[1 0 0 0 1 0 0 0 0 0 0 0 0 0 0 0 0 0]	2026-08-11_02-29-19	[6]	2026-08-11_02-29-19	[0 1 0 0 0 0 0 0 0 0 0 0 0 0 0 0 0 0 1 0 0]	2026-08-11_02-29-19	[0 0 0 0 0 0 0 1 0 0 0 0 0 0 1 0 0 0 1 0 0]	2026-08-11_02-29-19	[1 0 0 1 0 0 0 0 0 0 0 0 0 0 0 0 0 0]	2026-08-11_02-29-19	[0 0 0 0 1 0 0 0 0 0 0 0 0 0 0 0 0 0]	2026-08-11_02-29-19	[2]	2026-08-11_02-29-19
2	2026-08-11_02-29-19	-0.75	2026-08-11_02-29-19	11.500558853149414	2026-08-11_02-29-19	2.8829071521759033	2026-08-11_02-29-19	2.971273422241211	2026-08-11_02-29-19	2.8375115394592285	2026-08-11_02-29-19	2.808866024017334	2026-08-11_02-29-19	False	2026-08-11_02-29-19	[0 1 0 0 0 0 0 0 0 0 0 0 0 0 0 0 0 0 1 0 0]	2026-08-11_02-29-19	[0 0 0 0 0 0 0 1 0 0 0 0 0 0 1 0 0 0 1 0 0]	2026-08-11_02-29-19	[1 0 0 1 0 0 0 0 0 0 0 0 0 0 0 0 0 0]	2026-08-11_02-29-19	[0 0 0 0 1 0 0 0 0 0 0 0 0 0 0 0 0 0]	2026-08-11_02-29-19	[2]	2026-08-11_02-29-19	[0 1 0 0 0 0 0 0 0 0 0 0 0 0 0 1 0 0 1 0 0]	2026-08-11_02-29-19	[0 0 0 0 0 0 0 1 0 0 0 0 0 0 1 0 0 0 0 0 0]	2026-08-11_02-29-19	[1 0 0 1 0 1 0 0 0 0 0 0 0 0 0 0 0 0]	2026-08-11_02-29-19	[1 0 0 0 1 0 0 0 0 0 0 0 0 0 0 0 0 0]	2026-08-11_02-29-19	[4]	2026-08-11_02-29-19
2	2026-08-11_02-29-19	-0.875	2026-08-11_02-29-19	11.453386306762695	2026-08-11_02-29-19	2.860795259475708	2026-08-11_02-29-19	2.942202568054199	2026-08-11_02-29-19	2.8409078121185303	2026-08-11_02-29-19	2.8094804286956787	2026-08-11_02-29-19	False	2026-08-11_02-29-19	[0 1 0 0 0 0 0 0 0 0 0 0 0 0 0 1 0 0 1 0 0]	2026-08-11_02-29-19	[0 0 0 0 0 0 0 1 0 0 0 0 0 0 1 0 0 0 0 0 0]	2026-08-11_02-29-19	[1 0 0 1 0 1 0 0 0 0 0 0 0 0 0 0 0 0]	2026-08-11_02-29-19	[1 0 0 0 1 0 0 0 0 0 0 0 0 0 0 0 0 0]	2026-08-11_02-29-19	[4]	2026-08-11_02-29-19	[0 1 0 0 0 0 0 0 0 0 0 0 0 0 0 0 0 0 1 0 0]	2026-08-11_02-29-19	[0 0 0 0 0 0 0 0 0 0 0 0 0 0 1 0 0 0 0 0 0]	2026-08-11_02-29-19	[1 0 0 1 0 1 0 0 0 0 0 0 0 0 0 0 0 1]	2026-08-11_02-29-19	[0 0 0 0 1 0 0 0 0 0 0 0 0 0 0 0 0 0]	2026-08-11_02-29-19	[2]	2026-08-11_02-29-19
2	2026-08-11_02-29-19	-0.75	2026-08-11_02-29-19	11.477599143981934	2026-08-11_02-29-19	2.883136749267578	2026-08-11_02-29-19	2.9719324111938477	2026-08-11_02-29-19	2.8324854373931885	2026-08-11_02-29-19	2.7900447845458984	2026-08-11_02-29-19	False	2026-08-11_02-29-19	[0 1 0 0 0 0 0 0 0 0 0 0 0 0 0 0 0 0 1 0 0]	2026-08-11_02-29-19	[0 0 0 0 0 0 0 0 0 0 0 0 0 0 1 0 0 0 0 0 0]	2026-08-11_02-29-19	[1 0 0 1 0 1 0 0 0 0 0 0 0 0 0 0 0 1]	2026-08-11_02-29-19	[0 0 0 0 1 0 0 0 0 0 0 0 0 0 0 0 0 0]	2026-08-11_02-29-19	[2]	2026-08-11_02-29-19	[0 1 0 0 0 0 0 0 0 0 0 0 0 0 0 1 0 0 1 0 0]	2026-08-11_02-29-19	[0 0 0 0 0 0 0 0 0 0 0 0 0 0 1 0 0 0 1 0 0]	2026-08-11_02-29-19	[1 0 0 0 0 1 0 0 0 0 0 0 0 0 0 0 0 1]	2026-08-11_02-29-19	[1 0 0 0 1 0 0 0 0 0 0 0 0 0 0 0 0 0]	2026-08-11_02-29-19	[4]	2026-08-11_02-29-19
2	2026-08-11_02-29-19	-0.875	2026-08-11_02-29-19	11.404520034790039	2026-08-11_02-29-19	2.844606399536133	2026-08-11_02-29-19	2.9349331855773926	2026-08-11_02-29-19	2.8285117149353027	2026-08-11_02-29-19	2.796469211578369	2026-08-11_02-29-19	False	2026-08-11_02-29-19	[0 1 0 0 0 0 0 0 0 0 0 0 0 0 0 1 0 0 1 0 0]	2026-08-11_02-29-19	[0 0 0 0 0 0 0 0 0 0 0 0 0 0 1 0 0 0 1 0 0]	2026-08-11_02-29-19	[1 0 0 0 0 1 0 0 0 0 0 0 0 0 0 0 0 1]	2026-08-11_02-29-19	[1 0 0 0 1 0 0 0 0 0 0 0 0 0 0 0 0 0]	2026-08-11_02-29-19	[4]	2026-08-11_02-29-19	[0 1 0 0 0 0 0 0 0 0 0 0 0 0 0 0 0 0 1 0 0]	2026-08-11_02-29-19	[0 0 1 0 0 0 0 0 0 0 0 0 0 0 1 0 0 0 1 0 0]	2026-08-11_02-29-19	[1 0 0 0 0 1 0 0 0 0 0 0 0 0 0 0 0 0]	2026-08-11_02-29-19	[0 0 0 0 1 0 0 0 0 0 0 0 0 0 0 0 0 0]	2026-08-11_02-29-19	[2]	2026-08-11_02-29-19
2	2026-08-11_02-29-19	-0.75	2026-08-11_02-29-19	11.438755989074707	2026-08-11_02-29-19	2.8652565479278564	2026-08-11_02-29-19	2.9593138694763184	2026-08-11_02-29-19	2.8189053535461426	2026-08-11_02-29-19	2.7952795028686523	2026-08-11_02-29-19	False	2026-08-11_02-29-19	[0 1 0 0 0 0 0 0 0 0 0 0 0 0 0 0 0 0 1 0 0]	2026-08-11_02-29-19	[0 0 1 0 0 0 0 0 0 0 0 0 0 0 1 0 0 0 1 0 0]	2026-08-11_02-29-19	[1 0 0 0 0 1 0 0 0 0 0 0 0 0 0 0 0 0]	2026-08-11_02-29-19	[0 0 0 0 1 0 0 0 0 0 0 0 0 0 0 0 0 0]	2026-08-11_02-29-19	[2]	2026-08-11_02-29-19	[0 1 0 0 0 0 0 0 0 0 0 0 0 0 0 1 0 0 1 0 0]	2026-08-11_02-29-19	[0 0 1 0 0 0 0 0 0 0 0 0 0 0 1 0 0 0 0 0 0]	2026-08-11_02-29-19	[1 0 0 1 0 1 0 0 0 0 0 0 0 0 0 0 0 0]	2026-08-11_02-29-19	[1 0 0 0 1 0 0 0 0 0 0 0 0 0 0 0 0 0]	2026-08-11_02-29-19	[4]	2026-08-11_02-29-19
2	2026-08-11_02-29-19	-0.875	2026-08-11_02-29-19	11.310490608215332	2026-08-11_02-29-19	2.818202018737793	2026-08-11_02-29-19	2.9144675731658936	2026-08-11_02-29-19	2.823509693145752	2026-08-11_02-29-19	2.7543115615844727	2026-08-11_02-29-19	False	2026-08-11_02-29-19	[0 1 0 0 0 0 0 0 0 0 0 0 0 0 0 1 0 0 1 0 0]	2026-08-11_02-29-19	[0 0 1 0 0 0 0 0 0 0 0 0 0 0 1 0 0 0 0 0 0]	2026-08-11_02-29-19	[1 0 0 1 0 1 0 0 0 0 0 0 0 0 0 0 0 0]	2026-08-11_02-29-19	[1 0 0 0 1 0 0 0 0 0 0 0 0 0 0 0 0 0]	2026-08-11_02-29-19	[4]	2026-08-11_02-29-19	[0 1 0 0 0 0 0 0 0 0 0 0 0 0 0 0 0 0 1 0 0]	2026-08-11_02-29-19	[0 0 1 0 0 0 0 0 0 0 0 0 0 0 1 0 0 0 1 0 0]	2026-08-11_02-29-19	[1 0 0 1 0 1 0 0 0 0 0 0 0 0 0 0 0 1]	2026-08-11_02-29-19	[0 0 0 0 1 0 0 0 0 0 0 0 0 0 0 0 0 0]	2026-08-11_02-29-19	[2]	2026-08-11_02-29-19
2	2026-08-11_02-29-19	-0.75	2026-08-11_02-29-19	11.452905654907227	2026-08-11_02-29-19	2.8697142601013184	2026-08-11_02-29-19	2.9667322635650635	2026-08-11_02-29-19	2.8313965797424316	2026-08-11_02-29-19	2.7850630283355713	2026-08-11_02-29-19	False	2026-08-11_02-29-19	[0 1 0 0 0 0 0 0 0 0 0 0 0 0 0 0 0 0 1 0 0]	2026-08-11_02-29-19	[0 0 1 0 0 0 0 0 0 0 0 0 0 0 1 0 0 0 1 0 0]	2026-08-11_02-29-19	[1 0 0 1 0 1 0 0 0 0 0 0 0 0 0 0 0 1]	2026-08-11_02-29-19	[0 0 0 0 1 0 0 0 0 0 0 0 0 0 0 0 0 0]	2026-08-11_02-29-19	[2]	2026-08-11_02-29-19	[0 1 0 0 0 0 0 0 0 0 0 0 0 0 0 1 0 0 1 0 0]	2026-08-11_02-29-19	[0 0 1 0 0 0 0 0 0 0 0 0 0 0 1 0 0 0 0 0 0]	2026-08-11_02-29-19	[1 0 0 0 0 1 0 0 0 0 0 0 0 0 0 0 0 1]	2026-08-11_02-29-19	[1 0 0 0 1 0 0 0 0 0 0 0 0 0 0 0 0 0]	2026-08-11_02-29-19	[4]	2026-08-11_02-29-19
2	2026-08-11_02-29-19	-0.875	2026-08-11_02-29-19	11.432755470275879	2026-08-11_02-29-19	2.861504077911377	2026-08-11_02-29-19	2.944709062576294	2026-08-11_02-29-19	2.8382720947265625	2026-08-11_02-29-19	2.7882702350616455	2026-08-11_02-29-19	False	2026-08-11_02-29-19	[0 1 0 0 0 0 0 0 0 0 0 0 0 0 0 1 0 0 1 0 0]	2026-08-11_02-29-19	[0 0 1 0 0 0 0 0 0 0 0 0 0 0 1 0 0 0 0 0 0]	2026-08-11_02-29-19	[1 0 0 0 0 1 0 0 0 0 0 0 0 0 0 0 0 1]	2026-08-11_02-29-19	[1 0 0 0 1 0 0 0 0 0 0 0 0 0 0 0 0 0]	2026-08-11_02-29-19	[4]	2026-08-11_02-29-19	[0 1 0 0 0 0 0 0 0 0 0 0 0 0 0 0 0 0 1 0 0]	2026-08-11_02-29-19	[0 0 0 0 0 0 0 0 0 0 0 0 0 0 1 0 0 0 0 0 0]	2026-08-11_02-29-19	[1 0 0 1 0 1 0 0 0 0 0 0 0 0 0 0 0 1]	2026-08-11_02-29-19	[0 0 0 0 1 0 0 0 0 0 0 0 0 0 0 0 0 0]	2026-08-11_02-29-19	[2]	2026-08-11_02-29-19
2	2026-08-11_02-29-19	-0.5	2026-08-11_02-29-19	11.507020950317383	2026-08-11_02-29-19	2.902390480041504	2026-08-11_02-29-19	2.978557586669922	2026-08-11_02-29-19	2.835477590560913	2026-08-11_02-29-19	2.790595293045044	2026-08-11_02-29-19	False	2026-08-11_02-29-19	[0 1 0 0 0 0 0 0 0 0 0 0 0 0 0 0 0 0 1 0 0]	2026-08-11_02-29-19	[0 0 0 0 0 0 0 0 0 0 0 0 0 0 1 0 0 0 0 0 0]	2026-08-11_02-29-19	[1 0 0 1 0 1 0 0 0 0 0 0 0 0 0 0 0 1]	2026-08-11_02-29-19	[0 0 0 0 1 0 0 0 0 0 0 0 0 0 0 0 0 0]	2026-08-11_02-29-19	[2]	2026-08-11_02-29-19	[0 1 0 0 0 0 0 0 0 0 0 0 0 0 0 1 0 0 1 0 0]	2026-08-11_02-29-19	[0 0 0 0 0 0 0 0 0 0 0 0 0 0 1 0 0 0 1 0 0]	2026-08-11_02-29-19	[1 0 0 1 0 0 0 0 0 0 0 0 0 0 0 0 0 1]	2026-08-11_02-29-19	[1 0 0 0 1 0 0 0 0 0 0 0 0 0 0 0 0 0]	2026-08-11_02-29-19	[8]	2026-08-11_02-29-19
2	2026-08-11_02-29-19	-0.875	2026-08-11_02-29-19	11.148700714111328	2026-08-11_02-29-19	2.759669303894043	2026-08-11_02-29-19	2.8542721271514893	2026-08-11_02-29-19	2.809727430343628	2026-08-11_02-29-19	2.725031852722168	2026-08-11_02-29-19	False	2026-08-11_02-29-19	[0 1 0 0 0 0 0 0 0 0 0 0 0 0 0 1 0 0 1 0 0]	2026-08-11_02-29-19	[0 0 0 0 0 0 0 0 0 0 0 0 0 0 1 0 0 0 1 0 0]	2026-08-11_02-29-19	[1 0 0 1 0 0 0 0 0 0 0 0 0 0 0 0 0 1]	2026-08-11_02-29-19	[1 0 0 0 1 0 0 0 0 0 0 0 0 0 0 0 0 0]	2026-08-11_02-29-19	[8]	2026-08-11_02-29-19	[0 1 0 0 0 0 0 0 0 0 0 0 0 0 0 0 0 0 1 0 0]	2026-08-11_02-29-19	[0 0 1 0 0 0 0 0 0 0 0 0 0 0 1 0 0 0 1 0 0]	2026-08-11_02-29-19	[1 0 0 1 0 0 0 0 0 0 0 0 0 0 0 0 0 0]	2026-08-11_02-29-19	[0 0 0 0 1 0 0 0 0 0 0 0 0 0 0 0 0 0]	2026-08-11_02-29-19	[2]	2026-08-11_02-29-19
2	2026-08-11_02-29-19	-0.625	2026-08-11_02-29-19	11.454607009887695	2026-08-11_02-29-19	2.878074884414673	2026-08-11_02-29-19	2.9591152667999268	2026-08-11_02-29-19	2.8423211574554443	2026-08-11_02-29-19	2.7750959396362305	2026-08-11_02-29-19	False	2026-08-11_02-29-19	[0 1 0 0 0 0 0 0 0 0 0 0 0 0 0 0 0 0 1 0 0]	2026-08-11_02-29-19	[0 0 1 0 0 0 0 0 0 0 0 0 0 0 1 0 0 0 1 0 0]	2026-08-11_02-29-19	[1 0 0 1 0 0 0 0 0 0 0 0 0 0 0 0 0 0]	2026-08-11_02-29-19	[0 0 0 0 1 0 0 0 0 0 0 0 0 0 0 0 0 0]	2026-08-11_02-29-19	[2]	2026-08-11_02-29-19	[0 1 0 0 0 0 0 0 0 0 0 0 0 0 0 1 0 0 1 0 0]	2026-08-11_02-29-19	[0 0 0 0 0 0 0 0 0 0 0 0 0 0 1 0 0 0 1 0 0]	2026-08-11_02-29-19	[1 0 1 1 0 0 0 0 0 0 0 0 0 0 0 0 0 0]	2026-08-11_02-29-19	[1 0 0 0 1 0 0 0 0 0 0 0 0 0 0 0 0 0]	2026-08-11_02-29-19	[6]	2026-08-11_02-29-19
2	2026-08-11_02-29-19	-0.875	2026-08-11_02-29-19	11.33343505859375	2026-08-11_02-29-19	2.8223984241485596	2026-08-11_02-29-19	2.9063618183135986	2026-08-11_02-29-19	2.829759359359741	2026-08-11_02-29-19	2.7749154567718506	2026-08-11_02-29-19	False	2026-08-11_02-29-19	[0 1 0 0 0 0 0 0 0 0 0 0 0 0 0 1 0 0 1 0 0]	2026-08-11_02-29-19	[0 0 0 0 0 0 0 0 0 0 0 0 0 0 1 0 0 0 1 0 0]	2026-08-11_02-29-19	[1 0 1 1 0 0 0 0 0 0 0 0 0 0 0 0 0 0]	2026-08-11_02-29-19	[1 0 0 0 1 0 0 0 0 0 0 0 0 0 0 0 0 0]	2026-08-11_02-29-19	[6]	2026-08-11_02-29-19	[0 1 0 0 0 0 0 0 0 0 0 0 0 0 0 0 0 0 1 0 0]	2026-08-11_02-29-19	[0 0 0 0 0 0 0 1 0 0 0 0 0 0 1 0 0 0 1 0 0]	2026-08-11_02-29-19	[1 0 0 1 0 0 0 0 0 0 0 0 0 0 0 0 0 0]	2026-08-11_02-29-19	[0 0 0 0 1 0 0 0 0 0 0 0 0 0 0 0 0 0]	2026-08-11_02-29-19	[2]	2026-08-11_02-29-19
2	2026-08-11_02-29-19	-0.75	2026-08-11_02-29-19	11.49581527709961	2026-08-11_02-29-19	2.885634422302246	2026-08-11_02-29-19	2.971625804901123	2026-08-11_02-29-19	2.841578483581543	2026-08-11_02-29-19	2.796976089477539	2026-08-11_02-29-19	False	2026-08-11_02-29-19	[0 1 0 0 0 0 0 0 0 0 0 0 0 0 0 0 0 0 1 0 0]	2026-08-11_02-29-19	[0 0 0 0 0 0 0 1 0 0 0 0 0 0 1 0 0 0 1 0 0]	2026-08-11_02-29-19	[1 0 0 1 0 0 0 0 0 0 0 0 0 0 0 0 0 0]	2026-08-11_02-29-19	[0 0 0 0 1 0 0 0 0 0 0 0 0 0 0 0 0 0]	2026-08-11_02-29-19	[2]	2026-08-11_02-29-19	[0 1 0 0 0 0 0 0 0 0 0 0 0 0 0 1 0 0 1 0 0]	2026-08-11_02-29-19	[0 0 0 0 0 0 0 1 0 0 0 0 0 0 1 0 0 0 0 0 0]	2026-08-11_02-29-19	[1 0 0 1 0 1 0 0 0 0 0 0 0 0 0 0 0 0]	2026-08-11_02-29-19	[1 0 0 0 1 0 0 0 0 0 0 0 0 0 0 0 0 0]	2026-08-11_02-29-19	[4]	2026-08-11_02-29-19
2	2026-08-11_02-29-19	-0.875	2026-08-11_02-29-19	11.460909843444824	2026-08-11_02-29-19	2.864813804626465	2026-08-11_02-29-19	2.9422502517700195	2026-08-11_02-29-19	2.8512277603149414	2026-08-11_02-29-19	2.8026177883148193	2026-08-11_02-29-19	False	2026-08-11_02-29-19	[0 1 0 0 0 0 0 0 0 0 0 0 0 0 0 1 0 0 1 0 0]	2026-08-11_02-29-19	[0 0 0 0 0 0 0 1 0 0 0 0 0 0 1 0 0 0 0 0 0]	2026-08-11_02-29-19	[1 0 0 1 0 1 0 0 0 0 0 0 0 0 0 0 0 0]	2026-08-11_02-29-19	[1 0 0 0 1 0 0 0 0 0 0 0 0 0 0 0 0 0]	2026-08-11_02-29-19	[4]	2026-08-11_02-29-19	[0 1 0 0 0 0 0 0 0 0 0 0 0 0 0 0 0 0 1 0 0]	2026-08-11_02-29-19	[0 0 0 0 0 0 0 1 0 0 0 0 0 0 1 0 0 0 1 0 0]	2026-08-11_02-29-19	[1 0 0 1 0 1 0 0 0 0 0 0 0 0 0 0 0 1]	2026-08-11_02-29-19	[0 0 0 0 1 0 0 0 0 0 0 0 0 0 0 0 0 0]	2026-08-11_02-29-19	[2]	2026-08-11_02-29-19
2	2026-08-11_02-29-19	-0.75	2026-08-11_02-29-19	11.528596878051758	2026-08-11_02-29-19	2.8904683589935303	2026-08-11_02-29-19	2.981069564819336	2026-08-11_02-29-19	2.8391010761260986	2026-08-11_02-29-19	2.817958354949951	2026-08-11_02-29-19	False	2026-08-11_02-29-19	[0 1 0 0 0 0 0 0 0 0 0 0 0 0 0 0 0 0 1 0 0]	2026-08-11_02-29-19	[0 0 0 0 0 0 0 1 0 0 0 0 0 0 1 0 0 0 1 0 0]	2026-08-11_02-29-19	[1 0 0 1 0 1 0 0 0 0 0 0 0 0 0 0 0 1]	2026-08-11_02-29-19	[0 0 0 0 1 0 0 0 0 0 0 0 0 0 0 0 0 0]	2026-08-11_02-29-19	[2]	2026-08-11_02-29-19	[0 1 0 0 0 0 0 0 0 0 0 0 0 0 0 1 0 0 1 0 0]	2026-08-11_02-29-19	[0 0 0 0 0 0 0 1 0 0 0 0 0 0 1 0 0 0 0 0 0]	2026-08-11_02-29-19	[1 0 0 0 0 1 0 0 0 0 0 0 0 0 0 0 0 1]	2026-08-11_02-29-19	[1 0 0 0 1 0 0 0 0 0 0 0 0 0 0 0 0 0]	2026-08-11_02-29-19	[4]	2026-08-11_02-29-19
2	2026-08-11_02-29-19	-0.875	2026-08-11_02-29-19	11.44209098815918	2026-08-11_02-29-19	2.8528285026550293	2026-08-11_02-29-19	2.9461488723754883	2026-08-11_02-29-19	2.8356385231018066	2026-08-11_02-29-19	2.8074750900268555	2026-08-11_02-29-19	False	2026-08-11_02-29-19	[0 1 0 0 0 0 0 0 0 0 0 0 0 0 0 1 0 0 1 0 0]	2026-08-11_02-29-19	[0 0 0 0 0 0 0 1 0 0 0 0 0 0 1 0 0 0 0 0 0]	2026-08-11_02-29-19	[1 0 0 0 0 1 0 0 0 0 0 0 0 0 0 0 0 1]	2026-08-11_02-29-19	[1 0 0 0 1 0 0 0 0 0 0 0 0 0 0 0 0 0]	2026-08-11_02-29-19	[4]	2026-08-11_02-29-19	[0 1 0 0 0 0 0 0 0 0 0 0 0 0 0 0 0 0 1 0 0]	2026-08-11_02-29-19	[0 0 0 0 0 0 0 1 0 0 0 0 0 0 1 0 0 0 1 0 0]	2026-08-11_02-29-19	[1 0 0 0 0 1 0 0 0 0 0 0 0 0 0 0 0 0]	2026-08-11_02-29-19	[0 0 0 0 1 0 0 0 0 0 0 0 0 0 0 0 0 0]	2026-08-11_02-29-19	[2]	2026-08-11_02-29-19
2	2026-08-11_02-29-19	-0.75	2026-08-11_02-29-19	11.447604179382324	2026-08-11_02-29-19	2.8606603145599365	2026-08-11_02-29-19	2.962348222732544	2026-08-11_02-29-19	2.8127059936523438	2026-08-11_02-29-19	2.811889886856079	2026-08-11_02-29-19	False	2026-08-11_02-29-19	[0 1 0 0 0 0 0 0 0 0 0 0 0 0 0 0 0 0 1 0 0]	2026-08-11_02-29-19	[0 0 0 0 0 0 0 1 0 0 0 0 0 0 1 0 0 0 1 0 0]	2026-08-11_02-29-19	[1 0 0 0 0 1 0 0 0 0 0 0 0 0 0 0 0 0]	2026-08-11_02-29-19	[0 0 0 0 1 0 0 0 0 0 0 0 0 0 0 0 0 0]	2026-08-11_02-29-19	[2]	2026-08-11_02-29-19	[0 1 0 0 0 0 0 0 0 0 0 0 0 0 0 1 0 0 1 0 0]	2026-08-11_02-29-19	[0 0 0 0 0 0 0 1 0 0 0 0 0 0 1 0 0 0 0 0 0]	2026-08-11_02-29-19	[1 0 0 1 0 1 0 0 0 0 0 0 0 0 0 0 0 0]	2026-08-11_02-29-19	[1 0 0 0 1 0 0 0 0 0 0 0 0 0 0 0 0 0]	2026-08-11_02-29-19	[4]	2026-08-11_02-29-19
2	2026-08-11_02-29-19	-0.875	2026-08-11_02-29-19	11.390593528747559	2026-08-11_02-29-19	2.8374178409576416	2026-08-11_02-29-19	2.926858425140381	2026-08-11_02-29-19	2.8397412300109863	2026-08-11_02-29-19	2.78657603263855	2026-08-11_02-29-19	False	2026-08-11_02-29-19	[0 1 0 0 0 0 0 0 0 0 0 0 0 0 0 1 0 0 1 0 0]	2026-08-11_02-29-19	[0 0 0 0 0 0 0 1 0 0 0 0 0 0 1 0 0 0 0 0 0]	2026-08-11_02-29-19	[1 0 0 1 0 1 0 0 0 0 0 0 0 0 0 0 0 0]	2026-08-11_02-29-19	[1 0 0 0 1 0 0 0 0 0 0 0 0 0 0 0 0 0]	2026-08-11_02-29-19	[4]	2026-08-11_02-29-19	[0 1 0 0 0 0 0 0 0 0 0 0 0 0 0 0 0 0 1 0 0]	2026-08-11_02-29-19	[0 0 0 0 0 0 0 1 0 0 0 0 0 0 1 0 0 0 1 0 0]	2026-08-11_02-29-19	[1 0 0 1 0 1 0 0 0 0 0 0 0 0 0 0 0 1]	2026-08-11_02-29-19	[0 0 0 0 1 0 0 0 0 0 0 0 0 0 0 0 0 0]	2026-08-11_02-29-19	[2]	2026-08-11_02-29-19
2	2026-08-11_02-29-19	-0.75	2026-08-11_02-29-19	11.476288795471191	2026-08-11_02-29-19	2.869126319885254	2026-08-11_02-29-19	2.9647762775421143	2026-08-11_02-29-19	2.823625087738037	2026-08-11_02-29-19	2.818761110305786	2026-08-11_02-29-19	False	2026-08-11_02-29-19	[0 1 0 0 0 0 0 0 0 0 0 0 0 0 0 0 0 0 1 0 0]	2026-08-11_02-29-19	[0 0 0 0 0 0 0 1 0 0 0 0 0 0 1 0 0 0 1 0 0]	2026-08-11_02-29-19	[1 0 0 1 0 1 0 0 0 0 0 0 0 0 0 0 0 1]	2026-08-11_02-29-19	[0 0 0 0 1 0 0 0 0 0 0 0 0 0 0 0 0 0]	2026-08-11_02-29-19	[2]	2026-08-11_02-29-19	[0 1 0 0 0 0 0 0 0 0 0 0 0 0 0 1 0 0 1 0 0]	2026-08-11_02-29-19	[0 0 0 0 0 0 0 1 0 0 0 0 0 0 1 0 0 0 0 0 0]	2026-08-11_02-29-19	[1 0 0 0 0 1 0 0 0 0 0 0 0 0 0 0 0 1]	2026-08-11_02-29-19	[1 0 0 0 1 0 0 0 0 0 0 0 0 0 0 0 0 0]	2026-08-11_02-29-19	[4]	2026-08-11_02-29-19
2	2026-08-11_02-29-19	-0.875	2026-08-11_02-29-19	11.501766204833984	2026-08-11_02-29-19	2.8796677589416504	2026-08-11_02-29-19	2.9593348503112793	2026-08-11_02-29-19	2.837463140487671	2026-08-11_02-29-19	2.825300693511963	2026-08-11_02-29-19	False	2026-08-11_02-29-19	[0 1 0 0 0 0 0 0 0 0 0 0 0 0 0 1 0 0 1 0 0]	2026-08-11_02-29-19	[0 0 0 0 0 0 0 1 0 0 0 0 0 0 1 0 0 0 0 0 0]	2026-08-11_02-29-19	[1 0 0 0 0 1 0 0 0 0 0 0 0 0 0 0 0 1]	2026-08-11_02-29-19	[1 0 0 0 1 0 0 0 0 0 0 0 0 0 0 0 0 0]	2026-08-11_02-29-19	[4]	2026-08-11_02-29-19	[0 1 0 0 0 0 0 0 0 0 0 0 0 0 0 0 0 0 1 0 0]	2026-08-11_02-29-19	[0 0 1 0 0 0 0 1 0 0 0 0 0 0 1 0 0 0 0 0 0]	2026-08-11_02-29-19	[1 0 0 0 0 1 0 0 0 0 0 0 0 0 0 0 0 0]	2026-08-11_02-29-19	[0 0 0 0 1 0 0 0 0 0 0 0 0 0 0 0 0 0]	2026-08-11_02-29-19	[2]	2026-08-11_02-29-19
2	2026-08-11_02-29-19	-0.75	2026-08-11_02-29-19	11.474519729614258	2026-08-11_02-29-19	2.874340534210205	2026-08-11_02-29-19	2.965681552886963	2026-08-11_02-29-19	2.8108692169189453	2026-08-11_02-29-19	2.8236286640167236	2026-08-11_02-29-19	False	2026-08-11_02-29-19	[0 1 0 0 0 0 0 0 0 0 0 0 0 0 0 0 0 0 1 0 0]	2026-08-11_02-29-19	[0 0 1 0 0 0 0 1 0 0 0 0 0 0 1 0 0 0 0 0 0]	2026-08-11_02-29-19	[1 0 0 0 0 1 0 0 0 0 0 0 0 0 0 0 0 0]	2026-08-11_02-29-19	[0 0 0 0 1 0 0 0 0 0 0 0 0 0 0 0 0 0]	2026-08-11_02-29-19	[2]	2026-08-11_02-29-19	[0 1 0 0 0 0 0 0 0 0 0 0 0 0 0 1 0 0 1 0 0]	2026-08-11_02-29-19	[0 0 1 0 0 0 0 1 0 0 0 0 0 0 1 0 0 0 1 0 0]	2026-08-11_02-29-19	[1 0 0 1 0 1 0 0 0 0 0 0 0 0 0 0 0 0]	2026-08-11_02-29-19	[1 0 0 0 1 0 0 0 0 0 0 0 0 0 0 0 0 0]	2026-08-11_02-29-19	[4]	2026-08-11_02-29-19
2	2026-08-11_02-29-19	-0.875	2026-08-11_02-29-19	11.500614166259766	2026-08-11_02-29-19	2.879443645477295	2026-08-11_02-29-19	2.9575421810150146	2026-08-11_02-29-19	2.847363233566284	2026-08-11_02-29-19	2.8162646293640137	2026-08-11_02-29-19	False	2026-08-11_02-29-19	[0 1 0 0 0 0 0 0 0 0 0 0 0 0 0 1 0 0 1 0 0]	2026-08-11_02-29-19	[0 0 1 0 0 0 0 1 0 0 0 0 0 0 1 0 0 0 1 0 0]	2026-08-11_02-29-19	[1 0 0 1 0 1 0 0 0 0 0 0 0 0 0 0 0 0]	2026-08-11_02-29-19	[1 0 0 0 1 0 0 0 0 0 0 0 0 0 0 0 0 0]	2026-08-11_02-29-19	[4]	2026-08-11_02-29-19	[0 1 0 0 0 0 0 0 0 0 0 0 0 0 0 0 0 0 1 0 0]	2026-08-11_02-29-19	[0 0 1 0 0 0 0 1 0 0 0 0 0 0 1 0 0 0 0 0 0]	2026-08-11_02-29-19	[1 0 0 1 0 1 0 0 0 0 0 0 0 0 0 0 0 1]	2026-08-11_02-29-19	[0 0 0 0 1 0 0 0 0 0 0 0 0 0 0 0 0 0]	2026-08-11_02-29-19	[2]	2026-08-11_02-29-19
2	2026-08-11_02-29-19	-0.75	2026-08-11_02-29-19	11.547517776489258	2026-08-11_02-29-19	2.9065964221954346	2026-08-11_02-29-19	2.9807288646698	2026-08-11_02-29-19	2.838446855545044	2026-08-11_02-29-19	2.8217458724975586	2026-08-11_02-29-19	False	2026-08-11_02-29-19	[0 1 0 0 0 0 0 0 0 0 0 0 0 0 0 0 0 0 1 0 0]	2026-08-11_02-29-19	[0 0 1 0 0 0 0 1 0 0 0 0 0 0 1 0 0 0 0 0 0]	2026-08-11_02-29-19	[1 0 0 1 0 1 0 0 0 0 0 0 0 0 0 0 0 1]	2026-08-11_02-29-19	[0 0 0 0 1 0 0 0 0 0 0 0 0 0 0 0 0 0]	2026-08-11_02-29-19	[2]	2026-08-11_02-29-19	[0 1 0 0 0 0 0 0 0 0 0 0 0 0 0 1 0 0 1 0 0]	2026-08-11_02-29-19	[0 0 1 0 0 0 0 1 0 0 0 0 0 0 1 0 0 0 1 0 0]	2026-08-11_02-29-19	[1 0 0 0 0 1 0 0 0 0 0 0 0 0 0 0 0 1]	2026-08-11_02-29-19	[1 0 0 0 1 0 0 0 0 0 0 0 0 0 0 0 0 0]	2026-08-11_02-29-19	[4]	2026-08-11_02-29-19
2	2026-08-11_02-29-19	-0.875	2026-08-11_02-29-19	11.479024887084961	2026-08-11_02-29-19	2.8687543869018555	2026-08-11_02-29-19	2.9595518112182617	2026-08-11_02-29-19	2.835346221923828	2026-08-11_02-29-19	2.8153724670410156	2026-08-11_02-29-19	False	2026-08-11_02-29-19	[0 1 0 0 0 0 0 0 0 0 0 0 0 0 0 1 0 0 1 0 0]	2026-08-11_02-29-19	[0 0 1 0 0 0 0 1 0 0 0 0 0 0 1 0 0 0 1 0 0]	2026-08-11_02-29-19	[1 0 0 0 0 1 0 0 0 0 0 0 0 0 0 0 0 1]	2026-08-11_02-29-19	[1 0 0 0 1 0 0 0 0 0 0 0 0 0 0 0 0 0]	2026-08-11_02-29-19	[4]	2026-08-11_02-29-19	[0 1 0 0 0 0 0 0 0 0 0 0 0 0 0 0 0 0 1 0 0]	2026-08-11_02-29-19	[0 0 1 0 0 0 0 1 0 0 0 0 0 0 1 0 0 0 0 0 0]	2026-08-11_02-29-19	[1 0 0 0 0 1 0 0 0 0 0 0 0 0 0 0 0 0]	2026-08-11_02-29-19	[0 0 0 0 1 0 0 0 0 0 0 0 0 0 0 0 0 0]	2026-08-11_02-29-19	[2]	2026-08-11_02-29-19
