# num_workers = 7
# num_cells = 256
# seed_for_environment = 2718281
# lr = 0.0003
# max_grad_norm = 1.0
# eval_rollout_length = 30
# scaling_factor = 1000
# frames_per_batch = 500
# sub_batch_size = 64
# num_epochs = 15
# clip_epsilon = 0.2
# gamma = 0.99
# lmbda = 0.95
# entropy_eps = 0.03
# env_reward_engineering = True
# env_minimum_number_of_qubits = 8
# log_name = search_9_6_seed_2718281
# env_error_range = geometric5
# env_version = qecc/bbcode-ldpc-v0
# env_bit_flipping = True
# env_l = 9
# env_m = 6
# env_use_dict_observation = True
# env_number_of_decoder_iterations = 50
# env_number_of_samples = 50
# env_code_logging = False
# env_reset_type = random3
# model_architecture = hybrid
# model_surrogate_model_path = /vol/bitbucket/osella/rl-qecc-data//supervisedLearning/2026-07-12_21-15-58/surrogate_6x6.pth
# model_use_pretrained_encoder = True
# index_to_unfreeze_encoder_updates = 20
# encoder_lr_factor = 0.1
# training_device = cpu
# Resolved arguments:
# Resolved_env_reward_engineering = True
# Resolved_env_bit_flipping = True
# Resolved_env_useDictObservation = True
# Resolved_env_code_logging = False
# Resolved_env_reset_type = random3
# Resolved_env_error_range = [np.float64(0.001), np.float64(0.003162), np.float64(0.01), np.float64(0.031623), np.float64(0.1)]
# Resolved_model_use_pretrained_encoder = True
# Resolved_trainingDevice = cpu
# Resolved_model_architecture = hybrid
# Just for information, not used in actual run: SLURM CPUS queried from os environment: 96
# Number of workers: 7
# Does torch identify cuda: False
evaluation number	reward	policy entropy	policy entropy aX	policy entropy bX	policy entropy aY	policy entropy bY	Encoder freeze	postAction_aX	postAction_bX	postAction_aY	postAction_bY
0	-1.0	8.440597534179688	2.2852838039398193	2.2885615825653076	1.9402750730514526	1.9264768362045288	True	[0 1 0 0 0 0 1 0 1]	[0 0 0 0 0 0 0 0 1]	[1 0 1 1 1 0]	[0 0 0 0 0 0]
0	-0.75	8.44946002960205	2.287903308868408	2.293856143951416	1.940397024154663	1.9273030757904053	True	[0 1 0 0 0 0 1 0 1]	[1 0 0 0 0 0 0 0 1]	[0 0 1 1 1 0]	[0 0 0 0 0 0]
0	-1.0	8.442028045654297	2.285242795944214	2.290274143218994	1.9392380714416504	1.9272730350494385	True	[1 1 0 0 0 0 1 0 1]	[0 0 0 0 0 0 0 0 1]	[0 0 0 1 1 0]	[0 0 0 0 0 0]
0	-0.75	8.44060230255127	2.283996105194092	2.2891061305999756	1.940647840499878	1.9268523454666138	True	[0 1 0 0 0 0 1 0 1]	[1 0 0 0 0 0 0 0 1]	[1 0 0 1 1 0]	[0 0 0 0 0 0]
0	-1.0	8.438375473022461	2.2849974632263184	2.285183906555176	1.9383057355880737	1.9298887252807617	True	[1 1 0 0 0 0 1 0 1]	[0 0 0 0 0 0 0 0 1]	[1 0 1 1 1 0]	[0 0 0 0 0 0]
0	-0.5	8.447781562805176	2.2851946353912354	2.2918076515197754	1.9420521259307861	1.9287269115447998	True	[1 1 0 0 0 0 1 0 1]	[1 0 0 0 0 0 0 0 1]	[0 0 1 1 1 0]	[0 0 0 0 0 0]
0	-1.0	8.438343048095703	2.2840142250061035	2.2891390323638916	1.9387304782867432	1.9264593124389648	True	[1 1 0 0 0 0 1 0 1]	[0 0 0 0 0 0 0 0 1]	[1 0 1 1 1 0]	[0 0 0 0 0 0]
0	-0.5	8.442933082580566	2.283600330352783	2.2919211387634277	1.9401224851608276	1.9272890090942383	True	[1 1 0 0 0 0 1 0 1]	[1 0 0 0 0 0 0 0 1]	[0 0 1 1 1 0]	[0 0 0 0 0 0]
0	-1.0	8.444499969482422	2.2856740951538086	2.2896058559417725	1.9399726390838623	1.929246425628662	True	[1 1 0 0 0 0 1 0 1]	[0 0 0 0 0 0 0 0 1]	[1 0 1 1 1 0]	[0 0 0 0 0 0]
0	-0.5	8.44144058227539	2.283557891845703	2.2914915084838867	1.940640926361084	1.925750732421875	True	[1 1 0 0 0 0 1 0 1]	[1 0 0 0 0 0 0 0 1]	[0 0 1 1 1 0]	[0 0 0 0 0 0]
0	-1.0	8.445062637329102	2.2850418090820312	2.289501428604126	1.9404542446136475	1.9300649166107178	True	[1 1 0 0 0 0 1 0 1]	[0 0 0 0 0 0 0 0 1]	[1 0 1 1 1 0]	[0 0 0 0 0 0]
0	-0.5	8.453189849853516	2.2883737087249756	2.2944109439849854	1.9407050609588623	1.9297003746032715	True	[1 1 0 0 0 0 1 0 1]	[1 0 0 0 0 0 0 0 1]	[0 0 1 1 1 0]	[0 0 0 0 0 0]
0	0.4364786744117737	8.449003219604492	2.2892508506774902	2.293001890182495	1.9381282329559326	1.9286226034164429	True	[1 1 0 0 0 0 1 0 1]	[1 1 0 0 0 0 0 0 1]	[1 0 1 1 1 0]	[0 0 0 0 0 0]
0	-0.75	8.429886817932129	2.2822628021240234	2.28566312789917	1.9353227615356445	1.926638126373291	True	[1 1 0 0 0 0 1 0 0]	[1 0 0 0 0 0 0 0 1]	[0 0 1 1 1 0]	[0 0 0 0 0 0]
0	-1.0	8.438342094421387	2.284893751144409	2.28997802734375	1.9371649026870728	1.9263054132461548	True	[1 1 0 0 0 0 1 0 0]	[0 0 0 0 0 0 0 0 1]	[0 0 0 1 1 0]	[0 0 0 0 0 0]
0	-0.5	8.43652057647705	2.2827394008636475	2.285917043685913	1.9403588771820068	1.9275052547454834	True	[0 1 0 0 0 0 1 0 0]	[1 0 0 0 0 0 0 0 1]	[0 0 1 1 1 0]	[0 0 0 0 0 0]
0	-1.0	8.442184448242188	2.286231517791748	2.2903952598571777	1.9393821954727173	1.9261759519577026	True	[0 1 0 0 0 0 1 0 1]	[0 0 0 0 0 0 0 0 1]	[0 0 0 1 1 0]	[0 0 0 0 0 0]
0	-0.5	8.43958854675293	2.2833006381988525	2.2872464656829834	1.9408025741577148	1.9282392263412476	True	[1 1 0 0 0 0 1 0 1]	[1 0 0 0 0 0 0 0 1]	[0 0 1 1 1 0]	[0 0 0 0 0 0]
0	-1.0	8.446325302124023	2.287902593612671	2.292383909225464	1.9373894929885864	1.9286494255065918	True	[1 1 0 0 0 0 1 0 0]	[0 0 0 0 0 0 0 0 1]	[0 0 0 1 1 0]	[0 0 0 0 0 0]
0	-0.5	8.426642417907715	2.279372215270996	2.2836079597473145	1.9380930662155151	1.92556893825531	True	[0 1 0 0 0 0 1 0 0]	[1 0 0 0 0 0 0 0 1]	[0 0 1 1 1 0]	[0 0 0 0 0 0]
0	-1.0	8.424038887023926	2.2796854972839355	2.282285451889038	1.9360545873641968	1.9260131120681763	True	[0 1 0 0 0 0 1 0 1]	[0 0 0 0 0 0 0 0 1]	[0 0 0 1 1 0]	[0 0 0 0 0 0]
0	-1.0	8.436037063598633	2.2818119525909424	2.288105010986328	1.9390578269958496	1.92706298828125	True	[1 1 0 0 0 0 1 0 1]	[1 0 0 0 0 0 0 0 1]	[1 0 0 1 1 0]	[0 0 0 0 0 0]
0	-1.0	8.439745903015137	2.2856671810150146	2.2858128547668457	1.9411561489105225	1.9271094799041748	True	[0 1 0 0 0 0 1 0 1]	[0 0 0 0 0 0 0 0 1]	[0 0 0 1 1 0]	[0 0 0 0 0 0]
0	-1.0	8.432334899902344	2.2811219692230225	2.2841835021972656	1.9399147033691406	1.9271142482757568	True	[1 1 0 0 0 0 1 0 1]	[1 0 0 0 0 0 0 0 1]	[1 0 0 1 1 0]	[0 0 0 0 0 0]
0	-1.0	8.435836791992188	2.285390615463257	2.28365421295166	1.9402832984924316	1.9265080690383911	True	[0 1 0 0 0 0 1 0 1]	[0 0 0 0 0 0 0 0 1]	[1 0 1 1 1 0]	[0 0 0 0 0 0]
0	-0.75	8.437544822692871	2.283353805541992	2.289743661880493	1.939384937286377	1.9250630140304565	True	[0 1 0 0 0 0 1 0 1]	[1 0 0 0 0 0 0 0 1]	[0 0 1 1 1 0]	[0 0 0 0 0 0]
0	-1.0	8.440919876098633	2.28521990776062	2.2892656326293945	1.9395101070404053	1.926924228668213	True	[0 1 0 0 0 0 1 0 1]	[0 0 0 0 0 0 0 0 1]	[1 0 1 1 1 0]	[0 0 0 0 0 0]
0	-0.75	8.445205688476562	2.2861368656158447	2.2933952808380127	1.938597559928894	1.9270753860473633	True	[0 1 0 0 0 0 1 0 1]	[1 0 0 0 0 0 0 0 1]	[0 0 1 1 1 0]	[0 0 0 0 0 0]
0	-1.0	8.435687065124512	2.2840898036956787	2.287254571914673	1.938827633857727	1.9255155324935913	True	[0 1 0 0 0 0 1 0 1]	[0 0 0 0 0 0 0 0 1]	[1 0 1 1 1 0]	[0 0 0 0 0 0]
0	-0.75	8.443460464477539	2.285553455352783	2.294503927230835	1.9386794567108154	1.9247238636016846	True	[0 1 0 0 0 0 1 0 1]	[1 0 0 0 0 0 0 0 1]	[0 0 1 1 1 0]	[0 0 0 0 0 0]
