# num_workers = 32
# num_cells = 256
# seed_for_environment = 3003
# lr = 0.0003
# max_grad_norm = 1.0
# eval_rollout_length = 30
# scaling_factor = 1000
# frames_per_batch = 500
# sub_batch_size = 64
# num_epochs = 15
# clip_epsilon = 0.2
# gamma = 0.99
# lmbda = 0.95
# entropy_eps = 0.003
# env_reward_engineering = True
# env_minimum_number_of_qubits = 12
# log_name = None
# env_version = qecc/bbcode-ldpc-v0
# env_bit_flipping = True
# env_l = 6
# env_m = 6
# env_use_dict_observation = True
# env_number_of_decoder_iterations = 50
# env_number_of_samples = 50
# env_code_logging = False
# model_architecture = hybrid
# model_surrogate_model_path = /vol/bitbucket/osella/rl-qecc-data/supervisedLearning/2026-07-12_21-15-58/surrogate_6x6.pth
# model_use_pretrained_encoder = True
# index_to_unfreeze_encoder_updates = 0
# encoder_lr_factor = 0.1
# training_device = cpu
# Resolved arguments:
# Resolved_env_reward_engineering = True
# Resolved_env_bit_flipping = True
# Resolved_env_useDictObservation = True
# Resolved_env_code_logging = False
# Resolved_model_use_pretrained_encoder = True
# Resolved_trainingDevice = cpu
# Resolved_model_architecture = hybrid
# Just for information, not used in actual run: SLURM CPUS queried from os environment: 32
# Number of workers: 32
# Does torch identify cuda: False
evaluation number	reward	policy entropy	policy entropy aX	policy entropy bX	policy entropy aY	policy entropy bY	Encoder freeze	postAction_aX	postAction_bX	postAction_aY	postAction_bY
0	-0.6666666865348816	7.413486480712891	1.817889928817749	1.8753830194473267	1.8600025177001953	1.860210657119751	False	[0 0 0 0 1 0]	[0 0 0 0 0 1]	[0 0 1 0 0 0]	[0 0 0 1 0 0]
0	-1.0	7.69379997253418	1.932462453842163	1.9235271215438843	1.9140422344207764	1.9237680435180664	False	[0 0 0 1 1 0]	[0 0 0 0 1 1]	[0 0 0 0 0 0]	[0 0 0 1 0 0]
0	-1.0	7.7232255935668945	1.9325851202011108	1.925795555114746	1.9339271783828735	1.930917501449585	False	[0 1 0 1 1 0]	[0 0 0 0 0 1]	[0 0 1 0 0 0]	[0 0 0 1 0 1]
0	-1.0	7.73978328704834	1.9378316402435303	1.9314545392990112	1.9397189617156982	1.9307785034179688	False	[0 1 0 0 1 0]	[0 0 0 0 0 0]	[0 0 0 0 0 0]	[1 0 0 1 0 1]
0	-1.0	7.693272590637207	1.9232569932937622	1.9293197393417358	1.9164254665374756	1.9242708683013916	False	[0 1 0 0 0 0]	[0 0 0 0 0 1]	[1 0 0 0 0 0]	[1 0 0 0 0 1]
0	-1.0	7.733176231384277	1.940260887145996	1.936819076538086	1.9376914501190186	1.9184048175811768	False	[0 1 0 1 0 0]	[0 0 0 1 0 1]	[1 0 0 0 1 0]	[1 0 0 0 0 0]
0	-1.0	7.728363513946533	1.9397798776626587	1.9276398420333862	1.9327385425567627	1.928204894065857	False	[0 1 0 0 0 0]	[0 0 0 1 1 1]	[1 0 0 0 0 0]	[1 0 0 0 1 0]
0	-1.0	7.732213497161865	1.9450383186340332	1.9307005405426025	1.9288960695266724	1.9275784492492676	False	[0 1 0 1 0 0]	[0 0 0 1 0 1]	[1 0 0 0 1 0]	[1 0 0 0 1 1]
0	-0.3333333432674408	7.72343111038208	1.9441702365875244	1.9266834259033203	1.9284708499908447	1.924106478691101	False	[0 0 0 1 0 0]	[0 0 0 1 1 1]	[1 0 0 0 0 0]	[1 0 0 0 1 0]
0	-1.0	7.62448787689209	1.8932180404663086	1.9037890434265137	1.9137147665023804	1.9137659072875977	False	[0 1 0 1 0 0]	[0 0 0 1 1 0]	[1 0 0 0 1 0]	[1 0 0 1 1 0]
0	-0.6666666865348816	7.705913066864014	1.9408740997314453	1.924234390258789	1.9174848794937134	1.923319697380066	False	[0 1 0 1 0 1]	[0 0 0 1 0 0]	[1 0 0 0 0 0]	[1 0 0 1 1 1]
0	-0.6666666865348816	7.7231340408325195	1.9354884624481201	1.9385008811950684	1.9151227474212646	1.934022068977356	False	[0 1 0 1 0 0]	[0 0 0 1 1 0]	[0 0 0 0 0 0]	[1 0 0 1 1 1]
0	-1.0	7.737934589385986	1.9354846477508545	1.934451699256897	1.9379726648330688	1.9300254583358765	False	[0 1 0 0 0 0]	[0 0 0 1 0 0]	[0 0 0 0 0 0]	[1 0 0 1 1 1]
0	-0.6666666865348816	7.7375898361206055	1.939115047454834	1.9410922527313232	1.9356746673583984	1.921708345413208	False	[0 1 0 1 0 0]	[0 0 0 1 1 0]	[0 0 0 0 1 0]	[1 0 0 1 1 0]
0	-1.0	7.718883514404297	1.941632866859436	1.9272468090057373	1.9261693954467773	1.9238345623016357	False	[0 1 0 0 0 0]	[0 0 0 1 0 0]	[0 0 0 0 0 0]	[1 0 0 1 1 1]
0	-0.6666666865348816	7.737574577331543	1.9363090991973877	1.942649006843567	1.935477375984192	1.9231390953063965	False	[0 1 0 1 0 0]	[0 0 0 1 1 0]	[0 0 0 0 1 0]	[1 0 0 1 1 0]
0	-1.0	7.716214656829834	1.9391920566558838	1.9266729354858398	1.9260011911392212	1.9243483543395996	False	[0 1 0 0 0 0]	[0 0 0 1 0 0]	[0 0 0 0 0 0]	[1 0 0 1 1 1]
0	-0.6666666865348816	7.738615036010742	1.9365414381027222	1.940129041671753	1.9361653327941895	1.9257793426513672	False	[0 1 0 1 0 0]	[0 0 0 1 1 0]	[0 0 0 0 1 0]	[1 0 0 1 1 0]
0	-1.0	7.719625473022461	1.9414616823196411	1.9273580312728882	1.9258090257644653	1.9249966144561768	False	[0 0 0 1 0 0]	[0 0 0 1 0 0]	[0 0 0 0 0 0]	[1 0 0 1 1 1]
0	-1.0	7.626502990722656	1.9015833139419556	1.922562599182129	1.8998100757598877	1.9025466442108154	False	[0 0 0 1 1 0]	[0 0 0 1 0 1]	[1 0 0 0 0 0]	[1 0 0 0 1 1]
0	-0.1666666716337204	7.739317893981934	1.9417173862457275	1.9318913221359253	1.9333739280700684	1.9323352575302124	False	[0 0 0 1 1 0]	[0 0 0 1 1 1]	[1 1 0 0 0 0]	[1 0 0 0 1 1]
0	-0.8333333134651184	7.717813491821289	1.9244731664657593	1.9297058582305908	1.9261655807495117	1.9374690055847168	False	[0 0 0 1 1 1]	[0 0 0 1 1 0]	[0 1 0 0 0 0]	[1 0 0 0 1 0]
0	-1.0	7.739323616027832	1.9382715225219727	1.9336156845092773	1.9298222064971924	1.9376142024993896	False	[0 0 0 1 1 0]	[0 0 0 1 0 0]	[0 0 0 0 0 0]	[1 0 0 0 1 0]
0	-1.0	7.721529006958008	1.941946268081665	1.9269983768463135	1.9261512756347656	1.9264333248138428	False	[0 0 0 1 1 0]	[0 0 0 1 1 0]	[0 0 0 0 1 0]	[1 0 0 0 1 0]
0	-1.0	7.7206645011901855	1.9384621381759644	1.925640344619751	1.9320677518844604	1.9244942665100098	False	[0 1 0 1 1 0]	[0 0 0 1 0 0]	[0 0 0 0 0 0]	[1 0 0 0 1 1]
0	-1.0	7.664870262145996	1.917917251586914	1.9269195795059204	1.9067590236663818	1.9132746458053589	False	[0 1 0 1 0 0]	[0 0 0 1 0 1]	[1 0 0 0 0 0]	[1 0 0 1 1 1]
0	-1.0	7.740619659423828	1.9414364099502563	1.9347476959228516	1.929787516593933	1.9346482753753662	False	[0 1 0 0 0 0]	[0 0 0 1 1 1]	[0 0 0 0 0 0]	[1 0 0 1 1 1]
0	-1.0	7.7475504875183105	1.9411442279815674	1.939548373222351	1.9414596557617188	1.9253984689712524	False	[0 1 0 1 0 0]	[0 0 0 1 0 1]	[0 0 0 0 1 0]	[1 0 0 1 1 0]
0	-1.0	7.717998027801514	1.9409666061401367	1.924332618713379	1.9253880977630615	1.927310585975647	False	[0 0 0 1 0 0]	[0 0 0 1 1 1]	[0 0 0 0 0 0]	[1 0 0 1 1 1]
0	-1.0	7.665108680725098	1.9069021940231323	1.9217932224273682	1.9184174537658691	1.9179956912994385	False	[0 1 0 1 0 0]	[0 0 0 1 0 1]	[1 0 0 0 0 0]	[1 0 0 0 1 1]
1	-1.0	6.959622383117676	1.684438705444336	1.5572620630264282	1.9101775884628296	1.8077441453933716	False	[0 1 0 0 0 0]	[0 0 0 0 0 0]	[0 0 1 0 0 0]	[0 0 0 1 0 0]
1	-1.0	6.710014343261719	1.4744818210601807	1.6617212295532227	1.7625371217727661	1.8112740516662598	False	[0 0 0 0 0 0]	[0 0 0 0 1 0]	[0 0 0 0 0 0]	[0 0 0 0 0 0]
1	-0.8333333134651184	6.9546003341674805	1.5333517789840698	1.7102453708648682	1.8808343410491943	1.8301689624786377	False	[0 1 0 0 0 0]	[0 0 0 0 1 0]	[0 0 1 0 0 0]	[0 0 0 1 0 0]
1	-0.6666666865348816	6.505320072174072	1.4882640838623047	1.4532973766326904	1.715547800064087	1.8482108116149902	False	[0 1 1 0 0 0]	[0 0 0 0 0 0]	[0 1 1 0 0 0]	[0 1 0 1 0 0]
1	-0.6666666865348816	6.566143035888672	1.5399010181427002	1.650768756866455	1.6619911193847656	1.7134819030761719	False	[0 0 1 0 0 0]	[0 0 0 0 1 0]	[0 1 0 0 0 0]	[0 1 0 0 0 0]
1	0.12250000238418579	7.099803447723389	1.7719544172286987	1.6459170579910278	1.8783228397369385	1.8036094903945923	False	[0 0 0 0 0 0]	[0 0 0 0 0 0]	[0 0 0 0 0 0]	[0 0 0 0 0 0]
1	-1.0	7.008728981018066	1.6912306547164917	1.5906895399093628	1.9172284603118896	1.8095802068710327	False	[0 1 0 0 0 0]	[0 0 0 0 0 0]	[0 0 1 0 0 0]	[0 0 0 1 0 0]
1	0.1274999976158142	6.622154712677002	1.4330416917800903	1.6131876707077026	1.7582488059997559	1.8176766633987427	False	[0 0 0 0 0 0]	[0 0 0 0 0 0]	[0 0 0 0 0 0]	[0 0 0 0 0 0]
1	-1.0	6.98179292678833	1.6697416305541992	1.5915430784225464	1.9143468141555786	1.8061612844467163	False	[0 1 0 0 0 0]	[0 0 0 0 0 0]	[0 0 0 1 0 0]	[0 0 0 1 0 0]
1	-1.0	6.418531894683838	1.567440152168274	1.592837929725647	1.6264220476150513	1.6318317651748657	False	[0 0 0 0 0 0]	[0 0 0 0 0 1]	[0 0 1 1 0 0]	[0 0 0 0 0 0]
1	-1.0	6.1784796714782715	1.427323579788208	1.263524055480957	1.6371331214904785	1.8504986763000488	False	[0 1 0 0 0 0]	[0 0 0 0 1 1]	[0 1 1 1 0 0]	[0 0 0 0 0 1]
1	-0.6666666865348816	7.087076663970947	1.7642496824264526	1.699004888534546	1.7937955856323242	1.830026626586914	False	[0 0 0 0 0 0]	[1 0 0 0 1 1]	[0 0 1 1 0 0]	[1 0 0 0 0 1]
1	-1.0	6.9586944580078125	1.6262311935424805	1.7412134408950806	1.8006908893585205	1.7905590534210205	False	[0 1 0 0 0 0]	[1 0 0 0 0 1]	[0 1 1 1 0 0]	[1 0 0 0 0 0]
1	-0.3333333432674408	6.254769325256348	1.3864381313323975	1.5230299234390259	1.484877586364746	1.8604238033294678	False	[0 0 0 0 0 0]	[1 0 0 0 1 1]	[0 1 0 1 0 0]	[0 0 0 0 0 0]
1	-1.0	6.402375221252441	1.6398348808288574	1.5784599781036377	1.3588924407958984	1.8251876831054688	False	[0 0 1 0 0 0]	[1 0 0 0 0 1]	[0 0 0 1 0 0]	[1 0 0 0 0 0]
1	-0.6666666865348816	6.218696594238281	1.563652753829956	1.1669145822525024	1.6712251901626587	1.8169041872024536	False	[0 1 1 0 0 0]	[1 0 0 0 1 1]	[0 1 0 1 0 0]	[1 0 0 0 0 0]
1	-0.5	6.942138671875	1.7695046663284302	1.626741886138916	1.7904975414276123	1.7553951740264893	False	[0 0 1 0 0 0]	[1 0 0 0 0 1]	[0 0 0 1 0 0]	[1 0 0 1 0 0]
1	-0.8333333134651184	6.653697967529297	1.4932022094726562	1.6861943006515503	1.7129976749420166	1.7613041400909424	False	[0 0 0 0 0 0]	[1 0 0 0 1 1]	[0 0 1 1 0 0]	[1 0 0 0 0 0]
1	-0.8333333134651184	6.326857089996338	1.4654923677444458	1.3585492372512817	1.668544888496399	1.8342705965042114	False	[0 1 0 0 0 0]	[1 0 0 0 0 1]	[0 1 1 1 0 0]	[1 0 0 0 0 1]
1	-0.6666666865348816	6.997894287109375	1.704697608947754	1.7083685398101807	1.7252086400985718	1.8596194982528687	False	[0 0 0 0 0 0]	[1 0 0 0 1 1]	[0 1 0 1 0 0]	[0 0 0 0 0 1]
1	-0.8333333134651184	7.110621452331543	1.6963474750518799	1.8369611501693726	1.7253257036209106	1.851987361907959	False	[0 0 1 0 0 0]	[1 0 0 0 0 1]	[0 0 0 1 0 0]	[1 0 0 0 0 1]
1	-0.3333333432674408	6.5607428550720215	1.6674742698669434	1.4097150564193726	1.733333706855774	1.750219702720642	False	[0 0 0 0 0 0]	[1 0 0 0 1 1]	[0 1 0 1 0 0]	[1 0 0 0 0 1]
1	-1.0	6.982769012451172	1.773037075996399	1.770263671875	1.6405587196350098	1.7989096641540527	False	[0 1 0 0 0 0]	[1 0 0 0 0 1]	[0 0 0 1 0 0]	[0 0 0 0 0 1]
1	-1.0	6.887354850769043	1.6688339710235596	1.7458685636520386	1.7328693866729736	1.739783525466919	False	[0 1 1 0 0 0]	[1 0 0 0 1 1]	[0 1 0 1 0 0]	[0 0 0 0 1 1]
1	-1.0	6.862893104553223	1.7499375343322754	1.7551629543304443	1.5636134147644043	1.7941787242889404	False	[1 1 1 0 0 0]	[1 0 1 0 1 1]	[0 0 0 1 0 0]	[0 0 0 0 1 0]
1	-0.6666666865348816	6.767971038818359	1.646885871887207	1.6476188898086548	1.6549878120422363	1.8184783458709717	False	[1 1 0 0 0 0]	[1 0 1 0 0 1]	[0 1 0 1 0 0]	[0 0 0 0 1 1]
1	-1.0	6.880980014801025	1.6948729753494263	1.8036257028579712	1.6195200681686401	1.7629612684249878	False	[1 1 1 0 0 0]	[1 0 1 0 1 1]	[0 0 0 1 0 0]	[0 1 0 0 1 1]
1	-1.0	6.361445426940918	1.4009532928466797	1.7492529153823853	1.571000576019287	1.6402387619018555	False	[0 1 1 0 0 0]	[1 1 1 0 1 1]	[0 0 0 0 0 0]	[0 1 0 0 1 0]
1	-1.0	6.382236480712891	1.6315388679504395	1.504215121269226	1.582473635673523	1.6640084981918335	False	[0 1 0 0 0 0]	[1 1 1 0 0 1]	[0 0 0 1 0 0]	[0 1 0 0 1 1]
1	0.32499998807907104	6.927451133728027	1.7211027145385742	1.7341301441192627	1.777913212776184	1.6943049430847168	False	[0 1 1 0 0 0]	[1 1 1 0 1 1]	[0 0 0 1 0 0]	[0 0 0 0 1 1]
2	-0.8333333134651184	4.6032938957214355	1.324012041091919	1.4912593364715576	1.089263916015625	0.698758602142334	False	[0 1 0 0 0 0]	[0 0 0 1 0 0]	[0 1 0 0 0 0]	[0 0 0 0 1 0]
2	-0.6666666865348816	5.448068618774414	1.4577189683914185	1.0894606113433838	1.3408478498458862	1.5600407123565674	False	[1 1 0 0 0 0]	[0 0 0 1 0 0]	[0 0 0 0 0 0]	[0 0 0 0 1 0]
2	-1.0	5.305931091308594	1.3030413389205933	1.2740776538848877	1.1467761993408203	1.5820362567901611	False	[1 0 0 0 0 0]	[0 0 0 1 0 0]	[0 1 0 0 0 0]	[0 0 0 0 0 0]
2	-1.0	5.239550590515137	0.9013808369636536	1.2434672117233276	1.6751554012298584	1.4195468425750732	False	[1 1 0 0 0 0]	[0 0 0 1 0 0]	[0 1 0 0 0 0]	[0 0 0 0 1 0]
2	-1.0	5.61899995803833	1.2774338722229004	1.1855566501617432	1.5848850011825562	1.5711246728897095	False	[0 1 0 0 0 0]	[0 0 0 1 0 0]	[0 0 0 0 0 0]	[0 0 0 0 1 0]
2	-1.0	5.26740837097168	1.4971925020217896	1.1586027145385742	1.0940693616867065	1.517543911933899	False	[0 0 0 0 0 0]	[0 0 0 0 0 0]	[0 1 0 0 0 0]	[0 0 0 0 0 0]
2	-1.0	5.627290725708008	1.403529405593872	1.2784454822540283	1.6116502285003662	1.3336660861968994	False	[0 1 0 0 0 0]	[0 0 0 0 0 0]	[0 0 0 0 0 0]	[0 0 0 0 1 0]
2	-1.0	5.571253776550293	1.6295274496078491	1.2532753944396973	1.1783519983291626	1.5100988149642944	False	[0 0 0 0 0 0]	[0 0 0 0 0 0]	[0 1 0 0 0 0]	[0 0 0 0 0 0]
2	-1.0	5.43556022644043	1.346043586730957	1.2915444374084473	1.5986756086349487	1.1992965936660767	False	[0 1 0 0 0 0]	[0 0 0 0 0 0]	[0 0 0 0 0 0]	[0 0 0 0 1 0]
2	-1.0	5.6163835525512695	1.6384882926940918	1.2608472108840942	1.227616786956787	1.4894312620162964	False	[0 0 0 0 0 0]	[0 0 0 0 0 0]	[0 1 0 0 0 0]	[0 0 0 0 0 0]
2	-1.0	5.478059768676758	1.4000521898269653	1.232133150100708	1.5914069414138794	1.254467487335205	False	[0 1 0 0 0 0]	[0 0 0 0 0 0]	[0 0 0 0 0 0]	[0 0 0 0 1 0]
2	-1.0	5.617061138153076	1.6464555263519287	1.268316626548767	1.2172086238861084	1.4850802421569824	False	[0 0 0 0 0 0]	[0 0 0 1 0 0]	[0 1 0 0 0 0]	[0 0 0 0 0 0]
2	-1.0	5.04757833480835	1.1866704225540161	1.2752671241760254	1.3780845403671265	1.207556128501892	False	[0 1 0 0 0 0]	[0 0 0 1 0 0]	[0 0 0 0 0 0]	[0 0 0 0 1 0]
2	-1.0	5.293394088745117	1.4974310398101807	1.1499499082565308	1.1293039321899414	1.5167090892791748	False	[0 0 0 0 0 0]	[0 0 0 0 0 0]	[0 1 0 0 0 0]	[0 0 0 0 0 0]
2	-1.0	5.611166954040527	1.3963030576705933	1.3015663623809814	1.6161316633224487	1.2971656322479248	False	[0 1 0 0 0 0]	[0 0 0 0 0 0]	[0 0 0 0 0 0]	[0 0 0 0 1 0]
2	-1.0	5.582674980163574	1.6382393836975098	1.2684377431869507	1.1669152975082397	1.509082317352295	False	[0 0 0 0 0 0]	[0 0 0 0 0 0]	[0 1 0 0 0 0]	[0 0 0 0 0 0]
2	-1.0	5.475410461425781	1.366550326347351	1.2703657150268555	1.5973950624465942	1.241099238395691	False	[0 1 0 0 0 0]	[0 0 0 0 0 0]	[0 0 0 0 0 0]	[0 0 0 0 1 0]
2	-1.0	5.601068019866943	1.6257038116455078	1.2744405269622803	1.2243449687957764	1.4765788316726685	False	[0 0 0 0 0 0]	[0 0 0 1 0 0]	[0 1 0 0 0 0]	[0 0 0 0 0 0]
2	-1.0	5.125967502593994	1.1822142601013184	1.331187129020691	1.463502049446106	1.1490641832351685	False	[0 1 0 0 0 0]	[0 0 0 1 0 0]	[0 0 0 0 0 0]	[0 0 0 0 1 0]
2	-1.0	5.295315742492676	1.4980535507202148	1.1825356483459473	1.1119358539581299	1.5027904510498047	False	[0 0 0 0 0 0]	[0 0 0 0 0 0]	[0 1 0 0 0 0]	[0 0 0 0 0 0]
2	-1.0	5.661727428436279	1.416374921798706	1.278390645980835	1.608609914779663	1.3583521842956543	False	[0 1 0 0 0 0]	[0 0 0 0 0 0]	[0 0 0 0 0 0]	[0 0 0 0 1 0]
2	-0.3333333432674408	5.604137420654297	1.6275970935821533	1.2522932291030884	1.2278857231140137	1.4963610172271729	False	[0 1 1 0 0 0]	[0 0 0 0 0 0]	[0 1 0 0 0 0]	[0 0 0 0 0 0]
2	-1.0	5.082299709320068	1.2566120624542236	1.181053638458252	1.4801138639450073	1.164520263671875	False	[0 0 1 0 0 0]	[0 0 0 0 0 0]	[0 0 0 0 0 0]	[0 0 0 0 1 0]
2	-1.0	5.838037490844727	1.8293228149414062	1.096366286277771	1.4543893337249756	1.4579592943191528	False	[0 0 1 0 0 0]	[0 0 0 0 0 0]	[0 1 0 0 0 0]	[0 0 0 0 1 0]
2	-1.0	5.771871089935303	1.6028721332550049	1.2127366065979004	1.6019132137298584	1.3543490171432495	False	[1 0 1 0 0 0]	[0 0 0 0 0 0]	[0 0 0 0 0 0]	[0 0 0 0 1 0]
2	-1.0	5.3020758628845215	1.6524131298065186	0.8931922912597656	1.6293021440505981	1.1271681785583496	False	[0 0 1 0 0 0]	[0 0 0 0 0 0]	[0 0 0 0 0 0]	[0 0 0 0 1 0]
2	-1.0	5.783511638641357	1.8341647386550903	1.0881273746490479	1.477720856666565	1.3834985494613647	False	[1 0 1 0 0 0]	[0 0 0 0 0 0]	[0 1 0 0 0 0]	[0 0 0 0 1 0]
2	-1.0	5.69586706161499	1.6077827215194702	1.1877429485321045	1.6327937841415405	1.267547607421875	False	[0 0 1 0 0 0]	[0 0 0 0 0 0]	[0 1 0 0 0 0]	[0 0 0 0 1 0]
2	-1.0	5.700592041015625	1.55564284324646	1.1810029745101929	1.5868560075759888	1.377090573310852	False	[1 0 1 0 0 0]	[0 0 0 0 0 0]	[0 0 0 0 0 0]	[0 0 0 0 1 0]
2	-1.0	5.380886554718018	1.6346510648727417	0.9219095706939697	1.6356302499771118	1.1886959075927734	False	[0 0 1 0 0 0]	[0 0 0 0 0 0]	[0 0 0 0 0 0]	[0 0 0 0 1 0]
3	-0.8333333134651184	3.3185081481933594	0.7318456768989563	1.1388423442840576	1.280569314956665	0.16725076735019684	False	[0 0 1 0 0 0]	[0 0 0 1 0 0]	[0 0 0 0 0 1]	[0 0 0 0 1 0]
3	0.23000000417232513	5.707041263580322	1.500377893447876	1.3153963088989258	1.4036027193069458	1.4876641035079956	False	[0 0 0 0 0 0]	[0 0 0 0 0 0]	[0 1 0 0 0 1]	[0 0 0 0 1 1]
3	-1.0	6.037858963012695	1.5241990089416504	1.3820174932479858	1.505843162536621	1.6257989406585693	False	[1 0 0 0 0 0]	[0 0 0 0 0 0]	[0 0 0 0 0 1]	[1 0 0 0 1 1]
3	-1.0	6.3558478355407715	1.6837893724441528	1.6770578622817993	1.4196933507919312	1.5753074884414673	False	[1 0 0 1 0 0]	[0 1 0 0 0 0]	[0 0 0 0 0 1]	[1 0 0 0 0 1]
3	-1.0	6.325058937072754	1.7530407905578613	1.4982447624206543	1.4096813201904297	1.6640920639038086	False	[1 0 0 1 0 0]	[0 0 0 0 0 0]	[0 1 0 0 0 1]	[1 0 0 0 1 1]
3	-1.0	5.948664665222168	1.6399216651916504	1.2188282012939453	1.3177720308303833	1.7721428871154785	False	[1 0 0 0 0 0]	[0 1 0 0 0 0]	[0 0 0 0 0 1]	[0 0 0 0 1 1]
3	-1.0	5.837857723236084	1.726422667503357	1.2601112127304077	1.360192894935608	1.4911307096481323	False	[1 1 0 0 0 0]	[0 1 0 0 0 0]	[0 0 0 0 0 1]	[0 0 0 0 1 1]
3	-1.0	6.008630752563477	1.5710374116897583	1.521670937538147	1.292554497718811	1.6233679056167603	False	[1 0 0 0 0 0]	[0 1 0 0 0 1]	[0 1 0 0 0 1]	[0 1 0 0 1 1]
3	-0.6666666865348816	6.100849151611328	1.671898603439331	1.5129876136779785	1.4370590448379517	1.4789036512374878	False	[1 1 0 0 0 0]	[0 0 0 0 0 1]	[0 1 0 0 0 1]	[0 1 0 0 1 1]
3	-0.8333333134651184	5.796780586242676	1.3467681407928467	1.3896119594573975	1.4366388320922852	1.623761534690857	False	[0 1 0 0 0 0]	[0 0 0 0 0 0]	[0 0 0 0 0 1]	[0 0 0 0 1 1]
3	-1.0	5.72020149230957	1.6075503826141357	1.1337121725082397	1.4182714223861694	1.560667634010315	False	[1 1 0 0 0 0]	[0 0 0 0 0 0]	[0 1 0 0 0 1]	[0 0 0 0 0 1]
3	-0.8333333134651184	5.788010120391846	1.377235770225525	1.5050383806228638	1.278476357460022	1.627259612083435	False	[1 0 0 0 0 0]	[0 1 0 0 0 0]	[0 0 0 0 0 1]	[0 0 0 0 0 1]
3	-0.8333333134651184	5.601105690002441	1.6535091400146484	0.865181565284729	1.4389132261276245	1.643501877784729	False	[1 1 0 0 0 0]	[0 1 0 0 0 0]	[0 1 0 0 0 1]	[0 0 0 0 0 1]
3	-1.0	5.8486199378967285	1.345814824104309	1.3863229751586914	1.4691821336746216	1.6473002433776855	False	[0 1 0 0 0 0]	[0 1 0 0 0 0]	[0 0 0 0 0 1]	[0 1 0 0 0 1]
3	-0.8333333134651184	5.328945159912109	1.381826639175415	0.9908212423324585	1.316732406616211	1.6395649909973145	False	[0 1 1 0 0 0]	[0 1 0 0 0 0]	[0 0 0 0 0 0]	[0 1 0 0 0 0]
3	-0.6666666865348816	4.955227375030518	1.2021836042404175	0.9982649087905884	1.298588752746582	1.4561901092529297	False	[0 1 0 0 0 0]	[0 1 0 1 0 0]	[0 0 0 0 0 1]	[0 1 0 0 0 1]
3	-1.0	5.613208770751953	1.4796032905578613	1.0330491065979004	1.3955053091049194	1.7050509452819824	False	[1 1 0 0 0 0]	[0 1 0 1 0 0]	[0 0 0 0 0 0]	[0 0 0 0 0 1]
3	-1.0	5.517819404602051	1.4631431102752686	0.9560732841491699	1.4742748737335205	1.6243278980255127	False	[1 0 0 0 0 0]	[0 1 0 1 0 0]	[0 1 0 0 0 0]	[0 0 0 0 0 1]
3	-0.6666666865348816	5.939737319946289	1.4798078536987305	1.400353193283081	1.3300416469573975	1.7295348644256592	False	[1 1 0 0 0 0]	[0 0 0 1 0 0]	[0 0 0 0 0 0]	[0 1 0 0 0 1]
3	-0.8333333134651184	5.646073341369629	1.4535573720932007	1.1828317642211914	1.297724723815918	1.7119592428207397	False	[0 1 0 0 0 0]	[0 0 0 1 0 0]	[0 0 0 0 0 1]	[0 1 0 0 1 1]
3	-0.5	5.0182785987854	1.2149549722671509	0.9155150651931763	1.495657205581665	1.3921514749526978	False	[0 1 1 0 0 0]	[0 0 0 0 0 0]	[0 0 0 0 0 0]	[0 1 0 0 1 0]
3	-0.6666666865348816	3.227896213531494	0.5945621728897095	0.570949912071228	1.1596835851669312	0.9027003645896912	False	[0 1 0 0 0 0]	[0 0 0 1 0 0]	[0 0 0 0 0 1]	[0 1 0 0 0 0]
3	-0.5	4.884634971618652	1.1739767789840698	0.9884458780288696	1.4665520191192627	1.255660057067871	False	[0 1 1 0 0 0]	[0 0 0 0 0 0]	[0 0 0 0 0 0]	[0 1 0 0 1 0]
3	-0.6666666865348816	3.204124927520752	0.5891042351722717	0.5923342704772949	1.1341979503631592	0.8884884715080261	False	[0 1 0 0 0 0]	[0 0 0 1 0 0]	[0 0 0 0 0 1]	[0 1 0 0 0 0]
3	-0.5	4.865688800811768	1.1672719717025757	0.9900816679000854	1.4627962112426758	1.2455388307571411	False	[0 1 1 0 0 0]	[0 0 0 0 0 0]	[0 0 0 0 0 0]	[0 1 0 0 1 0]
3	-0.6666666865348816	3.4019370079040527	0.6334459781646729	0.565638542175293	1.1850351095199585	1.0178176164627075	False	[0 1 0 0 0 0]	[0 0 0 1 0 0]	[0 0 0 0 0 1]	[0 1 0 0 0 0]
3	-0.5	4.861325263977051	1.1515694856643677	1.0046454668045044	1.4710524082183838	1.2340576648712158	False	[0 1 1 0 0 0]	[0 0 0 0 0 0]	[0 0 0 0 0 0]	[0 1 0 0 1 0]
3	-0.6666666865348816	3.1828062534332275	0.5710753798484802	0.5820559859275818	1.1406588554382324	0.8890159726142883	False	[0 1 0 0 0 0]	[0 0 0 1 0 0]	[0 0 0 0 0 1]	[0 1 0 0 0 0]
3	-0.5	4.930168628692627	1.190442442893982	0.9922686815261841	1.467008352279663	1.2804492712020874	False	[0 1 1 0 0 0]	[0 0 0 0 0 0]	[0 0 0 0 0 0]	[0 1 0 0 1 0]
3	-0.6666666865348816	3.214080333709717	0.5831156969070435	0.5705171227455139	1.1362745761871338	0.9241728782653809	False	[0 1 0 0 0 0]	[0 0 0 1 0 0]	[0 0 0 0 0 1]	[0 1 0 0 0 0]
4	0.24500000476837158	3.6741411685943604	0.6774545907974243	1.435278058052063	1.1638615131378174	0.39754700660705566	False	[0 0 1 0 0 0]	[0 0 0 0 1 0]	[0 0 0 0 0 1]	[0 0 0 0 1 0]
4	0.13750000298023224	5.460511684417725	1.440517544746399	1.3139982223510742	1.2351949214935303	1.4708009958267212	False	[0 0 0 0 0 0]	[0 0 0 0 0 0]	[0 1 0 0 0 1]	[0 0 0 0 0 0]
4	-0.6666666865348816	4.682347297668457	1.2685801982879639	1.0198664665222168	1.4418127536773682	0.9520877599716187	False	[0 0 1 0 0 0]	[0 0 0 0 1 0]	[0 1 0 0 0 0]	[0 0 0 0 1 0]
4	0.13249999284744263	5.9182233810424805	1.392628788948059	1.5502753257751465	1.4379278421401978	1.5373914241790771	False	[1 0 1 0 0 0]	[0 0 0 0 0 0]	[0 0 0 0 0 0]	[0 0 0 0 0 0]
4	-0.6666666865348816	4.812575340270996	1.3431371450424194	1.1310546398162842	1.3697776794433594	0.9686059951782227	False	[1 0 0 0 0 0]	[0 0 0 0 1 0]	[0 0 0 0 0 1]	[0 0 0 0 1 0]
4	-0.6666666865348816	5.994259357452393	1.7564069032669067	1.2838820219039917	1.2925816774368286	1.6613887548446655	False	[1 0 0 0 1 0]	[0 1 0 0 1 0]	[0 1 0 0 0 1]	[0 1 0 0 1 0]
4	-0.6666666865348816	3.8394110202789307	0.6009966731071472	0.7478477358818054	0.8998057842254639	1.5907609462738037	False	[0 0 0 0 1 0]	[0 1 0 0 1 1]	[1 1 0 0 0 1]	[0 1 0 0 0 0]
4	-0.6666666865348816	4.521915912628174	0.7060684561729431	1.3573678731918335	1.120062232017517	1.338417649269104	False	[1 0 0 0 1 0]	[0 1 0 0 1 0]	[0 1 0 0 0 1]	[0 0 0 0 0 0]
4	-0.3333333432674408	5.525297164916992	1.2964600324630737	1.4955086708068848	1.2211048603057861	1.5122231245040894	False	[0 0 0 0 1 0]	[0 1 0 0 1 1]	[0 0 0 0 0 1]	[0 0 0 0 1 0]
4	-0.8333333134651184	5.143101692199707	1.492405891418457	1.194267988204956	1.0215003490447998	1.4349273443222046	False	[0 0 1 0 1 0]	[0 1 0 1 1 1]	[1 0 0 0 0 1]	[0 0 0 0 0 0]
4	-0.6666666865348816	5.7913818359375	1.5531303882598877	1.144484281539917	1.3723437786102295	1.7214232683181763	False	[1 0 1 0 1 0]	[0 1 0 1 0 1]	[1 1 0 0 0 1]	[0 0 0 0 0 1]
4	-0.8333333134651184	5.557071685791016	1.5192798376083374	1.1582642793655396	1.2848705053329468	1.5946567058563232	False	[0 0 1 0 1 0]	[0 1 0 1 1 1]	[1 0 0 0 0 1]	[0 1 0 0 0 1]
4	-0.6666666865348816	4.782462120056152	0.6936367154121399	1.4630898237228394	1.2270911931991577	1.3986445665359497	False	[1 0 1 0 1 0]	[0 1 0 1 0 1]	[1 1 0 0 0 1]	[0 0 0 0 0 1]
4	-0.8333333134651184	5.57884407043457	1.5045840740203857	1.2078471183776855	1.2749744653701782	1.5914382934570312	False	[0 0 1 0 1 0]	[0 1 0 1 1 1]	[1 0 0 0 0 1]	[0 1 0 0 0 1]
4	-0.6666666865348816	4.73245906829834	0.6613531112670898	1.4761847257614136	1.2086536884307861	1.3862673044204712	False	[1 0 1 0 1 0]	[0 1 0 1 0 1]	[1 1 0 0 0 1]	[0 0 0 0 0 1]
4	-0.8333333134651184	5.547029495239258	1.5158016681671143	1.1660982370376587	1.2761225700378418	1.5890069007873535	False	[0 0 1 0 1 0]	[0 1 0 1 1 1]	[1 0 0 0 0 1]	[0 1 0 0 0 1]
4	-0.6666666865348816	4.792513370513916	0.6976485252380371	1.4677406549453735	1.2172201871871948	1.4099041223526	False	[1 0 1 0 1 0]	[0 1 0 1 0 1]	[1 1 0 0 0 1]	[0 0 0 0 0 1]
4	-0.8333333134651184	5.550788879394531	1.5198062658309937	1.1665257215499878	1.2724746465682983	1.591982364654541	False	[0 0 1 0 1 0]	[0 1 0 1 1 1]	[1 0 0 0 0 1]	[0 1 0 0 0 1]
4	-0.6666666865348816	4.7489333152771	0.678500235080719	1.4584035873413086	1.2106311321258545	1.4013985395431519	False	[1 0 1 0 1 0]	[0 1 0 1 0 1]	[1 1 0 0 0 1]	[0 0 0 0 0 1]
4	-0.8333333134651184	5.565290451049805	1.5055614709854126	1.179653286933899	1.281032919883728	1.5990428924560547	False	[0 0 1 0 1 0]	[0 1 0 1 1 1]	[1 0 0 0 0 1]	[0 1 0 0 0 1]
4	-0.6666666865348816	4.7295026779174805	0.6636369824409485	1.4420127868652344	1.221113920211792	1.4027392864227295	False	[1 0 1 0 1 0]	[0 1 0 1 0 1]	[1 1 0 0 0 1]	[0 0 0 0 0 1]
4	-0.8333333134651184	5.569572448730469	1.514330267906189	1.1542701721191406	1.295509696006775	1.6054623126983643	False	[0 0 1 0 1 0]	[0 1 0 1 1 1]	[1 0 0 0 0 1]	[0 1 0 0 0 1]
4	-0.6666666865348816	4.770330905914307	0.7174368500709534	1.4904652833938599	1.2064127922058105	1.3560158014297485	False	[1 0 1 0 1 0]	[0 1 0 1 1 0]	[1 1 0 0 0 1]	[0 0 0 0 0 1]
4	-0.8333333134651184	4.496392250061035	0.9160061478614807	0.9606444239616394	1.0636202096939087	1.5561214685440063	False	[0 0 1 0 1 0]	[0 1 0 1 1 1]	[1 0 0 0 0 1]	[0 1 0 0 0 1]
4	-0.6666666865348816	4.770084857940674	0.699055552482605	1.4709055423736572	1.2067621946334839	1.3933615684509277	False	[1 0 1 0 1 0]	[0 1 0 1 0 1]	[1 1 0 0 0 1]	[0 0 0 0 0 1]
4	-0.8333333134651184	5.513869762420654	1.4999572038650513	1.1657705307006836	1.2712665796279907	1.5768755674362183	False	[0 0 1 0 1 0]	[0 1 0 1 1 1]	[1 0 0 0 0 1]	[0 1 0 0 0 1]
4	-0.6666666865348816	4.706540107727051	0.6490602493286133	1.4419344663619995	1.2180719375610352	1.3974735736846924	False	[1 0 1 0 1 0]	[0 1 0 1 0 1]	[1 1 0 0 0 1]	[0 0 0 0 0 1]
4	-0.8333333134651184	5.502601623535156	1.5173726081848145	1.1560213565826416	1.2482506036758423	1.5809569358825684	False	[0 0 1 0 1 0]	[0 1 0 1 1 1]	[1 0 0 0 0 1]	[0 1 0 0 0 1]
4	-0.6666666865348816	4.715835094451904	0.6718626618385315	1.4656141996383667	1.2010371685028076	1.3773211240768433	False	[1 0 1 0 1 0]	[0 1 0 1 1 0]	[1 1 0 0 0 1]	[0 0 0 0 0 1]
4	-0.8333333134651184	4.501568794250488	0.9161093235015869	0.9541306495666504	1.0730873346328735	1.5582412481307983	False	[0 0 1 0 1 0]	[0 1 0 1 1 1]	[1 0 0 0 0 1]	[0 1 0 0 0 1]
5	-0.3333333432674408	3.265695095062256	0.8391894698143005	0.7412351965904236	1.4505585432052612	0.23471185564994812	False	[0 0 1 0 0 0]	[0 0 0 0 1 0]	[1 0 0 0 0 0]	[0 0 0 0 1 0]
5	-0.6666666865348816	4.860626220703125	1.5756707191467285	0.9597381353378296	1.4234763383865356	0.9017407894134521	False	[0 1 1 0 0 0]	[0 0 0 0 0 0]	[1 1 0 0 0 0]	[0 0 0 0 0 0]
5	-0.6666666865348816	4.384727478027344	1.2820409536361694	0.5243202447891235	1.7138028144836426	0.8645634055137634	False	[0 0 1 0 0 0]	[0 0 0 0 1 0]	[0 1 0 0 0 0]	[0 0 0 0 1 0]
5	0.12250000238418579	5.063442230224609	1.600365161895752	1.1420023441314697	1.3746466636657715	0.9464284181594849	False	[0 0 0 0 0 0]	[0 0 0 0 0 0]	[0 0 0 0 0 0]	[0 0 0 0 0 0]
5	-0.3333333432674408	3.26194429397583	0.8620573282241821	0.7191357612609863	1.4411718845367432	0.23957930505275726	False	[0 0 1 0 0 0]	[0 0 0 0 1 0]	[1 0 0 0 0 0]	[0 0 0 0 1 0]
5	-0.6666666865348816	4.877233505249023	1.5751245021820068	0.9600954651832581	1.4223847389221191	0.9196288585662842	False	[0 1 1 0 0 0]	[0 0 0 0 0 0]	[1 1 0 0 0 0]	[0 0 0 0 0 0]
5	-0.6666666865348816	4.33849573135376	1.2559698820114136	0.5735518932342529	1.7233126163482666	0.7856612801551819	False	[0 0 1 0 0 0]	[0 0 0 0 1 0]	[0 1 0 0 0 0]	[0 0 0 0 1 0]
5	0.12999999523162842	5.003146648406982	1.583344578742981	1.143100380897522	1.4030590057373047	0.8736425638198853	False	[0 0 0 0 0 0]	[0 0 0 0 0 0]	[0 0 0 0 0 0]	[0 0 0 0 0 0]
5	-0.3333333432674408	3.2148423194885254	0.8324887752532959	0.7276989817619324	1.4263620376586914	0.2282925695180893	False	[0 0 1 0 0 0]	[0 0 0 0 1 0]	[1 0 0 0 0 0]	[0 0 0 0 1 0]
5	-0.6666666865348816	4.898737907409668	1.5850722789764404	0.9879046678543091	1.4020285606384277	0.9237323999404907	False	[0 1 1 0 0 0]	[0 0 0 0 0 0]	[1 1 0 0 0 0]	[0 0 0 0 0 0]
5	-0.6666666865348816	4.424903869628906	1.3040826320648193	0.5645108819007874	1.6616871356964111	0.8946230411529541	False	[0 0 1 0 0 0]	[0 0 0 0 1 0]	[0 1 0 0 0 0]	[0 0 0 0 1 0]
5	0.12250000238418579	5.044735908508301	1.6002265214920044	1.092081069946289	1.4201936721801758	0.9322347640991211	False	[0 0 0 0 0 0]	[0 0 0 0 0 0]	[0 0 0 0 0 0]	[0 0 0 0 0 0]
5	-0.3333333432674408	3.260531425476074	0.8487586379051208	0.7411012053489685	1.4282654523849487	0.24240602552890778	False	[0 0 1 0 0 0]	[0 0 0 0 1 0]	[1 0 0 0 0 0]	[0 0 0 0 1 0]
5	-0.6666666865348816	4.813005447387695	1.5621620416641235	0.978766679763794	1.381370186805725	0.8907063603401184	False	[0 1 1 0 0 0]	[0 0 0 0 0 0]	[1 1 0 0 0 0]	[0 0 0 0 0 0]
5	-0.6666666865348816	4.302014350891113	1.218207836151123	0.5939579010009766	1.7258614301681519	0.7639868259429932	False	[0 0 1 0 0 0]	[0 0 0 0 1 0]	[0 1 0 0 0 0]	[0 0 0 0 1 0]
5	0.12999999523162842	5.023170471191406	1.5868706703186035	1.149344801902771	1.3772512674331665	0.9097034931182861	False	[0 0 0 0 0 0]	[0 0 0 0 0 0]	[0 0 0 0 0 0]	[0 0 0 0 0 0]
5	-0.3333333432674408	3.255396842956543	0.8420988917350769	0.7403383851051331	1.4415515661239624	0.23140808939933777	False	[0 0 1 0 0 0]	[0 0 0 0 1 0]	[1 0 0 0 0 0]	[0 0 0 0 1 0]
5	-0.6666666865348816	4.837025165557861	1.5742008686065674	0.9712044596672058	1.4193671941757202	0.8722522854804993	False	[0 1 1 0 0 0]	[0 0 0 0 0 0]	[1 1 0 0 0 0]	[0 0 0 0 0 0]
5	-0.6666666865348816	4.28093147277832	1.2313424348831177	0.5728621482849121	1.7208576202392578	0.7558693289756775	False	[0 0 1 0 0 0]	[0 0 0 0 1 0]	[0 1 0 0 0 0]	[0 0 0 0 1 0]
5	0.12250000238418579	4.975532531738281	1.594482660293579	1.0940358638763428	1.3673179149627686	0.9196960926055908	False	[0 0 0 0 0 0]	[0 0 0 0 0 0]	[0 0 0 0 0 0]	[0 0 0 0 0 0]
5	-0.3333333432674408	3.26396107673645	0.8307682275772095	0.7558848857879639	1.4371442794799805	0.2401636391878128	False	[0 0 1 0 0 0]	[0 0 0 0 1 0]	[1 0 0 0 0 0]	[0 0 0 0 1 0]
5	-0.6666666865348816	4.871882438659668	1.5790318250656128	0.9581499099731445	1.4211938381195068	0.9135069847106934	False	[0 1 1 0 0 0]	[0 0 0 0 0 0]	[1 1 0 0 0 0]	[0 0 0 0 0 0]
5	-0.6666666865348816	4.333507061004639	1.2744884490966797	0.5543166399002075	1.698244333267212	0.80645751953125	False	[0 0 1 0 0 0]	[0 0 0 0 1 0]	[0 1 0 0 0 0]	[0 0 0 0 1 0]
5	0.125	4.973130226135254	1.5791661739349365	1.126017689704895	1.3723130226135254	0.8956332206726074	False	[0 0 0 0 0 0]	[0 0 0 0 0 0]	[0 0 0 0 0 0]	[0 0 0 0 0 0]
5	-0.3333333432674408	3.2680933475494385	0.8698897957801819	0.719780683517456	1.4427741765975952	0.23564893007278442	False	[0 0 1 0 0 0]	[0 0 0 0 1 0]	[1 0 0 0 0 0]	[0 0 0 0 1 0]
5	-0.6666666865348816	4.912732124328613	1.5818848609924316	1.0008472204208374	1.419736385345459	0.9102637767791748	False	[0 1 1 0 0 0]	[0 0 0 0 0 0]	[1 1 0 0 0 0]	[0 0 0 0 0 0]
5	-0.6666666865348816	4.35746431350708	1.2766656875610352	0.5544191598892212	1.707969307899475	0.8184101581573486	False	[0 0 1 0 0 0]	[0 0 0 0 1 0]	[0 1 0 0 0 0]	[0 0 0 0 1 0]
5	0.12250000238418579	4.992216110229492	1.5906200408935547	1.1347453594207764	1.3696794509887695	0.8971709609031677	False	[0 0 0 0 0 0]	[0 0 0 0 0 0]	[0 0 0 0 0 0]	[0 0 0 0 0 0]
5	-0.3333333432674408	3.2113170623779297	0.8199338316917419	0.7339401245117188	1.4291956424713135	0.22824731469154358	False	[0 0 1 0 0 0]	[0 0 0 0 1 0]	[1 0 0 0 0 0]	[0 0 0 0 1 0]
5	-0.6666666865348816	4.906737327575684	1.5841799974441528	0.9724532961845398	1.4044361114501953	0.9456678628921509	False	[0 1 1 0 0 0]	[0 0 0 0 0 0]	[1 1 0 0 0 0]	[0 0 0 0 0 0]
6	-0.3333333432674408	4.2274169921875	1.0745853185653687	0.954203724861145	1.588773250579834	0.6098547577857971	False	[0 0 1 0 0 0]	[0 0 0 0 1 0]	[1 0 0 0 0 0]	[0 0 0 0 1 0]
6	-0.6666666865348816	4.980712413787842	1.2373605966567993	1.039409875869751	1.5711911916732788	1.132750391960144	False	[0 0 1 0 1 0]	[0 0 0 0 0 0]	[1 1 0 0 0 0]	[0 0 0 0 0 0]
6	0.24500000476837158	4.9194135665893555	1.5193588733673096	0.6102744936943054	1.730689525604248	1.0590908527374268	False	[0 0 0 0 1 0]	[0 0 0 0 1 0]	[0 1 0 0 0 0]	[0 0 0 0 1 0]
6	-0.8333333134651184	4.851840019226074	1.3526904582977295	1.2723803520202637	1.389481544494629	0.8372880220413208	False	[1 0 0 0 1 0]	[0 0 0 1 1 0]	[1 1 0 0 0 0]	[0 0 0 0 0 0]
6	-0.6666666865348816	4.4668755531311035	1.5082519054412842	0.7871819734573364	1.3251667022705078	0.8462746739387512	False	[0 0 0 0 1 0]	[0 0 0 1 0 0]	[1 0 0 0 0 0]	[0 0 0 0 1 0]
6	-0.8333333134651184	4.103368759155273	1.5205698013305664	0.4728468060493469	1.0260581970214844	1.083893895149231	False	[1 0 0 0 1 0]	[0 0 0 1 1 0]	[1 1 0 0 0 0]	[0 0 0 0 0 0]
6	-0.6666666865348816	4.467565536499023	1.4776666164398193	0.8245586156845093	1.3422218561172485	0.8231185674667358	False	[0 0 0 0 1 0]	[0 0 0 1 0 0]	[1 0 0 0 0 0]	[0 0 0 0 1 0]
6	-0.8333333134651184	4.037006378173828	1.504219651222229	0.44491279125213623	1.0327702760696411	1.0551037788391113	False	[1 0 0 0 1 0]	[0 0 0 1 1 0]	[1 1 0 0 0 0]	[0 0 0 0 0 0]
6	-0.6666666865348816	4.458614349365234	1.4790995121002197	0.8178166151046753	1.3331882953643799	0.8285098671913147	False	[0 0 0 0 1 0]	[0 0 0 1 0 0]	[1 0 0 0 0 0]	[0 0 0 0 1 0]
6	-0.8333333134651184	4.0917558670043945	1.4998434782028198	0.48119738698005676	1.040412187576294	1.0703030824661255	False	[1 0 0 0 1 0]	[0 0 0 1 1 0]	[1 1 0 0 0 0]	[0 0 0 0 0 0]
6	-0.6666666865348816	4.463202476501465	1.489760398864746	0.8068838119506836	1.318021535873413	0.8485366702079773	False	[0 0 0 0 1 0]	[0 0 0 1 0 0]	[1 0 0 0 0 0]	[0 0 0 0 1 0]
6	-0.8333333134651184	4.082858562469482	1.496450662612915	0.4931105077266693	1.030604600906372	1.062692642211914	False	[1 0 0 0 1 0]	[0 0 0 1 1 0]	[1 1 0 0 0 0]	[0 0 0 0 0 0]
6	-0.6666666865348816	4.465720176696777	1.4880766868591309	0.809767484664917	1.3236889839172363	0.8441869020462036	False	[0 0 0 0 1 0]	[0 0 0 1 0 0]	[1 0 0 0 0 0]	[0 0 0 0 1 0]
6	-0.8333333134651184	4.085232257843018	1.5097709894180298	0.4961194396018982	1.019504189491272	1.0598376989364624	False	[1 0 0 0 1 0]	[0 0 0 1 1 0]	[1 1 0 0 0 0]	[0 0 0 0 0 0]
6	-0.6666666865348816	4.498981952667236	1.4877382516860962	0.8429095149040222	1.328924298286438	0.8394098281860352	False	[0 0 0 0 1 0]	[0 0 0 1 0 0]	[1 0 0 0 0 0]	[0 0 0 0 1 0]
6	-0.8333333134651184	4.075228214263916	1.4916794300079346	0.5020895004272461	1.0392236709594727	1.0422356128692627	False	[1 0 0 0 1 0]	[0 0 0 1 1 0]	[1 1 0 0 0 0]	[0 0 0 0 0 0]
6	-0.8333333134651184	4.45114803314209	1.4913322925567627	0.7935471534729004	1.3280683755874634	0.8381999135017395	False	[0 0 0 0 1 0]	[0 0 0 1 0 0]	[0 1 0 0 0 0]	[0 0 0 0 1 0]
6	0.24500000476837158	4.021740436553955	1.3351255655288696	0.602374255657196	1.1251862049102783	0.9590543508529663	False	[1 0 0 0 1 0]	[0 0 0 1 1 0]	[0 0 0 0 0 0]	[0 0 0 0 0 0]
6	-0.8333333134651184	3.8271470069885254	1.5778218507766724	0.31984904408454895	1.1848945617675781	0.7445817589759827	False	[0 0 0 0 1 0]	[0 0 0 1 0 0]	[0 1 0 0 0 0]	[0 0 0 0 1 0]
6	0.2150000035762787	3.977785587310791	1.3168373107910156	0.5920730829238892	1.1303558349609375	0.9385195374488831	False	[1 0 0 0 1 0]	[0 0 0 1 1 0]	[0 0 0 0 0 0]	[0 0 0 0 0 0]
6	-0.8333333134651184	3.8238718509674072	1.5600883960723877	0.322329044342041	1.1885302066802979	0.7529241442680359	False	[0 0 0 0 1 0]	[0 0 0 1 0 0]	[0 1 0 0 0 0]	[0 0 0 0 1 0]
6	0.2549999952316284	4.001641750335693	1.32606840133667	0.6016813516616821	1.1327991485595703	0.9410927891731262	False	[1 0 0 0 1 0]	[0 0 0 1 1 0]	[0 0 0 0 0 0]	[0 0 0 0 0 0]
6	-0.8333333134651184	3.8373241424560547	1.557316541671753	0.3254161477088928	1.2205771207809448	0.7340144515037537	False	[0 0 0 0 1 0]	[0 0 0 1 0 0]	[0 1 0 0 0 0]	[0 0 0 0 1 0]
6	0.2849999964237213	4.0596489906311035	1.354541540145874	0.6244357824325562	1.1286084651947021	0.9520629644393921	False	[1 0 0 0 1 0]	[0 0 0 1 1 0]	[0 0 0 0 0 0]	[0 0 0 0 0 0]
6	-0.8333333134651184	3.7972171306610107	1.539699673652649	0.3300354480743408	1.1845914125442505	0.7428905367851257	False	[0 0 0 0 1 0]	[0 0 0 1 0 0]	[0 1 0 0 0 0]	[0 0 0 0 1 0]
6	0.2150000035762787	3.9803290367126465	1.3320040702819824	0.5903205871582031	1.1265813112258911	0.9314231276512146	False	[1 0 0 0 1 0]	[0 0 0 1 1 0]	[0 0 0 0 0 0]	[0 0 0 0 0 0]
6	-0.8333333134651184	3.8416385650634766	1.5621237754821777	0.31711384654045105	1.2069374322891235	0.755463719367981	False	[0 0 0 0 1 0]	[0 0 0 1 0 0]	[0 1 0 0 0 0]	[0 0 0 0 1 0]
6	0.2549999952316284	4.000545024871826	1.3230478763580322	0.6019161343574524	1.1369465589523315	0.9386345148086548	False	[1 0 0 0 1 0]	[0 0 0 1 1 0]	[0 0 0 0 0 0]	[0 0 0 0 0 0]
6	-0.8333333134651184	3.8484020233154297	1.5519745349884033	0.33857056498527527	1.2145031690597534	0.7433538436889648	False	[1 0 1 0 1 0]	[0 0 0 1 0 0]	[0 1 0 0 0 0]	[0 0 0 0 1 0]
6	-0.8333333134651184	3.8916714191436768	0.8765143156051636	0.7233045697212219	1.2011208534240723	1.0907316207885742	False	[0 0 1 0 1 0]	[0 0 0 1 1 0]	[1 1 0 0 0 0]	[0 0 0 0 0 0]
7	-0.6666666865348816	4.775579452514648	1.4013656377792358	1.316042423248291	0.9489570260047913	1.109214425086975	False	[0 0 1 0 0 0]	[0 0 0 0 1 0]	[1 0 0 0 0 0]	[0 0 0 0 0 1]
7	0.125	5.012653827667236	1.4091490507125854	1.3434679508209229	1.2801995277404785	0.9798375368118286	False	[0 0 1 0 0 1]	[0 0 0 0 0 0]	[0 0 0 0 0 0]	[0 0 0 0 0 0]
7	-0.6666666865348816	4.90073299407959	1.4011591672897339	1.104825496673584	1.1969670057296753	1.1977812051773071	False	[0 0 0 0 0 1]	[0 0 0 0 1 0]	[1 0 0 0 0 0]	[0 0 0 0 1 0]
7	0.1599999964237213	4.745742321014404	1.6025934219360352	1.1121108531951904	1.1672579050064087	0.8637798428535461	False	[0 0 0 0 0 0]	[0 0 0 0 0 0]	[0 0 0 0 0 0]	[0 0 0 0 1 1]
7	-1.0	4.726134777069092	1.5128029584884644	1.271317720413208	1.0865436792373657	0.855470597743988	False	[0 0 1 0 0 0]	[0 0 0 0 0 0]	[1 0 0 0 0 0]	[0 0 0 0 1 0]
7	-1.0	5.700284957885742	1.5265588760375977	1.1349337100982666	1.4877427816390991	1.5510494709014893	False	[0 0 1 0 0 1]	[0 0 0 0 1 0]	[1 0 0 0 0 0]	[0 0 0 0 1 0]
7	-1.0	5.435914516448975	1.5956957340240479	1.4488600492477417	1.1120799779891968	1.2792787551879883	False	[0 0 0 0 0 1]	[0 0 0 0 0 0]	[1 0 0 0 0 0]	[0 0 0 0 1 0]
7	-0.6666666865348816	5.607627868652344	1.6277765035629272	1.3120752573013306	1.3321527242660522	1.3356235027313232	False	[1 0 0 0 0 1]	[0 0 0 0 1 0]	[0 0 0 0 0 0]	[0 0 0 0 1 1]
7	-1.0	4.935600280761719	1.6345559358596802	1.2244312763214111	1.1986494064331055	0.8779636025428772	False	[1 0 0 0 0 0]	[0 0 0 0 0 0]	[1 0 0 0 0 0]	[0 0 0 0 1 0]
7	-1.0	4.264366626739502	1.6389833688735962	0.8692705035209656	0.7748401165008545	0.9812726378440857	False	[1 0 1 0 0 0]	[0 0 0 0 0 0]	[1 0 0 0 0 0]	[0 0 0 0 1 0]
7	-0.6666666865348816	5.306854248046875	1.357477068901062	1.26187002658844	1.36788010597229	1.3196271657943726	False	[1 0 1 0 0 1]	[0 0 0 0 1 0]	[1 0 0 0 0 0]	[0 0 0 0 1 1]
7	-1.0	4.953620910644531	1.4443936347961426	1.5837693214416504	1.1468157768249512	0.7786421179771423	False	[1 0 0 0 0 1]	[0 0 0 0 0 0]	[0 0 0 0 0 0]	[0 0 0 0 1 0]
7	-0.6666666865348816	5.592511177062988	1.6359065771102905	1.3005903959274292	1.3331069946289062	1.3229072093963623	False	[0 0 0 0 0 1]	[0 0 0 0 1 0]	[1 0 0 0 0 0]	[0 0 0 0 1 1]
7	-1.0	4.944252967834473	1.639501929283142	1.2388176918029785	1.18973970413208	0.8761935830116272	False	[0 0 0 0 0 0]	[0 0 0 0 0 0]	[0 0 0 0 0 0]	[0 0 0 0 1 0]
7	-1.0	3.645387649536133	1.615556240081787	0.622282862663269	0.5902018547058105	0.817346453666687	False	[0 0 1 0 0 0]	[0 0 0 0 0 0]	[0 0 0 0 0 0]	[0 0 0 0 1 0]
7	-0.5	5.243227958679199	1.3723493814468384	1.2365107536315918	1.3125791549682617	1.321789026260376	False	[0 0 1 0 0 1]	[0 0 0 0 0 0]	[0 0 0 0 0 0]	[0 0 0 0 1 1]
7	-0.6666666865348816	5.450119495391846	1.5215246677398682	1.2928807735443115	1.533300757408142	1.1024131774902344	False	[0 0 0 0 0 1]	[0 0 0 0 1 0]	[1 0 0 0 0 0]	[0 0 0 0 1 0]
7	0.17000000178813934	4.750524520874023	1.603068470954895	1.1160333156585693	1.170112133026123	0.8613106608390808	False	[0 0 0 0 0 0]	[0 0 0 0 0 0]	[0 0 0 0 0 0]	[0 0 0 0 1 1]
7	-1.0	4.722072601318359	1.5411356687545776	1.270045280456543	1.0695143938064575	0.8413771986961365	False	[0 0 1 0 0 0]	[0 0 0 0 0 0]	[1 0 0 0 0 0]	[0 0 0 0 1 0]
7	-1.0	5.704793930053711	1.5308500528335571	1.1376285552978516	1.4860049486160278	1.550310492515564	False	[0 0 1 0 0 1]	[0 0 0 0 1 0]	[1 0 0 0 0 0]	[0 0 0 0 1 0]
7	-0.6666666865348816	5.452298164367676	1.609700083732605	1.4477591514587402	1.1109943389892578	1.2838444709777832	False	[0 0 0 0 0 1]	[0 0 0 0 1 0]	[1 0 0 0 0 0]	[0 0 0 0 1 0]
7	0.16249999403953552	4.791967391967773	1.6035990715026855	1.1535974740982056	1.1628862619400024	0.8718847036361694	False	[0 0 0 0 0 0]	[0 0 0 0 0 0]	[0 0 0 0 0 0]	[0 0 0 0 1 1]
7	-1.0	4.754501819610596	1.5399740934371948	1.2980852127075195	1.065806269645691	0.8506359457969666	False	[0 0 1 0 0 0]	[0 0 0 0 0 0]	[1 0 0 0 0 0]	[0 0 0 0 1 0]
7	-1.0	5.671387672424316	1.546769142150879	1.1421012878417969	1.4569259881973267	1.525591492652893	False	[0 0 1 0 0 1]	[0 0 0 0 1 0]	[1 0 0 0 0 0]	[0 0 0 0 1 0]
7	-0.6666666865348816	5.4155120849609375	1.5996863842010498	1.4398449659347534	1.1257628202438354	1.250218152999878	False	[0 0 0 0 0 1]	[0 0 0 0 1 0]	[1 0 0 0 0 0]	[0 0 0 0 1 0]
7	0.1875	4.763407230377197	1.6074628829956055	1.1400272846221924	1.1556063890457153	0.8603103756904602	False	[0 0 0 0 0 0]	[0 0 0 0 0 0]	[0 0 0 0 0 0]	[0 0 0 0 1 1]
7	-1.0	4.720115661621094	1.5281544923782349	1.299042820930481	1.0752887725830078	0.8176295757293701	False	[0 0 1 0 0 0]	[0 0 0 0 0 0]	[1 0 0 0 0 0]	[0 0 0 0 1 0]
7	-1.0	5.690929412841797	1.5302547216415405	1.1412246227264404	1.477616310119629	1.541833758354187	False	[0 0 1 0 0 1]	[0 0 0 0 1 0]	[1 0 0 0 0 0]	[0 0 0 0 1 0]
7	-1.0	5.551677703857422	1.6124842166900635	1.4357649087905884	1.2013380527496338	1.3020907640457153	False	[0 0 0 0 0 1]	[0 0 0 0 0 0]	[1 0 0 0 0 0]	[0 0 0 0 1 0]
7	-0.6666666865348816	5.6319169998168945	1.6401093006134033	1.3102383613586426	1.3438749313354492	1.3376940488815308	False	[1 0 0 0 0 1]	[0 0 0 0 1 0]	[0 0 0 0 0 0]	[0 0 0 0 1 1]
8	-0.6666666865348816	3.399188756942749	1.531256079673767	0.17518137395381927	0.903425395488739	0.7893258929252625	False	[0 1 0 0 0 0]	[0 0 0 0 1 0]	[1 0 0 0 0 0]	[0 0 0 0 1 0]
8	0.13750000298023224	4.524681568145752	1.538791298866272	0.7955271005630493	1.1756126880645752	1.0147504806518555	False	[0 1 0 0 0 1]	[0 0 0 0 0 0]	[0 0 0 0 0 0]	[0 0 0 0 0 0]
8	-0.3333333432674408	4.037184715270996	1.1415233612060547	0.5390875339508057	1.4397315979003906	0.9168421626091003	False	[0 1 0 0 1 1]	[0 0 0 0 1 0]	[1 0 0 0 0 0]	[0 0 0 0 1 0]
8	-0.5	4.7235331535339355	1.0945693254470825	1.2895389795303345	1.3082904815673828	1.0311342477798462	False	[0 1 0 0 1 0]	[0 0 0 0 0 0]	[0 0 0 0 0 0]	[0 0 0 0 1 1]
8	-0.3333333432674408	4.600258827209473	1.39009428024292	0.9409584999084473	1.2326334714889526	1.0365726947784424	False	[0 1 0 0 1 1]	[0 0 0 0 1 0]	[1 0 0 0 0 0]	[0 0 0 0 1 0]
8	-0.5	4.715822696685791	1.085886001586914	1.2953453063964844	1.3014776706695557	1.0331138372421265	False	[0 1 0 0 1 0]	[0 0 0 0 0 0]	[0 0 0 0 0 0]	[0 0 0 0 1 1]
8	-0.3333333432674408	4.842616081237793	1.4594296216964722	0.9958244562149048	1.2302086353302002	1.1571533679962158	False	[0 1 0 0 1 1]	[0 0 0 0 1 0]	[1 0 0 0 0 0]	[0 0 0 0 1 0]
8	-0.5	4.75828218460083	1.1284867525100708	1.2745335102081299	1.3212430477142334	1.034018635749817	False	[0 1 0 0 1 0]	[0 0 0 0 0 0]	[0 0 0 0 0 0]	[0 0 0 0 1 1]
8	-0.3333333432674408	4.768311500549316	1.4610875844955444	0.9567805528640747	1.2473788261413574	1.103064775466919	False	[0 1 0 0 1 1]	[0 0 0 0 1 0]	[1 0 0 0 0 0]	[0 0 0 0 1 0]
8	-0.5	4.705493450164795	1.097091555595398	1.247811198234558	1.336510181427002	1.0240803956985474	False	[0 1 0 0 1 0]	[0 0 0 0 0 0]	[0 0 0 0 0 0]	[0 0 0 0 1 1]
8	-0.3333333432674408	4.547557830810547	1.3644144535064697	0.930682897567749	1.2267168760299683	1.0257432460784912	False	[0 1 0 0 1 1]	[0 0 0 0 1 0]	[1 0 0 0 0 0]	[0 0 0 0 1 0]
8	0.12250000238418579	4.721197128295898	1.0809812545776367	1.2656095027923584	1.3380584716796875	1.0365480184555054	False	[0 1 0 0 1 0]	[0 0 0 0 0 0]	[0 0 0 0 0 0]	[0 0 0 0 0 0]
8	-0.3333333432674408	3.9305195808410645	1.583499550819397	0.18183165788650513	1.2064907550811768	0.9586974382400513	False	[0 0 0 0 1 0]	[0 0 0 0 1 0]	[1 0 0 0 0 0]	[0 0 0 0 1 0]
8	-0.8333333134651184	4.371682167053223	1.1560657024383545	0.9471312761306763	1.1792834997177124	1.08920156955719	False	[0 0 0 0 1 1]	[0 0 0 0 0 0]	[0 0 0 0 0 0]	[0 0 0 0 1 1]
8	-0.3333333432674408	4.384693622589111	1.1778312921524048	0.8175473213195801	1.3710769414901733	1.0182380676269531	False	[0 0 0 0 1 0]	[0 0 0 0 1 0]	[1 0 0 0 0 0]	[0 0 0 0 1 0]
8	-0.8333333134651184	4.364472389221191	1.1297845840454102	0.9632830619812012	1.1852917671203613	1.0861129760742188	False	[0 0 0 0 1 1]	[0 0 0 0 0 0]	[0 0 0 0 0 0]	[0 0 0 0 1 1]
8	-0.3333333432674408	4.4475603103637695	1.176684021949768	0.8783031702041626	1.3705934286117554	1.021979808807373	False	[0 0 0 0 1 0]	[0 0 0 0 1 0]	[1 0 0 0 0 0]	[0 0 0 0 1 0]
8	-0.8333333134651184	4.3681960105896	1.153538703918457	0.9386454820632935	1.1638319492340088	1.1121801137924194	False	[0 0 0 0 1 1]	[0 0 0 0 0 0]	[0 0 0 0 0 0]	[0 0 0 0 1 1]
8	-0.3333333432674408	4.445718765258789	1.1658284664154053	0.8786450624465942	1.4093060493469238	0.9919390678405762	False	[0 0 0 0 1 0]	[0 0 0 0 1 0]	[1 0 0 0 0 0]	[0 0 0 0 1 0]
8	-0.8333333134651184	4.376990795135498	1.1363459825515747	0.9535661339759827	1.1834502220153809	1.1036282777786255	False	[0 0 0 0 1 1]	[0 0 0 0 0 0]	[0 0 0 0 0 0]	[0 0 0 0 1 1]
8	-0.3333333432674408	4.449062824249268	1.177951693534851	0.8615538477897644	1.3719946146011353	1.0375628471374512	False	[0 0 0 0 1 0]	[0 0 0 0 1 0]	[1 0 0 0 0 0]	[0 0 0 0 1 0]
8	-0.8333333134651184	4.425205707550049	1.185579776763916	0.9524431228637695	1.1692912578582764	1.1178916692733765	False	[0 0 0 0 1 1]	[0 0 0 0 0 0]	[0 0 0 0 0 0]	[0 0 0 0 1 1]
8	-0.3333333432674408	4.480692386627197	1.184159278869629	0.8227053880691528	1.4125339984893799	1.0612939596176147	False	[0 0 0 0 1 0]	[0 0 0 0 1 0]	[1 0 0 0 0 0]	[0 0 0 0 1 0]
8	-0.8333333134651184	4.370678901672363	1.1491692066192627	0.9583272933959961	1.1452089548110962	1.1179733276367188	False	[0 0 0 0 1 1]	[0 0 0 0 0 0]	[0 0 0 0 0 0]	[0 0 0 0 1 1]
8	-0.3333333432674408	4.485893726348877	1.1953718662261963	0.8239649534225464	1.431774377822876	1.0347826480865479	False	[0 0 0 0 1 0]	[0 0 0 0 1 0]	[1 0 0 0 0 0]	[0 0 0 0 1 0]
8	-0.8333333134651184	4.451301574707031	1.1988333463668823	0.9479390382766724	1.1917105913162231	1.112818717956543	False	[0 0 0 0 1 1]	[0 0 0 0 0 0]	[0 0 0 0 0 0]	[0 0 0 0 1 1]
8	-0.3333333432674408	4.395528793334961	1.1488181352615356	0.8308019042015076	1.4038091897964478	1.0120995044708252	False	[0 0 0 0 1 0]	[0 0 0 0 1 0]	[1 0 0 0 0 0]	[0 0 0 0 1 0]
8	-0.8333333134651184	4.327025413513184	1.119802474975586	0.9431653022766113	1.1736857891082764	1.0903719663619995	False	[0 0 0 0 1 1]	[0 0 0 0 0 0]	[0 0 0 0 0 0]	[0 0 0 0 1 1]
8	-0.3333333432674408	4.406186580657959	1.1685643196105957	0.8243292570114136	1.4273477792739868	0.9859451651573181	False	[0 0 0 0 1 0]	[0 0 0 0 1 0]	[1 0 0 0 0 0]	[0 0 0 0 1 0]
8	-0.8333333134651184	4.406436443328857	1.129534363746643	0.9758747816085815	1.2116477489471436	1.0893794298171997	False	[0 0 0 0 1 1]	[0 0 0 0 0 0]	[0 0 0 0 0 0]	[0 0 0 0 1 1]
9	-0.6666666865348816	3.577916383743286	1.6377676725387573	0.40035557746887207	0.623002827167511	0.9167905449867249	False	[0 1 0 0 0 0]	[0 0 0 0 1 0]	[1 0 0 0 0 0]	[0 0 0 0 1 0]
9	0.27000001072883606	4.2437639236450195	1.2985236644744873	1.1143842935562134	0.8134167194366455	1.0174391269683838	False	[1 1 0 0 0 0]	[0 0 1 0 1 0]	[0 0 0 0 0 0]	[0 0 0 0 0 0]
9	0.16750000417232513	4.203803062438965	1.354255199432373	0.7176867127418518	1.251319408416748	0.8805416822433472	False	[1 1 0 0 1 0]	[0 0 0 0 1 0]	[1 0 0 0 0 0]	[0 0 0 0 1 0]
9	0.20499999821186066	3.997126579284668	1.2959028482437134	0.9816951751708984	0.7149415016174316	1.0045870542526245	False	[1 1 1 0 1 0]	[0 0 1 0 1 0]	[0 0 0 0 0 0]	[0 0 0 0 0 0]
9	0.14000000059604645	4.570638179779053	1.54018235206604	0.9125327467918396	1.1933562755584717	0.924566924571991	False	[1 1 0 0 1 0]	[0 0 1 0 0 0]	[1 0 0 0 0 0]	[0 0 0 0 1 0]
9	0.1550000011920929	4.447638511657715	1.5169944763183594	1.0030473470687866	0.7744166254997253	1.1531797647476196	False	[0 1 0 0 1 0]	[0 0 1 0 1 0]	[0 0 0 0 0 0]	[0 0 0 0 0 0]
9	-0.6666666865348816	4.847418785095215	1.5374363660812378	1.1508798599243164	0.9834918975830078	1.1756103038787842	False	[0 1 1 0 1 0]	[0 0 1 0 0 0]	[1 0 0 0 0 0]	[0 0 0 0 1 0]
9	0.12999999523162842	4.343862056732178	1.588166356086731	0.4633108973503113	1.1262719631195068	1.1661128997802734	False	[0 1 1 0 1 1]	[0 0 1 0 1 0]	[0 0 0 0 0 0]	[0 0 0 0 0 0]
9	-0.3333333432674408	3.895360231399536	1.1891618967056274	0.8300919532775879	0.9231734275817871	0.9529330134391785	False	[0 1 0 0 1 1]	[0 0 0 0 1 0]	[1 0 0 0 0 0]	[0 0 0 0 1 0]
9	0.23499999940395355	3.983518362045288	0.8897202014923096	1.2689228057861328	0.8783345222473145	0.9465407729148865	False	[1 1 0 0 1 1]	[0 0 1 0 1 0]	[0 0 0 0 0 0]	[0 0 0 0 0 0]
9	-0.3333333432674408	3.993440866470337	1.085005760192871	1.199694037437439	0.8761810064315796	0.8325597643852234	False	[0 1 0 0 1 1]	[0 0 0 0 1 0]	[1 0 0 0 0 0]	[0 0 0 0 1 0]
9	0.2150000035762787	3.954380989074707	0.8780446648597717	1.268429160118103	0.8772684931755066	0.9306384921073914	False	[1 1 0 0 1 1]	[0 0 1 0 1 0]	[0 0 0 0 0 0]	[0 0 0 0 0 0]
9	-0.3333333432674408	4.105639934539795	1.0840227603912354	1.1867843866348267	0.9704236388206482	0.8644089698791504	False	[0 1 0 0 1 1]	[0 0 0 0 1 0]	[1 0 0 0 0 0]	[0 0 0 0 1 0]
9	0.19499999284744263	3.9058337211608887	0.8758270740509033	1.2690314054489136	0.8424150347709656	0.918560266494751	False	[1 1 0 0 1 1]	[0 0 1 0 1 0]	[0 0 0 0 0 0]	[0 0 0 0 0 0]
9	-0.3333333432674408	4.149116516113281	1.059523344039917	1.1964118480682373	1.01663076877594	0.8765509128570557	False	[0 1 0 0 1 1]	[0 0 0 0 1 0]	[1 0 0 0 0 0]	[0 0 0 0 1 0]
9	0.20999999344348907	3.9535064697265625	0.8881374597549438	1.2682020664215088	0.8707091808319092	0.9264575242996216	False	[1 1 0 0 1 1]	[0 0 1 0 1 0]	[0 0 0 0 0 0]	[0 0 0 0 0 0]
9	-0.3333333432674408	4.0851240158081055	1.080660104751587	1.172602891921997	0.956209659576416	0.8756512999534607	False	[0 1 0 0 1 1]	[0 0 0 0 1 0]	[1 0 0 0 0 0]	[0 0 0 0 1 0]
9	0.2150000035762787	4.056310176849365	0.8934250473976135	1.2831439971923828	0.9174917340278625	0.9622493982315063	False	[1 1 0 0 1 1]	[0 0 1 0 1 0]	[0 0 0 0 0 0]	[0 0 0 0 0 0]
9	-0.3333333432674408	4.040317535400391	1.0809240341186523	1.1780681610107422	0.9328853487968445	0.8484399318695068	False	[0 1 0 0 1 1]	[0 0 0 0 1 0]	[1 0 0 0 0 0]	[0 0 0 0 1 0]
9	0.1850000023841858	3.9353067874908447	0.8912045359611511	1.2613272666931152	0.8558396100997925	0.9269354343414307	False	[1 1 0 0 1 1]	[0 0 1 0 1 0]	[0 0 0 0 0 0]	[0 0 0 0 0 0]
9	-0.3333333432674408	4.036004066467285	1.0690997838974	1.1830246448516846	0.9331698417663574	0.8507099747657776	False	[0 1 0 0 1 1]	[0 0 0 0 1 0]	[1 0 0 0 0 0]	[0 0 0 0 1 0]
9	0.1899999976158142	3.878847122192383	0.8599984645843506	1.2642185688018799	0.8267094492912292	0.9279205799102783	False	[1 1 0 0 1 1]	[0 0 1 0 1 0]	[0 0 0 0 0 0]	[0 0 0 0 0 0]
9	-0.3333333432674408	4.042068958282471	1.0630419254302979	1.1515086889266968	0.9625016450881958	0.8650168776512146	False	[0 1 0 0 1 1]	[0 0 0 0 1 0]	[1 0 0 0 0 0]	[0 0 0 0 1 0]
9	0.19499999284744263	3.948592185974121	0.8953576683998108	1.2663594484329224	0.8626312613487244	0.924243688583374	False	[1 1 0 0 1 1]	[0 0 1 0 1 0]	[0 0 0 0 0 0]	[0 0 0 0 0 0]
9	-0.3333333432674408	4.1311211585998535	1.068678617477417	1.1863172054290771	0.9938821196556091	0.8822432160377502	False	[0 1 0 0 1 1]	[0 0 0 0 1 0]	[1 0 0 0 0 0]	[0 0 0 0 1 0]
9	0.20000000298023224	3.960390090942383	0.8794150948524475	1.2636812925338745	0.8856276869773865	0.93166583776474	False	[1 1 0 0 1 1]	[0 0 1 0 1 0]	[0 0 0 0 0 0]	[0 0 0 0 0 0]
9	-0.3333333432674408	4.05410099029541	1.0788779258728027	1.197329044342041	0.9267392158508301	0.8511550426483154	False	[0 1 0 0 1 1]	[0 0 0 0 1 0]	[1 0 0 0 0 0]	[0 0 0 0 1 0]
9	0.2199999988079071	3.9178714752197266	0.8821353316307068	1.2577850818634033	0.8549939393997192	0.9229568243026733	False	[1 1 0 0 1 1]	[0 0 1 0 1 0]	[0 0 0 0 0 0]	[0 0 0 0 0 0]
9	-0.3333333432674408	4.044137001037598	1.085850715637207	1.172804594039917	0.9278466701507568	0.8576349020004272	False	[0 1 0 0 1 1]	[0 0 0 0 1 0]	[1 0 0 0 0 0]	[0 0 0 0 1 0]
9	0.19499999284744263	3.9153800010681152	0.8892101645469666	1.2570339441299438	0.8469241857528687	0.922211766242981	False	[1 1 0 0 1 1]	[0 0 1 0 1 0]	[0 0 0 0 0 0]	[0 0 0 0 0 0]
10	0.13500000536441803	2.940673828125	1.422170877456665	0.6936687231063843	0.23422764241695404	0.5906067490577698	False	[1 0 0 0 0 0]	[0 0 0 0 1 0]	[1 0 0 0 0 0]	[0 0 0 0 1 0]
10	0.11749999970197678	3.4880268573760986	1.5014824867248535	0.799247145652771	0.4573628306388855	0.7299341559410095	False	[0 0 0 0 0 0]	[0 0 0 0 0 0]	[0 0 0 0 0 0]	[0 0 0 0 0 0]
10	0.13750000298023224	2.9282407760620117	1.412164568901062	0.700494647026062	0.21809121966362	0.5974904298782349	False	[1 0 0 0 0 0]	[0 0 0 0 1 0]	[1 0 0 0 0 0]	[0 0 0 0 1 0]
10	0.12250000238418579	3.3939507007598877	1.4844558238983154	0.7929297089576721	0.4216429591178894	0.6949222683906555	False	[0 0 0 0 0 0]	[0 0 0 0 0 0]	[0 0 0 0 0 0]	[0 0 0 0 0 0]
10	0.125	2.930624008178711	1.4022904634475708	0.7102458477020264	0.21924373507499695	0.5988436937332153	False	[1 0 0 0 0 0]	[0 0 0 0 1 0]	[1 0 0 0 0 0]	[0 0 0 0 1 0]
10	0.12250000238418579	3.4642751216888428	1.51027512550354	0.789904773235321	0.42825213074684143	0.7358429431915283	False	[0 0 0 0 0 0]	[0 0 0 0 0 0]	[0 0 0 0 0 0]	[0 0 0 0 0 0]
10	0.13249999284744263	2.9081923961639404	1.3993576765060425	0.6896945834159851	0.22662433981895447	0.5925159454345703	False	[1 0 0 0 0 0]	[0 0 0 0 1 0]	[1 0 0 0 0 0]	[0 0 0 0 1 0]
10	0.125	3.3923630714416504	1.5056425333023071	0.7542462348937988	0.41645875573158264	0.7160155773162842	False	[0 0 0 0 0 0]	[0 0 0 0 0 0]	[0 0 0 0 0 0]	[0 0 0 0 0 0]
10	0.12999999523162842	2.9511966705322266	1.4128443002700806	0.7131437659263611	0.21886983513832092	0.6063387989997864	False	[1 0 0 0 0 0]	[0 0 0 0 1 0]	[1 0 0 0 0 0]	[0 0 0 0 1 0]
10	0.125	3.4237124919891357	1.5057564973831177	0.7787507176399231	0.4232855439186096	0.7159197926521301	False	[0 0 0 0 0 0]	[0 0 0 0 0 0]	[0 0 0 0 0 0]	[0 0 0 0 0 0]
10	0.125	2.9346063137054443	1.4099173545837402	0.7080861330032349	0.22395886480808258	0.5926439762115479	False	[1 0 0 0 0 0]	[0 0 0 0 1 0]	[1 0 0 0 0 0]	[0 0 0 0 1 0]
10	0.11999999731779099	3.471918821334839	1.5079467296600342	0.7902193069458008	0.4280508756637573	0.7457020282745361	False	[0 0 0 0 0 0]	[0 0 0 0 0 0]	[0 0 0 0 0 0]	[0 0 0 0 0 0]
10	0.125	2.890645980834961	1.3907992839813232	0.6879966259002686	0.22765377163887024	0.5841963291168213	False	[1 0 0 0 0 0]	[0 0 0 0 1 0]	[1 0 0 0 0 0]	[0 0 0 0 1 0]
10	0.12250000238418579	3.468200206756592	1.5108882188796997	0.7854427099227905	0.4249471426010132	0.7469221353530884	False	[0 0 0 0 0 0]	[0 0 0 0 0 0]	[0 0 0 0 0 0]	[0 0 0 0 0 0]
10	0.125	2.9443459510803223	1.409387230873108	0.7021596431732178	0.2284320890903473	0.604366660118103	False	[1 0 0 0 0 0]	[0 0 0 0 1 0]	[1 0 0 0 0 0]	[0 0 0 0 1 0]
10	0.125	3.392336845397949	1.5053189992904663	0.7597513794898987	0.42467913031578064	0.7025874853134155	False	[0 0 0 0 0 0]	[0 0 0 0 0 0]	[0 0 0 0 0 0]	[0 0 0 0 0 0]
10	0.13249999284744263	2.9177298545837402	1.4090162515640259	0.7013004422187805	0.22189083695411682	0.5855221152305603	False	[1 0 0 0 0 0]	[0 0 0 0 1 0]	[1 0 0 0 0 0]	[0 0 0 0 1 0]
10	0.1274999976158142	3.379317283630371	1.4963723421096802	0.7654421329498291	0.4201000928878784	0.6974025964736938	False	[0 0 0 0 0 0]	[0 0 0 0 0 0]	[0 0 0 0 0 0]	[0 0 0 0 0 0]
10	0.13249999284744263	2.9342308044433594	1.403986930847168	0.6972746253013611	0.23273403942584991	0.600235104560852	False	[1 0 0 0 0 0]	[0 0 0 0 1 0]	[1 0 0 0 0 0]	[0 0 0 0 1 0]
10	0.12250000238418579	3.4277327060699463	1.5024102926254272	0.7673554420471191	0.4304904639720917	0.7274763584136963	False	[0 0 0 0 0 0]	[0 0 0 0 0 0]	[0 0 0 0 0 0]	[0 0 0 0 0 0]
10	0.1274999976158142	2.911801338195801	1.4023796319961548	0.7132346034049988	0.21878112852573395	0.5774059295654297	False	[1 0 0 0 0 0]	[0 0 0 0 1 0]	[1 0 0 0 0 0]	[0 0 0 0 1 0]
10	0.125	3.4287447929382324	1.5133750438690186	0.7676543593406677	0.4271765947341919	0.7205384969711304	False	[0 0 0 0 0 0]	[0 0 0 0 0 0]	[0 0 0 0 0 0]	[0 0 0 0 0 0]
10	0.12999999523162842	2.9157493114471436	1.397309422492981	0.7112887501716614	0.22427216172218323	0.5828787684440613	False	[1 0 0 0 0 0]	[0 0 0 0 1 0]	[1 0 0 0 0 0]	[0 0 0 0 1 0]
10	0.125	3.3974854946136475	1.498952865600586	0.7819340825080872	0.4046373665332794	0.7119613289833069	False	[0 0 0 0 0 0]	[0 0 0 0 0 0]	[0 0 0 0 0 0]	[0 0 0 0 0 0]
10	0.125	2.949948787689209	1.4177148342132568	0.712801456451416	0.22211402654647827	0.5973184704780579	False	[1 0 0 0 0 0]	[0 0 0 0 1 0]	[1 0 0 0 0 0]	[0 0 0 0 1 0]
10	0.11749999970197678	3.4650461673736572	1.5116347074508667	0.7916285991668701	0.4359823763370514	0.7258005142211914	False	[0 0 0 0 0 0]	[0 0 0 0 0 0]	[0 0 0 0 0 0]	[0 0 0 0 0 0]
10	0.12250000238418579	2.9374871253967285	1.3992445468902588	0.7270157933235168	0.22274398803710938	0.5884828567504883	False	[1 0 0 0 0 0]	[0 0 0 0 1 0]	[1 0 0 0 0 0]	[0 0 0 0 1 0]
10	0.11999999731779099	3.4613518714904785	1.5135222673416138	0.7824905514717102	0.43788307905197144	0.7274559736251831	False	[0 0 0 0 0 0]	[0 0 0 0 0 0]	[0 0 0 0 0 0]	[0 0 0 0 0 0]
10	0.12999999523162842	2.8704450130462646	1.3909598588943481	0.6878046989440918	0.21874293684959412	0.5729377865791321	False	[1 0 0 0 0 0]	[0 0 0 0 1 0]	[1 0 0 0 0 0]	[0 0 0 0 1 0]
10	0.12250000238418579	3.3836703300476074	1.4995566606521606	0.7823306322097778	0.4088948667049408	0.6928882002830505	False	[0 0 0 0 0 0]	[0 0 0 0 0 0]	[0 0 0 0 0 0]	[0 0 0 0 0 0]
11	0.11999999731779099	2.9846107959747314	1.455880880355835	0.8259464502334595	0.34188729524612427	0.36089619994163513	False	[1 0 0 0 0 0]	[0 0 0 0 1 0]	[1 0 0 0 0 0]	[0 0 0 0 1 0]
11	0.14000000059604645	3.5757155418395996	1.4788601398468018	0.6029013395309448	1.217760682106018	0.2761934995651245	False	[1 0 0 0 0 1]	[0 0 0 0 0 0]	[0 0 0 0 0 0]	[0 0 0 0 0 0]
11	-0.3333333432674408	2.589994430541992	1.045307993888855	0.5695977210998535	0.4741954803466797	0.5008929967880249	False	[1 1 0 0 0 1]	[0 0 0 0 1 0]	[1 0 0 0 0 0]	[0 0 0 0 1 0]
11	0.2150000035762787	3.782504081726074	1.2643979787826538	0.735353410243988	1.2231136560440063	0.5596389174461365	False	[1 1 1 0 0 1]	[0 0 1 0 1 0]	[0 0 0 0 0 0]	[0 0 0 0 0 0]
11	0.17000000178813934	3.6690268516540527	1.267674207687378	1.0259485244750977	0.6682843565940857	0.7071197628974915	False	[1 1 1 0 1 1]	[0 0 1 0 0 0]	[1 0 0 0 0 0]	[0 0 0 0 1 0]
11	-0.3333333432674408	3.728450298309326	1.4852294921875	0.7340909838676453	1.2023824453353882	0.30674752593040466	False	[1 1 0 0 1 1]	[0 0 1 0 1 0]	[1 0 0 0 1 0]	[0 0 0 0 0 0]
11	-0.3333333432674408	3.439697027206421	0.6294431090354919	1.2919094562530518	0.5156652927398682	1.0026791095733643	False	[0 1 0 0 1 1]	[0 0 0 0 1 0]	[0 0 0 0 1 0]	[0 0 0 0 1 0]
11	-0.6666666865348816	3.9815046787261963	1.1331098079681396	1.1616605520248413	0.7027022838592529	0.9840322136878967	False	[0 1 0 0 1 0]	[0 0 1 0 1 0]	[1 0 0 0 1 0]	[0 0 0 0 0 0]
11	-0.3333333432674408	4.091643333435059	1.0920040607452393	1.4581902027130127	0.7587494254112244	0.7826993465423584	False	[0 0 0 0 1 0]	[0 0 1 0 0 0]	[0 0 0 0 1 0]	[0 0 0 0 1 0]
11	-0.6666666865348816	3.6867830753326416	1.2119741439819336	1.09904944896698	0.8780881762504578	0.4976711869239807	False	[0 0 0 0 1 1]	[0 0 1 0 1 0]	[1 0 0 0 1 0]	[0 0 0 0 0 0]
11	-0.6666666865348816	4.222945213317871	1.300803303718567	1.368049144744873	0.6402523517608643	0.9138405919075012	False	[1 0 0 0 1 1]	[0 0 1 1 1 0]	[0 0 0 0 1 0]	[0 0 0 0 1 0]
11	-0.6666666865348816	4.318367004394531	1.2368838787078857	1.128463864326477	1.0532320737838745	0.8997870087623596	False	[1 0 0 0 1 0]	[0 0 1 1 0 0]	[1 0 0 0 1 0]	[0 0 0 0 0 0]
11	-0.6666666865348816	3.6050539016723633	1.3535969257354736	1.0264177322387695	0.6896228790283203	0.5354164838790894	False	[1 0 0 0 1 1]	[0 0 1 1 1 0]	[0 0 0 0 1 0]	[0 0 0 0 1 0]
11	-0.6666666865348816	4.335061550140381	1.2547000646591187	1.1220145225524902	1.0748240947723389	0.8835225701332092	False	[1 0 0 0 1 0]	[0 0 1 1 0 0]	[1 0 0 0 1 0]	[0 0 0 0 0 0]
11	-0.6666666865348816	3.7238285541534424	1.3172290325164795	1.0678850412368774	0.7256033420562744	0.6131110787391663	False	[1 0 0 0 1 1]	[0 0 1 1 1 0]	[0 0 0 0 1 0]	[0 0 0 0 1 0]
11	-0.6666666865348816	4.380259990692139	1.258196234703064	1.145283818244934	1.0686854124069214	0.9080942273139954	False	[1 0 0 0 1 0]	[0 0 1 1 0 0]	[1 0 0 0 1 0]	[0 0 0 0 0 0]
11	-0.6666666865348816	3.7072484493255615	1.323314905166626	1.0650237798690796	0.7064418792724609	0.6124680638313293	False	[1 0 0 0 1 1]	[0 0 1 1 1 0]	[0 0 0 0 1 0]	[0 0 0 0 1 0]
11	-0.6666666865348816	4.401198863983154	1.2471095323562622	1.1368136405944824	1.0856537818908691	0.9316218495368958	False	[1 0 0 0 1 0]	[0 0 1 1 0 0]	[1 0 0 0 1 0]	[0 0 0 0 0 0]
11	-0.6666666865348816	3.6891651153564453	1.337893009185791	1.0394762754440308	0.706607460975647	0.6051884293556213	False	[1 0 0 0 1 1]	[0 0 1 1 1 0]	[0 0 0 0 1 0]	[0 0 0 0 1 0]
11	-0.6666666865348816	4.24398136138916	1.257514476776123	1.0892648696899414	1.0574301481246948	0.8397717475891113	False	[1 0 0 0 1 0]	[0 0 1 1 0 0]	[1 0 0 0 1 0]	[0 0 0 0 0 0]
11	-0.6666666865348816	3.662424087524414	1.3233399391174316	1.0518832206726074	0.7052398324012756	0.5819612145423889	False	[1 0 0 0 1 1]	[0 0 1 1 1 0]	[0 0 0 0 1 0]	[0 0 0 0 1 0]
11	-0.6666666865348816	4.30163049697876	1.2496780157089233	1.1291285753250122	1.0409985780715942	0.8818254470825195	False	[1 0 0 0 1 0]	[0 0 1 1 0 0]	[1 0 0 0 1 0]	[0 0 0 0 0 0]
11	-0.6666666865348816	3.6710991859436035	1.3433513641357422	1.0477564334869385	0.7065501809120178	0.5734411478042603	False	[1 0 0 0 1 1]	[0 0 1 1 1 0]	[0 0 0 0 1 0]	[0 0 0 0 1 0]
11	-0.6666666865348816	4.317738056182861	1.2426531314849854	1.1030668020248413	1.079215168952942	0.8928030729293823	False	[1 0 0 0 1 0]	[0 0 1 1 0 0]	[1 0 0 0 1 0]	[0 0 0 0 0 0]
11	-0.6666666865348816	3.675264358520508	1.3354589939117432	1.0583977699279785	0.6789610385894775	0.6024464964866638	False	[1 0 0 0 1 1]	[0 0 1 1 1 0]	[0 0 0 0 1 0]	[0 0 0 0 1 0]
11	-0.6666666865348816	4.207245349884033	1.289621353149414	1.1094036102294922	1.0062834024429321	0.8019372224807739	False	[1 0 0 0 1 0]	[0 0 1 1 0 0]	[1 0 0 0 1 0]	[0 0 0 0 0 0]
11	-0.6666666865348816	3.716996908187866	1.3168977499008179	1.067487359046936	0.7065460085868835	0.626065731048584	False	[1 0 0 0 1 1]	[0 0 1 1 1 0]	[0 0 0 0 1 0]	[0 0 0 0 1 0]
11	-0.6666666865348816	4.442870140075684	1.2559609413146973	1.1673601865768433	1.0698349475860596	0.9497137069702148	False	[1 0 0 0 1 0]	[0 0 1 1 0 0]	[1 0 0 0 1 0]	[0 0 0 0 0 0]
11	-0.6666666865348816	3.649043321609497	1.3519128561019897	1.044325351715088	0.6974965929985046	0.5553084015846252	False	[1 0 0 0 1 1]	[0 0 1 1 1 0]	[0 0 0 0 1 0]	[0 0 0 0 1 0]
11	-0.6666666865348816	4.237718105316162	1.2525219917297363	1.0915647745132446	1.0547425746917725	0.8388890624046326	False	[1 0 0 0 1 0]	[0 0 1 1 0 0]	[1 0 0 0 1 0]	[0 0 0 0 0 0]
12	0.12999999523162842	3.736034631729126	1.1858794689178467	1.0018315315246582	0.6958022117614746	0.8525214791297913	False	[1 0 0 0 0 0]	[0 0 0 0 1 0]	[1 0 0 0 0 0]	[0 0 0 0 1 0]
12	0.11500000208616257	4.856684684753418	1.2973453998565674	1.2485296726226807	1.2272347211837769	1.0835745334625244	False	[0 0 0 0 0 0]	[0 0 0 0 0 0]	[0 0 0 0 0 0]	[0 0 0 0 0 0]
12	0.12999999523162842	3.8188204765319824	1.1934245824813843	1.0018905401229858	0.7339758276939392	0.8895295262336731	False	[1 0 0 0 0 0]	[0 0 0 0 1 0]	[1 0 0 0 0 0]	[0 0 0 0 1 0]
12	0.12999999523162842	4.864625453948975	1.3112828731536865	1.232500672340393	1.2431986331939697	1.0776432752609253	False	[0 0 0 0 0 0]	[0 0 1 0 1 0]	[0 0 0 0 0 0]	[0 0 0 0 0 0]
12	-0.3333333432674408	4.2662763595581055	1.3859789371490479	1.0176111459732056	1.2242376804351807	0.6384484171867371	False	[0 0 1 0 0 0]	[0 0 1 0 0 0]	[1 0 0 0 0 0]	[0 0 0 0 1 0]
12	0.24500000476837158	4.156027793884277	1.3320906162261963	1.0330804586410522	1.0652925968170166	0.725564181804657	False	[0 0 1 0 1 0]	[0 0 1 0 1 0]	[1 0 0 1 0 0]	[0 0 0 0 0 0]
12	-0.3333333432674408	4.160882472991943	1.5127276182174683	1.0087802410125732	0.7418681383132935	0.8975067734718323	False	[1 0 1 0 1 0]	[0 0 1 0 0 0]	[1 0 0 0 0 0]	[0 0 0 0 1 0]
12	0.24500000476837158	4.4599528312683105	1.5742053985595703	1.012970209121704	1.322688341140747	0.5500887632369995	False	[1 1 1 0 1 0]	[0 0 1 0 1 0]	[1 0 0 1 0 0]	[0 0 0 0 0 0]
12	-0.6666666865348816	4.401154518127441	1.1369595527648926	1.0931576490402222	1.0742905139923096	1.0967464447021484	False	[0 1 1 0 1 0]	[0 0 0 0 1 0]	[0 0 0 1 0 0]	[0 0 0 0 1 0]
12	-0.8333333134651184	4.961758136749268	1.2371819019317627	1.167269229888916	1.4353586435317993	1.1219481229782104	False	[1 1 1 0 1 0]	[0 0 1 0 1 0]	[1 0 0 1 0 0]	[0 0 0 0 1 1]
12	-0.6666666865348816	5.212423324584961	1.3730629682540894	1.49128258228302	1.4520599842071533	0.8960179090499878	False	[0 1 1 0 1 0]	[0 0 0 0 1 0]	[1 0 0 0 0 0]	[0 0 0 0 1 0]
12	-0.6666666865348816	5.158449172973633	1.3058297634124756	1.1958954334259033	1.3383042812347412	1.3184195756912231	False	[1 1 1 0 1 0]	[0 0 1 0 1 0]	[1 0 1 0 0 0]	[0 0 0 0 0 0]
12	-0.8333333134651184	4.568432807922363	1.1803292036056519	1.357311725616455	1.0992120504379272	0.9315794110298157	False	[0 1 1 0 1 0]	[0 0 0 0 1 0]	[0 0 1 0 0 0]	[0 0 0 0 0 1]
12	-0.6666666865348816	5.020659446716309	1.2695481777191162	1.4546654224395752	1.4106684923171997	0.8857774138450623	False	[1 1 1 0 1 0]	[0 0 1 0 1 0]	[1 0 1 0 0 0]	[0 0 0 0 0 0]
12	-0.8333333134651184	4.547870635986328	1.1662811040878296	1.3874671459197998	1.1156470775604248	0.8784756064414978	False	[0 1 1 0 1 0]	[0 0 0 0 1 0]	[0 0 1 0 0 0]	[0 0 0 0 0 1]
12	-0.6666666865348816	4.998512268066406	1.2686774730682373	1.4370102882385254	1.443938136100769	0.8488866686820984	False	[1 1 1 0 1 0]	[0 0 1 0 1 0]	[1 0 1 0 0 0]	[0 0 0 0 0 0]
12	-0.8333333134651184	4.57313871383667	1.2057052850723267	1.3797683715820312	1.0512617826461792	0.9364032745361328	False	[0 1 1 0 1 0]	[0 0 0 0 1 0]	[0 0 1 0 0 0]	[0 0 0 0 0 1]
12	-0.6666666865348816	5.006453990936279	1.2656478881835938	1.4424968957901	1.401997685432434	0.8963116407394409	False	[1 1 1 0 1 0]	[0 0 1 0 1 0]	[1 0 1 0 0 0]	[0 0 0 0 0 0]
12	-0.8333333134651184	4.55629301071167	1.1811037063598633	1.3678936958312988	1.0884082317352295	0.918887197971344	False	[0 1 1 0 1 0]	[0 0 0 0 1 0]	[0 0 1 0 0 0]	[0 0 0 0 0 1]
12	-0.6666666865348816	4.973696708679199	1.2511850595474243	1.437435269355774	1.4038984775543213	0.8811777234077454	False	[1 1 1 0 1 0]	[0 0 1 0 1 0]	[1 0 1 0 0 0]	[0 0 0 0 0 0]
12	-0.8333333134651184	4.530285835266113	1.1614872217178345	1.3514137268066406	1.124828577041626	0.892556369304657	False	[0 1 1 0 1 0]	[0 0 0 0 1 0]	[0 0 1 0 0 0]	[0 0 0 0 0 1]
12	-0.6666666865348816	4.990056037902832	1.251028060913086	1.461293339729309	1.3647994995117188	0.9129350781440735	False	[1 1 1 0 1 0]	[0 0 1 0 1 0]	[1 0 1 0 0 0]	[0 0 0 0 0 0]
12	-0.8333333134651184	4.606171607971191	1.2008521556854248	1.386084794998169	1.0911126136779785	0.9281222820281982	False	[0 1 1 0 1 0]	[0 0 0 0 1 0]	[0 0 1 0 0 0]	[0 0 0 0 0 1]
12	-0.6666666865348816	4.987213134765625	1.2601432800292969	1.4407511949539185	1.4428640604019165	0.8434547185897827	False	[1 1 1 0 1 0]	[0 0 1 0 1 0]	[1 0 1 0 0 0]	[0 0 0 0 0 0]
12	-0.8333333134651184	4.541012763977051	1.184889793395996	1.3692561388015747	1.069122076034546	0.9177449345588684	False	[0 1 1 0 1 0]	[0 0 0 0 1 0]	[0 0 1 0 0 0]	[0 0 0 0 0 1]
12	-0.6666666865348816	5.012932300567627	1.2650078535079956	1.4488348960876465	1.4301003217697144	0.8689891695976257	False	[1 1 1 0 1 0]	[0 0 1 0 1 0]	[1 0 1 0 0 0]	[0 0 0 0 0 0]
12	-0.8333333134651184	4.533310890197754	1.1787289381027222	1.374009132385254	1.0479899644851685	0.9325827956199646	False	[0 1 1 0 1 0]	[0 0 0 0 1 0]	[0 0 1 0 0 0]	[0 0 0 0 0 1]
12	-0.6666666865348816	4.992311000823975	1.2495728731155396	1.4643514156341553	1.3949828147888184	0.8834038972854614	False	[1 1 1 0 1 0]	[0 0 1 0 1 0]	[1 0 1 0 0 0]	[0 0 0 0 0 0]
12	-0.8333333134651184	4.559232234954834	1.1933817863464355	1.3812898397445679	1.0507558584213257	0.9338045716285706	False	[0 1 1 0 1 0]	[0 0 0 0 1 0]	[0 0 1 0 0 0]	[0 0 0 0 0 1]
12	-0.6666666865348816	4.99030876159668	1.2497061491012573	1.4614771604537964	1.4036285877227783	0.8754967451095581	False	[1 1 1 0 1 0]	[0 0 1 0 1 0]	[1 0 1 0 0 0]	[0 0 0 0 0 0]
13	0.14499999582767487	2.1654019355773926	1.0367372035980225	0.4447347819805145	0.16658945381641388	0.5173404812812805	False	[1 0 0 0 0 0]	[0 0 0 0 1 0]	[1 0 0 0 0 0]	[0 0 0 0 1 0]
13	0.11999999731779099	3.3190956115722656	1.0732721090316772	0.9688703417778015	0.5914143323898315	0.685538649559021	False	[0 0 0 0 0 0]	[0 0 0 0 0 0]	[0 0 0 0 0 0]	[0 0 0 0 0 0]
13	0.12999999523162842	2.232891082763672	1.0546373128890991	0.46730250120162964	0.17692452669143677	0.5340268611907959	False	[1 0 0 0 0 0]	[0 0 0 0 1 0]	[1 0 0 0 0 0]	[0 0 0 0 1 0]
13	0.12250000238418579	3.3667783737182617	1.0790445804595947	1.0021634101867676	0.5918863415718079	0.6936841607093811	False	[0 0 0 0 0 0]	[0 0 0 0 0 0]	[0 0 0 0 0 0]	[0 0 0 0 0 0]
13	0.14000000059604645	2.240004539489746	1.055010437965393	0.47864675521850586	0.17903530597686768	0.5273119807243347	False	[1 0 0 0 0 0]	[0 0 0 0 1 0]	[1 0 0 0 0 0]	[0 0 0 0 1 0]
13	0.125	3.3972549438476562	1.0666379928588867	1.011725664138794	0.6104626655578613	0.708428680896759	False	[0 0 0 0 0 0]	[0 0 0 0 0 0]	[0 0 0 0 0 0]	[0 0 0 0 0 0]
13	0.13750000298023224	2.2488110065460205	1.0670952796936035	0.4682168960571289	0.1868157982826233	0.5266830325126648	False	[1 0 0 0 0 0]	[0 0 0 0 1 0]	[1 0 0 0 0 0]	[0 0 0 0 1 0]
13	0.11749999970197678	3.4803407192230225	1.1005802154541016	1.0203572511672974	0.6315125226974487	0.7278907895088196	False	[0 0 0 0 0 0]	[0 0 0 0 0 0]	[0 0 0 0 0 0]	[0 0 0 0 0 0]
13	0.12999999523162842	2.141913414001465	1.0285286903381348	0.42678484320640564	0.1623779833316803	0.5242220163345337	False	[1 0 0 0 0 0]	[0 0 0 0 1 0]	[1 0 0 0 0 0]	[0 0 0 0 1 0]
13	0.11749999970197678	3.5031964778900146	1.1114397048950195	0.9984360933303833	0.6463226079940796	0.7469980716705322	False	[0 0 0 0 0 0]	[0 0 0 0 0 0]	[0 0 0 0 0 0]	[0 0 0 0 0 0]
13	0.12250000238418579	2.2324941158294678	1.0510406494140625	0.4680856764316559	0.18280217051506042	0.5305656790733337	False	[1 0 0 0 0 0]	[0 0 0 0 1 0]	[1 0 0 0 0 0]	[0 0 0 0 1 0]
13	0.11999999731779099	3.5204060077667236	1.1145966053009033	1.020958662033081	0.6557087898254395	0.7291420102119446	False	[0 0 0 0 0 0]	[0 0 0 0 0 0]	[0 0 0 0 0 0]	[0 0 0 0 0 0]
13	0.125	2.2087936401367188	1.0417768955230713	0.46260449290275574	0.16942328214645386	0.5349888801574707	False	[1 0 0 0 0 0]	[0 0 0 0 1 0]	[1 0 0 0 0 0]	[0 0 0 0 1 0]
13	0.125	3.4004065990448	1.036499261856079	1.0691800117492676	0.6166250705718994	0.6781021952629089	False	[0 0 0 0 0 0]	[0 0 0 0 0 0]	[0 0 0 0 0 0]	[0 0 0 0 0 0]
13	0.1274999976158142	2.2437143325805664	1.0521891117095947	0.4760114848613739	0.1865999698638916	0.5289138555526733	False	[1 0 0 0 0 0]	[0 0 0 0 1 0]	[1 0 0 0 0 0]	[0 0 0 0 1 0]
13	0.11749999970197678	3.405486822128296	1.0883744955062866	0.9843725562095642	0.6108018159866333	0.7219378352165222	False	[0 0 0 0 0 0]	[0 0 0 0 0 0]	[0 0 0 0 0 0]	[0 0 0 0 0 0]
13	0.125	2.2962915897369385	1.0774590969085693	0.4835287630558014	0.20179347693920135	0.5335102677345276	False	[1 0 0 0 0 0]	[0 0 0 0 1 0]	[1 0 0 0 0 0]	[0 0 0 0 1 0]
13	0.125	3.3187296390533447	1.0724256038665771	0.9907585382461548	0.5859694480895996	0.6695759296417236	False	[0 0 0 0 0 0]	[0 0 0 0 0 0]	[0 0 0 0 0 0]	[0 0 0 0 0 0]
13	0.13500000536441803	2.1969358921051025	1.0395994186401367	0.4524141848087311	0.1683325618505478	0.5365896821022034	False	[1 0 0 0 0 0]	[0 0 0 0 1 0]	[1 0 0 0 0 0]	[0 0 0 0 1 0]
13	0.11999999731779099	3.323355197906494	1.0802817344665527	0.9880915284156799	0.5795862078666687	0.6753958463668823	False	[0 0 0 0 0 0]	[0 0 0 0 0 0]	[0 0 0 0 0 0]	[0 0 0 0 0 0]
13	0.1274999976158142	2.2041175365448	1.052651286125183	0.4623483121395111	0.17560851573944092	0.5135094523429871	False	[1 0 0 0 0 0]	[0 0 0 0 1 0]	[1 0 0 0 0 0]	[0 0 0 0 1 0]
13	0.125	3.398402214050293	1.0628949403762817	1.0546331405639648	0.6203128695487976	0.6605613231658936	False	[0 0 0 0 0 0]	[0 0 0 0 0 0]	[0 0 0 0 0 0]	[0 0 0 0 0 0]
13	0.14499999582767487	2.1934831142425537	1.0436561107635498	0.45836150646209717	0.18140700459480286	0.510058581829071	False	[1 0 0 0 0 0]	[0 0 0 0 1 0]	[1 0 0 0 0 0]	[0 0 0 0 1 0]
13	0.11500000208616257	3.4162986278533936	1.1064558029174805	1.0220282077789307	0.600868284702301	0.6869463920593262	False	[0 0 0 0 0 0]	[0 0 0 0 0 0]	[0 0 0 0 0 0]	[0 0 0 0 0 0]
13	0.13249999284744263	2.236736536026001	1.0651640892028809	0.47223544120788574	0.1755056083202362	0.5238314270973206	False	[1 0 0 0 0 0]	[0 0 0 0 1 0]	[1 0 0 0 0 0]	[0 0 0 0 1 0]
13	0.11999999731779099	3.427154541015625	1.1015428304672241	1.010588526725769	0.6209401488304138	0.694083034992218	False	[0 0 0 0 0 0]	[0 0 0 0 0 0]	[0 0 0 0 0 0]	[0 0 0 0 0 0]
13	0.125	2.2139182090759277	1.0573121309280396	0.45717653632164	0.17830023169517517	0.521129310131073	False	[1 0 0 0 0 0]	[0 0 0 0 1 0]	[1 0 0 0 0 0]	[0 0 0 0 1 0]
13	0.12250000238418579	3.434633255004883	1.1040550470352173	0.9834058284759521	0.6272006034851074	0.7199715971946716	False	[0 0 0 0 0 0]	[0 0 0 0 0 0]	[0 0 0 0 0 0]	[0 0 0 0 0 0]
13	0.13500000536441803	2.3030614852905273	1.0935965776443481	0.48137176036834717	0.19862854480743408	0.529464602470398	False	[1 0 0 0 0 0]	[0 0 0 0 1 0]	[1 0 0 0 0 0]	[0 0 0 0 1 0]
13	0.125	3.4918081760406494	1.0896104574203491	1.0274938344955444	0.6417180895805359	0.7329856753349304	False	[0 0 0 0 0 0]	[0 0 0 0 0 0]	[0 0 0 0 0 0]	[0 0 0 0 0 0]
14	0.14000000059604645	3.1496191024780273	1.2612993717193604	0.48922547698020935	0.5485382080078125	0.8505560159683228	False	[1 0 0 0 0 0]	[0 0 0 0 1 0]	[1 0 0 0 0 0]	[1 0 0 0 0 0]
14	0.125	3.541863441467285	1.2758169174194336	0.4369439482688904	1.0492967367172241	0.7798057198524475	False	[0 0 0 0 0 0]	[0 0 0 0 0 0]	[0 0 0 0 0 0]	[0 0 0 0 0 0]
14	0.13249999284744263	3.126722812652588	1.2446167469024658	0.4909810423851013	0.5461147427558899	0.8450103998184204	False	[1 0 0 0 0 0]	[0 0 0 0 1 0]	[1 0 0 0 0 0]	[1 0 0 0 0 0]
14	0.12250000238418579	3.546985149383545	1.271946668624878	0.456187903881073	1.0546307563781738	0.7642197608947754	False	[0 0 0 0 0 0]	[0 0 0 0 0 0]	[0 0 0 0 0 0]	[0 0 0 0 0 0]
14	0.13500000536441803	3.208463191986084	1.2568386793136597	0.4863675534725189	0.6011218428611755	0.8641349673271179	False	[1 0 0 0 0 0]	[0 0 0 0 1 0]	[1 0 0 0 0 0]	[1 0 0 0 0 0]
14	0.125	3.562286138534546	1.273140788078308	0.4582327604293823	1.052734136581421	0.7781784534454346	False	[0 0 0 0 0 0]	[0 0 0 0 0 0]	[0 0 0 0 0 0]	[0 0 0 0 0 0]
14	0.12999999523162842	3.136683702468872	1.2599272727966309	0.4690092206001282	0.5653413534164429	0.8424060344696045	False	[1 0 0 0 0 0]	[0 0 0 0 1 0]	[1 0 0 0 0 0]	[1 0 0 0 0 0]
14	0.11749999970197678	3.521277904510498	1.2679662704467773	0.43537887930870056	1.0509566068649292	0.766975998878479	False	[0 0 0 0 0 0]	[0 0 0 0 0 0]	[0 0 0 0 0 0]	[0 0 0 0 0 0]
14	0.1274999976158142	3.085681200027466	1.2349334955215454	0.481880784034729	0.5363079309463501	0.8325588703155518	False	[1 0 0 0 0 0]	[0 0 0 0 1 0]	[1 0 0 0 0 0]	[1 0 0 0 0 0]
14	0.12999999523162842	3.5239057540893555	1.2680567502975464	0.432283878326416	1.0497403144836426	0.7738248109817505	False	[0 0 0 0 0 0]	[0 0 0 0 0 0]	[0 0 0 0 0 0]	[0 0 0 0 0 0]
14	0.14249999821186066	3.089538335800171	1.2517850399017334	0.4644142985343933	0.5427951216697693	0.8305438160896301	False	[1 0 0 0 0 0]	[0 0 0 0 1 0]	[1 0 0 0 0 0]	[1 0 0 0 0 0]
14	0.12250000238418579	3.577695608139038	1.2828302383422852	0.4504418671131134	1.0600956678390503	0.7843277454376221	False	[0 0 0 0 0 0]	[0 0 0 0 0 0]	[0 0 0 0 0 0]	[0 0 0 0 0 0]
14	0.13750000298023224	3.1298255920410156	1.258459210395813	0.4736252427101135	0.552635908126831	0.8451051712036133	False	[1 0 0 0 0 0]	[0 0 0 0 1 0]	[1 0 0 0 0 0]	[1 0 0 0 0 0]
14	0.12250000238418579	3.555001735687256	1.263607144355774	0.465034157037735	1.0465656518936157	0.7797947525978088	False	[0 0 0 0 0 0]	[0 0 0 0 0 0]	[0 0 0 0 0 0]	[0 0 0 0 0 0]
14	0.13249999284744263	3.2158377170562744	1.266356110572815	0.504382848739624	0.5827795267105103	0.86231929063797	False	[1 0 0 0 0 0]	[0 0 0 0 1 0]	[1 0 0 0 0 0]	[1 0 0 0 0 0]
14	0.12250000238418579	3.593472719192505	1.2763700485229492	0.4627605974674225	1.0628914833068848	0.7914507985115051	False	[0 0 0 0 0 0]	[0 0 0 0 0 0]	[0 0 0 0 0 0]	[0 0 0 0 0 0]
14	0.14000000059604645	3.2379677295684814	1.2713433504104614	0.4978535771369934	0.5993924140930176	0.869378387928009	False	[1 0 0 0 0 0]	[0 0 0 0 1 0]	[1 0 0 0 0 0]	[1 0 0 0 0 0]
14	0.125	3.5465633869171143	1.2665278911590576	0.4551296830177307	1.0469040870666504	0.7780018448829651	False	[0 0 0 0 0 0]	[0 0 0 0 0 0]	[0 0 0 0 0 0]	[0 0 0 0 0 0]
14	0.1274999976158142	3.209641695022583	1.2679238319396973	0.488905131816864	0.5952895879745483	0.8575231432914734	False	[1 0 0 0 0 0]	[0 0 0 0 1 0]	[1 0 0 0 0 0]	[1 0 0 0 0 0]
14	0.125	3.542975902557373	1.2754454612731934	0.42671364545822144	1.0622121095657349	0.7786044478416443	False	[0 0 0 0 0 0]	[0 0 0 0 0 0]	[0 0 0 0 0 0]	[0 0 0 0 0 0]
14	0.13249999284744263	3.073369264602661	1.240588665008545	0.471081018447876	0.5332520008087158	0.8284475803375244	False	[1 0 0 0 0 0]	[0 0 0 0 1 0]	[1 0 0 0 0 0]	[1 0 0 0 0 0]
14	0.125	3.5481975078582764	1.2631515264511108	0.4401992857456207	1.0565732717514038	0.7882735133171082	False	[0 0 0 0 0 0]	[0 0 0 0 0 0]	[0 0 0 0 0 0]	[0 0 0 0 0 0]
14	0.125	3.0929417610168457	1.2411255836486816	0.4783952832221985	0.5347328186035156	0.83868807554245	False	[1 0 0 0 0 0]	[0 0 0 0 1 0]	[1 0 0 0 0 0]	[1 0 0 0 0 0]
14	0.125	3.6190457344055176	1.2867164611816406	0.47906363010406494	1.048363447189331	0.804902195930481	False	[0 0 0 0 0 0]	[0 0 0 0 0 0]	[0 0 0 0 0 0]	[0 0 0 0 0 0]
14	0.12999999523162842	3.122562885284424	1.2484943866729736	0.475176066160202	0.5551760196685791	0.8437165021896362	False	[1 0 0 0 0 0]	[0 0 0 0 1 0]	[1 0 0 0 0 0]	[1 0 0 0 0 0]
14	0.125	3.561150074005127	1.2838188409805298	0.43521079421043396	1.0664114952087402	0.7757089138031006	False	[0 0 0 0 0 0]	[0 0 0 0 0 0]	[0 0 0 0 0 0]	[0 0 0 0 0 0]
14	0.125	3.0789127349853516	1.241886019706726	0.4633009135723114	0.5336767435073853	0.840049147605896	False	[1 0 0 0 0 0]	[0 0 0 0 1 0]	[1 0 0 0 0 0]	[1 0 0 0 0 0]
14	0.11749999970197678	3.5695178508758545	1.2744150161743164	0.4515007734298706	1.0589301586151123	0.7846720814704895	False	[0 0 0 0 0 0]	[0 0 0 0 0 0]	[0 0 0 0 0 0]	[0 0 0 0 0 0]
14	0.125	3.0771679878234863	1.2442158460617065	0.4705105125904083	0.5278879404067993	0.8345537781715393	False	[1 0 0 0 0 0]	[0 0 0 0 1 0]	[1 0 0 0 0 0]	[1 0 0 0 0 0]
14	0.11500000208616257	3.528534173965454	1.2709404230117798	0.43747085332870483	1.043367862701416	0.776755154132843	False	[0 0 0 0 0 0]	[0 0 0 0 0 0]	[0 0 0 0 0 0]	[0 0 0 0 0 0]
15	0.12999999523162842	2.6394379138946533	1.2841323614120483	0.5213504433631897	0.38656291365623474	0.44739219546318054	False	[1 0 0 0 0 0]	[0 0 0 0 1 0]	[1 0 0 0 0 0]	[1 0 0 0 0 0]
15	0.14499999582767487	2.421948194503784	1.173761248588562	0.3680773973464966	0.4130958318710327	0.4670136272907257	False	[1 0 0 0 1 0]	[0 0 0 0 0 0]	[0 0 0 0 0 0]	[0 0 0 0 0 0]
15	0.12999999523162842	2.043588399887085	1.0782090425491333	0.24602863192558289	0.11064654588699341	0.608704149723053	False	[1 0 0 0 0 0]	[0 0 0 0 1 0]	[1 0 0 0 0 0]	[1 0 0 0 0 0]
15	0.125	2.5510544776916504	1.2486903667449951	0.3727337419986725	0.4472140073776245	0.48241642117500305	False	[1 0 0 0 1 0]	[0 0 0 0 0 0]	[0 0 0 0 0 0]	[0 0 0 0 0 0]
15	0.1274999976158142	2.0902209281921387	1.0967121124267578	0.25098398327827454	0.12718752026557922	0.6153373122215271	False	[1 0 0 0 0 0]	[0 0 0 0 1 0]	[1 0 0 0 0 0]	[1 0 0 0 0 0]
15	0.125	2.4774582386016846	1.198681116104126	0.3802424669265747	0.41015297174453735	0.4883817136287689	False	[1 0 0 0 1 0]	[0 0 0 0 0 0]	[0 0 0 0 0 0]	[0 0 0 0 0 0]
15	0.14000000059604645	2.0375986099243164	1.0580825805664062	0.25274986028671265	0.1151992455124855	0.6115669012069702	False	[1 0 0 0 0 0]	[0 0 0 0 1 0]	[1 0 0 0 0 0]	[1 0 0 0 0 0]
15	0.1274999976158142	2.42910099029541	1.2066415548324585	0.36772477626800537	0.3890731930732727	0.4656616151332855	False	[1 0 0 0 1 0]	[0 0 0 0 0 0]	[0 0 0 0 0 0]	[0 0 0 0 0 0]
15	0.12250000238418579	2.0960421562194824	1.094740629196167	0.25028857588768005	0.1256275624036789	0.6253852844238281	False	[1 0 0 0 0 0]	[0 0 0 0 1 0]	[1 0 0 0 0 0]	[1 0 0 0 0 0]
15	0.12999999523162842	2.4331116676330566	1.2125595808029175	0.36578330397605896	0.4047622084617615	0.4500064253807068	False	[1 0 0 0 1 0]	[0 0 0 0 0 0]	[0 0 0 0 0 0]	[0 0 0 0 0 0]
15	0.125	2.0676522254943848	1.0984880924224854	0.25452128052711487	0.1315069943666458	0.5831358432769775	False	[1 0 0 0 0 0]	[0 0 0 0 1 0]	[1 0 0 0 0 0]	[1 0 0 0 0 0]
15	0.125	2.4296867847442627	1.213492751121521	0.3650532364845276	0.40305495262145996	0.44808581471443176	False	[1 0 0 0 1 0]	[0 0 0 0 0 0]	[0 0 0 0 0 0]	[0 0 0 0 0 0]
15	0.13249999284744263	2.074923038482666	1.1031743288040161	0.24551497399806976	0.136298269033432	0.5899354815483093	False	[1 0 0 0 0 0]	[0 0 0 0 1 0]	[1 0 0 0 0 0]	[1 0 0 0 0 0]
15	0.125	2.472470283508301	1.244434118270874	0.36032992601394653	0.44151511788368225	0.42619097232818604	False	[1 0 0 0 1 0]	[0 0 0 0 0 0]	[0 0 0 0 0 0]	[0 0 0 0 0 0]
15	0.13249999284744263	2.024440050125122	1.0888125896453857	0.24074816703796387	0.11634644865989685	0.5785327553749084	False	[1 0 0 0 0 0]	[0 0 0 0 1 0]	[1 0 0 0 0 0]	[1 0 0 0 0 0]
15	0.12999999523162842	2.5133347511291504	1.227921485900879	0.37585484981536865	0.4571688771247864	0.4523894488811493	False	[1 0 0 0 1 0]	[0 0 0 0 0 0]	[0 0 0 0 0 0]	[0 0 0 0 0 0]
15	0.12250000238418579	2.060530185699463	1.0623384714126587	0.2520158588886261	0.11670895665884018	0.6294670104980469	False	[1 0 0 0 0 0]	[0 0 0 0 1 0]	[1 0 0 0 0 0]	[1 0 0 0 0 0]
15	0.12250000238418579	2.4382026195526123	1.2174549102783203	0.36549103260040283	0.412109911441803	0.4431467652320862	False	[1 0 0 0 1 0]	[0 0 0 0 0 0]	[0 0 0 0 0 0]	[0 0 0 0 0 0]
15	0.12999999523162842	2.085130214691162	1.0899571180343628	0.2552560865879059	0.11696402728557587	0.6229529976844788	False	[1 0 0 0 0 0]	[0 0 0 0 1 0]	[1 0 0 0 0 0]	[1 0 0 0 0 0]
15	0.13500000536441803	2.428792953491211	1.224680781364441	0.3714542090892792	0.39794403314590454	0.43471387028694153	False	[1 0 0 0 1 0]	[0 0 0 0 0 0]	[0 0 0 0 0 0]	[0 0 0 0 0 0]
15	0.125	2.0484330654144287	1.0617104768753052	0.25337833166122437	0.11957641690969467	0.6137678027153015	False	[1 0 0 0 0 0]	[0 0 0 0 1 0]	[1 0 0 0 0 0]	[1 0 0 0 0 0]
15	0.13500000536441803	2.359088897705078	1.1833856105804443	0.3573056161403656	0.38363391160964966	0.4347636103630066	False	[1 0 0 0 1 0]	[0 0 0 0 0 0]	[0 0 0 0 0 0]	[0 0 0 0 0 0]
15	0.12999999523162842	2.0740530490875244	1.0975000858306885	0.24515868723392487	0.13024887442588806	0.6011453866958618	False	[1 0 0 0 0 0]	[0 0 0 0 1 0]	[1 0 0 0 0 0]	[1 0 0 0 0 0]
15	0.12999999523162842	2.5150089263916016	1.2318214178085327	0.38086453080177307	0.4318474531173706	0.4704756736755371	False	[1 0 0 0 1 0]	[0 0 0 0 0 0]	[0 0 0 0 0 0]	[0 0 0 0 0 0]
15	0.13500000536441803	2.0662899017333984	1.0816441774368286	0.24467112123966217	0.12017790973186493	0.6197966933250427	False	[1 0 0 0 0 0]	[0 0 0 0 1 0]	[1 0 0 0 0 0]	[1 0 0 0 0 0]
15	0.12999999523162842	2.4340109825134277	1.2161668539047241	0.3724901080131531	0.4072642922401428	0.43808993697166443	False	[1 0 0 0 1 0]	[0 0 0 0 0 0]	[0 0 0 0 0 0]	[0 0 0 0 0 0]
15	0.125	2.088624954223633	1.0737360715866089	0.2536529302597046	0.1336636245250702	0.6275724172592163	False	[1 0 0 0 0 0]	[0 0 0 0 1 0]	[1 0 0 0 0 0]	[1 0 0 0 0 0]
15	0.12999999523162842	2.525087356567383	1.2447198629379272	0.37279781699180603	0.4656772017478943	0.44189244508743286	False	[1 0 0 0 1 0]	[0 0 0 0 0 0]	[0 0 0 0 0 0]	[0 0 0 0 0 0]
15	0.12999999523162842	2.0879018306732178	1.0818392038345337	0.25643470883369446	0.12622274458408356	0.6234051585197449	False	[1 0 0 0 0 0]	[0 0 0 0 1 0]	[1 0 0 0 0 0]	[1 0 0 0 0 0]
15	0.12999999523162842	2.5454137325286865	1.2113770246505737	0.3793363869190216	0.45379942655563354	0.5009010434150696	False	[1 0 0 0 1 0]	[0 0 0 0 0 0]	[0 0 0 0 0 0]	[0 0 0 0 0 0]
