# num_workers = 8
# num_cells = 256
# seed_for_environment = 5
# lr = 0.0003
# max_grad_norm = 1.0
# eval_rollout_length = 30
# scaling_factor = 1000
# frames_per_batch = 500
# sub_batch_size = 64
# num_epochs = 15
# clip_epsilon = 0.2
# gamma = 0.99
# lmbda = 0.95
# entropy_eps = 0.5
# env_reward_engineering = True
# env_minimum_number_of_qubits = 1
# log_name = None
# env_error_range = dataCollection
# env_version = qecc/bbcode-ldpc-v0
# env_bit_flipping = True
# env_l = 12
# env_m = 6
# env_use_dict_observation = True
# env_number_of_decoder_iterations = 50
# env_number_of_samples = 50
# env_code_logging = True
# model_architecture = hybrid
# model_surrogate_model_path = /rds/general/user/osella/home/rl-qecc-data//supervisedLearning/2026-07-12_20-18-32/surrogate_6x6.pth
# model_use_pretrained_encoder = False
# index_to_unfreeze_encoder_updates = 20
# encoder_lr_factor = 0.1
# training_device = cpu
# Resolved arguments:
# Resolved_env_reward_engineering = True
# Resolved_env_reward_integral = Between prob. of no error and curve.
# Resolved_env_bit_flipping = True
# Resolved_env_useDictObservation = True
# Resolved_env_code_logging = True
# Resolved_env_error_range = [np.float64(0.0001), np.float64(0.000215), np.float64(0.000464), np.float64(0.001), np.float64(0.002154), np.float64(0.003162), np.float64(0.004642), np.float64(0.01), np.float64(0.021544), np.float64(0.025075), np.float64(0.031623), np.float64(0.046416), np.float64(0.05005), np.float64(0.075025), np.float64(0.1)]
# Resolved_model_use_pretrained_encoder = False
# Resolved_trainingDevice = cpu
# Resolved_model_architecture = hybrid
# Number of workers: 8
# Does torch identify cuda: False
# encoder ***RANDOM WEIGHTS***
evaluation number	reward	policy entropy	policy entropy aX	policy entropy bX	policy entropy aY	policy entropy bY	Encoder freeze	postAction_aX	postAction_bX	postAction_aY	postAction_bY
0	-1.0	8.968798637390137	2.546266794204712	2.5439863204956055	1.9389722347259521	1.9395732879638672	True	[0 0 1 0 0 0 0 0 0 0 0 0]	[0 0 0 0 1 0 0 0 0 0 0 0]	[0 0 0 0 0 1]	[0 0 0 0 0 0]
0	-1.0	8.977890014648438	2.5567667484283447	2.546876907348633	1.9363718032836914	1.9378747940063477	True	[0 1 1 0 0 0 0 0 0 0 0 0]	[0 0 0 0 1 0 0 0 0 0 0 0]	[0 0 0 0 1 1]	[0 0 0 0 0 0]
0	-1.0	8.976799011230469	2.5566089153289795	2.5469136238098145	1.9358241558074951	1.9374520778656006	True	[0 0 1 0 0 0 0 0 0 0 0 0]	[0 0 0 0 1 0 0 0 0 0 0 0]	[0 0 0 0 0 1]	[0 0 0 0 0 0]
0	-1.0	8.977828979492188	2.5565104484558105	2.5467021465301514	1.9364516735076904	1.938164234161377	True	[0 1 1 0 0 0 0 0 0 0 0 0]	[0 0 0 0 1 0 0 0 0 0 0 0]	[0 0 0 0 1 1]	[0 0 0 0 0 0]
0	-1.0	8.978540420532227	2.556825876235962	2.547250747680664	1.936307668685913	1.9381556510925293	True	[0 0 1 0 0 0 0 0 0 0 0 0]	[0 0 0 0 1 0 0 0 0 0 0 0]	[0 0 0 0 0 1]	[0 0 0 0 0 0]
0	-1.0	8.977848052978516	2.5566177368164062	2.547001600265503	1.9363837242126465	1.9378451108932495	True	[0 1 1 0 0 0 0 0 0 0 0 0]	[0 0 0 0 1 0 0 0 0 0 0 0]	[0 0 0 0 1 1]	[0 0 0 0 0 0]
0	-1.0	8.97756290435791	2.5566234588623047	2.5469017028808594	1.9361960887908936	1.9378410577774048	True	[0 0 1 0 0 0 0 0 0 0 0 0]	[0 0 0 0 1 0 0 0 0 0 0 0]	[0 0 0 0 0 1]	[0 0 0 0 0 0]
0	-1.0	8.977811813354492	2.556748390197754	2.5469698905944824	1.9363257884979248	1.9377678632736206	True	[0 1 1 0 0 0 0 0 0 0 0 0]	[0 0 0 0 1 0 0 0 0 0 0 0]	[0 0 0 0 1 1]	[0 0 0 0 0 0]
0	-1.0	8.977622985839844	2.556584596633911	2.547153949737549	1.9360997676849365	1.937784194946289	True	[0 0 1 0 0 0 0 0 0 0 0 0]	[0 0 0 0 1 0 0 0 0 0 0 0]	[0 0 0 0 0 1]	[0 0 0 0 0 0]
0	-1.0	8.977828979492188	2.5567712783813477	2.547055959701538	1.9360814094543457	1.9379198551177979	True	[0 1 1 0 0 0 0 0 0 0 0 0]	[0 0 0 0 1 0 0 0 0 0 0 0]	[0 0 0 0 1 1]	[0 0 0 0 0 0]
0	-1.0	8.978455543518066	2.5566978454589844	2.5474276542663574	1.9361402988433838	1.9381896257400513	True	[0 0 1 0 0 0 0 0 0 0 0 0]	[0 0 0 0 1 0 0 0 0 0 0 0]	[0 0 0 0 0 1]	[0 0 0 0 0 0]
0	-1.0	8.978291511535645	2.5565900802612305	2.5467915534973145	1.936609148979187	1.9383008480072021	True	[0 1 1 0 0 0 0 0 0 0 0 0]	[0 0 0 0 1 0 0 0 0 0 0 0]	[0 0 0 0 1 1]	[0 0 0 0 0 0]
0	-1.0	8.978829383850098	2.556424617767334	2.547548770904541	1.9367411136627197	1.9381154775619507	True	[0 0 1 0 0 0 0 0 0 0 0 0]	[0 0 0 0 1 0 0 0 0 0 0 0]	[0 0 0 0 0 1]	[0 0 0 0 0 0]
0	-1.0	8.978106498718262	2.5567145347595215	2.5469229221343994	1.9363876581192017	1.9380810260772705	True	[0 1 1 0 0 0 0 0 0 0 0 0]	[0 0 0 0 1 0 0 0 0 0 0 0]	[0 0 0 0 1 1]	[0 0 0 0 0 0]
0	-1.0	8.978227615356445	2.556732654571533	2.5471866130828857	1.9362975358963013	1.938011646270752	True	[0 0 1 0 0 0 0 0 0 0 0 0]	[0 0 0 0 1 0 0 0 0 0 0 0]	[0 0 0 0 0 1]	[0 0 0 0 0 0]
0	-1.0	8.978036880493164	2.5569686889648438	2.5469436645507812	1.9362964630126953	1.9378284215927124	True	[0 1 1 0 0 0 0 0 0 0 0 0]	[0 0 0 0 1 0 0 0 0 0 0 0]	[0 0 0 0 1 1]	[0 0 0 0 0 0]
0	-1.0	8.978517532348633	2.5567069053649902	2.547435998916626	1.9364463090896606	1.9379279613494873	True	[0 0 1 0 0 0 0 0 0 0 0 0]	[0 0 0 0 1 0 0 0 0 0 0 0]	[0 0 0 0 0 1]	[0 0 0 0 0 0]
0	-1.0	8.977418899536133	2.557020902633667	2.5468647480010986	1.9358917474746704	1.9376412630081177	True	[0 1 1 0 0 0 0 0 0 0 0 0]	[0 0 0 0 1 0 0 0 0 0 0 0]	[0 0 0 0 1 1]	[0 0 0 0 0 0]
0	-1.0	8.977352142333984	2.556833267211914	2.546699285507202	1.9361525774002075	1.9376673698425293	True	[0 0 1 0 0 0 0 0 0 0 0 0]	[0 0 0 0 1 0 0 0 0 0 0 0]	[0 0 0 0 0 1]	[0 0 0 0 0 0]
0	-1.0	8.978737831115723	2.556774854660034	2.547172784805298	1.93645179271698	1.9383385181427002	True	[0 1 1 0 0 0 0 0 0 0 0 0]	[0 0 0 0 1 0 0 0 0 0 0 0]	[0 0 0 0 1 1]	[0 0 0 0 0 0]
0	-1.0	8.977663040161133	2.5565900802612305	2.5470104217529297	1.9361443519592285	1.937917709350586	True	[0 0 1 0 0 0 0 0 0 0 0 0]	[0 0 0 0 1 0 0 0 0 0 0 0]	[0 0 0 0 0 1]	[0 0 0 0 0 0]
0	-1.0	8.977842330932617	2.556749105453491	2.5469040870666504	1.9361631870269775	1.9380269050598145	True	[0 1 1 0 0 0 0 0 0 0 0 0]	[0 0 0 0 1 0 0 0 0 0 0 0]	[0 0 0 0 1 1]	[0 0 0 0 0 0]
0	-1.0	8.978299140930176	2.5567870140075684	2.546983003616333	1.936594009399414	1.9379349946975708	True	[0 0 1 0 0 0 0 0 0 0 0 0]	[0 0 0 0 1 0 0 0 0 0 0 0]	[0 0 0 0 0 1]	[0 0 0 0 0 0]
0	-1.0	8.978626251220703	2.5566089153289795	2.5474164485931396	1.9363844394683838	1.9382158517837524	True	[0 1 1 0 0 0 0 0 0 0 0 0]	[0 0 0 0 1 0 0 0 0 0 0 0]	[0 0 0 0 1 1]	[0 0 0 0 0 0]
0	-1.0	8.977893829345703	2.5564725399017334	2.5470826625823975	1.9366886615753174	1.937650203704834	True	[0 0 1 0 0 0 0 0 0 0 0 0]	[0 0 0 0 1 0 0 0 0 0 0 0]	[0 0 0 0 0 1]	[0 0 0 0 0 0]
0	-1.0	8.97780990600586	2.556593418121338	2.547015428543091	1.9365170001983643	1.9376839399337769	True	[0 1 1 0 0 0 0 0 0 0 0 0]	[0 0 0 0 1 0 0 0 0 0 0 0]	[0 0 0 0 1 1]	[0 0 0 0 0 0]
0	-1.0	8.97833251953125	2.556891918182373	2.5471935272216797	1.9363127946853638	1.9379342794418335	True	[0 0 1 0 0 0 0 0 0 0 0 0]	[0 0 0 0 1 0 0 0 0 0 0 0]	[0 0 0 0 0 1]	[0 0 0 0 0 0]
0	-1.0	8.978567123413086	2.5568854808807373	2.54721736907959	1.9362053871154785	1.9382590055465698	True	[0 1 1 0 0 0 0 0 0 0 0 0]	[0 0 0 0 1 0 0 0 0 0 0 0]	[0 0 0 0 1 1]	[0 0 0 0 0 0]
0	-1.0	8.977289199829102	2.5566768646240234	2.547032594680786	1.936086654663086	1.9374934434890747	True	[0 0 1 0 0 0 0 0 0 0 0 0]	[0 0 0 0 1 0 0 0 0 0 0 0]	[0 0 0 0 0 1]	[0 0 0 0 0 0]
0	-1.0	8.977926254272461	2.5569095611572266	2.5467476844787598	1.936212182044983	1.9380567073822021	True	[0 1 1 0 0 0 0 0 0 0 0 0]	[0 0 0 0 1 0 0 0 0 0 0 0]	[0 0 0 0 1 1]	[0 0 0 0 0 0]
1	0.28555160760879517	8.82796859741211	2.490694522857666	2.525618314743042	1.9108015298843384	1.900854468345642	True	[0 0 0 0 0 0 0 0 0 0 0 1]	[0 0 0 0 0 0 0 0 1 0 0 0]	[0 0 1 0 0 0]	[0 0 1 0 0 0]
1	-0.5	8.932771682739258	2.5316970348358154	2.5464224815368652	1.9306591749191284	1.9239928722381592	True	[0 0 0 0 0 0 0 0 0 0 0 0]	[0 0 0 0 0 1 0 0 1 0 0 0]	[0 0 0 0 0 0]	[0 0 0 0 0 0]
1	0.1894407719373703	8.890412330627441	2.5158557891845703	2.5380077362060547	1.9234285354614258	1.9131203889846802	True	[0 0 0 0 0 0 0 0 0 0 0 1]	[0 0 0 0 0 1 0 0 0 0 0 0]	[0 0 1 0 0 0]	[0 0 1 0 0 0]
1	-1.0	8.933633804321289	2.53193736076355	2.5466244220733643	1.9309086799621582	1.924163579940796	True	[0 0 0 0 0 0 0 0 0 0 0 0]	[0 0 0 0 0 0 0 0 0 0 0 0]	[0 0 0 0 0 0]	[0 0 0 0 0 0]
1	0.2396492063999176	8.825041770935059	2.4895944595336914	2.5255563259124756	1.90981924533844	1.900071620941162	True	[0 0 0 0 0 0 0 0 0 0 0 1]	[0 0 0 0 0 0 0 0 1 0 0 0]	[0 0 1 0 0 0]	[0 0 1 0 0 0]
1	0.30111584067344666	8.93220043182373	2.531632900238037	2.5463035106658936	1.9305304288864136	1.9237334728240967	True	[0 0 0 0 0 0 0 0 0 0 0 0]	[0 0 0 0 0 1 0 0 1 0 0 0]	[0 0 1 0 1 0]	[0 0 0 0 0 0]
1	0.34696924686431885	8.930885314941406	2.5309789180755615	2.546370267868042	1.9294757843017578	1.9240599870681763	True	[0 0 0 0 0 0 0 0 0 0 0 1]	[0 0 0 0 0 0 0 0 1 0 0 0]	[0 0 0 0 1 0]	[0 0 1 0 0 0]
1	-0.5	8.963981628417969	2.5429258346557617	2.5526657104492188	1.9361991882324219	1.9321907758712769	True	[0 0 0 0 0 0 0 0 0 0 0 0]	[0 0 0 0 0 1 0 0 1 0 0 0]	[0 0 0 0 0 0]	[0 0 0 0 0 0]
1	0.19411329925060272	8.890865325927734	2.516279935836792	2.538003444671631	1.9231446981430054	1.913437008857727	True	[0 0 0 0 0 0 0 0 0 0 0 1]	[0 0 0 0 0 1 0 0 0 0 0 0]	[0 0 1 0 0 0]	[0 0 1 0 0 0]
1	-1.0	8.930699348449707	2.531181812286377	2.546220302581787	1.9290591478347778	1.9242382049560547	True	[0 0 0 0 0 0 0 0 0 0 0 0]	[0 0 0 0 0 0 0 0 0 0 0 0]	[0 0 0 0 0 0]	[0 0 0 0 0 0]
1	0.2659946382045746	8.82697868347168	2.4907047748565674	2.5252671241760254	1.911251187324524	1.899755835533142	True	[0 0 0 0 0 0 0 0 0 0 0 1]	[0 0 0 0 0 0 0 0 1 0 0 0]	[0 0 1 0 0 0]	[0 0 1 0 0 0]
1	-0.5	8.931838035583496	2.531209945678711	2.546616315841675	1.9295861721038818	1.9244253635406494	True	[0 0 0 0 0 0 0 0 0 0 0 0]	[0 0 0 0 0 1 0 0 1 0 0 0]	[0 0 0 0 0 0]	[0 0 0 0 0 0]
1	0.20103587210178375	8.890932083129883	2.515878915786743	2.5380470752716064	1.9226937294006348	1.9143123626708984	True	[0 0 0 0 0 0 0 0 0 0 0 1]	[0 0 0 0 0 1 0 0 0 0 0 0]	[0 0 1 0 0 0]	[0 0 1 0 0 0]
1	-1.0	8.932601928710938	2.5318892002105713	2.546402931213379	1.9302220344543457	1.9240878820419312	True	[0 0 0 0 0 0 0 0 0 0 0 0]	[0 0 0 0 0 0 0 0 0 0 0 0]	[0 0 0 0 0 0]	[0 0 0 0 0 0]
1	0.25639835000038147	8.825681686401367	2.4896044731140137	2.525620698928833	1.9103801250457764	1.9000757932662964	True	[0 0 0 0 0 0 0 0 0 0 0 1]	[0 0 0 0 0 0 0 0 1 0 0 0]	[0 0 1 0 0 0]	[0 0 1 0 0 0]
1	-0.5	8.932497024536133	2.531745672225952	2.5465340614318848	1.929802417755127	1.9244153499603271	True	[0 0 0 0 0 0 0 0 0 0 0 0]	[0 0 0 0 0 1 0 0 1 0 0 0]	[0 0 0 0 0 0]	[0 0 0 0 0 0]
1	0.19387641549110413	8.88962459564209	2.51562237739563	2.5380213260650635	1.9221382141113281	1.9138429164886475	True	[0 0 0 0 0 0 0 0 0 0 0 1]	[0 0 0 0 0 1 0 0 0 0 0 0]	[0 0 1 0 0 0]	[0 0 1 0 0 0]
1	-1.0	8.932149887084961	2.5316152572631836	2.5460917949676514	1.9302678108215332	1.9241750240325928	True	[0 0 0 0 0 0 0 0 0 0 0 0]	[0 0 0 0 0 0 0 0 0 0 0 0]	[0 0 0 0 0 0]	[0 0 0 0 0 0]
1	0.24429935216903687	8.825786590576172	2.4902095794677734	2.525275230407715	1.9099946022033691	1.900307059288025	True	[0 0 0 0 0 0 0 0 0 0 0 1]	[0 0 0 0 0 0 0 0 1 0 0 0]	[0 0 1 0 0 0]	[0 0 1 0 0 0]
1	-0.5	8.931625366210938	2.531251907348633	2.5462841987609863	1.9295709133148193	1.92451810836792	True	[0 0 0 0 0 0 0 0 0 0 0 0]	[0 0 0 0 0 1 0 0 1 0 0 0]	[0 0 0 0 0 0]	[0 0 0 0 0 0]
1	0.19617655873298645	8.89028549194336	2.5157229900360107	2.5379891395568848	1.9223968982696533	1.9141765832901	True	[0 0 0 0 0 0 0 0 0 0 0 1]	[0 0 0 0 0 1 0 0 0 0 0 0]	[0 0 1 0 0 0]	[0 0 1 0 0 0]
1	-0.5	8.931764602661133	2.5314526557922363	2.5463621616363525	1.9299378395080566	1.9240119457244873	True	[0 0 0 0 0 0 0 0 0 0 0 0]	[0 0 0 0 0 0 0 0 0 0 0 0]	[0 0 0 0 0 0]	[0 0 1 1 0 0]
1	0.5529906153678894	8.907084465026855	2.522233247756958	2.5413076877593994	1.9252796173095703	1.918263554573059	True	[0 0 0 0 0 0 0 0 0 0 0 1]	[0 0 0 0 0 1 0 0 0 0 0 0]	[0 0 1 0 0 0]	[0 0 0 1 0 0]
1	0.14412391185760498	8.97894287109375	2.5483267307281494	2.555692672729492	1.9389265775680542	1.9359970092773438	True	[0 0 0 0 0 0 0 0 0 0 0 0]	[0 0 0 0 0 0 0 0 0 0 0 0]	[1 0 1 0 0 0]	[0 0 1 1 0 0]
1	0.24262915551662445	8.908516883850098	2.5227091312408447	2.5414257049560547	1.925627589225769	1.9187545776367188	True	[0 0 0 0 0 0 0 0 0 0 0 1]	[0 0 0 0 0 1 0 0 0 0 0 0]	[1 0 0 0 0 0]	[0 0 0 1 0 0]
1	-0.5	8.955208778381348	2.5401694774627686	2.5508873462677	1.934818148612976	1.9293338060379028	True	[0 0 0 0 0 0 0 0 0 0 0 0]	[0 0 0 0 0 0 0 0 0 0 0 0]	[0 0 0 0 0 0]	[0 0 1 1 0 0]
1	0.5207069516181946	8.907204627990723	2.5227038860321045	2.5410125255584717	1.9252084493637085	1.9182795286178589	True	[0 0 0 0 0 0 0 0 0 0 0 1]	[0 0 0 0 0 1 0 0 0 0 0 0]	[0 0 1 0 0 0]	[0 0 0 1 0 0]
1	0.12973371148109436	8.97960376739502	2.54858136177063	2.555996894836426	1.9390673637390137	1.9359586238861084	True	[0 0 0 0 0 0 0 0 0 0 0 0]	[0 0 0 0 0 0 0 0 0 0 0 0]	[0 0 1 0 1 0]	[0 0 1 1 0 0]
1	0.3832125961780548	8.907832145690918	2.5225162506103516	2.5415821075439453	1.9257152080535889	1.9180182218551636	True	[0 0 0 0 0 0 0 0 0 0 0 1]	[0 0 0 0 0 1 0 0 0 0 0 0]	[0 0 0 0 1 0]	[0 0 1 0 0 0]
1	-1.0	8.965438842773438	2.5434956550598145	2.5529189109802246	1.9365023374557495	1.9325213432312012	True	[0 0 0 0 0 0 0 0 0 0 0 0]	[0 0 0 0 0 0 0 0 0 0 0 0]	[0 0 0 0 0 0]	[0 0 0 0 0 0]
2	0.5272037982940674	8.807186126708984	2.4985849857330322	2.5180883407592773	1.8989050388336182	1.8916082382202148	False	[1 0 0 0 0 0 0 0 0 0 0 0]	[0 0 0 0 0 1 0 0 0 0 0 0]	[0 1 0 0 0 0]	[0 0 0 0 1 0]
2	0.3443465530872345	8.966575622558594	2.5480663776397705	2.552090883255005	1.9375505447387695	1.9288674592971802	False	[1 1 0 0 0 0 0 0 0 0 0 0]	[0 0 0 0 0 1 0 0 0 0 0 1]	[0 0 0 0 0 0]	[0 0 1 0 1 0]
2	0.4920852780342102	8.953774452209473	2.543334484100342	2.5500268936157227	1.9349896907806396	1.9254236221313477	False	[1 1 0 0 0 0 0 0 0 0 0 1]	[0 0 0 0 0 0 0 0 0 0 0 1]	[0 1 0 0 0 0]	[0 0 1 0 0 0]
2	-0.5	8.967636108398438	2.5482122898101807	2.552191972732544	1.937896728515625	1.9293354749679565	False	[1 0 0 0 0 0 0 0 0 0 0 1]	[0 0 0 0 0 0 0 0 0 0 0 0]	[0 0 0 0 0 0]	[0 0 0 0 0 0]
2	0.5613677501678467	8.922979354858398	2.533188581466675	2.544267177581787	1.928010106086731	1.9175143241882324	False	[1 0 0 0 0 0 0 0 0 0 0 0]	[0 0 0 0 0 1 0 0 0 0 0 0]	[0 1 0 0 0 0]	[0 0 0 0 1 0]
2	0.35366183519363403	8.966493606567383	2.547973155975342	2.5520071983337402	1.9376864433288574	1.9288270473480225	False	[1 1 0 0 0 0 0 0 0 0 0 0]	[0 0 0 0 0 1 0 0 0 0 0 1]	[0 0 0 0 0 0]	[0 0 1 0 1 0]
2	0.4814273416996002	8.955483436584473	2.5436899662017822	2.550346612930298	1.935434103012085	1.9260129928588867	False	[1 1 0 0 0 0 0 0 0 0 0 1]	[0 0 0 0 0 0 0 0 0 0 0 1]	[0 1 0 0 0 0]	[0 0 1 0 0 0]
2	-0.5	8.96718978881836	2.548245429992676	2.5521273612976074	1.9375416040420532	1.9292757511138916	False	[1 0 0 0 0 0 0 0 0 0 0 1]	[0 0 0 0 0 0 0 0 0 0 0 0]	[0 0 0 0 0 0]	[0 0 0 0 0 0]
2	0.4919431507587433	8.920088768005371	2.5327649116516113	2.5434446334838867	1.9272587299346924	1.916620135307312	False	[1 0 0 0 0 0 0 0 0 0 0 0]	[0 0 0 0 0 1 0 0 0 0 0 0]	[0 1 0 0 0 0]	[0 0 0 0 1 0]
2	0.37494534254074097	8.966856956481934	2.547790288925171	2.5520756244659424	1.937727689743042	1.9292631149291992	False	[1 1 0 0 0 0 0 0 0 0 0 0]	[0 0 0 0 0 1 0 0 0 0 0 1]	[0 0 0 0 0 0]	[0 0 1 0 1 0]
2	0.49577760696411133	8.954904556274414	2.543379545211792	2.5503249168395996	1.935375690460205	1.9258242845535278	False	[1 1 0 0 0 0 0 0 0 0 0 1]	[0 0 0 0 0 0 0 0 0 0 0 1]	[0 1 0 0 0 0]	[0 0 0 0 1 0]
2	0.3139728605747223	8.968375205993652	2.5481760501861572	2.552381992340088	1.9379138946533203	1.9299027919769287	False	[1 0 0 0 0 0 0 0 0 0 0 1]	[0 0 0 0 0 0 0 0 0 0 0 0]	[0 0 0 0 0 0]	[0 0 1 0 1 0]
2	0.5273033976554871	8.95348072052002	2.5432536602020264	2.550039529800415	1.9351048469543457	1.9250824451446533	False	[1 0 0 0 0 0 0 0 0 0 0 0]	[0 0 0 0 0 1 0 0 0 0 0 0]	[0 1 0 0 0 0]	[0 0 1 0 0 0]
2	0.056093908846378326	8.966042518615723	2.547833204269409	2.551934242248535	1.937490463256836	1.9287842512130737	False	[1 1 0 0 0 0 0 0 0 0 0 0]	[0 0 0 0 0 1 0 0 0 0 0 1]	[0 0 0 0 0 0]	[0 0 0 0 0 0]
2	0.5020028352737427	8.925002098083496	2.533337354660034	2.544368028640747	1.9288290739059448	1.9184677600860596	False	[1 1 0 0 0 0 0 0 0 0 0 1]	[0 0 0 0 0 0 0 0 0 0 0 1]	[0 1 0 0 0 0]	[0 0 0 0 1 0]
2	0.3408645689487457	8.967789649963379	2.5481672286987305	2.552142858505249	1.9377567768096924	1.929722547531128	False	[1 0 0 0 0 0 0 0 0 0 0 1]	[0 0 0 0 0 0 0 0 0 0 0 0]	[0 0 0 0 0 0]	[0 0 1 0 1 0]
2	0.5254545211791992	8.952737808227539	2.543372869491577	2.5495996475219727	1.9348944425582886	1.924870491027832	False	[1 0 0 0 0 0 0 0 0 0 0 0]	[0 0 0 0 0 1 0 0 0 0 0 0]	[0 1 0 0 0 0]	[0 0 0 0 1 0]
2	0.370261013507843	8.967334747314453	2.5480475425720215	2.5522236824035645	1.9377840757369995	1.9292798042297363	False	[1 1 0 0 0 0 0 0 0 0 0 0]	[0 0 0 0 0 1 0 0 0 0 0 1]	[0 0 0 0 0 0]	[0 0 1 0 1 0]
2	0.4876839220523834	8.955849647521973	2.543653964996338	2.5503578186035156	1.9356803894042969	1.926157832145691	False	[1 1 0 0 0 0 0 0 0 0 0 1]	[0 0 0 0 0 0 0 0 0 0 0 1]	[0 1 0 0 0 0]	[0 0 1 0 0 0]
2	-0.5	8.967671394348145	2.548086166381836	2.5522944927215576	1.9377470016479492	1.9295437335968018	False	[1 0 0 0 0 0 0 0 0 0 0 1]	[0 0 0 0 0 0 0 0 0 0 0 0]	[0 0 0 0 0 0]	[0 0 0 0 0 0]
2	0.5410639047622681	8.922880172729492	2.5329325199127197	2.5440328121185303	1.928296446800232	1.9176182746887207	False	[1 0 0 0 0 0 0 0 0 0 0 0]	[0 0 0 0 0 1 0 0 0 0 0 0]	[0 1 0 0 0 0]	[0 0 0 0 1 0]
2	0.38365262746810913	8.966293334960938	2.5479838848114014	2.552163600921631	1.9375371932983398	1.9286091327667236	False	[1 1 0 0 0 0 0 0 0 0 0 0]	[0 0 0 0 0 1 0 0 0 0 0 1]	[0 0 0 0 0 0]	[0 0 1 0 1 0]
2	0.500710129737854	8.954865455627441	2.54349946975708	2.550257444381714	1.9355854988098145	1.925523042678833	False	[1 1 0 0 0 0 0 0 0 0 0 1]	[0 0 0 0 0 0 0 0 0 0 0 1]	[0 1 0 0 0 0]	[0 0 1 0 0 0]
2	-0.5	8.967057228088379	2.5481436252593994	2.5520575046539307	1.937520980834961	1.929335117340088	False	[1 0 0 0 0 0 0 0 0 0 0 1]	[0 0 0 0 0 0 0 0 0 0 0 0]	[0 0 0 0 0 0]	[0 0 0 0 0 0]
2	0.5244795680046082	8.919878005981445	2.5326223373413086	2.543389320373535	1.9272546768188477	1.916611909866333	False	[1 0 0 0 0 0 0 0 0 0 0 0]	[0 0 0 0 0 1 0 0 0 0 0 0]	[0 1 0 0 0 0]	[0 0 0 0 1 0]
2	0.4205001890659332	8.966145515441895	2.5481576919555664	2.5519859790802	1.9375535249710083	1.9284487962722778	False	[1 1 0 0 0 0 0 0 0 0 0 0]	[0 0 0 0 0 1 0 0 0 0 0 1]	[0 0 0 0 0 0]	[0 0 1 0 1 0]
2	0.4948458671569824	8.95517635345459	2.5433404445648193	2.5504398345947266	1.9353348016738892	1.9260610342025757	False	[1 1 0 0 0 0 0 0 0 0 0 1]	[0 0 0 0 0 0 0 0 0 0 0 1]	[0 1 0 0 0 0]	[0 0 1 0 0 0]
2	-0.5	8.966747283935547	2.5477397441864014	2.5522513389587402	1.9376078844070435	1.9291483163833618	False	[1 0 0 0 0 0 0 0 0 0 0 1]	[0 0 0 0 0 0 0 0 0 0 0 0]	[0 0 0 0 0 0]	[0 0 0 0 0 0]
2	0.5287795662879944	8.921318054199219	2.532801628112793	2.5437324047088623	1.9279100894927979	1.9168740510940552	False	[1 0 0 0 0 0 0 0 0 0 0 0]	[0 0 0 0 0 1 0 0 0 0 0 0]	[0 1 0 0 0 0]	[0 0 0 0 1 0]
2	0.35187169909477234	8.965494155883789	2.5477209091186523	2.5519256591796875	1.937469482421875	1.9283783435821533	False	[1 1 0 0 0 0 0 0 0 0 0 0]	[0 0 0 0 0 1 0 0 0 0 0 1]	[0 0 0 0 0 0]	[0 0 1 0 1 0]
3	0.3070682883262634	8.863264083862305	2.5329718589782715	2.5281691551208496	1.8879092931747437	1.9142141342163086	False	[0 0 0 1 0 0 0 0 0 0 0 0]	[0 0 0 0 0 0 0 0 0 1 0 0]	[0 1 0 0 0 0]	[1 0 0 0 0 0]
3	-0.5	8.942285537719727	2.5471718311309814	2.546863079071045	1.9143171310424805	1.9339332580566406	False	[0 0 0 0 0 0 0 0 0 0 0 0]	[0 0 0 0 0 0 0 1 0 1 0 0]	[0 0 0 0 0 0]	[1 0 1 0 0 0]
3	0.5429074168205261	8.924214363098145	2.543785572052002	2.5426228046417236	1.907757043838501	1.930049180984497	False	[0 0 0 1 0 0 0 0 0 0 0 0]	[0 0 0 0 0 0 0 1 0 0 0 0]	[0 1 0 0 0 0]	[0 0 1 0 0 0]
3	-0.5	8.957307815551758	2.5503766536712646	2.5508041381835938	1.92010498046875	1.9360218048095703	False	[0 0 0 0 0 0 0 0 0 0 0 0]	[0 0 0 0 0 0 0 0 0 0 0 0]	[0 1 0 0 0 1]	[0 0 0 0 0 0]
3	0.3078782558441162	8.896366119384766	2.5391271114349365	2.536409378051758	1.898289442062378	1.9225397109985352	False	[0 0 0 1 0 0 0 0 0 0 0 0]	[0 0 0 0 0 0 0 0 0 1 0 0]	[0 0 0 0 0 1]	[1 0 0 0 0 0]
3	0.2630687654018402	8.943349838256836	2.5478312969207764	2.5474395751953125	1.9143891334533691	1.9336891174316406	False	[0 0 0 0 0 0 0 0 0 0 0 0]	[0 0 0 0 0 0 0 1 0 1 0 0]	[0 1 0 0 0 1]	[1 0 1 0 0 0]
3	0.551064670085907	8.935493469238281	2.5455923080444336	2.545316219329834	1.9117932319641113	1.9327921867370605	False	[0 0 0 1 0 0 0 0 0 0 0 0]	[0 0 0 0 0 0 0 1 0 0 0 0]	[0 0 0 0 0 1]	[0 0 1 0 0 0]
3	-1.0	8.954507827758789	2.549635171890259	2.549975872039795	1.9188613891601562	1.9360356330871582	False	[0 0 0 0 0 0 0 0 0 0 0 0]	[0 0 0 0 0 0 0 0 0 0 0 0]	[0 0 0 0 0 0]	[0 0 0 0 0 0]
3	0.3118174970149994	8.86197566986084	2.532550573348999	2.527982234954834	1.8871798515319824	1.9142634868621826	False	[0 0 0 1 0 0 0 0 0 0 0 0]	[0 0 0 0 0 0 0 0 0 1 0 0]	[0 1 0 0 0 0]	[1 0 0 0 0 0]
3	-0.5	8.943366050720215	2.547452211380005	2.547348976135254	1.914674997329712	1.933890461921692	False	[0 0 0 0 0 0 0 0 0 0 0 0]	[0 0 0 0 0 0 0 1 0 1 0 0]	[0 0 0 0 0 0]	[1 0 1 0 0 0]
3	0.5521456003189087	8.923086166381836	2.5434861183166504	2.542330741882324	1.9073948860168457	1.9298744201660156	False	[0 0 0 1 0 0 0 0 0 0 0 0]	[0 0 0 0 0 0 0 1 0 0 0 0]	[0 1 0 0 0 0]	[0 0 1 0 0 0]
3	-0.5	8.956247329711914	2.5503010749816895	2.5506033897399902	1.9197375774383545	1.9356048107147217	False	[0 0 0 0 0 0 0 0 0 0 0 0]	[0 0 0 0 0 0 0 0 0 0 0 0]	[0 1 0 0 0 1]	[0 0 0 0 0 0]
3	0.30356383323669434	8.897565841674805	2.5391745567321777	2.536524534225464	1.8987345695495605	1.9231319427490234	False	[0 0 0 1 0 0 0 0 0 0 0 0]	[0 0 0 0 0 0 0 0 0 1 0 0]	[0 0 0 0 0 1]	[1 0 0 0 0 0]
3	0.25075075030326843	8.942646980285645	2.547224998474121	2.547222137451172	1.914337396621704	1.9338629245758057	False	[0 0 0 0 0 0 0 0 0 0 0 0]	[0 0 0 0 0 0 0 1 0 1 0 0]	[0 1 0 0 0 1]	[1 0 1 0 0 0]
3	0.5426207780838013	8.934654235839844	2.5454587936401367	2.5450217723846436	1.9119040966033936	1.9322686195373535	False	[0 0 0 1 0 0 0 0 0 0 0 0]	[0 0 0 0 0 0 0 1 0 0 0 0]	[0 0 0 0 0 1]	[1 0 0 0 0 0]
3	-0.5	8.956523895263672	2.5503621101379395	2.550626516342163	1.919480800628662	1.9360547065734863	False	[0 0 0 0 0 0 0 0 0 0 0 0]	[0 0 0 0 0 0 0 0 0 0 0 0]	[0 0 0 0 0 0]	[1 0 1 0 0 0]
3	0.21074336767196655	8.896625518798828	2.538654088973999	2.5361289978027344	1.8986525535583496	1.9231899976730347	False	[0 0 0 1 0 0 0 0 0 0 0 0]	[0 0 0 0 0 0 0 0 0 1 0 0]	[0 1 0 0 0 0]	[0 0 1 0 0 0]
3	-0.5	8.942669868469238	2.5476443767547607	2.5474092960357666	1.9141974449157715	1.9334187507629395	False	[0 0 0 0 0 0 0 0 0 0 0 0]	[0 0 0 0 0 0 0 1 0 1 0 0]	[0 0 0 0 0 0]	[0 0 0 0 0 0]
3	0.5346620082855225	8.914620399475098	2.5421643257141113	2.5406746864318848	1.9042513370513916	1.9275306463241577	False	[0 0 0 1 0 0 0 0 0 0 0 0]	[0 0 0 0 0 0 0 1 0 0 0 0]	[0 1 0 0 0 0]	[1 0 0 0 0 0]
3	0.0191960409283638	8.954756736755371	2.549701690673828	2.549795627593994	1.9191715717315674	1.9360874891281128	False	[0 0 0 0 0 0 0 0 0 0 0 0]	[0 0 0 0 0 0 0 0 0 0 0 0]	[0 1 0 0 0 1]	[1 0 1 0 0 0]
3	0.21041949093341827	8.895313262939453	2.5381388664245605	2.53562593460083	1.8980261087417603	1.9235219955444336	False	[0 0 0 1 0 0 0 0 0 0 0 0]	[0 0 0 0 0 0 0 0 0 1 0 0]	[0 0 0 0 0 1]	[0 0 1 0 0 0]
3	0.32358428835868835	8.942459106445312	2.5472943782806396	2.546980857849121	1.9143160581588745	1.9338672161102295	False	[0 0 0 0 0 0 0 0 0 0 0 0]	[0 0 0 0 0 0 0 1 0 1 0 0]	[0 1 0 0 0 1]	[0 0 0 0 0 0]
3	0.31280702352523804	8.93897819519043	2.5466902256011963	2.546236991882324	1.913069248199463	1.9329819679260254	False	[0 0 0 1 0 0 0 0 0 0 0 0]	[0 0 0 0 0 0 0 0 0 1 0 0]	[0 0 0 0 0 1]	[1 0 0 0 0 0]
3	0.24126140773296356	8.942582130432129	2.5468552112579346	2.546945571899414	1.9145987033843994	1.9341833591461182	False	[0 0 0 0 0 0 0 0 0 0 0 0]	[0 0 0 0 0 0 0 1 0 1 0 0]	[0 1 0 0 0 1]	[1 0 1 0 0 0]
3	0.2306971400976181	8.93661880493164	2.5457499027252197	2.5456161499023438	1.9123589992523193	1.9328936338424683	False	[0 0 0 1 0 0 0 0 0 0 0 0]	[0 0 0 0 0 0 0 0 0 1 0 0]	[0 0 0 0 0 1]	[0 0 1 0 0 0]
3	0.3077463209629059	8.942203521728516	2.547308921813965	2.546849012374878	1.914320468902588	1.933725357055664	False	[0 0 0 0 0 0 0 0 0 0 0 0]	[0 0 0 0 0 0 0 1 0 1 0 0]	[0 1 0 0 0 1]	[0 0 0 0 0 0]
3	0.324712336063385	8.938241958618164	2.5464770793914795	2.5461277961730957	1.9127464294433594	1.9328912496566772	False	[0 0 0 1 0 0 0 0 0 0 0 0]	[0 0 0 0 0 0 0 0 0 1 0 0]	[0 0 0 0 0 1]	[1 0 0 0 0 0]
3	0.25176098942756653	8.941545486450195	2.547025680541992	2.5468430519104004	1.9137952327728271	1.9338817596435547	False	[0 0 0 0 0 0 0 0 0 0 0 0]	[0 0 0 0 0 0 0 1 0 1 0 0]	[0 1 0 0 0 1]	[1 0 1 0 0 0]
3	0.38505610823631287	8.93618392944336	2.5455448627471924	2.545105218887329	1.9124109745025635	1.9331223964691162	False	[0 0 0 1 0 0 0 0 0 0 0 0]	[0 0 0 0 1 0 0 1 0 1 0 0]	[0 0 0 0 0 1]	[0 0 1 0 0 0]
3	0.24751748144626617	8.936308860778809	2.545661211013794	2.545417308807373	1.912250280380249	1.9329794645309448	False	[0 0 0 0 0 0 0 0 0 0 0 0]	[0 0 0 0 0 0 0 1 0 1 0 0]	[0 1 0 0 0 1]	[1 0 1 0 0 0]
4	-0.5	8.861586570739746	2.5095837116241455	2.5427329540252686	1.9228236675262451	1.8864463567733765	False	[1 0 0 0 0 0 0 0 0 0 0 0]	[0 0 0 0 0 0 0 0 0 1 0 0]	[1 0 0 0 0 0]	[0 0 0 0 0 1]
4	-1.0	8.926769256591797	2.5357935428619385	2.555091142654419	1.934629201889038	1.9012551307678223	False	[0 0 0 0 0 0 0 0 0 0 0 0]	[0 0 0 0 0 0 0 0 0 0 0 0]	[0 0 0 0 0 0]	[0 0 0 0 0 0]
4	-0.5	8.863551139831543	2.509922981262207	2.543147325515747	1.9233336448669434	1.887147307395935	False	[1 0 0 0 0 0 0 0 0 0 0 0]	[0 0 0 0 0 0 0 0 0 1 0 0]	[1 0 0 0 0 0]	[0 0 0 0 0 1]
4	-1.0	8.928707122802734	2.5361359119415283	2.5553576946258545	1.9348807334899902	1.9023324251174927	False	[0 0 0 0 0 0 0 0 0 0 0 0]	[0 0 0 0 0 0 0 0 0 0 0 0]	[0 0 0 0 0 0]	[0 0 0 0 0 0]
4	-0.5	8.864751815795898	2.5107734203338623	2.5433225631713867	1.923936367034912	1.88671875	False	[1 0 0 0 0 0 0 0 0 0 0 0]	[0 0 0 0 0 0 0 0 0 1 0 0]	[1 0 0 0 0 0]	[0 0 0 0 0 1]
4	-1.0	8.928618431091309	2.5362067222595215	2.5553712844848633	1.9349734783172607	1.9020674228668213	False	[0 0 0 0 0 0 0 0 0 0 0 0]	[0 0 0 0 0 0 0 0 0 0 0 0]	[0 0 0 0 0 0]	[0 0 0 0 0 0]
4	-0.5	8.864367485046387	2.5102884769439697	2.5433475971221924	1.9235936403274536	1.88713800907135	False	[1 0 0 0 0 0 0 0 0 0 0 0]	[0 0 0 0 0 0 0 0 0 1 0 0]	[1 0 0 0 0 0]	[0 0 0 0 0 1]
4	-1.0	8.926782608032227	2.535905122756958	2.554922580718994	1.9347038269042969	1.9012508392333984	False	[0 0 0 0 0 0 0 0 0 0 0 0]	[0 0 0 0 0 0 0 0 0 0 0 0]	[0 0 0 0 0 0]	[0 0 0 0 0 0]
4	-0.5	8.864117622375488	2.5104119777679443	2.5432567596435547	1.923681378364563	1.8867676258087158	False	[1 0 0 0 0 0 0 0 0 0 0 0]	[0 0 0 0 0 0 0 0 0 1 0 0]	[1 0 0 0 0 0]	[0 0 0 0 0 1]
4	-1.0	8.927550315856934	2.5357491970062256	2.5553250312805176	1.934608817100525	1.9018670320510864	False	[0 0 0 0 0 0 0 0 0 0 0 0]	[0 0 0 0 0 0 0 0 0 0 0 0]	[0 0 0 0 0 0]	[0 0 0 0 0 0]
4	-0.5	8.864624977111816	2.510359287261963	2.5436460971832275	1.923732042312622	1.8868871927261353	False	[1 0 0 0 0 0 0 0 0 0 0 0]	[0 0 0 0 0 0 0 0 0 1 0 0]	[1 0 0 0 0 0]	[0 0 0 0 0 1]
4	-1.0	8.926642417907715	2.535672903060913	2.5552167892456055	1.9345260858535767	1.901226282119751	False	[0 0 0 0 0 0 0 0 0 0 0 0]	[0 0 0 0 0 0 0 0 0 0 0 0]	[0 0 0 0 0 0]	[0 0 0 0 0 0]
4	-0.5	8.863210678100586	2.5099518299102783	2.5432167053222656	1.9230769872665405	1.886965274810791	False	[1 0 0 0 0 0 0 0 0 0 0 0]	[0 0 0 0 0 0 0 0 0 1 0 0]	[1 0 0 0 0 0]	[0 0 0 0 0 1]
4	-1.0	8.927314758300781	2.535825252532959	2.5551345348358154	1.9344309568405151	1.9019240140914917	False	[0 0 0 0 0 0 0 0 0 0 0 0]	[0 0 0 0 0 0 0 0 0 0 0 0]	[0 0 0 0 0 0]	[0 0 0 0 0 0]
4	-0.5	8.862032890319824	2.5095574855804443	2.5429933071136475	1.9228129386901855	1.886669397354126	False	[1 0 0 0 0 0 0 0 0 0 0 0]	[0 0 0 0 0 0 0 0 0 1 0 0]	[1 0 0 0 0 0]	[0 0 0 0 0 1]
4	-1.0	8.926491737365723	2.5356285572052	2.554965019226074	1.9346914291381836	1.9012067317962646	False	[0 0 0 0 0 0 0 0 0 0 0 0]	[0 0 0 0 0 0 0 0 0 0 0 0]	[0 0 0 0 0 0]	[0 0 0 0 0 0]
4	-0.5	8.863471031188965	2.510042905807495	2.5430209636688232	1.9234094619750977	1.8869978189468384	False	[1 0 0 0 0 0 0 0 0 0 0 0]	[0 0 0 0 0 0 0 0 0 1 0 0]	[1 0 0 0 0 0]	[0 0 0 0 0 1]
4	-1.0	8.92789363861084	2.536198854446411	2.5553488731384277	1.9348886013031006	1.901456594467163	False	[0 0 0 0 0 0 0 0 0 0 0 0]	[0 0 0 0 0 0 0 0 0 0 0 0]	[0 0 0 0 0 0]	[0 0 0 0 0 0]
4	-0.5	8.864367485046387	2.510287284851074	2.5434582233428955	1.923585295677185	1.8870364427566528	False	[1 0 0 0 0 0 0 0 0 0 0 0]	[0 0 0 0 0 0 0 0 0 1 0 0]	[1 0 0 0 0 0]	[0 0 0 0 0 1]
4	-1.0	8.927457809448242	2.5358338356018066	2.5553624629974365	1.9348084926605225	1.9014530181884766	False	[0 0 0 0 0 0 0 0 0 0 0 0]	[0 0 0 0 0 0 0 0 0 0 0 0]	[0 0 0 0 0 0]	[0 0 0 0 0 0]
4	-0.5	8.864261627197266	2.510258436203003	2.543379783630371	1.9235265254974365	1.8870960474014282	False	[1 0 0 0 0 0 0 0 0 0 0 0]	[0 0 0 0 0 0 0 0 0 1 0 0]	[1 0 0 0 0 0]	[0 0 0 0 0 1]
4	-1.0	8.928516387939453	2.5364437103271484	2.555233955383301	1.9350498914718628	1.9017882347106934	False	[0 0 0 0 0 0 0 0 0 0 0 0]	[0 0 0 0 0 0 0 0 0 0 0 0]	[0 0 0 0 0 0]	[0 0 0 0 0 0]
4	-0.5	8.863836288452148	2.510324478149414	2.5433340072631836	1.9234838485717773	1.8866935968399048	False	[1 0 0 0 0 0 0 0 0 0 0 0]	[0 0 0 0 0 0 0 0 0 1 0 0]	[1 0 0 0 0 0]	[0 0 0 0 0 1]
4	-1.0	8.927571296691895	2.5359320640563965	2.5550825595855713	1.93473219871521	1.9018237590789795	False	[0 0 0 0 0 0 0 0 0 0 0 0]	[0 0 0 0 0 0 0 0 0 0 0 0]	[0 0 0 0 0 0]	[0 0 0 0 0 0]
4	-0.5	8.864456176757812	2.510653257369995	2.543278694152832	1.9234704971313477	1.8870537281036377	False	[1 0 0 0 0 0 0 0 0 0 0 0]	[0 0 0 0 0 0 0 0 0 1 0 0]	[1 0 0 0 0 0]	[0 0 0 0 0 1]
4	-1.0	8.92688274383545	2.535767078399658	2.554910182952881	1.9344853162765503	1.9017199277877808	False	[0 0 0 0 0 0 0 0 0 0 0 0]	[0 0 0 0 0 0 0 0 0 0 0 0]	[0 0 0 0 0 0]	[0 0 0 0 0 0]
4	-0.5	8.86337661743164	2.510016679763794	2.543332099914551	1.9228450059890747	1.8871827125549316	False	[1 0 0 0 0 0 0 0 0 0 0 0]	[0 0 0 0 0 0 0 0 0 1 0 0]	[1 0 0 0 0 0]	[0 0 0 0 0 1]
4	-1.0	8.928668022155762	2.536430597305298	2.5553016662597656	1.935030221939087	1.9019063711166382	False	[0 0 0 0 0 0 0 0 0 0 0 0]	[0 0 0 0 0 0 0 0 0 0 0 0]	[0 0 0 0 0 0]	[0 0 0 0 0 0]
4	-0.5	8.862208366394043	2.5097267627716064	2.542971134185791	1.9227927923202515	1.8867170810699463	False	[1 0 0 0 0 0 0 0 0 0 0 0]	[0 0 0 0 0 0 0 0 0 1 0 0]	[1 0 0 0 0 0]	[0 0 0 0 0 1]
4	-1.0	8.9279203414917	2.5359997749328613	2.5553393363952637	1.9349253177642822	1.9016557931900024	False	[0 0 0 0 0 0 0 0 0 0 0 0]	[0 0 0 0 0 0 0 0 0 0 0 0]	[0 0 0 0 0 0]	[0 0 0 0 0 0]
