# num_workers = 7
# num_cells = 256
# seed_for_environment = 2718281
# lr = 0.0003
# max_grad_norm = 1.0
# eval_rollout_length = 30
# scaling_factor = 1000
# frames_per_batch = 500
# sub_batch_size = 64
# num_epochs = 15
# clip_epsilon = 0.2
# gamma = 0.99
# lmbda = 0.95
# entropy_eps = 0.003
# env_reward_engineering = True
# env_minimum_number_of_qubits = 8
# log_name = search_9_6_seed_2718281
# env_error_range = linear5
# env_version = qecc/bbcode-ldpc-v0
# env_bit_flipping = True
# env_l = 9
# env_m = 6
# env_use_dict_observation = True
# env_number_of_decoder_iterations = 50
# env_number_of_samples = 50
# env_code_logging = False
# model_architecture = hybrid
# model_surrogate_model_path = /vol/bitbucket/osella/rl-qecc-data//supervisedLearning/2026-07-12_21-15-58/surrogate_6x6.pth
# model_use_pretrained_encoder = True
# index_to_unfreeze_encoder_updates = 10
# encoder_lr_factor = 0.1
# training_device = cpu
# Resolved arguments:
# Resolved_env_reward_engineering = True
# Resolved_env_bit_flipping = True
# Resolved_env_useDictObservation = True
# Resolved_env_code_logging = False
# Resolved_env_error_range = [np.float64(0.0001), np.float64(0.025075), np.float64(0.05005), np.float64(0.075025), np.float64(0.1)]
# Resolved_model_use_pretrained_encoder = True
# Resolved_trainingDevice = cpu
# Resolved_model_architecture = hybrid
# Just for information, not used in actual run: SLURM CPUS queried from os environment: 96
# Number of workers: 7
# Does torch identify cuda: False
evaluation number	reward	policy entropy	policy entropy aX	policy entropy bX	policy entropy aY	policy entropy bY	Encoder freeze	postAction_aX	postAction_bX	postAction_aY	postAction_bY
0	-0.75	8.284650802612305	2.2479043006896973	2.2438154220581055	1.9134021997451782	1.8795294761657715	True	[0 0 0 0 0 1 0 0 0]	[0 1 0 0 0 0 0 0 0]	[0 0 0 1 0 0]	[0 0 0 0 1 0]
0	-1.0	8.354601860046387	2.2543115615844727	2.2729570865631104	1.9227008819580078	1.904632568359375	True	[0 0 0 0 0 0 0 0 0]	[0 0 0 0 0 0 0 0 0]	[0 0 0 0 0 0]	[0 0 0 0 0 0]
0	-0.75	8.284688949584961	2.2479686737060547	2.24591064453125	1.9131828546524048	1.8776264190673828	True	[0 0 0 0 0 1 0 0 0]	[0 1 0 0 0 0 0 0 0]	[0 0 0 1 0 0]	[0 0 0 0 1 0]
0	-1.0	8.364007949829102	2.255736827850342	2.2733099460601807	1.9265613555908203	1.9083998203277588	True	[0 0 0 0 0 0 0 0 0]	[0 0 0 0 0 0 0 0 0]	[0 0 0 0 0 0]	[0 0 0 0 0 0]
0	-0.75	8.292506217956543	2.2494468688964844	2.2485225200653076	1.914123296737671	1.8804134130477905	True	[0 0 0 0 0 1 0 0 0]	[0 1 0 0 0 0 0 0 0]	[0 0 0 1 0 0]	[0 0 0 0 1 0]
0	-0.5	8.351014137268066	2.2503604888916016	2.2698400020599365	1.9270095825195312	1.9038035869598389	True	[0 0 0 0 0 0 0 0 0]	[0 1 0 0 1 0 0 0 0]	[0 0 0 0 0 0]	[0 0 0 0 0 0]
0	-0.75	8.304277420043945	2.253366470336914	2.2490994930267334	1.9183955192565918	1.8834152221679688	True	[0 0 0 0 0 1 0 0 0]	[0 0 0 0 1 0 0 0 0]	[0 0 0 1 0 0]	[0 0 0 0 1 0]
0	-1.0	8.370174407958984	2.263904333114624	2.2706716060638428	1.9250472784042358	1.9105511903762817	True	[0 0 0 0 0 0 0 0 0]	[0 0 0 0 0 0 0 0 0]	[0 0 0 0 0 0]	[0 0 0 0 0 0]
0	-0.75	8.288581848144531	2.2473809719085693	2.247727155685425	1.9162120819091797	1.877261996269226	True	[0 0 0 0 0 1 0 0 0]	[0 1 0 0 0 0 0 0 0]	[0 0 0 1 0 0]	[0 0 0 0 1 0]
0	-1.0	8.380677223205566	2.2662723064422607	2.279409885406494	1.923213243484497	1.9117825031280518	True	[0 0 0 0 0 0 0 0 0]	[0 0 0 0 0 0 0 0 0]	[0 0 0 0 0 0]	[0 0 0 0 0 0]
0	-0.75	8.292655944824219	2.248373031616211	2.2484288215637207	1.913885235786438	1.8819694519042969	True	[0 0 0 0 0 1 0 0 0]	[0 1 0 0 0 0 0 0 0]	[0 0 0 1 0 0]	[0 0 0 0 1 0]
0	-1.0	8.367337226867676	2.257962226867676	2.27538800239563	1.9236524105072021	1.9103347063064575	True	[0 0 0 0 0 0 0 0 0]	[0 0 0 0 0 0 0 0 0]	[0 0 0 0 0 0]	[0 0 0 0 0 0]
0	-0.75	8.28778076171875	2.2471237182617188	2.2478761672973633	1.9135587215423584	1.879221796989441	True	[0 0 0 0 0 1 0 0 0]	[0 1 0 0 0 0 0 0 0]	[0 0 0 1 0 0]	[0 0 0 0 1 0]
0	-1.0	8.372322082519531	2.2663705348968506	2.274111032485962	1.9242922067642212	1.907548427581787	True	[0 0 0 0 0 0 0 0 0]	[0 0 0 0 0 0 0 0 0]	[0 0 0 0 0 0]	[0 0 0 0 0 0]
0	-0.75	8.29279899597168	2.248042583465576	2.2499477863311768	1.914138674736023	1.8806697130203247	True	[0 0 0 0 0 1 0 0 0]	[0 1 0 0 0 0 0 0 0]	[0 0 0 1 0 0]	[0 0 0 0 1 0]
0	-0.5	8.395133972167969	2.2748031616210938	2.283578872680664	1.9212430715560913	1.9155092239379883	True	[0 0 0 0 0 0 0 0 0]	[0 1 0 0 1 0 0 0 0]	[0 0 0 0 0 0]	[0 0 0 0 0 0]
0	-0.75	8.309623718261719	2.2535653114318848	2.2513267993927	1.9178385734558105	1.886892557144165	True	[0 0 0 0 0 1 0 0 0]	[0 0 0 0 1 0 0 0 0]	[0 0 0 1 0 0]	[0 0 0 0 1 0]
0	-0.5	8.346441268920898	2.2507517337799072	2.2668399810791016	1.9260270595550537	1.9028228521347046	True	[0 0 0 0 0 0 0 0 0]	[0 1 0 0 1 0 0 0 0]	[0 0 0 0 0 0]	[0 0 0 0 0 0]
0	-0.75	8.303296089172363	2.250722646713257	2.2521557807922363	1.9149788618087769	1.8854389190673828	True	[0 0 0 0 0 1 0 0 0]	[0 0 0 0 1 0 0 0 0]	[0 0 0 1 0 0]	[0 0 0 0 1 0]
0	-0.5	8.345110893249512	2.2501425743103027	2.2639660835266113	1.924041748046875	1.9069608449935913	True	[0 0 0 0 0 0 0 0 0]	[0 1 0 0 1 0 0 0 0]	[0 0 0 0 0 0]	[0 0 0 0 0 0]
0	-0.75	8.29256534576416	2.2499115467071533	2.2461578845977783	1.916373372077942	1.8801223039627075	True	[0 0 0 0 0 1 0 0 0]	[0 0 0 0 1 0 0 0 0]	[0 0 0 1 0 0]	[0 0 0 0 1 0]
0	-0.5	8.3745756149292	2.262331008911133	2.2730374336242676	1.9250372648239136	1.9141695499420166	True	[0 0 0 0 0 0 0 0 0]	[0 1 0 0 1 0 0 0 0]	[0 0 0 0 0 0]	[0 0 0 0 0 0]
0	-0.75	8.31167221069336	2.2558374404907227	2.2508392333984375	1.9196805953979492	1.885315179824829	True	[0 0 0 0 0 1 0 0 0]	[0 0 0 0 1 0 0 0 0]	[0 0 0 1 0 0]	[0 0 0 0 1 0]
0	-0.5	8.339069366455078	2.2470927238464355	2.2605161666870117	1.927682876586914	1.9037773609161377	True	[0 0 0 0 0 0 0 0 0]	[0 1 0 0 1 0 0 0 0]	[0 0 0 0 0 0]	[0 0 0 0 0 0]
0	-0.75	8.304511070251465	2.252187967300415	2.2515792846679688	1.9163291454315186	1.8844149112701416	True	[0 0 0 0 0 1 0 0 0]	[0 0 0 0 1 0 0 0 0]	[0 0 0 1 0 0]	[0 0 0 0 1 0]
0	-0.5	8.352941513061523	2.253312826156616	2.2671546936035156	1.9255584478378296	1.9069156646728516	True	[0 0 0 0 0 0 0 0 0]	[0 1 0 0 1 0 0 0 0]	[0 0 0 0 0 0]	[0 0 0 0 0 0]
0	-0.75	8.303736686706543	2.2518577575683594	2.248108386993408	1.9186675548553467	1.8851031064987183	True	[0 0 0 0 0 1 0 0 0]	[0 0 0 0 1 0 0 0 0]	[0 0 0 1 0 0]	[0 0 0 0 1 0]
0	-0.5	8.364906311035156	2.260359525680542	2.2710235118865967	1.9254933595657349	1.908029556274414	True	[0 0 0 0 0 0 0 0 0]	[0 1 0 0 1 0 0 0 0]	[0 0 0 0 0 0]	[0 0 0 0 0 0]
0	-0.75	8.306737899780273	2.2517805099487305	2.24975323677063	1.9181981086730957	1.8870062828063965	True	[0 0 0 0 0 1 0 0 0]	[0 0 0 0 1 0 0 0 0]	[0 0 0 1 0 0]	[0 0 0 0 1 0]
0	0.2750000059604645	8.375795364379883	2.264453411102295	2.272303819656372	1.927013874053955	1.9120237827301025	True	[0 0 0 0 0 1 1 0 0]	[0 1 0 0 1 0 0 0 0]	[0 0 0 0 0 0]	[0 0 0 0 0 0]
