# num_workers = 16
# num_cells = 256
# seed_for_environment = 460101
# lr = 0.0003
# max_grad_norm = 1.0
# eval_rollout_length = 30
# scaling_factor = 1000
# frames_per_batch = 500
# sub_batch_size = 64
# num_epochs = 15
# clip_epsilon = 0.2
# gamma = 0.99
# lmbda = 0.95
# entropy_eps = 0.003
# env_reward_engineering = True
# env_minimum_number_of_qubits = 8
# log_name = None
# env_version = qecc/bbcode-ldpc-v0
# env_bit_flipping = True
# env_l = 9
# env_m = 6
# env_use_dict_observation = True
# env_number_of_decoder_iterations = 50
# env_number_of_samples = 50
# env_code_logging = False
# model_architecture = hybrid
# model_surrogate_model_path = /vol/bitbucket/osella/rl-qecc-data//supervisedLearning/2026-07-12_10-56-04/surrogate_6x6.pth
# index_to_unfreeze_encoder_updates = 20
# encoder_lr_factor = 0.1
# training_device = cuda
# Resolved arguments:
# Resolved_env_reward_engineering = True
# Resolved_env_bit_flipping = True
# Resolved_env_useDictObservation = True
# Resolved_env_code_logging = False
# Resolved_trainingDevice = cuda
# Resolved_model_architecture = hybrid
# Number of workers: 16
# Does torch identify cuda: True
evaluation number	reward	policy entropy	policy entropy aX	policy entropy bX	policy entropy aY	policy entropy bY	Encoder freeze
0	-1.0	8.38244342803955	2.272596836090088	2.2801036834716797	1.928910493850708	1.900831937789917	True
0	-1.0	8.420104026794434	2.2833237648010254	2.2926015853881836	1.9339275360107422	1.910251259803772	True
0	-1.0	8.437363624572754	2.294936418533325	2.2923359870910645	1.9312348365783691	1.9188563823699951	True
0	-1.0	8.441690444946289	2.2899348735809326	2.2947826385498047	1.938255786895752	1.918717622756958	True
0	-1.0	8.456073760986328	2.27854061126709	2.2997312545776367	1.9425077438354492	1.9352941513061523	True
0	-1.0	8.429283142089844	2.2898335456848145	2.2922253608703613	1.93455171585083	1.9126720428466797	True
0	-0.5	8.450197219848633	2.2741618156433105	2.299652576446533	1.9429278373718262	1.933455228805542	True
0	-1.0	8.43774127960205	2.283463954925537	2.2934679985046387	1.9352130889892578	1.9255962371826172	True
0	-1.0	8.434326171875	2.2794981002807617	2.2938613891601562	1.9388948678970337	1.922072410583496	True
0	-1.0	8.43916130065918	2.275434732437134	2.2966017723083496	1.9377937316894531	1.9293310642242432	True
0	-0.75	8.437976837158203	2.282449245452881	2.2931838035583496	1.9374322891235352	1.9249111413955688	True
0	-0.25	8.43766975402832	2.2873659133911133	2.2927064895629883	1.9395182132720947	1.9180798530578613	True
0	-0.5	8.409017562866211	2.2841062545776367	2.2811331748962402	1.9244354963302612	1.919343113899231	True
0	-0.75	8.40980339050293	2.2878804206848145	2.2831850051879883	1.9306275844573975	1.9081101417541504	True
0	-0.5	8.45454216003418	2.28351092338562	2.2966253757476807	1.9375436305999756	1.936861515045166	True
0	-0.75	8.438898086547852	2.287874698638916	2.2938404083251953	1.9377784729003906	1.919405221939087	True
0	-0.25	8.454524040222168	2.2840218544006348	2.2954840660095215	1.9389628171920776	1.936055302619934	True
0	-0.75	8.428882598876953	2.2901744842529297	2.2904348373413086	1.9337948560714722	1.914478063583374	True
0	-0.5	8.459489822387695	2.286592960357666	2.299021005630493	1.935697078704834	1.938178539276123	True
0	-0.75	8.44052505493164	2.290046215057373	2.2931387424468994	1.9349360466003418	1.922404170036316	True
0	-0.25	8.451873779296875	2.2830753326416016	2.2940964698791504	1.937774658203125	1.9369268417358398	True
0	-0.75	8.43152904510498	2.2902908325195312	2.2919435501098633	1.9360437393188477	1.9132508039474487	True
0	-0.5	8.460466384887695	2.287696361541748	2.2987191677093506	1.9356083869934082	1.9384430646896362	True
0	-0.75	8.442176818847656	2.291037082672119	2.291872501373291	1.9359608888626099	1.9233062267303467	True
0	-0.25	8.45610237121582	2.283351421356201	2.2969884872436523	1.936997413635254	1.9387657642364502	True
0	-0.25	8.42539119720459	2.2906532287597656	2.285193920135498	1.937546968460083	1.9119973182678223	True
0	-0.5	8.41735553741455	2.2857298851013184	2.285628318786621	1.922322392463684	1.9236751794815063	True
0	-0.75	8.421051979064941	2.2909955978393555	2.290057897567749	1.9302815198898315	1.9097167253494263	True
0	-0.75	8.453329086303711	2.281395196914673	2.2963762283325195	1.9375535249710083	1.9380046129226685	True
0	-0.5	8.440742492675781	2.2894906997680664	2.2969770431518555	1.937568187713623	1.9167060852050781	True
1	-0.75	7.623248100280762	2.1064000129699707	2.1054975986480713	1.689143419265747	1.7222068309783936	True
1	0.125	7.438685417175293	2.0282833576202393	2.2353169918060303	1.7996277809143066	1.3754574060440063	True
1	-0.75	7.651791572570801	2.1017508506774902	2.137491226196289	1.6938575506210327	1.7186915874481201	True
1	0.11749999970197678	7.5092854499816895	2.055051565170288	2.234588146209717	1.806569218635559	1.4130765199661255	True
1	-0.75	7.656033039093018	2.0901832580566406	2.1306142807006836	1.7034292221069336	1.7318062782287598	True
1	0.125	7.344673156738281	1.9984443187713623	2.209294319152832	1.777289628982544	1.359644889831543	True
1	-0.75	7.609099864959717	2.088989734649658	2.1710362434387207	1.7236456871032715	1.6254281997680664	True
1	-0.75	7.623936176300049	2.1930642127990723	2.08182430267334	1.7259440422058105	1.6231036186218262	True
1	-0.75	7.784607887268066	2.1829781532287598	2.2482290267944336	1.8614938259124756	1.4919071197509766	True
1	-0.75	7.52683162689209	2.110445976257324	2.2288944721221924	1.8148287534713745	1.3726623058319092	True
1	-0.75	7.721518516540527	2.171630859375	2.2458717823028564	1.8469340801239014	1.4570815563201904	True
1	-0.75	7.537257194519043	2.115912914276123	2.2113022804260254	1.8131394386291504	1.3969027996063232	True
1	-0.75	7.73968505859375	2.17742919921875	2.2421669960021973	1.847849726676941	1.4722392559051514	True
1	-0.75	7.537402153015137	2.1269631385803223	2.2230091094970703	1.8352645635604858	1.3521654605865479	True
1	-0.75	7.757429122924805	2.1859865188598633	2.2457313537597656	1.8429381847381592	1.4827728271484375	True
1	-0.75	7.467977523803711	2.0917646884918213	2.20839786529541	1.819888949394226	1.3479259014129639	True
1	-0.75	7.834722518920898	2.1983959674835205	2.253427028656006	1.8612916469573975	1.5216079950332642	True
1	-0.5	7.534499168395996	2.119769334793091	2.211256980895996	1.8156383037567139	1.3878346681594849	True
1	-0.75	7.546382427215576	2.1498641967773438	2.2021398544311523	1.8031806945800781	1.391197681427002	True
1	-0.5	7.50557804107666	2.065432071685791	2.2317333221435547	1.811246395111084	1.3971662521362305	True
1	-0.75	7.658244609832764	2.1547207832336426	2.2248668670654297	1.8338147401809692	1.4448422193527222	True
1	0.11749999970197678	7.520196914672852	2.0658211708068848	2.231917381286621	1.8010432720184326	1.4214153289794922	True
1	-0.75	7.676631927490234	2.116830825805664	2.122929573059082	1.6940133571624756	1.7428581714630127	True
1	0.14000000059604645	7.363121509552002	2.0704407691955566	2.1911580562591553	1.7838921546936035	1.3176305294036865	True
1	0.23000000417232513	7.737246990203857	2.102515697479248	2.1816039085388184	1.7968454360961914	1.6562819480895996	True
1	0.1599999964237213	7.370114326477051	2.1088972091674805	1.9849165678024292	1.6924160718917847	1.583884358406067	True
1	0.125	7.763848781585693	2.1126608848571777	2.1879987716674805	1.7975784540176392	1.665610671043396	True
1	-0.25	6.993212699890137	2.0934865474700928	1.6492787599563599	1.6002755165100098	1.6501716375350952	True
1	-0.25	7.459516525268555	2.1802773475646973	1.9598647356033325	1.7143361568450928	1.6050386428833008	True
1	-0.75	7.2088470458984375	2.107847213745117	2.0204739570617676	1.612194299697876	1.4683316946029663	True
2	0.12250000238418579	5.6294846534729	1.5172195434570312	1.643540859222412	1.3150417804718018	1.1536824703216553	False
2	0.125	5.737601280212402	1.5819616317749023	1.6698179244995117	1.1897599697113037	1.2960621118545532	False
2	0.16500000655651093	5.649421691894531	1.4389312267303467	1.6250271797180176	1.3139598369598389	1.271503210067749	False
2	0.125	6.139786243438721	1.5852835178375244	1.7417411804199219	1.3434362411499023	1.469325304031372	False
2	0.13500000536441803	5.648930549621582	1.420531153678894	1.621140718460083	1.3235021829605103	1.2837566137313843	False
2	0.12999999523162842	6.12896728515625	1.5983002185821533	1.7151062488555908	1.3476006984710693	1.4679598808288574	False
2	0.14000000059604645	5.656500339508057	1.419040322303772	1.6285094022750854	1.3557891845703125	1.2531614303588867	False
2	0.125	5.856154441833496	1.5381221771240234	1.644290804862976	1.2461304664611816	1.427611231803894	False
2	0.13249999284744263	5.701920986175537	1.4691685438156128	1.6212735176086426	1.333172082901001	1.2783070802688599	False
2	0.12999999523162842	6.157649517059326	1.5816999673843384	1.7170943021774292	1.4093964099884033	1.4494588375091553	False
2	0.14249999821186066	5.616568565368652	1.443429946899414	1.6037168502807617	1.2840341329574585	1.2853875160217285	False
2	0.125	5.682327747344971	1.5467569828033447	1.5920439958572388	1.1809073686599731	1.362619161605835	False
2	0.1550000011920929	5.6696553230285645	1.4776911735534668	1.6316425800323486	1.292637825012207	1.2676836252212524	False
2	0.12250000238418579	6.3209123611450195	1.7070530652999878	1.764346957206726	1.3517708778381348	1.4977413415908813	False
2	0.14000000059604645	5.63521671295166	1.4636917114257812	1.619399905204773	1.2805274724960327	1.2715973854064941	False
2	0.12250000238418579	6.103758811950684	1.6505194902420044	1.676558494567871	1.3125144243240356	1.4641664028167725	False
2	0.13500000536441803	5.554601669311523	1.42776620388031	1.5913171768188477	1.287513256072998	1.2480049133300781	False
2	0.11999999731779099	6.072070598602295	1.616222858428955	1.6395235061645508	1.349036693572998	1.467287540435791	False
2	0.12999999523162842	5.437026500701904	1.4037208557128906	1.5272160768508911	1.2480489015579224	1.2580406665802002	False
2	0.12999999523162842	6.063458442687988	1.589397668838501	1.6839072704315186	1.34171724319458	1.4484362602233887	False
2	0.1274999976158142	5.679534912109375	1.438990831375122	1.6344780921936035	1.3346750736236572	1.2713911533355713	False
2	0.125	6.1436591148376465	1.6287105083465576	1.7044742107391357	1.365622639656067	1.4448516368865967	False
2	0.14249999821186066	5.662482261657715	1.4622085094451904	1.6098880767822266	1.3192775249481201	1.2711080312728882	False
2	0.12250000238418579	5.905148506164551	1.5000276565551758	1.6588990688323975	1.3146073818206787	1.431614637374878	False
2	0.12250000238418579	5.546451568603516	1.4964791536331177	1.6088745594024658	1.303392767906189	1.1377050876617432	False
2	0.12250000238418579	5.6155500411987305	1.6097378730773926	1.6412925720214844	1.1010410785675049	1.2634782791137695	False
2	0.12250000238418579	5.513117790222168	1.46412193775177	1.5959216356277466	1.329742193222046	1.1233316659927368	False
2	0.125	5.719161510467529	1.5853749513626099	1.682222843170166	1.184337854385376	1.267225742340088	False
2	0.125	5.387990951538086	1.457366704940796	1.5714720487594604	1.2233364582061768	1.1358156204223633	False
2	0.12250000238418579	5.688082695007324	1.5532150268554688	1.6665050983428955	1.1827739477157593	1.2855885028839111	False
3	0.11999999731779099	5.072983741760254	0.5968919992446899	1.9554399251937866	1.0351319313049316	1.4855201244354248	False
3	0.125	4.692587852478027	0.7253409624099731	1.7934226989746094	0.7160215973854065	1.457802414894104	False
3	0.2150000035762787	5.455212593078613	0.7521741390228271	1.9402143955230713	1.213119626045227	1.5497044324874878	False
3	0.1274999976158142	4.847522735595703	1.3236565589904785	1.6869933605194092	0.34529873728752136	1.4915738105773926	False
3	0.1850000023841858	4.524536609649658	0.5915098190307617	1.7003259658813477	0.7909912467002869	1.4417095184326172	False
3	0.125	4.922932147979736	1.3064191341400146	1.709235429763794	0.4015182554721832	1.5057592391967773	False
3	0.19499999284744263	4.5644211769104	0.6196098327636719	1.7228131294250488	0.7878942489624023	1.4341038465499878	False
3	0.125	4.88265323638916	1.3143032789230347	1.701479434967041	0.3459082841873169	1.5209623575210571	False
3	0.16500000655651093	4.487094402313232	0.5763342380523682	1.6921775341033936	0.7871866226196289	1.4313960075378418	False
3	0.11999999731779099	4.684567928314209	1.2545762062072754	1.6636605262756348	0.35647836327552795	1.4098528623580933	False
3	0.17499999701976776	4.632973670959473	0.581159770488739	1.7295684814453125	0.8839306831359863	1.43831467628479	False
3	0.125	4.610633850097656	1.1830958127975464	1.677213191986084	0.338176965713501	1.4121477603912354	False
3	0.20499999821186066	4.615554332733154	0.5585935115814209	1.7675070762634277	0.8448172807693481	1.4446364641189575	False
3	0.1274999976158142	5.001951217651367	1.3381383419036865	1.7113571166992188	0.3964634835720062	1.5559921264648438	False
3	0.20000000298023224	4.477582931518555	0.5577682256698608	1.7269750833511353	0.7553662657737732	1.4374730587005615	False
3	0.12250000238418579	4.864062786102295	1.3577830791473389	1.6897892951965332	0.3515065908432007	1.4649839401245117	False
3	0.2199999988079071	4.479605674743652	0.6070230007171631	1.6741324663162231	0.7627813816070557	1.4356688261032104	False
3	0.125	4.843293190002441	1.235992431640625	1.7167081832885742	0.36373069882392883	1.5268616676330566	False
3	0.2199999988079071	4.442507743835449	0.6263432502746582	1.6745338439941406	0.7418884038925171	1.3997422456741333	False
3	0.12250000238418579	4.707301139831543	1.2371076345443726	1.6793770790100098	0.3499540686607361	1.4408625364303589	False
3	0.1850000023841858	4.56801176071167	0.599360466003418	1.708000898361206	0.8385139107704163	1.4221365451812744	False
3	0.12999999523162842	4.814947605133057	1.2830454111099243	1.6924246549606323	0.34667110443115234	1.4928065538406372	False
3	0.22499999403953552	4.429164409637451	0.5701888203620911	1.6720004081726074	0.8011372089385986	1.3858381509780884	False
3	0.125	4.880091667175293	1.2818782329559326	1.7489023208618164	0.3414878249168396	1.5078232288360596	False
3	0.20000000298023224	4.422399997711182	0.5948778390884399	1.6608645915985107	0.7541704177856445	1.412487268447876	False
3	0.125	5.134641647338867	1.3879183530807495	1.7585842609405518	0.41392096877098083	1.5742182731628418	False
3	0.20000000298023224	4.507623672485352	0.6179440021514893	1.692418098449707	0.7645611763000488	1.432700276374817	False
3	0.125	4.8036651611328125	1.2034335136413574	1.7378134727478027	0.3595736026763916	1.5028443336486816	False
3	0.1850000023841858	4.36676025390625	0.5633829236030579	1.663484811782837	0.7359749674797058	1.4039177894592285	False
3	0.11749999970197678	4.884157657623291	1.3076903820037842	1.7066242694854736	0.36714112758636475	1.502701997756958	False
4	0.12250000238418579	3.7496490478515625	0.5427142977714539	1.5280826091766357	0.3976391553878784	1.2812129259109497	False
4	0.11999999731779099	4.063076972961426	0.6388519406318665	1.6548515558242798	0.4597535729408264	1.3096199035644531	False
4	0.14749999344348907	3.5965254306793213	0.5293964743614197	1.4873902797698975	0.3698588013648987	1.2098798751831055	False
4	0.12250000238418579	3.77512788772583	0.6338378190994263	1.4879615306854248	0.42521631717681885	1.2281122207641602	False
4	0.12250000238418579	3.411457061767578	0.5313104391098022	1.407989740371704	0.29283493757247925	1.1793221235275269	False
4	0.1274999976158142	3.5573983192443848	0.6586780548095703	1.3855700492858887	0.32058459520339966	1.192565679550171	False
4	0.1599999964237213	3.850703239440918	0.5230341553688049	1.698344111442566	0.3305094838142395	1.2988156080245972	False
4	0.11999999731779099	4.236237525939941	0.707582414150238	1.7106772661209106	0.4104359745979309	1.4075417518615723	False
4	0.125	3.6716198921203613	0.5054705142974854	1.5290228128433228	0.3934902250766754	1.2436362504959106	False
4	0.125	3.1352572441101074	0.6389170289039612	1.1498996019363403	0.2916964590549469	1.0547441244125366	False
4	0.13500000536441803	4.081823825836182	0.6057257652282715	1.7137153148651123	0.43097493052482605	1.331407904624939	False
4	0.11999999731779099	4.443863868713379	0.6925079822540283	1.7415263652801514	0.5457866191864014	1.464043140411377	False
4	0.125	3.5726542472839355	0.5212867856025696	1.5038082599639893	0.3340579569339752	1.2135013341903687	False
4	0.125	3.1345314979553223	0.6352828741073608	1.139713168144226	0.3065483868122101	1.0529873371124268	False
4	0.14000000059604645	4.196203231811523	0.6250507831573486	1.7317242622375488	0.48108813166618347	1.3583396673202515	False
4	0.11999999731779099	3.883890390396118	0.6472416520118713	1.5887447595596313	0.37059664726257324	1.2773075103759766	False
4	0.1550000011920929	3.0619943141937256	0.4967464506626129	1.230383038520813	0.2650759816169739	1.0697886943817139	False
4	0.11999999731779099	3.461174249649048	0.5617516040802002	1.4244259595870972	0.3051624894142151	1.1698343753814697	False
4	0.12250000238418579	3.5091142654418945	0.5204422473907471	1.4802958965301514	0.3096090257167816	1.198766827583313	False
4	0.12250000238418579	3.250091552734375	0.6474262475967407	1.1986801624298096	0.304480642080307	1.0995044708251953	False
4	0.17000000178813934	4.179861068725586	0.627700686454773	1.7412517070770264	0.44871798157691956	1.3621904850006104	False
4	0.11999999731779099	3.900599956512451	0.6380770802497864	1.5787465572357178	0.3555663526058197	1.3282101154327393	False
4	0.12250000238418579	3.2574689388275146	0.5137735605239868	1.2857282161712646	0.2959432005882263	1.1620240211486816	False
4	0.125	2.9736156463623047	0.6014142036437988	1.134037733078003	0.23177427053451538	1.0063893795013428	False
4	0.1550000011920929	3.6843552589416504	0.5070993900299072	1.639898657798767	0.294270783662796	1.2430864572525024	False
4	0.12250000238418579	3.793205976486206	0.6345497965812683	1.5189155340194702	0.4242812395095825	1.2154593467712402	False
4	0.1274999976158142	3.635723829269409	0.5189180374145508	1.5073537826538086	0.38271114230155945	1.226740837097168	False
4	0.12250000238418579	3.2742836475372314	0.6208124160766602	1.2311177253723145	0.3070184588432312	1.1153349876403809	False
4	0.16500000655651093	4.03297758102417	0.5897589325904846	1.723995566368103	0.4004369378089905	1.3187862634658813	False
4	0.11749999970197678	4.242410659790039	0.7085658311843872	1.675113558769226	0.5161535739898682	1.3425778150558472	False
5	0.13249999284744263	3.804638147354126	0.45506301522254944	1.76675546169281	0.8134676218032837	0.7693520784378052	False
5	0.11749999970197678	4.536341667175293	0.5858690142631531	1.8551262617111206	0.9007633328437805	1.1945830583572388	False
5	0.13500000536441803	3.904259204864502	0.4236811399459839	1.7916460037231445	0.8292791843414307	0.8596528768539429	False
5	0.125	4.562220573425293	0.6190589070320129	1.8676754236221313	0.9043608903884888	1.1711252927780151	False
5	0.13249999284744263	3.8434786796569824	0.4542968273162842	1.7564847469329834	0.8368709087371826	0.7958261966705322	False
5	0.11749999970197678	4.571558952331543	0.6644188761711121	1.8499011993408203	0.9110115766525269	1.1462275981903076	False
5	0.13500000536441803	3.773085117340088	0.42628011107444763	1.738466739654541	0.8290168046951294	0.7793214321136475	False
5	0.12250000238418579	4.63919734954834	0.6089495420455933	1.8973417282104492	0.9018803834915161	1.2310259342193604	False
5	0.125	3.766658306121826	0.4285610318183899	1.7488152980804443	0.8253824710845947	0.7638996839523315	False
5	0.125	4.544530868530273	0.6025902628898621	1.846222996711731	0.9442614316940308	1.1514564752578735	False
5	0.12250000238418579	3.4366700649261475	0.7479684352874756	1.5092488527297974	0.773714005947113	0.4057387113571167	False
5	-0.25	4.352151870727539	1.4871866703033447	1.6879222393035889	0.29475677013397217	0.8822860717773438	False
5	0.2849999964237213	3.410274028778076	0.5985851883888245	1.4693095684051514	0.6342462301254272	0.7081331014633179	False
5	-0.25	4.213678359985352	0.5470324754714966	1.6573634147644043	0.940340518951416	1.0689421892166138	False
5	0.23499999940395355	3.5105464458465576	0.6324813365936279	1.5193060636520386	0.6572895646095276	0.7014695405960083	False
5	-0.25	4.239566802978516	0.5121676921844482	1.7548519372940063	0.9402474164962769	1.0322996377944946	False
5	0.2800000011920929	3.399141311645508	0.5627340078353882	1.4807815551757812	0.6437674760818481	0.7118583917617798	False
5	-0.25	3.9087986946105957	0.5240820050239563	1.6244566440582275	0.8405794501304626	0.9196805357933044	False
5	0.22499999403953552	3.275960922241211	0.5871334075927734	1.4394254684448242	0.6332663297653198	0.6161357164382935	False
5	-0.25	4.300167083740234	0.5435613393783569	1.6768183708190918	0.9970567226409912	1.082730770111084	False
5	0.2549999952316284	3.3591818809509277	0.577752947807312	1.5272338390350342	0.5759117603302002	0.6782832741737366	False
5	-0.25	4.347568511962891	0.5177152752876282	1.7192316055297852	0.9282400608062744	1.182381510734558	False
5	0.26499998569488525	3.621983289718628	0.6012297868728638	1.5547268390655518	0.6296826601028442	0.8363440036773682	False
5	-0.25	4.187386512756348	0.6092753410339355	1.758957862854004	0.8787294626235962	0.9404239654541016	False
5	0.23000000417232513	3.5691511631011963	0.6081970930099487	1.5419836044311523	0.6422845721244812	0.7766859531402588	False
5	-0.25	4.091157913208008	0.5780130624771118	1.653733491897583	0.9533653259277344	0.9060459733009338	False
5	0.25	3.3305532932281494	0.5422767400741577	1.4911125898361206	0.5814726948738098	0.715691089630127	False
5	-0.25	4.2582502365112305	0.5447771549224854	1.701479434967041	0.9806274175643921	1.0313661098480225	False
5	0.23499999940395355	3.525766611099243	0.5616862773895264	1.553900957107544	0.6277647614479065	0.7824147343635559	False
5	-0.25	4.259798049926758	0.5531867146492004	1.7712461948394775	0.9245760440826416	1.0107892751693726	False
6	0.23499999940395355	3.50454044342041	0.35797226428985596	1.756330966949463	0.6300044059753418	0.7602328062057495	False
6	0.11999999731779099	3.845613956451416	1.3198261260986328	1.8081319332122803	0.0660528615117073	0.6516028642654419	False
6	-0.25	3.471733808517456	0.5031718015670776	1.6439458131790161	0.6719228029251099	0.6526933312416077	False
6	0.11999999731779099	4.514115333557129	1.1912145614624023	1.909729242324829	0.7445814609527588	0.6685898303985596	False
6	-0.25	3.4713821411132812	0.523586630821228	1.6601815223693848	0.6667494773864746	0.6208643913269043	False
6	0.1274999976158142	4.65571403503418	1.3719513416290283	1.9417765140533447	0.7632303237915039	0.5787562131881714	False
6	-0.25	3.49560284614563	0.5701008439064026	1.6613320112228394	0.6877033710479736	0.5764665603637695	False
6	0.12999999523162842	4.70151424407959	1.3742942810058594	1.924206018447876	0.7667055726051331	0.6363081932067871	False
6	-0.25	3.499630928039551	0.5781551599502563	1.7088210582733154	0.6647642850875854	0.5478904247283936	False
6	0.125	4.674006462097168	1.2731449604034424	1.958103895187378	0.7508360147476196	0.6919217109680176	False
6	-0.25	3.409613609313965	0.5673498511314392	1.6276839971542358	0.6255645155906677	0.5890152454376221	False
6	0.12250000238418579	4.7024946212768555	1.2307860851287842	1.926263451576233	0.7481725215911865	0.7972724437713623	False
6	-0.25	3.4506993293762207	0.5856345891952515	1.6799825429916382	0.6410176753997803	0.5440646409988403	False
6	0.12999999523162842	4.733898162841797	1.3761413097381592	1.921147346496582	0.7762918472290039	0.6603174209594727	False
6	-0.25	3.537707805633545	0.5816243290901184	1.6858097314834595	0.675119161605835	0.5951545834541321	False
6	0.125	4.57625150680542	1.324339509010315	1.9244108200073242	0.7579431533813477	0.5695581436157227	False
6	-0.25	3.4573283195495605	0.5648224353790283	1.6474127769470215	0.6738299131393433	0.5712630748748779	False
6	0.11999999731779099	4.257195472717285	1.1455485820770264	1.8775113821029663	0.7180696129798889	0.5160658359527588	False
6	-0.25	3.4158952236175537	0.5712273120880127	1.653951644897461	0.6600699424743652	0.5306463241577148	False
6	-0.25	4.577314376831055	1.2392579317092896	1.9174672365188599	0.7353342175483704	0.6852547526359558	False
6	-0.25	3.6264517307281494	0.8220874071121216	1.6407647132873535	0.4924117922782898	0.6711878776550293	False
6	0.125	4.183465957641602	0.9759959578514099	1.8706109523773193	0.7664288282394409	0.5704303979873657	False
6	-0.25	3.4259767532348633	0.536342203617096	1.5724369287490845	0.6579281091690063	0.6592695116996765	False
6	0.12250000238418579	4.832446098327637	1.3827738761901855	1.97174072265625	0.7446967959403992	0.7332346439361572	False
6	-0.25	3.4662091732025146	0.5676413178443909	1.6414958238601685	0.664894700050354	0.5921772718429565	False
6	0.12999999523162842	4.629635810852051	1.3212175369262695	1.930222511291504	0.7476685047149658	0.6305270195007324	False
6	-0.25	3.399897575378418	0.5049620866775513	1.5766127109527588	0.6611276865005493	0.6571950912475586	False
6	0.13500000536441803	4.782607555389404	1.3665435314178467	1.9303247928619385	0.7609784603118896	0.7247608304023743	False
6	-0.25	3.4713375568389893	0.5638507604598999	1.6247756481170654	0.6784900426864624	0.6042211055755615	False
6	0.11999999731779099	4.595843315124512	1.3481801748275757	1.891172170639038	0.7600386142730713	0.5964525938034058	False
7	0.25999999046325684	3.190427780151367	0.33711880445480347	1.8937166929244995	0.26730862259864807	0.6922838687896729	False
7	-0.25	3.4692649841308594	0.7166323661804199	1.9940906763076782	0.21208393573760986	0.5464580655097961	False
7	0.2199999988079071	3.4758660793304443	0.6698108911514282	1.998741865158081	0.45680058002471924	0.35051265358924866	False
7	-0.25	3.4361469745635986	0.7550320625305176	1.9583427906036377	0.2061360627412796	0.5166360139846802	False
7	0.2199999988079071	3.5429189205169678	0.5868000984191895	1.9843968152999878	0.5523677468299866	0.41935431957244873	False
7	-0.25	3.462164878845215	0.6937241554260254	1.9908252954483032	0.23192691802978516	0.5456884503364563	False
7	0.20499999821186066	3.5721118450164795	0.6140482425689697	1.9864318370819092	0.5270066261291504	0.4446250796318054	False
7	-0.25	3.592176914215088	0.6528922319412231	1.9683384895324707	0.314925879240036	0.6560202240943909	False
7	0.24500000476837158	3.6187331676483154	0.5488682985305786	1.958648920059204	0.6389346718788147	0.47228121757507324	False
7	-0.25	3.6138508319854736	0.6404708027839661	1.9767569303512573	0.355490118265152	0.6411328315734863	False
7	0.1850000023841858	3.679373025894165	0.59022057056427	1.98354172706604	0.6542540788650513	0.4513567090034485	False
7	-0.25	3.529212474822998	0.5141539573669434	1.9668200016021729	0.369505375623703	0.6787330508232117	False
7	0.2199999988079071	3.621300458908081	0.580111026763916	1.9815071821212769	0.6430096626281738	0.41667264699935913	False
7	-0.25	3.5968384742736816	0.5802133083343506	1.9895737171173096	0.38232770562171936	0.6447237730026245	False
7	0.23999999463558197	3.577117681503296	0.5702053308486938	1.9780826568603516	0.5628160238265991	0.46601366996765137	False
7	-0.25	3.5441527366638184	0.4309936761856079	1.8964074850082397	0.4941483736038208	0.7226031422615051	False
7	0.2150000035762787	3.5709595680236816	0.594702959060669	1.9760136604309082	0.5289333462715149	0.471309632062912	False
7	-0.25	3.4488630294799805	0.7346843481063843	1.9695954322814941	0.19548824429512024	0.5490950345993042	False
7	0.23000000417232513	3.5206074714660645	0.5389427542686462	1.96165931224823	0.5588272213935852	0.4611782431602478	False
7	-0.25	3.5158634185791016	0.7174279689788818	1.978564739227295	0.22861558198928833	0.5912550687789917	False
7	0.19499999284744263	3.557192087173462	0.6374231576919556	1.9968432188034058	0.5141823887825012	0.4087432026863098	False
7	-0.25	3.53125262260437	0.7981566786766052	1.9576784372329712	0.23616036772727966	0.5392571091651917	False
7	0.17499999701976776	3.544421434402466	0.549882173538208	1.9793330430984497	0.5858948826789856	0.42931145429611206	False
7	-0.25	3.5257883071899414	0.6015710234642029	1.9708396196365356	0.3278035521507263	0.6255739331245422	False
7	0.23000000417232513	3.5669636726379395	0.5852138996124268	1.9834102392196655	0.5723479986190796	0.42599135637283325	False
7	-0.25	3.4953060150146484	0.7086975574493408	1.9897258281707764	0.250744491815567	0.546138346195221	False
7	0.20999999344348907	3.7330470085144043	0.6931918263435364	2.020575523376465	0.5803579092025757	0.43892160058021545	False
7	-0.25	3.50237774848938	0.7497490644454956	1.956541895866394	0.23911508917808533	0.556971549987793	False
7	0.24500000476837158	3.630464553833008	0.642507016658783	2.0103704929351807	0.5518829822540283	0.4257040023803711	False
7	-0.25	3.5164084434509277	0.7738642692565918	1.989990234375	0.2214386761188507	0.5311153531074524	False
8	0.23999999463558197	3.3835649490356445	1.1828620433807373	1.800513505935669	0.053233832120895386	0.34695565700531006	False
8	0.125	3.9908699989318848	1.2693209648132324	1.9642748832702637	0.08664974570274353	0.6706242561340332	False
8	0.1274999976158142	3.9786672592163086	1.312436580657959	1.876128911972046	0.20745545625686646	0.582646369934082	False
8	0.1274999976158142	3.736464500427246	1.244573712348938	1.9635266065597534	0.04883727431297302	0.4795268476009369	False
8	0.1599999964237213	3.714801788330078	1.320681095123291	1.9406988620758057	0.0556274838745594	0.3977941870689392	False
8	0.11999999731779099	3.9646360874176025	1.3032610416412354	1.9327216148376465	0.12347322702407837	0.6051803827285767	False
8	0.125	4.030337810516357	1.3146278858184814	1.9337539672851562	0.1355130672454834	0.6464428901672363	False
8	0.12250000238418579	3.8580496311187744	1.2568621635437012	1.9615317583084106	0.026804640889167786	0.6128510236740112	False
8	0.22499999403953552	4.068324089050293	1.3485426902770996	1.9638522863388062	0.11392726749181747	0.6420018672943115	False
8	0.13500000536441803	3.9756016731262207	1.263976812362671	1.9668824672698975	0.0628679022192955	0.6818745136260986	False
8	0.22499999403953552	4.052834987640381	1.3344638347625732	1.9462380409240723	0.14010943472385406	0.6320239305496216	False
8	0.12250000238418579	3.956773281097412	1.2496514320373535	1.934332013130188	0.12569081783294678	0.6470991373062134	False
8	0.14499999582767487	3.987532377243042	1.35127592086792	1.8793749809265137	0.19507694244384766	0.5618045330047607	False
8	0.11999999731779099	4.055375576019287	1.2851283550262451	1.9756548404693604	0.08429329097270966	0.7102990746498108	False
8	0.20999999344348907	4.066141605377197	1.315154790878296	1.9576361179351807	0.12007054686546326	0.6732802391052246	False
8	0.12999999523162842	4.067435264587402	1.29446542263031	1.9677571058273315	0.09702549874782562	0.7081869840621948	False
8	0.17499999701976776	4.027882099151611	1.3272733688354492	1.9150924682617188	0.16482873260974884	0.6206876039505005	False
8	0.125	3.989445209503174	1.2011655569076538	1.9576690196990967	0.09428363293409348	0.736327052116394	False
8	0.17000000178813934	3.9674973487854004	1.2724838256835938	1.9377095699310303	0.11087293922901154	0.646431028842926	False
8	0.125	4.041286945343018	1.24332594871521	1.9350192546844482	0.12964141368865967	0.7333004474639893	False
8	0.18000000715255737	4.063218593597412	1.3448421955108643	1.969537615776062	0.11785779893398285	0.6309808492660522	False
8	0.12999999523162842	4.027815341949463	1.2546050548553467	1.957377314567566	0.11493246257305145	0.7009004354476929	False
8	0.19499999284744263	3.838676691055298	1.259218454360962	1.8757431507110596	0.15167289972305298	0.5520423054695129	False
8	0.13249999284744263	4.034207344055176	1.3055915832519531	1.967878818511963	0.0945059061050415	0.666231095790863	False
8	0.17499999701976776	3.8603410720825195	1.2540318965911865	1.853722095489502	0.1711813062429428	0.5814056992530823	False
8	-0.25	3.988093852996826	1.2206408977508545	1.9576466083526611	0.08884978294372559	0.7209566831588745	False
8	0.23000000417232513	3.76999831199646	1.1957756280899048	1.9121023416519165	0.3118780255317688	0.3502422571182251	False
8	0.11749999970197678	3.989948272705078	1.2622911930084229	1.9686907529830933	0.10366982221603394	0.6552964448928833	False
8	0.16500000655651093	4.019845008850098	1.3239448070526123	1.9060790538787842	0.19221600890159607	0.5976052284240723	False
8	0.12999999523162842	3.9415671825408936	1.22409987449646	1.9494324922561646	0.09386512637138367	0.674169659614563	False
9	0.22499999403953552	2.9201583862304688	1.2340248823165894	1.5373183488845825	0.031127450987696648	0.11768767982721329	False
9	0.125	3.7551279067993164	1.3801815509796143	1.8364673852920532	0.027756374329328537	0.5107226371765137	False
9	0.1274999976158142	3.5281639099121094	1.412856101989746	1.6967966556549072	0.1671515256166458	0.2513594329357147	False
9	0.125	3.374854326248169	1.2716238498687744	1.8334964513778687	0.011890836991369724	0.2578432261943817	False
9	0.20999999344348907	3.646862745285034	1.4404306411743164	1.7980201244354248	0.07990259677171707	0.3285094201564789	False
9	0.125	3.6482925415039062	1.3780041933059692	1.8062310218811035	0.0665443167090416	0.3975127935409546	False
9	0.17499999701976776	3.5732126235961914	1.415744662284851	1.731447458267212	0.07778860628604889	0.3482319712638855	False
9	0.125	3.5749495029449463	1.3553227186203003	1.820584774017334	0.05362836271524429	0.3454137444496155	False
9	0.11999999731779099	3.5101003646850586	1.440810203552246	1.6771349906921387	0.11614386737346649	0.27601146697998047	False
9	0.11999999731779099	3.5019423961639404	1.346172571182251	1.8310365676879883	0.012208754196763039	0.31252455711364746	False
9	0.23000000417232513	3.5089213848114014	1.4235491752624512	1.7170675992965698	0.08418893814086914	0.2841157615184784	False
9	0.1274999976158142	3.538351535797119	1.3957383632659912	1.795539140701294	0.06822970509529114	0.27884432673454285	False
9	0.2199999988079071	3.555882692337036	1.4349325895309448	1.7055630683898926	0.07681101560592651	0.3385760188102722	False
9	0.12250000238418579	3.5269031524658203	1.350005865097046	1.7969461679458618	0.07935600727796555	0.3005950450897217	False
9	0.12999999523162842	3.448821544647217	1.4319758415222168	1.6189649105072021	0.14671818912029266	0.251162588596344	False
9	0.11999999731779099	3.4586238861083984	1.306819200515747	1.8262736797332764	0.01249925047159195	0.31303197145462036	False
9	0.23000000417232513	3.522170305252075	1.4357107877731323	1.6921420097351074	0.09054704755544662	0.30377039313316345	False
9	0.12250000238418579	3.5575103759765625	1.4003487825393677	1.815546989440918	0.07049868255853653	0.2711157202720642	False
9	0.23499999940395355	3.6426689624786377	1.4285669326782227	1.7812209129333496	0.08435039967298508	0.34853070974349976	False
9	0.12250000238418579	3.5398759841918945	1.3827333450317383	1.8256442546844482	0.04719693213701248	0.28430119156837463	False
9	0.2150000035762787	3.839414119720459	1.4878907203674316	1.7935718297958374	0.07897539436817169	0.47897613048553467	False
9	0.125	3.689281940460205	1.407241940498352	1.837961196899414	0.05366019532084465	0.39041852951049805	False
9	0.23499999940395355	3.7794859409332275	1.4616732597351074	1.8192574977874756	0.07515125721693039	0.4234040379524231	False
9	0.13249999284744263	3.5344128608703613	1.3625009059906006	1.8144081830978394	0.08306992799043655	0.27443403005599976	False
9	0.22499999403953552	3.7183306217193604	1.4316599369049072	1.8140044212341309	0.06237654760479927	0.4102896451950073	False
9	0.125	3.5940706729888916	1.3362061977386475	1.8082003593444824	0.04701613262295723	0.40264785289764404	False
9	0.23000000417232513	3.606121063232422	1.446061611175537	1.7294816970825195	0.0637597143650055	0.36681821942329407	False
9	0.125	3.621671199798584	1.351304531097412	1.8471375703811646	0.06356386095285416	0.3596653342247009	False
9	0.23499999940395355	3.707751750946045	1.4440938234329224	1.7577857971191406	0.07236931473016739	0.4335028827190399	False
9	0.125	3.513950824737549	1.345459222793579	1.8137937784194946	0.051952481269836426	0.3027454912662506	False
10	0.23000000417232513	2.6368978023529053	0.8462848663330078	1.7556625604629517	0.016820596531033516	0.018129877746105194	False
10	0.11999999731779099	3.1229374408721924	1.3736238479614258	1.7201576232910156	0.014578967355191708	0.014577089808881283	False
10	0.23000000417232513	2.8949530124664307	0.9796290397644043	1.794947624206543	0.07091836631298065	0.04945807158946991	False
10	0.125	3.1764674186706543	1.4406222105026245	1.705296277999878	0.01368105597794056	0.01686803437769413	False
10	0.12250000238418579	2.8785529136657715	0.9833645820617676	1.7737675905227661	0.07359026372432709	0.04783055931329727	False
10	0.12250000238418579	3.0829882621765137	1.322009563446045	1.7482788562774658	0.004134158603847027	0.00856573786586523	False
10	0.23000000417232513	2.678150177001953	0.859687089920044	1.7899346351623535	0.011339872144162655	0.01718856766819954	False
10	0.1274999976158142	3.2670130729675293	1.4928348064422607	1.740691900253296	0.01218319684267044	0.021303240209817886	False
10	0.1274999976158142	2.931340217590332	0.9592282772064209	1.8439315557479858	0.06836353987455368	0.059816911816596985	False
10	0.12250000238418579	3.09891939163208	1.2829039096832275	1.8008228540420532	0.003930721897631884	0.011261998675763607	False
10	0.2150000035762787	2.6296582221984863	0.8422384262084961	1.761927604675293	0.011807100847363472	0.013685205951333046	False
10	0.11999999731779099	3.287553071975708	1.5201950073242188	1.729820728302002	0.014235984534025192	0.02330130524933338	False
10	0.125	2.897268056869507	0.975379228591919	1.8032382726669312	0.06810715794563293	0.05054342746734619	False
10	0.125	2.977031946182251	1.1719584465026855	1.7870736122131348	0.006819491740316153	0.011180390603840351	False
10	0.2150000035762787	2.7090163230895996	0.8728585243225098	1.8083006143569946	0.011170165613293648	0.016687186434864998	False
10	0.13500000536441803	3.2295565605163574	1.4479045867919922	1.7460741996765137	0.01214863546192646	0.023429306223988533	False
10	0.125	2.9282798767089844	0.9531185626983643	1.8006436824798584	0.10477840155363083	0.06973923742771149	False
10	0.12250000238418579	3.066174030303955	1.235290765762329	1.816341757774353	0.004807556048035622	0.009734008461236954	False
10	0.2549999952316284	2.682194232940674	0.8647564649581909	1.7897412776947021	0.011942461133003235	0.015753939747810364	False
10	0.11500000208616257	3.3731226921081543	1.545081377029419	1.79158616065979	0.008953137323260307	0.027502207085490227	False
10	0.12999999523162842	2.9436752796173096	1.0535954236984253	1.7773876190185547	0.06973325461149216	0.042959000915288925	False
10	0.11999999731779099	3.0139942169189453	1.25894033908844	1.7412445545196533	0.0063936226069927216	0.00741558987647295	False
10	0.23999999463558197	2.6603763103485107	0.8446106314659119	1.7870638370513916	0.012119038961827755	0.016582712531089783	False
10	0.11999999731779099	3.169483184814453	1.4410736560821533	1.6939047574996948	0.014339793473482132	0.02016484923660755	False
10	0.12250000238418579	2.8824338912963867	0.9618210792541504	1.8050626516342163	0.06948886811733246	0.04606135934591293	False
10	0.11999999731779099	3.06425142288208	1.2840287685394287	1.7656153440475464	0.005172946956008673	0.009434299543499947	False
10	0.2750000059604645	2.6922030448913574	0.8454769849777222	1.8160223960876465	0.01115361787378788	0.019550036638975143	False
10	0.125	3.252393960952759	1.4798089265823364	1.7325124740600586	0.012693575583398342	0.027378994971513748	False
10	0.1274999976158142	2.9383773803710938	1.0338382720947266	1.7832940816879272	0.06913458555936813	0.052110590040683746	False
10	0.11500000208616257	3.017340898513794	1.2321163415908813	1.7727845907211304	0.00481381407007575	0.0076261479407548904	False
11	0.27000001072883606	2.6956400871276855	0.8262583017349243	1.8681719303131104	0.0008020259556360543	0.00040797755355015397	False
11	0.12250000238418579	3.125718832015991	1.298346757888794	1.8260657787322998	0.00065905402880162	0.0006472324603237212	False
11	0.22499999403953552	3.1135811805725098	1.1564409732818604	1.9535683393478394	0.0015160968760028481	0.0020557837560772896	False
11	0.1274999976158142	2.8985342979431152	1.0393874645233154	1.8564032316207886	0.002102457918226719	0.0006409704219549894	False
11	0.2199999988079071	2.959078311920166	1.0181440114974976	1.9372239112854004	0.0021309710573405027	0.001579579897224903	False
11	0.12250000238418579	2.8950276374816895	1.003960132598877	1.8880820274353027	0.002278415020555258	0.0007068546838127077	False
11	0.24500000476837158	3.062358856201172	1.118728518486023	1.9406793117523193	0.001726619666442275	0.001224277075380087	False
11	0.12250000238418579	3.100344181060791	1.2631715536117554	1.8359756469726562	0.0006053786491975188	0.0005917317466810346	False
11	0.23999999463558197	3.0245351791381836	1.0959019660949707	1.9251034259796143	0.001742942025884986	0.0017867283895611763	False
11	0.125	3.0063250064849854	1.14061439037323	1.8631601333618164	0.0016700143460184336	0.0008804542012512684	False
11	0.1274999976158142	3.0564565658569336	1.0866384506225586	1.9655847549438477	0.0020811068825423717	0.002152190078049898	False
11	0.12250000238418579	3.0951108932495117	1.262567162513733	1.8320660591125488	0.0002314612502232194	0.000246134412009269	False
11	0.20999999344348907	3.0340209007263184	1.0625807046890259	1.9664326906204224	0.002434363355860114	0.002573025180026889	False
11	0.1274999976158142	2.8634068965911865	1.000434160232544	1.8608767986297607	0.0015209121629595757	0.0005751103162765503	False
11	0.125	3.023566722869873	1.0863070487976074	1.9332289695739746	0.0022870302200317383	0.0017436030320823193	False
11	0.11999999731779099	3.0144760608673096	1.1421270370483398	1.8718609809875488	0.0002700883778743446	0.00021788431331515312	False
11	0.20499999821186066	3.1000185012817383	1.1637989282608032	1.9317891597747803	0.0020040879026055336	0.0024261479265987873	False
11	0.125	2.9090640544891357	1.0254791975021362	1.8807497024536133	0.0019279812695458531	0.0009072268148884177	False
11	0.12250000238418579	2.826122760772705	0.9285787343978882	1.8934048414230347	0.0030083581805229187	0.0011307364329695702	False
11	0.12999999523162842	3.0063416957855225	1.132334589958191	1.8734872341156006	0.0002693194255698472	0.0002506111341062933	False
11	0.1274999976158142	3.007014513015747	1.0642417669296265	1.9388405084609985	0.0022595885675400496	0.0016726851463317871	False
11	0.12250000238418579	3.1262407302856445	1.2978086471557617	1.8278254270553589	0.00022011800319887698	0.00038646746543236077	False
11	0.25999999046325684	2.9671101570129395	1.024235486984253	1.9387056827545166	0.0024142139591276646	0.0017546474700793624	False
11	0.11749999970197678	2.7706451416015625	0.9061436653137207	1.8601840734481812	0.0028493378777056932	0.001467959489673376	False
11	0.25999999046325684	3.0373921394348145	1.124207854270935	1.9099059104919434	0.0017665252089500427	0.0015118620358407497	False
11	0.13500000536441803	2.775893211364746	1.0117223262786865	1.7613288164138794	0.0021103150211274624	0.0007316205883398652	False
11	0.24500000476837158	2.969897747039795	1.0357091426849365	1.9291659593582153	0.0026791514828801155	0.0023436129558831453	False
11	0.1274999976158142	2.69404673576355	0.8956538438796997	1.7902309894561768	0.0054510049521923065	0.002710768487304449	False
11	0.2199999988079071	3.1699728965759277	1.2228913307189941	1.9436143636703491	0.0012819452676922083	0.0021853107027709484	False
11	0.12250000238418579	2.742504835128784	0.9230625629425049	1.8163286447525024	0.002314616460353136	0.0007989592268131673	False
12	0.11999999731779099	2.5886008739471436	0.5754334926605225	2.012753486633301	0.00027609665994532406	0.00013790598313789815	False
12	0.125	2.8244311809539795	0.7645858526229858	2.0589659214019775	0.00026001641526818275	0.0006194813759066164	False
12	0.125	2.6350364685058594	0.600554347038269	2.034076452255249	0.0002556034014560282	0.0001499536883784458	False
12	0.12250000238418579	2.7551181316375732	0.7078996300697327	2.0465505123138428	0.0003900449082721025	0.0002780777576845139	False
12	0.12250000238418579	2.632223606109619	0.5958784818649292	2.0359644889831543	0.0002083972212858498	0.0001723030291032046	False
12	0.11999999731779099	2.841301441192627	0.7803318500518799	2.0602943897247314	0.00022210896713659167	0.00045304110972210765	False
12	0.12250000238418579	2.635859489440918	0.6092413663864136	2.026165723800659	0.000257360574323684	0.00019506996613927186	False
12	0.11249999701976776	2.792893409729004	0.7364828586578369	2.055567979812622	0.00019227384473197162	0.0006502731121145189	False
12	0.125	2.5680999755859375	0.5712792277336121	1.996370553970337	0.0003193377051502466	0.00013093320012558252	False
12	0.11999999731779099	2.832773208618164	0.7751256227493286	2.056671619415283	0.000244093535002321	0.0007319727446883917	False
12	0.13500000536441803	2.597288131713867	0.5779106020927429	2.018836498260498	0.0003484217158984393	0.0001926224649650976	False
12	0.12250000238418579	2.698862075805664	0.6551741361618042	2.0425848960876465	0.0004871182609349489	0.0006159372278489172	False
12	0.11749999970197678	2.6020865440368652	0.5785177946090698	2.023010730743408	0.0003639324277173728	0.00019413579138927162	False
12	0.11999999731779099	2.765441656112671	0.7132660150527954	2.051408529281616	0.00030973838875070214	0.00045733951264992356	False
12	0.11749999970197678	2.605092763900757	0.5846928954124451	2.0198912620544434	0.0003202177758794278	0.00018829002510756254	False
12	0.11999999731779099	2.7841715812683105	0.7370066046714783	2.0460925102233887	0.0003447260824032128	0.0007276989636011422	False
12	0.12250000238418579	2.6087841987609863	0.5817837715148926	2.0264687538146973	0.00034249963937327266	0.00018917355919256806	False
12	0.12250000238418579	2.727773666381836	0.6703484058380127	2.0566248893737793	0.00033800516393966973	0.00046235270565375686	False
12	0.125	2.6155385971069336	0.5948964357376099	2.020212411880493	0.0002798142668325454	0.00014987474423833191	False
12	0.12250000238418579	2.791198492050171	0.7352436780929565	2.05499267578125	0.00032705574994906783	0.0006351541960611939	False
12	0.125	2.591768980026245	0.5859990119934082	2.005368947982788	0.00025217278744094074	0.00014888527221046388	False
12	0.125	2.8215746879577637	0.761469841003418	2.0593209266662598	0.0002408849395578727	0.0005432335892692208	False
12	0.11999999731779099	2.5899758338928223	0.5750842094421387	2.0143370628356934	0.0003458782157395035	0.00020866490376647562	False
12	0.12999999523162842	2.7923030853271484	0.7381172180175781	2.0533251762390137	0.00024917328846640885	0.0006115625146776438	False
12	0.2549999952316284	2.7725844383239746	0.7260748147964478	2.0459773540496826	0.00023773348948452622	0.000294562109047547	False
12	0.125	3.215648651123047	1.185736894607544	2.0278592109680176	0.0006256469641812146	0.0014268207596614957	False
12	0.125	2.8606209754943848	0.8135679960250854	2.0465073585510254	0.00019480500486679375	0.0003509209200274199	False
12	0.11999999731779099	2.8557796478271484	0.8364923000335693	2.019057512283325	0.0001343501207884401	9.57219599513337e-05	False
12	0.125	2.918177604675293	0.8507175445556641	2.0655620098114014	0.0009716015192680061	0.0009265292901545763	False
12	0.11999999731779099	2.9009833335876465	0.8914536237716675	2.009280204772949	0.00012557845911942422	0.00012392691860441118	False
13	0.125	3.244816541671753	1.1954351663589478	2.0491037368774414	6.426251638913527e-05	0.00021331426978576928	False
13	0.12250000238418579	3.448194980621338	1.5478644371032715	1.900224208831787	2.4211341951740906e-05	8.219070150516927e-05	False
13	0.12999999523162842	3.371825695037842	1.5376123189926147	1.8338189125061035	7.629397441633046e-05	0.0003182419459335506	False
13	0.125	3.4505648612976074	1.549587368965149	1.9008042812347412	2.693895294214599e-05	0.00014620984438806772	False
13	0.12250000238418579	3.4237565994262695	1.6041709184646606	1.8189828395843506	7.367660873569548e-05	0.0005292997811920941	False
13	0.1274999976158142	3.468384265899658	1.5728126764297485	1.8953933715820312	2.133585439878516e-05	0.00015672385052312165	False
13	0.125	3.426862955093384	1.6178240776062012	1.8086909055709839	5.039316602051258e-05	0.00029759336030110717	False
13	0.1274999976158142	3.4699087142944336	1.562882423400879	1.9068846702575684	2.2089614503784105e-05	0.00011942939454456791	False
13	0.1274999976158142	3.4315059185028076	1.6139264106750488	1.8170276880264282	7.19795934855938e-05	0.00047981279203668237	False
13	0.13249999284744263	3.4601006507873535	1.5573927164077759	1.9025321006774902	2.2011594410287216e-05	0.00015391563647426665	False
13	0.1274999976158142	3.4029102325439453	1.5730185508728027	1.8294873237609863	7.151839236030355e-05	0.0003326963051222265	False
13	0.1274999976158142	3.455075740814209	1.588767647743225	1.8661153316497803	1.9197099391021766e-05	0.00017346965614706278	False
13	0.12250000238418579	3.4016318321228027	1.533908486366272	1.867370367050171	7.314288814086467e-05	0.0002796775952447206	False
13	0.125	3.47959041595459	1.6023621559143066	1.876903772354126	2.4587403459008783e-05	0.0002999413409270346	False
13	0.12250000238418579	3.421823024749756	1.5970145463943481	1.824210524559021	7.310467481147498e-05	0.0005249803070910275	False
13	0.125	3.4989266395568848	1.6119626760482788	1.8867219686508179	2.3854479877627455e-05	0.00021824050054419786	False
13	0.1274999976158142	3.4207308292388916	1.5987894535064697	1.8215550184249878	6.157837924547493e-05	0.0003247347194701433	False
13	0.12250000238418579	3.4291982650756836	1.5092313289642334	1.9197869300842285	2.954034789581783e-05	0.00015036153490655124	False
13	0.125	3.421553134918213	1.6111267805099487	1.809840440750122	7.531329174526036e-05	0.0005105086602270603	False
13	0.11500000208616257	3.4428045749664307	1.5553735494613647	1.88722825050354	2.74943740805611e-05	0.0001752509269863367	False
13	0.125	3.416494846343994	1.5947599411010742	1.8213386535644531	6.252649473026395e-05	0.0003336453519295901	False
13	0.12999999523162842	3.4652302265167236	1.58169424533844	1.8833945989608765	2.2129059288999997e-05	0.00011922288103960454	False
13	0.125	3.435547351837158	1.6051578521728516	1.829822063446045	7.056816684780642e-05	0.0004967665299773216	False
13	0.14000000059604645	3.451760768890381	1.555656909942627	1.8959627151489258	2.0152703655185178e-05	0.000120961332868319	False
13	0.125	3.4069864749908447	1.5722589492797852	1.834264874458313	7.653475040569901e-05	0.0003861292789224535	False
13	0.125	3.49965238571167	1.608972430229187	1.8904621601104736	2.664397470653057e-05	0.00019116332987323403	False
13	0.125	3.44331431388855	1.6458780765533447	1.7969623804092407	5.802539817523211e-05	0.00041582086123526096	False
13	0.13249999284744263	3.4335007667541504	1.5368077754974365	1.8965067863464355	2.280410990351811e-05	0.00016341925947926939	False
13	0.125	3.4055070877075195	1.57568359375	1.8294073343276978	6.206182297319174e-05	0.0003541755140759051	False
13	0.24500000476837158	3.5093398094177246	1.6374586820602417	1.8716585636138916	1.969379991351161e-05	0.0002028241433436051	False
14	0.23000000417232513	3.27242374420166	1.2546972036361694	2.017548084259033	6.228676647879183e-05	0.00011615390394581482	False
14	0.125	3.335237503051758	1.3040562868118286	2.0302181243896484	0.00047516016638837755	0.0004878266481682658	False
14	0.125	3.635127305984497	1.7511190176010132	1.8837268352508545	9.677895286586136e-05	0.00018462415027897805	False
14	0.11999999731779099	3.520331859588623	1.5637534856796265	1.9564363956451416	3.375763481017202e-05	0.00010808090883074328	False
14	0.11500000208616257	3.6279921531677246	1.7133210897445679	1.9143097400665283	0.0001388132368447259	0.00022246991284191608	False
14	0.11999999731779099	3.5236568450927734	1.5548250675201416	1.9687217473983765	4.185135185252875e-05	6.832499639131129e-05	False
14	0.125	3.612914562225342	1.696428894996643	1.9161133766174316	0.00013473987928591669	0.00023750454420223832	False
14	0.12250000238418579	3.5386805534362793	1.5829144716262817	1.9556400775909424	3.847271000267938e-05	8.750522101763636e-05	False
14	0.125	3.630174398422241	1.732151746749878	1.8974354267120361	0.00014561125135514885	0.0004416945739649236	False
14	0.12250000238418579	3.5362300872802734	1.5810418128967285	1.9550871849060059	3.789985930779949e-05	6.327958544716239e-05	False
14	0.12250000238418579	3.621918201446533	1.7272493839263916	1.8942899703979492	0.0001270800712518394	0.00025183623074553907	False
14	0.12999999523162842	3.5265440940856934	1.5593781471252441	1.9670403003692627	3.978037420893088e-05	8.567595068598166e-05	False
14	0.11999999731779099	3.62852144241333	1.7276558876037598	1.9004558324813843	0.00012840161798521876	0.0002814511535689235	False
14	0.11999999731779099	3.468196153640747	1.4907540082931519	1.9773136377334595	4.9954258429352194e-05	7.852532871766016e-05	False
14	0.125	3.614586591720581	1.7072210311889648	1.9070789813995361	0.0001190230977954343	0.00016765351756475866	False
14	0.11500000208616257	3.5367321968078613	1.5850856304168701	1.9515098333358765	2.855835009540897e-05	0.00010807139915414155	False
14	0.12999999523162842	3.6418380737304688	1.7416887283325195	1.8997784852981567	0.00011000308586517349	0.0002606834168545902	False
14	0.125	3.483501434326172	1.5103837251663208	1.9729852676391602	4.036290920339525e-05	9.194585436489433e-05	False
14	0.1274999976158142	3.615288734436035	1.7030553817749023	1.9118731021881104	0.00013214017963036895	0.0002283150388393551	False
14	0.12999999523162842	3.5286030769348145	1.5754449367523193	1.9530103206634521	4.428121610544622e-05	0.00010361797467339784	False
14	0.12250000238418579	3.626948595046997	1.7345951795578003	1.8919568061828613	0.0001237789256265387	0.00027285312535241246	False
14	0.11999999731779099	3.4741556644439697	1.493404746055603	1.980625867843628	4.48890496045351e-05	8.010744204511866e-05	False
14	0.12999999523162842	3.625474214553833	1.728534460067749	1.8966113328933716	0.00011188594362465665	0.00021648303663823754	False
14	0.13249999284744263	3.5799851417541504	1.6245572566986084	1.9553008079528809	3.825689782388508e-05	8.882926340447739e-05	False
14	0.1274999976158142	3.6370859146118164	1.7399804592132568	1.896710753440857	0.00012215445167385042	0.0002724735240917653	False
14	0.12250000238418579	3.576021432876587	1.6446683406829834	1.931232213973999	2.9328191885724664e-05	9.158533794106916e-05	False
14	0.12250000238418579	3.5884125232696533	1.6623318195343018	1.925676941871643	0.00012571210390888155	0.0002779894566629082	False
14	0.13249999284744263	3.6045022010803223	1.6991398334503174	1.9052109718322754	3.450286385486834e-05	0.00011695520515786484	False
14	0.12250000238418579	3.585162401199341	1.6627823114395142	1.9220598936080933	0.00012139594764448702	0.00019885764049831778	False
14	0.1274999976158142	3.5768675804138184	1.635973334312439	1.940788745880127	3.284176636952907e-05	7.269193883985281e-05	False
