# num_workers = 7
# num_cells = 256
# seed_for_environment = 3141592
# lr = 0.0003
# max_grad_norm = 1.0
# eval_rollout_length = 30
# scaling_factor = 1000
# frames_per_batch = 500
# sub_batch_size = 64
# num_epochs = 15
# clip_epsilon = 0.2
# gamma = 0.99
# lmbda = 0.95
# entropy_eps = 0.03
# env_reward_engineering = True
# env_minimum_number_of_qubits = 8
# log_name = search_9_6_seed_3141592
# env_error_range = geometric5
# env_version = qecc/bbcode-ldpc-v0
# env_bit_flipping = True
# env_l = 9
# env_m = 6
# env_use_dict_observation = True
# env_number_of_decoder_iterations = 50
# env_number_of_samples = 50
# env_code_logging = False
# env_reset_type = random3
# model_architecture = hybrid
# model_surrogate_model_path = /vol/bitbucket/osella/rl-qecc-data//supervisedLearning/2026-07-12_21-15-58/surrogate_6x6.pth
# model_use_pretrained_encoder = True
# index_to_unfreeze_encoder_updates = 20
# encoder_lr_factor = 0.1
# training_device = cpu
# Resolved arguments:
# Resolved_env_reward_engineering = True
# Resolved_env_bit_flipping = True
# Resolved_env_useDictObservation = True
# Resolved_env_code_logging = False
# Resolved_env_reset_type = random3
# Resolved_env_error_range = [np.float64(0.001), np.float64(0.003162), np.float64(0.01), np.float64(0.031623), np.float64(0.1)]
# Resolved_model_use_pretrained_encoder = True
# Resolved_trainingDevice = cpu
# Resolved_model_architecture = hybrid
# Just for information, not used in actual run: SLURM CPUS queried from os environment: 96
# Number of workers: 7
# Does torch identify cuda: False
evaluation number	reward	policy entropy	policy entropy aX	policy entropy bX	policy entropy aY	policy entropy bY	Encoder freeze	postAction_aX	postAction_bX	postAction_aY	postAction_bY
0	-1.0	8.433109283447266	2.293809175491333	2.2946155071258545	1.9258776903152466	1.918806791305542	True	[0 0 0 0 1 0 1 0 0]	[0 0 0 0 1 1 0 0 1]	[0 0 0 0 1 1]	[0 0 1 0 0 1]
0	-1.0	8.449650764465332	2.2954888343811035	2.291736602783203	1.9339654445648193	1.9284604787826538	True	[0 0 0 0 1 1 1 0 0]	[0 0 0 0 1 0 0 0 1]	[0 0 0 0 0 1]	[0 0 1 1 0 1]
0	-1.0	8.452406883239746	2.2979769706726074	2.29337215423584	1.9255733489990234	1.9354844093322754	True	[1 0 0 0 1 1 1 0 0]	[0 0 0 0 1 1 0 0 1]	[0 0 0 0 1 1]	[0 0 1 0 0 1]
0	-0.5	8.455113410949707	2.2964956760406494	2.2925846576690674	1.9300971031188965	1.9359359741210938	True	[1 0 0 0 1 0 1 0 0]	[0 0 0 0 1 0 0 0 1]	[0 0 0 0 0 1]	[0 0 1 1 0 1]
0	-1.0	8.449446678161621	2.29783034324646	2.2901194095611572	1.9295899868011475	1.931906819343567	True	[0 0 0 0 1 0 1 0 0]	[0 0 0 0 1 1 0 0 1]	[0 0 0 0 1 1]	[0 0 1 0 0 1]
0	-0.5	8.45102310180664	2.296743154525757	2.2904796600341797	1.93208909034729	1.9317107200622559	True	[1 0 0 0 1 0 1 0 0]	[0 0 0 0 1 0 0 0 1]	[0 0 0 0 0 1]	[0 0 1 1 0 1]
0	-1.0	8.449798583984375	2.2968311309814453	2.289846420288086	1.932166337966919	1.9309548139572144	True	[0 0 0 0 1 0 1 0 0]	[0 0 0 0 1 1 0 0 1]	[0 0 0 0 0 0]	[0 1 1 1 0 1]
0	-0.5	8.451547622680664	2.2979564666748047	2.296361207962036	1.9262831211090088	1.9309470653533936	True	[1 0 0 0 1 0 1 0 0]	[0 0 0 0 1 0 0 0 1]	[0 0 0 0 1 0]	[0 0 1 1 0 1]
0	-1.0	8.444509506225586	2.2957353591918945	2.2921183109283447	1.924699306488037	1.9319565296173096	True	[0 0 0 0 1 0 1 0 0]	[0 0 0 0 1 1 0 0 1]	[0 0 0 0 1 1]	[0 0 1 1 0 0]
0	-1.0	8.434232711791992	2.290398359298706	2.2878293991088867	1.9334839582443237	1.9225201606750488	True	[1 0 0 0 1 0 1 0 0]	[0 0 0 0 1 0 0 0 1]	[0 0 0 0 0 1]	[0 0 1 0 0 0]
0	-0.5	8.429193496704102	2.291694402694702	2.2911696434020996	1.926934003829956	1.9193949699401855	True	[0 0 0 0 1 0 1 0 0]	[0 0 0 0 1 1 0 0 1]	[0 0 0 0 0 0]	[0 1 1 0 0 0]
0	-1.0	8.427577018737793	2.2960870265960693	2.290264129638672	1.9207791090011597	1.9204462766647339	True	[1 0 0 0 1 0 1 0 0]	[0 0 0 0 1 0 0 0 1]	[0 0 0 0 0 1]	[0 0 1 0 0 0]
0	-0.5	8.42628288269043	2.293006658554077	2.2908833026885986	1.9213871955871582	1.9210059642791748	True	[1 0 1 0 1 0 1 0 0]	[0 0 0 0 0 0 0 0 1]	[0 0 0 0 0 0]	[0 1 1 0 0 0]
0	-1.0	8.438089370727539	2.296415328979492	2.291363000869751	1.9250102043151855	1.925301432609558	True	[1 0 1 0 1 1 1 0 0]	[0 0 0 0 1 0 0 0 1]	[0 0 0 1 0 0]	[0 0 1 0 0 0]
0	-1.0	8.44971752166748	2.2958779335021973	2.2951250076293945	1.9295692443847656	1.9291449785232544	True	[1 0 1 0 1 0 1 0 0]	[0 0 0 0 1 1 0 0 1]	[0 0 0 1 1 0]	[0 0 1 1 0 0]
0	-1.0	8.433527946472168	2.2894628047943115	2.2870917320251465	1.9321346282958984	1.9248392581939697	True	[0 0 1 0 1 0 1 0 0]	[0 0 0 0 1 0 0 0 1]	[0 0 0 0 1 0]	[0 0 1 0 0 0]
0	-1.0	8.445510864257812	2.2971067428588867	2.2938809394836426	1.9253718852996826	1.929151177406311	True	[1 0 1 0 1 0 1 0 0]	[0 0 0 0 1 1 0 0 1]	[0 0 0 0 1 1]	[0 0 1 0 0 1]
0	-0.5	8.452552795410156	2.29512882232666	2.29299259185791	1.9300971031188965	1.9343345165252686	True	[1 0 1 0 1 1 1 0 0]	[0 0 0 0 1 0 0 0 1]	[0 0 0 0 0 1]	[0 0 1 1 0 1]
0	-1.0	8.451401710510254	2.297485589981079	2.288839101791382	1.9295835494995117	1.9354937076568604	True	[0 0 1 0 1 1 1 0 0]	[0 0 0 0 1 1 0 0 1]	[0 0 0 0 1 1]	[0 0 1 0 0 1]
0	-1.0	8.45428466796875	2.295762777328491	2.2930808067321777	1.9292888641357422	1.9361529350280762	True	[0 0 1 0 1 0 1 0 0]	[0 0 0 0 1 0 0 0 1]	[0 0 0 0 0 1]	[0 0 1 1 0 1]
0	-1.0	8.447493553161621	2.29618501663208	2.2893097400665283	1.9272271394729614	1.9347715377807617	True	[1 0 1 0 1 0 1 0 0]	[0 0 0 0 1 1 0 0 1]	[0 0 0 0 1 1]	[0 0 1 0 0 1]
0	-1.0	8.454230308532715	2.2947938442230225	2.291951894760132	1.930753469467163	1.9367314577102661	True	[0 0 1 0 1 0 1 0 0]	[0 0 0 0 1 0 0 0 1]	[0 0 0 0 0 1]	[0 0 1 1 0 1]
0	-1.0	8.44914722442627	2.2969560623168945	2.2893898487091064	1.92727792263031	1.9355237483978271	True	[1 0 1 0 1 0 1 0 0]	[0 0 0 0 1 1 0 0 1]	[0 0 0 0 1 1]	[0 0 1 0 0 1]
0	-0.5	8.452691078186035	2.294398784637451	2.290414571762085	1.930767297744751	1.9371111392974854	True	[1 0 1 0 1 1 1 0 0]	[0 0 0 0 1 0 0 0 1]	[0 0 0 0 0 1]	[0 0 1 1 0 1]
0	-1.0	8.45283031463623	2.2943592071533203	2.2898874282836914	1.9335238933563232	1.935059666633606	True	[0 0 1 0 1 1 1 0 0]	[0 0 0 0 1 1 0 0 1]	[0 0 0 0 1 1]	[0 0 1 0 0 1]
0	-0.5	8.456199645996094	2.2958343029022217	2.2921674251556396	1.9330317974090576	1.935166597366333	True	[0 0 1 0 0 1 1 0 0]	[0 0 0 0 1 0 0 0 1]	[0 0 0 0 0 1]	[0 0 1 1 0 1]
0	-1.0	8.457915306091309	2.2976016998291016	2.2911229133605957	1.9312880039215088	1.937902808189392	True	[1 0 1 0 0 1 1 0 0]	[0 0 0 0 1 1 0 0 1]	[0 0 0 0 1 1]	[0 0 1 0 0 1]
0	-0.5	8.450611114501953	2.2945737838745117	2.2910192012786865	1.9315199851989746	1.9334981441497803	True	[1 0 1 0 0 0 1 0 0]	[0 0 0 0 1 0 0 0 1]	[0 0 0 0 0 1]	[0 0 1 1 0 1]
0	-1.0	8.456815719604492	2.295185089111328	2.2902190685272217	1.9355826377868652	1.9358290433883667	True	[0 0 1 0 0 0 1 0 0]	[0 0 0 0 1 1 0 0 1]	[0 0 0 0 1 1]	[0 0 1 0 0 1]
0	-0.5	8.453533172607422	2.295159101486206	2.2924187183380127	1.9320051670074463	1.9339509010314941	True	[0 0 1 0 0 1 1 0 0]	[0 0 0 0 1 0 0 0 1]	[0 0 0 0 0 1]	[0 0 1 1 0 1]
