# num_workers = 8
# num_cells = 256
# seed_for_environment = 65312321
# lr = 0.0003
# max_grad_norm = 1.0
# eval_rollout_length = 30
# scaling_factor = 1000
# frames_per_batch = 500
# sub_batch_size = 64
# num_epochs = 15
# clip_epsilon = 0.2
# gamma = 0.99
# lmbda = 0.95
# entropy_eps = 0.5
# env_reward_engineering = True
# env_minimum_number_of_qubits = 1
# log_name = None
# env_error_range = dataCollection
# env_version = qecc/bbcode-ldpc-v0
# env_bit_flipping = True
# env_l = 12
# env_m = 6
# env_use_dict_observation = True
# env_number_of_decoder_iterations = 50
# env_number_of_samples = 50
# env_code_logging = True
# model_architecture = hybrid
# model_surrogate_model_path = /rds/general/user/osella/home/rl-qecc-data//supervisedLearning/2026-07-12_20-18-32/surrogate_6x6.pth
# model_use_pretrained_encoder = False
# index_to_unfreeze_encoder_updates = 20
# encoder_lr_factor = 0.1
# training_device = cpu
# Resolved arguments:
# Resolved_env_reward_engineering = True
# Resolved_env_reward_integral = Between prob. of no error and curve.
# Resolved_env_bit_flipping = True
# Resolved_env_useDictObservation = True
# Resolved_env_code_logging = True
# Resolved_env_error_range = [np.float64(0.0001), np.float64(0.000215), np.float64(0.000464), np.float64(0.001), np.float64(0.002154), np.float64(0.003162), np.float64(0.004642), np.float64(0.01), np.float64(0.021544), np.float64(0.025075), np.float64(0.031623), np.float64(0.046416), np.float64(0.05005), np.float64(0.075025), np.float64(0.1)]
# Resolved_model_use_pretrained_encoder = False
# Resolved_trainingDevice = cpu
# Resolved_model_architecture = hybrid
# Number of workers: 8
# Does torch identify cuda: False
# encoder ***RANDOM WEIGHTS***
evaluation number	reward	policy entropy	policy entropy aX	policy entropy bX	policy entropy aY	policy entropy bY	Encoder freeze	postAction_aX	postAction_bX	postAction_aY	postAction_bY
0	-0.5	8.982196807861328	2.5524442195892334	2.5545144081115723	1.9361722469329834	1.9390662908554077	True	[1 0 0 0 0 0 0 0 0 0 0 0]	[0 0 0 0 1 0 0 0 0 0 0 0]	[1 0 0 0 0 0]	[0 0 0 0 1 0]
0	-1.0	8.988849639892578	2.554513454437256	2.5547640323638916	1.9380440711975098	1.9415283203125	True	[0 0 0 0 0 0 0 0 0 0 0 0]	[0 0 0 0 0 0 0 0 0 0 0 0]	[0 0 0 0 0 0]	[0 0 0 0 0 0]
0	-0.5	8.981913566589355	2.552128314971924	2.554875135421753	1.9359383583068848	1.938971757888794	True	[1 0 0 0 0 0 0 0 0 0 0 0]	[0 0 0 0 1 0 0 0 0 0 0 0]	[1 0 0 0 0 0]	[0 0 0 0 1 0]
0	-1.0	8.987740516662598	2.5543878078460693	2.554161310195923	1.9379470348358154	1.9412438869476318	True	[0 0 0 0 0 0 0 0 0 0 0 0]	[0 0 0 0 0 0 0 0 0 0 0 0]	[0 0 0 0 0 0]	[0 0 0 0 0 0]
0	-0.5	8.982901573181152	2.5522727966308594	2.5548572540283203	1.9363573789596558	1.939414143562317	True	[1 0 0 0 0 0 0 0 0 0 0 0]	[0 0 0 0 1 0 0 0 0 0 0 0]	[1 0 0 0 0 0]	[0 0 0 0 1 0]
0	-1.0	8.98831844329834	2.5544612407684326	2.5547561645507812	1.9377386569976807	1.9413622617721558	True	[0 0 0 0 0 0 0 0 0 0 0 0]	[0 0 0 0 0 0 0 0 0 0 0 0]	[0 0 0 0 0 0]	[0 0 0 0 0 0]
0	-0.5	8.982203483581543	2.5522730350494385	2.5544252395629883	1.9357781410217285	1.939727544784546	True	[1 0 0 0 0 0 0 0 0 0 0 0]	[0 0 0 0 1 0 0 0 0 0 0 0]	[1 0 0 0 0 0]	[0 0 0 0 1 0]
0	-1.0	8.98774528503418	2.5542125701904297	2.5543437004089355	1.937788724899292	1.941400170326233	True	[0 0 0 0 0 0 0 0 0 0 0 0]	[0 0 0 0 0 0 0 0 0 0 0 0]	[0 0 0 0 0 0]	[0 0 0 0 0 0]
0	-0.5	8.981939315795898	2.5520777702331543	2.5543558597564697	1.9361331462860107	1.9393725395202637	True	[1 0 0 0 0 0 0 0 0 0 0 0]	[0 0 0 0 1 0 0 0 0 0 0 0]	[1 0 0 0 0 0]	[0 0 0 0 1 0]
0	-1.0	8.987251281738281	2.5538177490234375	2.5546276569366455	1.9376492500305176	1.9411563873291016	True	[0 0 0 0 0 0 0 0 0 0 0 0]	[0 0 0 0 0 0 0 0 0 0 0 0]	[0 0 0 0 0 0]	[0 0 0 0 0 0]
0	-0.5	8.982400894165039	2.5524380207061768	2.5548908710479736	1.9360783100128174	1.9389930963516235	True	[1 0 0 0 0 0 0 0 0 0 0 0]	[0 0 0 0 1 0 0 0 0 0 0 0]	[1 0 0 0 0 0]	[0 0 0 0 1 0]
0	-1.0	8.988991737365723	2.5545132160186768	2.5549142360687256	1.9380532503128052	1.9415109157562256	True	[0 0 0 0 0 0 0 0 0 0 0 0]	[0 0 0 0 0 0 0 0 0 0 0 0]	[0 0 0 0 0 0]	[0 0 0 0 0 0]
0	-0.5	8.981817245483398	2.5518994331359863	2.5547242164611816	1.9359251260757446	1.9392681121826172	True	[1 0 0 0 0 0 0 0 0 0 0 0]	[0 0 0 0 1 0 0 0 0 0 0 0]	[1 0 0 0 0 0]	[0 0 0 0 1 0]
0	-1.0	8.988225936889648	2.554347515106201	2.5543391704559326	1.9380519390106201	1.9414869546890259	True	[0 0 0 0 0 0 0 0 0 0 0 0]	[0 0 0 0 0 0 0 0 0 0 0 0]	[0 0 0 0 0 0]	[0 0 0 0 0 0]
0	-0.5	8.982369422912598	2.5523922443389893	2.5549862384796143	1.9361331462860107	1.9388576745986938	True	[1 0 0 0 0 0 0 0 0 0 0 0]	[0 0 0 0 1 0 0 0 0 0 0 0]	[1 0 0 0 0 0]	[0 0 0 0 1 0]
0	-1.0	8.988653182983398	2.5543453693389893	2.5545380115509033	1.9383816719055176	1.9413886070251465	True	[0 0 0 0 0 0 0 0 0 0 0 0]	[0 0 0 0 0 0 0 0 0 0 0 0]	[0 0 0 0 0 0]	[0 0 0 0 0 0]
0	-0.5	8.982419967651367	2.552438259124756	2.554832935333252	1.9359972476959229	1.9391517639160156	True	[1 0 0 0 0 0 0 0 0 0 0 0]	[0 0 0 0 1 0 0 0 0 0 0 0]	[1 0 0 0 0 0]	[0 0 0 0 1 0]
0	-1.0	8.987982749938965	2.5542163848876953	2.5545833110809326	1.9378209114074707	1.9413617849349976	True	[0 0 0 0 0 0 0 0 0 0 0 0]	[0 0 0 0 0 0 0 0 0 0 0 0]	[0 0 0 0 0 0]	[0 0 0 0 0 0]
0	-0.5	8.981561660766602	2.552103281021118	2.554676055908203	1.9358688592910767	1.938914179801941	True	[1 0 0 0 0 0 0 0 0 0 0 0]	[0 0 0 0 1 0 0 0 0 0 0 0]	[1 0 0 0 0 0]	[0 0 0 0 1 0]
0	-1.0	8.987914085388184	2.5542802810668945	2.5543346405029297	1.9379429817199707	1.9413564205169678	True	[0 0 0 0 0 0 0 0 0 0 0 0]	[0 0 0 0 0 0 0 0 0 0 0 0]	[0 0 0 0 0 0]	[0 0 0 0 0 0]
0	-0.5	8.982552528381348	2.552231550216675	2.554863691329956	1.9361881017684937	1.9392688274383545	True	[1 0 0 0 0 0 0 0 0 0 0 0]	[0 0 0 0 1 0 0 0 0 0 0 0]	[1 0 0 0 0 0]	[0 0 0 0 1 0]
0	-1.0	8.987961769104004	2.554403305053711	2.554724931716919	1.937712550163269	1.9411211013793945	True	[0 0 0 0 0 0 0 0 0 0 0 0]	[0 0 0 0 0 0 0 0 0 0 0 0]	[0 0 0 0 0 0]	[0 0 0 0 0 0]
0	-0.5	8.982041358947754	2.5523006916046143	2.554813861846924	1.935560941696167	1.9393656253814697	True	[1 0 0 0 0 0 0 0 0 0 0 0]	[0 0 0 0 1 0 0 0 0 0 0 0]	[1 0 0 0 0 0]	[0 0 0 0 1 0]
0	-1.0	8.988164901733398	2.5543367862701416	2.554386615753174	1.9377483129501343	1.9416931867599487	True	[0 0 0 0 0 0 0 0 0 0 0 0]	[0 0 0 0 0 0 0 0 0 0 0 0]	[0 0 0 0 0 0]	[0 0 0 0 0 0]
0	-0.5	8.981663703918457	2.552227020263672	2.5545666217803955	1.9359115362167358	1.9389584064483643	True	[1 0 0 0 0 0 0 0 0 0 0 0]	[0 0 0 0 1 0 0 0 0 0 0 0]	[1 0 0 0 0 0]	[0 0 0 0 1 0]
0	-1.0	8.987160682678223	2.5540220737457275	2.5544116497039795	1.9376459121704102	1.9410814046859741	True	[0 0 0 0 0 0 0 0 0 0 0 0]	[0 0 0 0 0 0 0 0 0 0 0 0]	[0 0 0 0 0 0]	[0 0 0 0 0 0]
0	-0.5	8.982383728027344	2.5521862506866455	2.5546796321868896	1.9359793663024902	1.9395382404327393	True	[1 0 0 0 0 0 0 0 0 0 0 0]	[0 0 0 0 1 0 0 0 0 0 0 0]	[1 0 0 0 0 0]	[0 0 0 0 1 0]
0	-1.0	8.987194061279297	2.5539937019348145	2.5542664527893066	1.9379271268844604	1.9410068988800049	True	[0 0 0 0 0 0 0 0 0 0 0 0]	[0 0 0 0 0 0 0 0 0 0 0 0]	[0 0 0 0 0 0]	[0 0 0 0 0 0]
0	-0.5	8.98187255859375	2.55193829536438	2.5548603534698486	1.9360588788986206	1.93901526927948	True	[1 0 0 0 0 0 0 0 0 0 0 0]	[0 0 0 0 1 0 0 0 0 0 0 0]	[1 0 0 0 0 0]	[0 0 0 0 1 0]
0	-1.0	8.986810684204102	2.553816318511963	2.5542306900024414	1.9375028610229492	1.9412609338760376	True	[0 0 0 0 0 0 0 0 0 0 0 0]	[0 0 0 0 0 0 0 0 0 0 0 0]	[0 0 0 0 0 0]	[0 0 0 0 0 0]
1	0.5414904356002808	8.820526123046875	2.5416786670684814	2.485546112060547	1.9074032306671143	1.8858990669250488	True	[0 1 0 0 0 0 0 0 0 0 0 0]	[0 0 0 0 0 0 0 0 1 0 0 0]	[0 0 1 0 0 0]	[0 0 0 0 0 1]
1	0.3456536531448364	8.986422538757324	2.5593631267547607	2.5530943870544434	1.9388424158096313	1.935123085975647	True	[0 1 0 0 0 0 0 0 0 1 0 0]	[0 0 0 0 0 0 1 0 1 0 0 0]	[0 1 1 0 0 0]	[0 0 1 0 0 1]
1	0.3632848560810089	8.975767135620117	2.558659553527832	2.548497200012207	1.9368702173233032	1.9317407608032227	True	[0 1 0 0 0 0 0 0 0 0 0 0]	[0 0 0 0 0 0 0 0 1 0 0 0]	[0 0 1 0 0 0]	[0 1 1 0 0 1]
1	0.0544402077794075	8.956047058105469	2.556762218475342	2.5399203300476074	1.9326750040054321	1.9266901016235352	True	[0 1 0 0 0 0 0 0 0 1 0 0]	[0 0 0 0 0 0 0 0 0 0 0 0]	[0 1 1 0 0 0]	[0 0 1 0 0 1]
1	0.351243793964386	8.95850658416748	2.5569303035736084	2.541184902191162	1.9332566261291504	1.9271349906921387	True	[0 1 0 0 0 0 0 0 0 0 0 0]	[0 0 0 0 0 0 0 0 1 0 0 0]	[0 0 1 0 0 0]	[0 1 1 0 0 1]
1	0.06554361432790756	8.957634925842285	2.5569534301757812	2.5407583713531494	1.9330024719238281	1.9269211292266846	True	[0 1 0 0 0 0 0 0 0 1 0 0]	[0 0 0 0 0 0 0 0 0 0 0 0]	[0 1 1 0 0 0]	[0 0 1 0 0 1]
1	0.37515679001808167	8.955835342407227	2.556274652481079	2.540494680404663	1.9320366382598877	1.927030086517334	True	[0 1 0 0 0 0 0 0 0 0 0 0]	[0 0 0 0 0 0 0 0 1 0 0 0]	[0 0 1 0 0 0]	[0 1 1 0 0 1]
1	0.0569399856030941	8.955000877380371	2.5565834045410156	2.5396478176116943	1.9320123195648193	1.9267568588256836	True	[0 1 0 0 0 0 0 0 0 1 0 0]	[0 0 0 0 0 0 0 0 0 0 0 0]	[0 1 1 0 0 0]	[0 0 1 0 0 1]
1	0.3565339744091034	8.955906867980957	2.556826591491699	2.5402672290802	1.9324967861175537	1.926316261291504	True	[0 1 0 0 0 0 0 0 0 0 0 0]	[0 0 0 0 0 0 0 0 1 0 0 0]	[0 0 1 0 0 0]	[0 1 1 0 0 1]
1	0.04933895170688629	8.956080436706543	2.556678056716919	2.5402519702911377	1.9325895309448242	1.9265612363815308	True	[0 1 0 0 0 0 0 0 0 1 0 0]	[0 0 0 0 0 0 0 0 0 0 0 0]	[0 1 1 0 0 0]	[0 0 1 0 0 1]
1	0.35222509503364563	8.9568510055542	2.5568106174468994	2.540527820587158	1.9329638481140137	1.9265484809875488	True	[0 1 0 0 0 0 0 0 0 0 0 0]	[0 0 0 0 0 0 0 0 1 0 0 0]	[0 0 1 0 0 0]	[0 1 1 0 0 1]
1	0.05144353210926056	8.953944206237793	2.556511163711548	2.539109468460083	1.9317580461502075	1.9265660047531128	True	[0 1 0 0 0 0 0 0 0 1 0 0]	[0 0 0 0 0 0 0 0 0 0 0 0]	[0 1 1 0 0 0]	[0 0 1 0 0 1]
1	0.37620455026626587	8.956890106201172	2.5568971633911133	2.5407726764678955	1.932849407196045	1.9263707399368286	True	[0 1 0 0 0 0 0 0 0 0 0 0]	[0 0 0 0 0 0 0 0 1 0 0 0]	[0 0 1 0 0 0]	[0 1 1 0 0 1]
1	0.06262688338756561	8.95586109161377	2.5566532611846924	2.539971113204956	1.9323500394821167	1.9268863201141357	True	[0 1 0 0 0 0 0 0 0 1 0 0]	[0 0 0 0 0 0 0 0 0 0 0 0]	[0 1 1 0 0 0]	[0 0 1 0 0 1]
1	0.35999754071235657	8.956889152526855	2.5568151473999023	2.5404889583587646	1.9327234029769897	1.9268609285354614	True	[0 1 0 0 0 0 0 0 0 0 0 0]	[0 0 0 0 0 0 0 0 1 0 0 0]	[0 0 1 0 0 0]	[0 1 1 0 0 1]
1	0.05184001848101616	8.957048416137695	2.5566298961639404	2.540815830230713	1.9325000047683716	1.9271034002304077	True	[0 1 0 0 0 0 0 0 0 1 0 0]	[0 0 0 0 0 0 0 0 0 0 0 0]	[0 1 1 0 0 0]	[0 0 1 0 0 1]
1	0.35372376441955566	8.954371452331543	2.556607484817505	2.539545774459839	1.9324135780334473	1.9258049726486206	True	[0 1 0 0 0 0 0 0 0 0 0 0]	[0 0 0 0 0 0 0 0 1 0 0 0]	[0 0 1 0 0 0]	[0 1 1 0 0 1]
1	0.05720207840204239	8.954724311828613	2.5566487312316895	2.5395538806915283	1.9321385622024536	1.9263830184936523	True	[0 1 0 0 0 0 0 0 0 1 0 0]	[0 0 0 0 0 0 0 0 0 0 0 0]	[0 1 1 0 0 0]	[0 0 1 0 0 1]
1	0.3493596017360687	8.95712947845459	2.5567708015441895	2.540285587310791	1.9329878091812134	1.9270856380462646	True	[0 1 0 0 0 0 0 0 0 0 0 0]	[0 0 0 0 0 0 0 0 1 0 0 0]	[0 0 1 0 0 0]	[0 1 1 0 0 1]
1	0.05310499668121338	8.955522537231445	2.5564863681793213	2.5400917530059814	1.932498574256897	1.9264458417892456	True	[0 1 0 0 0 0 0 0 0 1 0 0]	[0 0 0 0 0 0 0 0 0 0 0 0]	[0 1 1 0 0 0]	[0 0 1 0 0 1]
1	0.36944130063056946	8.958658218383789	2.5568625926971436	2.541501045227051	1.932891607284546	1.9274027347564697	True	[0 1 0 0 0 0 0 0 0 0 0 0]	[0 0 0 0 0 0 0 0 1 0 0 0]	[0 0 1 0 0 0]	[0 1 1 0 0 1]
1	0.054112181067466736	8.955399513244629	2.5564489364624023	2.540069580078125	1.9323084354400635	1.926572561264038	True	[0 1 0 0 0 0 0 0 0 1 0 0]	[0 0 0 0 0 0 0 0 0 0 0 0]	[0 1 1 0 0 0]	[0 0 1 0 0 1]
1	0.3775842487812042	8.955158233642578	2.556682586669922	2.539764642715454	1.932262659072876	1.9264483451843262	True	[0 1 0 0 0 0 0 0 0 0 0 0]	[0 0 0 0 0 0 0 0 1 0 0 0]	[0 0 1 0 0 0]	[0 1 1 0 0 1]
1	0.061510730534791946	8.957613945007324	2.5569639205932617	2.540680170059204	1.9328463077545166	1.9271243810653687	True	[0 1 0 0 0 0 0 0 0 1 0 0]	[0 0 0 0 0 0 0 0 0 0 0 0]	[0 1 1 0 0 0]	[0 0 1 0 0 1]
1	0.37090837955474854	8.956628799438477	2.5568742752075195	2.5403835773468018	1.9328324794769287	1.9265387058258057	True	[0 1 0 0 0 0 0 0 0 0 0 0]	[0 0 0 0 0 0 0 0 1 0 0 0]	[0 0 1 0 0 0]	[0 1 1 0 0 1]
1	0.07259617000818253	8.957619667053223	2.5568761825561523	2.5410103797912598	1.9330716133117676	1.9266611337661743	True	[0 1 0 0 0 0 0 0 0 1 0 0]	[0 0 0 0 0 0 0 0 0 0 0 0]	[0 1 1 0 0 0]	[0 0 1 0 0 1]
1	0.37295058369636536	8.956926345825195	2.5568630695343018	2.540558099746704	1.9327235221862793	1.9267820119857788	True	[0 1 0 0 0 0 0 0 0 0 0 0]	[0 0 0 0 0 0 0 0 1 0 0 0]	[0 0 1 0 0 0]	[0 1 1 0 0 1]
1	0.058175161480903625	8.9551420211792	2.556394100189209	2.540018320083618	1.9321708679199219	1.9265581369400024	True	[0 1 0 0 0 0 0 0 0 1 0 0]	[0 0 0 0 0 0 0 0 0 0 0 0]	[0 1 1 0 0 0]	[0 0 1 0 0 1]
1	0.3507794439792633	8.957398414611816	2.5567779541015625	2.540757656097412	1.9328510761260986	1.9270113706588745	True	[0 1 0 0 0 0 0 0 0 0 0 0]	[0 0 0 0 0 0 0 0 1 0 0 0]	[0 0 1 0 0 0]	[0 1 1 0 0 1]
1	0.0622376948595047	8.956363677978516	2.556647777557373	2.5401697158813477	1.9322774410247803	1.9272689819335938	True	[0 1 0 0 0 0 0 0 0 1 0 0]	[0 0 0 0 0 0 0 0 0 0 0 0]	[0 1 1 0 0 0]	[0 0 1 0 0 1]
2	0.4236140251159668	8.803824424743652	2.5092291831970215	2.5238449573516846	1.8839735984802246	1.8867766857147217	False	[0 0 1 0 0 0 0 0 0 0 0 0]	[0 0 0 1 0 0 0 0 0 0 0 0]	[0 0 0 0 1 0]	[0 0 0 0 0 1]
2	-0.5	8.943254470825195	2.54586124420166	2.551356554031372	1.9285097122192383	1.917527198791504	False	[0 0 0 0 0 0 0 0 0 0 0 0]	[0 0 0 0 0 0 0 0 0 0 0 0]	[0 0 0 0 0 0]	[0 0 0 1 0 1]
2	0.2450542449951172	8.854655265808105	2.5223031044006348	2.534743309020996	1.9005813598632812	1.8970271348953247	False	[0 0 1 0 0 0 0 0 0 0 0 0]	[0 0 0 1 0 0 0 0 0 0 0 0]	[0 0 0 0 1 0]	[0 0 0 1 0 0]
2	-1.0	8.912899017333984	2.5375871658325195	2.546376943588257	1.919245719909668	1.9096884727478027	False	[0 0 0 0 0 0 0 0 0 0 0 0]	[0 0 0 0 0 0 0 0 0 0 0 0]	[0 0 0 0 0 0]	[0 0 0 0 0 0]
2	0.4309692680835724	8.80217456817627	2.5094075202941895	2.5241355895996094	1.8831630945205688	1.8854682445526123	False	[0 0 1 0 0 0 0 0 0 0 0 0]	[0 0 0 1 0 0 0 0 0 0 0 0]	[0 0 0 0 1 0]	[0 0 0 0 0 1]
2	-0.5	8.94466495513916	2.5458829402923584	2.5519859790802	1.9285216331481934	1.9182746410369873	False	[0 0 0 0 0 0 0 0 0 0 0 0]	[0 0 0 0 0 0 0 0 0 0 0 0]	[0 0 0 0 0 0]	[0 0 0 1 0 1]
2	0.2554437518119812	8.855020523071289	2.5224738121032715	2.534761428833008	1.9006470441818237	1.8971376419067383	False	[0 0 1 0 0 0 0 0 0 0 0 0]	[0 0 0 1 0 0 0 0 0 0 0 0]	[0 0 0 0 1 0]	[0 0 0 1 0 0]
2	-1.0	8.911444664001465	2.537095069885254	2.54555606842041	1.9189472198486328	1.909846544265747	False	[0 0 0 0 0 0 0 0 0 0 0 0]	[0 0 0 0 0 0 0 0 0 0 0 0]	[0 0 0 0 0 0]	[0 0 0 0 0 0]
2	0.4314694404602051	8.804130554199219	2.509516477584839	2.523838996887207	1.884505033493042	1.8862695693969727	False	[0 0 1 0 0 0 0 0 0 0 0 0]	[0 0 0 1 0 0 0 0 0 0 0 0]	[0 0 0 0 1 0]	[0 0 0 0 0 1]
2	-0.5	8.942039489746094	2.5453524589538574	2.551180601119995	1.9281654357910156	1.9173414707183838	False	[0 0 0 0 0 0 0 0 0 0 0 0]	[0 0 0 0 0 0 0 0 0 0 0 0]	[0 0 0 0 0 0]	[0 0 0 1 0 1]
2	0.25192174315452576	8.85785961151123	2.523620843887329	2.535621404647827	1.901573896408081	1.897042989730835	False	[0 0 1 0 0 0 0 0 0 0 0 0]	[0 0 0 1 0 0 0 0 0 0 0 0]	[0 0 0 0 1 0]	[0 0 0 1 0 0]
2	-0.5	8.91209888458252	2.5374927520751953	2.545775890350342	1.9191356897354126	1.9096943140029907	False	[0 0 0 0 0 0 0 0 0 0 0 0]	[0 0 0 0 0 0 0 0 0 0 0 0]	[0 0 0 0 0 0]	[0 0 0 1 0 1]
2	0.24598069489002228	8.853811264038086	2.52200984954834	2.5343785285949707	1.9008557796478271	1.8965673446655273	False	[0 0 1 0 0 0 0 0 0 0 0 0]	[0 0 0 1 0 0 0 0 0 0 0 0]	[0 0 0 0 1 0]	[0 0 0 1 0 0]
2	-0.5	8.910873413085938	2.536696672439575	2.5456268787384033	1.9188700914382935	1.9096795320510864	False	[0 0 0 0 0 0 0 0 0 0 0 0]	[0 0 0 0 0 0 0 0 0 0 0 0]	[0 0 0 0 0 0]	[0 0 0 1 0 1]
2	0.2635889947414398	8.855972290039062	2.522662401199341	2.5352349281311035	1.9008228778839111	1.8972522020339966	False	[0 0 1 0 0 0 0 0 0 0 0 0]	[0 0 0 1 0 0 0 0 0 0 0 0]	[0 0 0 0 1 0]	[0 0 0 1 0 0]
2	-1.0	8.910591125488281	2.536992311477661	2.5458292961120605	1.9182604551315308	1.909508228302002	False	[0 0 0 0 0 0 0 0 0 0 0 0]	[0 0 0 0 0 0 0 0 0 0 0 0]	[0 0 0 0 0 0]	[0 0 0 0 0 0]
2	0.4526546001434326	8.802804946899414	2.5089006423950195	2.5240399837493896	1.8836411237716675	1.8862230777740479	False	[0 0 1 0 0 0 0 0 0 0 0 0]	[0 0 0 1 0 0 0 0 0 0 0 0]	[0 0 0 0 1 0]	[0 0 0 0 0 1]
2	0.026196924969553947	8.945136070251465	2.5460872650146484	2.5515525341033936	1.929198980331421	1.9182971715927124	False	[0 0 0 0 0 0 0 0 0 0 0 0]	[0 0 0 0 0 0 0 0 0 0 0 0]	[1 0 0 0 1 0]	[0 0 0 1 0 1]
2	0.24067217111587524	8.854464530944824	2.523162364959717	2.535405397415161	1.8995590209960938	1.8963372707366943	False	[0 0 1 0 0 0 0 0 0 0 0 0]	[0 0 0 1 0 0 0 0 0 0 0 0]	[1 0 0 0 0 0]	[0 0 0 1 0 0]
2	-0.5	8.91064453125	2.5366930961608887	2.545607089996338	1.9188027381896973	1.909541368484497	False	[0 0 0 0 0 0 0 0 0 0 0 0]	[0 0 0 0 0 0 0 0 0 0 0 0]	[1 0 0 0 1 0]	[0 0 0 0 0 0]
2	0.45551198720932007	8.855890274047852	2.5227441787719727	2.5351498126983643	1.9008586406707764	1.89713716506958	False	[0 0 1 0 0 0 0 0 0 0 0 0]	[0 0 0 1 0 0 0 0 0 0 0 0]	[1 0 0 0 0 0]	[0 0 0 0 0 1]
2	0.027517903596162796	8.944307327270508	2.5456011295318604	2.5513696670532227	1.9290966987609863	1.918239712715149	False	[0 0 0 0 0 0 0 0 0 0 0 0]	[0 0 0 0 0 0 0 0 0 0 0 0]	[1 0 0 0 1 0]	[0 0 0 1 0 1]
2	0.24519771337509155	8.85793399810791	2.5234951972961426	2.536083936691284	1.9011600017547607	1.8971952199935913	False	[0 0 1 0 0 0 0 0 0 0 0 0]	[0 0 0 1 0 0 0 0 0 0 0 0]	[1 0 0 0 0 0]	[0 0 0 1 0 0]
2	-0.5	8.909889221191406	2.536829710006714	2.545442581176758	1.918394684791565	1.90922212600708	False	[0 0 0 0 0 0 0 0 0 0 0 0]	[0 0 0 0 0 0 0 0 0 0 0 0]	[1 0 0 0 1 0]	[0 0 0 0 0 0]
2	0.4210990369319916	8.853489875793457	2.522660970687866	2.5349574089050293	1.8996306657791138	1.8962408304214478	False	[0 0 1 0 0 0 0 0 0 0 0 0]	[0 0 0 1 0 0 0 0 0 0 0 0]	[1 0 0 0 0 0]	[0 0 0 0 0 1]
2	0.024740930646657944	8.945381164550781	2.5459482669830322	2.5517983436584473	1.9292349815368652	1.918399453163147	False	[0 0 0 0 0 0 0 0 0 0 0 0]	[0 0 0 0 0 0 0 0 0 0 0 0]	[1 0 0 0 1 0]	[0 0 0 1 0 1]
2	0.26157790422439575	8.856005668640137	2.523240804672241	2.5358481407165527	1.9001054763793945	1.896811604499817	False	[0 0 1 0 0 0 0 0 0 0 0 0]	[0 0 0 1 0 0 0 0 0 0 0 0]	[1 0 0 0 0 0]	[0 0 0 1 0 0]
2	-0.5	8.911587715148926	2.5371406078338623	2.5457115173339844	1.9189168214797974	1.909818410873413	False	[0 0 0 0 0 0 0 0 0 0 0 0]	[0 0 0 0 0 0 0 0 0 0 0 0]	[1 0 0 0 1 0]	[0 0 0 0 0 0]
2	0.4587131440639496	8.854284286499023	2.5224926471710205	2.5345630645751953	1.9004218578338623	1.8968071937561035	False	[0 0 1 0 0 0 0 0 0 0 0 0]	[0 0 0 1 0 0 0 0 0 0 0 0]	[1 0 0 0 0 0]	[0 0 0 0 0 1]
2	0.025848908349871635	8.94436264038086	2.54545521736145	2.5514297485351562	1.9291645288467407	1.918313980102539	False	[0 0 0 0 0 0 0 0 0 0 0 0]	[0 0 0 0 0 0 0 0 0 0 0 0]	[1 0 0 0 1 0]	[0 0 0 1 0 1]
3	0.5421259999275208	8.841679573059082	2.5274837017059326	2.5113229751586914	1.8824552297592163	1.920417308807373	False	[0 0 0 0 0 1 0 0 0 0 0 0]	[0 0 0 0 0 0 0 0 1 0 0 0]	[0 0 0 1 0 0]	[0 1 0 0 0 0]
3	0.34436386823654175	8.93136978149414	2.5479164123535156	2.5354251861572266	1.9168100357055664	1.9312183856964111	False	[0 0 0 0 0 1 0 0 0 0 0 1]	[0 0 0 0 0 0 0 0 1 1 0 0]	[0 1 0 1 0 0]	[0 1 1 0 0 0]
3	0.48565587401390076	8.92974853515625	2.5467560291290283	2.5349555015563965	1.9164931774139404	1.9315433502197266	False	[0 0 0 0 0 1 0 0 0 0 0 0]	[0 0 0 0 0 0 0 0 1 1 0 1]	[0 1 0 0 0 0]	[0 1 0 0 0 0]
3	0.03805341199040413	8.93371295928955	2.5480942726135254	2.536083459854126	1.9178004264831543	1.9317348003387451	False	[0 0 0 0 0 1 0 0 0 0 0 1]	[0 0 0 0 0 0 0 0 1 0 0 1]	[0 0 0 0 0 0]	[0 1 1 0 0 0]
3	0.5286749601364136	8.909077644348145	2.541858434677124	2.528550148010254	1.9087620973587036	1.9299064874649048	False	[0 0 0 0 0 0 0 0 0 0 0 1]	[0 0 0 0 0 0 0 0 0 0 0 1]	[0 0 0 1 0 0]	[0 0 1 0 0 0]
3	0.32013702392578125	8.932426452636719	2.548042058944702	2.5359785556793213	1.9168094396591187	1.931595802307129	False	[0 0 0 0 0 1 0 0 0 0 0 1]	[0 0 0 0 0 0 0 0 0 1 0 1]	[0 1 0 1 0 0]	[0 0 0 0 0 0]
3	0.500332772731781	8.914767265319824	2.543532371520996	2.5305099487304688	1.9104894399642944	1.930235505104065	False	[0 0 0 0 0 0 0 0 0 0 0 1]	[0 0 0 0 0 0 0 0 1 1 0 1]	[0 1 0 0 0 0]	[0 1 0 0 0 0]
3	0.04336279630661011	8.934831619262695	2.548123598098755	2.536740779876709	1.9181002378463745	1.9318666458129883	False	[0 0 0 0 0 1 0 0 0 0 0 1]	[0 0 0 0 0 0 0 0 1 0 0 1]	[0 0 0 0 0 0]	[0 1 1 0 0 0]
3	0.5525386333465576	8.910269737243652	2.5423989295959473	2.529177188873291	1.9089086055755615	1.9297847747802734	False	[0 0 0 0 0 0 0 0 0 0 0 1]	[0 0 0 0 0 0 0 0 0 0 0 1]	[0 0 0 1 0 0]	[0 0 1 0 0 0]
3	0.32127121090888977	8.930740356445312	2.5476300716400146	2.535921335220337	1.916672706604004	1.9305158853530884	False	[0 0 0 0 0 0 0 0 0 0 0 0]	[0 0 0 0 0 0 0 0 0 1 0 1]	[0 1 0 1 0 0]	[0 0 0 0 0 0]
3	0.4372534155845642	8.91460132598877	2.54367733001709	2.530252456665039	1.9101688861846924	1.9305026531219482	False	[0 0 0 0 0 1 0 0 0 0 0 0]	[0 0 0 0 0 0 0 0 1 1 0 1]	[0 1 0 0 0 0]	[0 0 1 0 0 0]
3	0.35515835881233215	8.925869941711426	2.546088933944702	2.533621311187744	1.915162205696106	1.9309980869293213	False	[0 0 0 0 0 0 0 0 0 0 0 0]	[0 0 0 0 0 0 0 0 1 1 0 0]	[0 1 0 1 0 0]	[0 0 0 0 0 0]
3	0.31652140617370605	8.92261028289795	2.5458741188049316	2.532773971557617	1.9132298231124878	1.9307324886322021	False	[0 0 0 0 0 0 0 0 0 0 0 1]	[0 0 0 0 0 0 0 0 1 0 0 0]	[0 1 0 0 0 0]	[0 0 1 0 0 0]
3	0.3843396008014679	8.924448013305664	2.546260118484497	2.5333142280578613	1.914062738418579	1.9308111667633057	False	[0 0 0 0 0 1 0 0 0 0 0 1]	[0 0 0 0 0 0 0 0 1 1 0 0]	[0 1 0 1 0 0]	[0 0 0 0 0 0]
3	0.4515051543712616	8.928054809570312	2.5468790531158447	2.5343575477600098	1.9155641794204712	1.9312541484832764	False	[0 0 0 0 0 0 0 0 0 0 0 1]	[0 0 0 0 0 0 0 0 1 1 0 1]	[0 1 0 0 0 0]	[0 0 1 0 0 0]
3	0.3959103524684906	8.925397872924805	2.546309471130371	2.5335090160369873	1.9143593311309814	1.9312196969985962	False	[0 0 0 0 0 1 0 0 0 0 0 1]	[0 0 0 0 0 0 0 0 1 1 0 0]	[0 1 0 1 0 0]	[0 0 0 0 0 0]
3	0.3191239833831787	8.92546272277832	2.546178102493286	2.5335402488708496	1.914527177810669	1.9312167167663574	False	[0 0 0 0 0 0 0 0 0 0 0 1]	[0 0 0 0 0 0 0 0 1 0 0 0]	[0 1 0 0 0 0]	[0 0 1 0 0 0]
3	0.38810136914253235	8.922839164733887	2.5453639030456543	2.532932758331299	1.914029836654663	1.9305124282836914	False	[0 0 0 0 0 1 0 0 0 0 0 1]	[0 0 0 0 0 0 0 0 1 1 0 0]	[0 1 0 1 0 0]	[0 0 0 0 0 0]
3	0.3311608135700226	8.926250457763672	2.5461230278015137	2.5338051319122314	1.9151664972305298	1.9311559200286865	False	[0 0 0 0 0 0 0 0 0 0 0 1]	[0 0 0 0 0 0 0 0 1 0 0 0]	[0 1 0 0 0 0]	[0 0 1 0 0 0]
3	0.3681069016456604	8.92509937286377	2.5462865829467773	2.5334434509277344	1.9144147634506226	1.9309544563293457	False	[0 0 0 0 0 1 0 0 0 0 0 1]	[0 0 0 0 0 0 0 0 1 1 0 0]	[0 1 0 1 0 0]	[0 0 0 0 0 0]
3	0.3318693935871124	8.926431655883789	2.546266794204712	2.534069061279297	1.9149460792541504	1.9311497211456299	False	[0 0 0 0 0 0 0 0 0 0 0 1]	[0 0 0 0 0 0 0 0 1 0 0 0]	[0 1 0 0 0 0]	[0 0 1 0 0 0]
3	0.4111347496509552	8.922075271606445	2.5456478595733643	2.5327770709991455	1.9132897853851318	1.9303604364395142	False	[0 0 0 0 0 1 0 0 0 0 0 1]	[0 0 0 0 0 0 0 0 1 1 0 0]	[0 1 0 1 0 0]	[0 0 0 0 0 0]
3	0.3254340887069702	8.925132751464844	2.545961856842041	2.533538818359375	1.9146113395690918	1.9310208559036255	False	[0 0 0 0 0 0 0 0 0 0 0 1]	[0 0 0 0 0 0 0 0 1 0 0 0]	[0 1 0 0 0 0]	[0 0 1 0 0 0]
3	0.3840429484844208	8.923104286193848	2.5458412170410156	2.5329458713531494	1.9137197732925415	1.9305977821350098	False	[0 0 0 0 0 1 0 0 0 0 0 1]	[0 0 0 0 0 0 0 0 1 1 0 0]	[0 1 0 1 0 0]	[0 0 0 0 0 0]
3	0.41917330026626587	8.92372989654541	2.545853853225708	2.5331130027770996	1.913967490196228	1.9307955503463745	False	[0 0 0 0 0 0 0 0 0 0 0 1]	[0 0 0 0 0 0 0 0 1 1 0 1]	[0 1 0 0 0 0]	[0 0 1 0 0 0]
3	0.4123559892177582	8.924532890319824	2.545931339263916	2.533431053161621	1.9141783714294434	1.9309923648834229	False	[0 0 0 0 0 1 0 0 0 0 0 1]	[0 0 0 0 0 0 0 0 1 1 0 0]	[0 1 0 1 0 0]	[0 0 0 0 0 0]
3	0.35526517033576965	8.926848411560059	2.546320676803589	2.534325122833252	1.9148147106170654	1.9313879013061523	False	[0 0 0 0 0 0 0 0 0 0 0 1]	[0 0 0 0 0 0 0 0 1 0 0 0]	[0 1 0 0 0 0]	[0 0 1 0 0 0]
3	0.401814728975296	8.921762466430664	2.545382022857666	2.532578229904175	1.9131513833999634	1.9306515455245972	False	[0 0 0 0 0 1 0 0 0 0 0 1]	[0 0 0 0 0 0 0 0 1 1 0 0]	[0 1 0 1 0 0]	[0 0 0 0 0 0]
3	0.41503220796585083	8.928537368774414	2.5465633869171143	2.534888982772827	1.91573965549469	1.931344985961914	False	[0 0 0 0 0 0 0 0 0 0 0 1]	[0 0 0 0 0 0 0 0 1 1 0 1]	[0 1 0 0 0 0]	[0 0 1 0 0 0]
3	0.25474998354911804	8.929121017456055	2.546405553817749	2.534757614135742	1.9162306785583496	1.9317264556884766	False	[0 0 0 0 0 1 0 0 0 0 0 1]	[0 0 0 0 0 0 0 0 1 0 0 1]	[0 1 0 1 0 0]	[0 0 0 0 0 0]
4	0.5342914462089539	8.921672821044922	2.525679588317871	2.531890392303467	1.9367520809173584	1.9273509979248047	False	[0 0 0 0 1 0 0 0 0 0 0 0]	[0 0 0 1 0 0 0 0 0 0 0 0]	[0 0 0 0 0 1]	[0 0 0 0 0 1]
4	0.4985996186733246	8.965167045593262	2.5465352535247803	2.5469892024993896	1.9361991882324219	1.9354431629180908	False	[0 0 0 0 1 0 0 0 0 0 0 1]	[0 1 0 1 0 0 0 0 0 0 0 0]	[0 0 0 0 0 0]	[0 0 0 0 1 1]
4	0.5235827565193176	8.964498519897461	2.546440601348877	2.5467376708984375	1.9360342025756836	1.9352861642837524	False	[0 0 0 0 1 0 0 0 0 0 0 0]	[0 0 0 1 0 0 0 0 0 0 0 0]	[0 0 0 0 0 1]	[0 0 0 0 0 1]
4	0.5291582942008972	8.964761734008789	2.5463201999664307	2.546945810317993	1.9360616207122803	1.935434341430664	False	[0 0 0 0 1 0 0 0 0 0 0 1]	[0 1 0 1 0 0 0 0 0 0 0 0]	[0 0 0 0 0 0]	[0 0 0 0 1 1]
4	0.5431303381919861	8.964629173278809	2.54640793800354	2.5468668937683105	1.9360442161560059	1.9353101253509521	False	[0 0 0 0 1 0 0 0 0 0 0 0]	[0 0 0 1 0 0 0 0 0 0 0 0]	[0 0 0 0 0 1]	[0 0 0 0 0 1]
4	0.4989708960056305	8.965631484985352	2.546745777130127	2.54724383354187	1.936037302017212	1.9356054067611694	False	[0 0 0 0 1 0 0 0 0 0 0 1]	[0 1 0 1 0 0 0 0 0 0 0 0]	[0 0 0 0 0 0]	[0 0 0 0 1 1]
4	0.5008320212364197	8.964912414550781	2.5462517738342285	2.5472235679626465	1.9362883567810059	1.9351489543914795	False	[0 0 0 0 1 0 0 0 0 0 0 0]	[0 0 0 1 0 0 0 0 0 0 0 0]	[0 0 0 0 0 1]	[0 0 0 0 0 1]
4	0.4647619426250458	8.963790893554688	2.5463881492614746	2.5463669300079346	1.9358025789260864	1.9352326393127441	False	[0 0 0 0 1 0 0 0 0 0 0 1]	[0 1 0 1 0 0 0 0 0 0 0 0]	[0 0 0 0 0 0]	[0 0 0 0 1 1]
4	0.49848073720932007	8.965272903442383	2.546698808670044	2.547398090362549	1.936105489730835	1.9350699186325073	False	[0 0 0 0 1 0 0 0 0 0 0 0]	[0 0 0 1 0 0 0 0 0 0 0 0]	[0 0 0 0 0 1]	[0 0 0 0 0 1]
4	0.5109372138977051	8.963465690612793	2.5460500717163086	2.546532392501831	1.9358763694763184	1.935006856918335	False	[0 0 0 0 1 0 0 0 0 0 0 1]	[0 1 0 1 0 0 0 0 0 0 0 0]	[0 0 0 0 0 0]	[0 0 0 0 1 1]
4	0.5310989022254944	8.965788841247559	2.546586513519287	2.547410488128662	1.9365050792694092	1.935286521911621	False	[0 0 0 0 1 0 0 0 0 0 0 0]	[0 0 0 1 0 0 0 0 0 0 0 0]	[0 0 0 0 0 1]	[0 0 0 0 0 1]
4	0.4844745695590973	8.964126586914062	2.546236515045166	2.546738624572754	1.9360570907592773	1.9350945949554443	False	[0 0 0 0 1 0 0 0 0 0 0 1]	[0 1 0 1 0 0 0 0 0 0 0 0]	[0 0 0 0 0 0]	[0 0 0 0 1 1]
4	0.5423954725265503	8.965452194213867	2.5465893745422363	2.5473215579986572	1.9364452362060547	1.9350953102111816	False	[0 0 0 0 1 0 0 0 0 0 0 0]	[0 0 0 1 0 0 0 0 0 0 0 0]	[0 0 0 0 0 1]	[0 0 0 0 0 1]
4	0.49784958362579346	8.964174270629883	2.546492338180542	2.5465238094329834	1.9359493255615234	1.9352084398269653	False	[0 0 0 0 1 0 0 0 0 0 0 1]	[0 1 0 1 0 0 0 0 0 0 0 0]	[0 0 0 0 0 0]	[0 0 0 0 1 1]
4	0.5054858326911926	8.965176582336426	2.5467405319213867	2.5468993186950684	1.9361867904663086	1.9353500604629517	False	[0 0 0 0 1 0 0 0 0 0 0 0]	[0 0 0 1 0 0 0 0 0 0 0 0]	[0 0 0 0 0 1]	[0 0 0 0 0 1]
4	0.48226624727249146	8.965764045715332	2.546828031539917	2.547330617904663	1.9360449314117432	1.9355599880218506	False	[0 0 0 0 1 0 0 0 0 0 0 1]	[0 1 0 1 0 0 0 0 0 0 0 0]	[0 0 0 0 0 0]	[0 0 0 0 1 1]
4	0.5042396783828735	8.964561462402344	2.5466177463531494	2.5471177101135254	1.9358712434768677	1.9349541664123535	False	[0 0 0 0 1 0 0 0 0 0 0 0]	[0 0 0 1 0 0 0 0 0 0 0 0]	[0 0 0 0 0 1]	[0 0 0 0 0 1]
4	0.47616708278656006	8.962875366210938	2.5457253456115723	2.5461740493774414	1.9357646703720093	1.9352113008499146	False	[0 0 0 0 1 0 0 0 0 0 0 1]	[0 1 0 1 0 0 0 0 0 0 0 0]	[0 0 0 0 0 0]	[0 0 0 0 1 1]
4	0.498852014541626	8.965970993041992	2.546597957611084	2.547609567642212	1.9364173412322998	1.9353452920913696	False	[0 0 0 0 1 0 0 0 0 0 0 0]	[0 0 0 1 0 0 0 0 0 0 0 0]	[0 0 0 0 0 1]	[0 0 0 0 0 1]
4	0.5144410729408264	8.963006973266602	2.546020746231079	2.5459864139556885	1.9357020854949951	1.935298204421997	False	[0 0 0 0 1 0 0 0 0 0 0 1]	[0 1 0 1 0 0 0 0 0 0 0 0]	[0 0 0 0 0 0]	[0 0 0 0 1 1]
4	0.5309885740280151	8.965923309326172	2.546679973602295	2.5475666522979736	1.9366061687469482	1.9350695610046387	False	[0 0 0 0 1 0 0 0 0 0 0 0]	[0 0 0 1 0 0 0 0 0 0 0 0]	[0 0 0 0 0 1]	[0 0 0 0 0 1]
4	0.5167189836502075	8.963778495788574	2.5460495948791504	2.546544075012207	1.9358561038970947	1.935328722000122	False	[0 0 0 0 1 0 0 0 0 0 0 1]	[0 1 0 1 0 0 0 0 0 0 0 0]	[0 0 0 0 0 0]	[0 0 0 0 1 1]
4	0.528817892074585	8.96624755859375	2.546682357788086	2.5477657318115234	1.9362319707870483	1.9355673789978027	False	[0 0 0 0 1 0 0 0 0 0 0 0]	[0 0 0 1 0 0 0 0 0 0 0 0]	[0 0 0 0 0 1]	[0 0 0 0 0 1]
4	0.5240637063980103	8.963808059692383	2.5461997985839844	2.546856164932251	1.9357459545135498	1.9350063800811768	False	[0 0 0 0 1 0 0 0 0 0 0 1]	[0 1 0 1 0 0 0 0 0 0 0 0]	[0 0 0 0 0 0]	[0 0 0 0 1 1]
4	0.5200907588005066	8.965557098388672	2.546684503555298	2.5471842288970947	1.9363995790481567	1.935288429260254	False	[0 0 0 0 1 0 0 0 0 0 0 0]	[0 0 0 1 0 0 0 0 0 0 0 0]	[0 0 0 0 0 1]	[0 0 0 0 0 1]
4	0.5232565402984619	8.964763641357422	2.546412706375122	2.546719551086426	1.9361352920532227	1.9354965686798096	False	[0 0 0 0 1 0 0 0 0 0 0 1]	[0 1 0 1 0 0 0 0 0 0 0 0]	[0 0 0 0 0 0]	[0 0 0 0 1 1]
4	0.5061431527137756	8.964916229248047	2.5464324951171875	2.5472843647003174	1.9362330436706543	1.934966802597046	False	[0 0 0 0 1 0 0 0 0 0 0 0]	[0 0 0 1 0 0 0 0 0 0 0 0]	[0 0 0 0 0 1]	[0 0 0 0 0 1]
4	0.47876060009002686	8.964372634887695	2.5464560985565186	2.5465497970581055	1.9358279705047607	1.9355378150939941	False	[0 0 0 0 1 0 0 0 0 0 0 1]	[0 1 0 1 0 0 0 0 0 0 0 0]	[0 0 0 0 0 0]	[0 0 0 0 1 1]
4	0.5183709263801575	8.965188026428223	2.5467071533203125	2.547070026397705	1.9362812042236328	1.9351295232772827	False	[0 0 0 0 1 0 0 0 0 0 0 0]	[0 0 0 1 0 0 0 0 0 0 0 0]	[0 0 0 0 0 1]	[0 0 0 0 0 1]
4	0.5052638649940491	8.96422004699707	2.5464329719543457	2.5465543270111084	1.9358928203582764	1.9353400468826294	False	[0 0 0 0 1 0 0 0 0 0 0 1]	[0 1 0 1 0 0 0 0 0 0 0 0]	[0 0 0 0 0 0]	[0 0 0 0 1 1]
5	0.4425686001777649	8.91169548034668	2.5364162921905518	2.5461602210998535	1.9198907613754272	1.9092273712158203	False	[0 0 1 0 0 0 0 0 0 0 0 0]	[0 0 0 0 0 0 0 1 0 0 0 0]	[0 0 1 0 0 0]	[0 0 0 0 0 1]
5	0.5209850072860718	8.943934440612793	2.55118989944458	2.5445170402526855	1.9310871362686157	1.9171401262283325	False	[0 0 1 0 0 0 0 0 0 1 0 0]	[0 0 0 0 0 0 0 0 0 0 0 0]	[0 1 1 0 0 0]	[0 0 0 0 1 1]
5	0.425409197807312	8.94409465789795	2.551368236541748	2.544097423553467	1.9308230876922607	1.9178054332733154	False	[0 0 1 0 0 0 0 0 0 0 0 0]	[0 0 0 0 0 0 0 1 0 0 0 0]	[0 0 1 0 0 0]	[0 0 0 0 0 1]
5	0.47951164841651917	8.943406105041504	2.5505943298339844	2.544318914413452	1.9310954809188843	1.917396903038025	False	[0 0 1 0 0 0 0 0 0 1 0 0]	[0 0 0 0 0 0 0 0 0 0 0 0]	[0 1 1 0 0 0]	[0 0 0 0 1 1]
5	0.4032946825027466	8.943482398986816	2.551633834838867	2.54359769821167	1.9309159517288208	1.9173353910446167	False	[0 0 1 0 0 0 0 0 0 0 0 0]	[0 0 0 0 0 0 0 1 0 0 0 0]	[0 0 1 0 0 0]	[0 0 0 0 0 1]
5	0.4846395254135132	8.943623542785645	2.5509164333343506	2.5441057682037354	1.9311494827270508	1.9174516201019287	False	[0 0 1 0 0 0 0 0 0 1 0 0]	[0 0 0 0 0 0 0 0 0 0 0 0]	[0 1 1 0 0 0]	[0 0 0 0 1 1]
5	0.4222371280193329	8.944456100463867	2.551797389984131	2.544105291366577	1.9307596683502197	1.9177947044372559	False	[0 0 1 0 0 0 0 0 0 0 0 0]	[0 0 0 0 0 0 0 1 0 0 0 0]	[0 0 1 0 0 0]	[0 0 0 0 0 1]
5	0.49487224221229553	8.941518783569336	2.550173759460449	2.543954610824585	1.930722713470459	1.9166672229766846	False	[0 0 1 0 0 0 0 0 0 1 0 0]	[0 0 0 0 0 0 0 0 0 0 0 0]	[0 1 1 0 0 0]	[0 0 0 0 1 1]
5	0.4262884557247162	8.943880081176758	2.5516445636749268	2.543818950653076	1.9305366277694702	1.917879581451416	False	[0 0 1 0 0 0 0 0 0 0 0 0]	[0 0 0 0 0 0 0 1 0 0 0 0]	[0 0 1 0 0 0]	[0 0 0 0 0 1]
5	0.488493949174881	8.943037033081055	2.550039529800415	2.5446202754974365	1.9308738708496094	1.9175032377243042	False	[0 0 1 0 0 0 0 0 0 1 0 0]	[0 0 0 0 0 0 0 0 0 0 0 0]	[0 1 1 0 0 0]	[0 0 0 0 1 1]
5	0.4278241991996765	8.943854331970215	2.5512900352478027	2.5440855026245117	1.9306232929229736	1.9178555011749268	False	[0 0 1 0 0 0 0 0 0 0 0 0]	[0 0 0 0 0 0 0 1 0 0 0 0]	[0 0 1 0 0 0]	[0 0 0 0 0 1]
5	0.46095141768455505	8.945409774780273	2.551500082015991	2.5450494289398193	1.9314316511154175	1.9174286127090454	False	[0 0 1 0 0 0 0 0 0 1 0 0]	[0 0 0 0 0 0 0 0 0 0 0 0]	[0 1 1 0 0 0]	[0 0 0 0 1 1]
5	0.43421071767807007	8.94379711151123	2.551609516143799	2.543891668319702	1.9304931163787842	1.9178026914596558	False	[0 0 1 0 0 0 0 0 0 0 0 0]	[0 0 0 0 0 0 0 1 0 0 0 0]	[0 0 1 0 0 0]	[0 0 0 0 0 1]
5	0.47790634632110596	8.942422866821289	2.5504534244537354	2.5439138412475586	1.9310722351074219	1.916983723640442	False	[0 0 1 0 0 0 0 0 0 1 0 0]	[0 0 0 0 0 0 0 0 0 0 0 0]	[0 1 1 0 0 0]	[0 0 0 0 1 1]
5	0.45723769068717957	8.94334888458252	2.551517963409424	2.5438597202301025	1.9306341409683228	1.9173372983932495	False	[0 0 1 0 0 0 0 0 0 0 0 0]	[0 0 0 0 0 0 0 1 0 0 0 0]	[0 0 1 0 0 0]	[0 0 0 0 0 1]
5	0.4539766013622284	8.943368911743164	2.550401210784912	2.544236660003662	1.9311822652816772	1.917548656463623	False	[0 0 1 0 0 0 0 0 0 1 0 0]	[0 0 0 0 0 0 0 0 0 0 0 0]	[0 1 1 0 0 0]	[0 0 0 0 1 1]
5	0.41804325580596924	8.944011688232422	2.551853656768799	2.5440731048583984	1.9306095838546753	1.917475700378418	False	[0 0 1 0 0 0 0 0 0 0 0 0]	[0 0 0 0 0 0 0 1 0 0 0 0]	[0 0 1 0 0 0]	[0 0 0 0 0 1]
5	0.4959832429885864	8.942414283752441	2.550262928009033	2.54411244392395	1.9309319257736206	1.9171062707901	False	[0 0 1 0 0 0 0 0 0 1 0 0]	[0 0 0 0 0 0 0 0 0 0 0 0]	[0 1 1 0 0 0]	[0 0 0 0 1 1]
5	0.42146891355514526	8.944881439208984	2.551892042160034	2.5436267852783203	1.9311628341674805	1.9181993007659912	False	[0 0 1 0 0 0 0 0 0 0 0 0]	[0 0 0 0 0 0 0 1 0 0 0 0]	[0 0 1 0 0 0]	[0 0 0 0 0 1]
5	0.47373202443122864	8.943370819091797	2.550530433654785	2.544297218322754	1.9310243129730225	1.9175190925598145	False	[0 0 1 0 0 0 0 0 0 1 0 0]	[0 0 0 0 0 0 0 0 0 0 0 0]	[0 1 1 0 0 0]	[0 0 0 0 1 1]
5	0.4493899643421173	8.944661140441895	2.551931619644165	2.5436198711395264	1.9310766458511353	1.9180331230163574	False	[0 0 1 0 0 0 0 0 0 0 0 0]	[0 0 0 0 0 0 0 1 0 0 0 0]	[0 0 1 0 0 0]	[0 0 0 0 0 1]
5	0.4724370539188385	8.944371223449707	2.5511250495910645	2.5444109439849854	1.931206464767456	1.9176280498504639	False	[0 0 1 0 0 0 0 0 0 1 0 0]	[0 0 0 0 0 0 0 0 0 0 0 0]	[0 1 1 0 0 0]	[0 0 0 0 1 1]
5	0.4245845079421997	8.943564414978027	2.5516867637634277	2.543715000152588	1.9306464195251465	1.9175164699554443	False	[0 0 1 0 0 0 0 0 0 0 0 0]	[0 0 0 0 0 0 0 1 0 0 0 0]	[0 0 1 0 0 0]	[0 0 0 0 0 1]
5	0.463949054479599	8.943364143371582	2.551133632659912	2.5441157817840576	1.9311143159866333	1.9170008897781372	False	[0 0 1 0 0 0 0 0 0 1 0 0]	[0 0 0 0 0 0 0 0 0 0 0 0]	[0 1 1 0 0 0]	[0 0 0 0 1 1]
5	0.4186752736568451	8.94426441192627	2.5519769191741943	2.5434882640838623	1.9308531284332275	1.917946219444275	False	[0 0 1 0 0 0 0 0 0 0 0 0]	[0 0 0 0 0 0 0 1 0 0 0 0]	[0 0 1 0 0 0]	[0 0 0 0 0 1]
5	0.49729228019714355	8.942934036254883	2.5504631996154785	2.5441689491271973	1.9310346841812134	1.917267084121704	False	[0 0 1 0 0 0 0 0 0 1 0 0]	[0 0 0 0 0 0 0 0 0 0 0 0]	[0 1 1 0 0 0]	[0 0 0 0 1 1]
5	0.45586827397346497	8.943525314331055	2.551729679107666	2.54356050491333	1.930714726448059	1.9175200462341309	False	[0 0 1 0 0 0 0 0 0 0 0 0]	[0 0 0 0 0 0 0 1 0 0 0 0]	[0 0 1 0 0 0]	[0 0 0 0 0 1]
5	0.4670702815055847	8.943467140197754	2.551096200942993	2.543959617614746	1.931252360343933	1.917159080505371	False	[0 0 1 0 0 0 0 0 0 1 0 0]	[0 0 0 0 0 0 0 0 0 0 0 0]	[0 1 1 0 0 0]	[0 0 0 0 1 1]
5	0.4459759593009949	8.944341659545898	2.5520808696746826	2.543712615966797	1.9308463335037231	1.9177017211914062	False	[0 0 1 0 0 0 0 0 0 0 0 0]	[0 0 0 0 0 0 0 1 0 0 0 0]	[0 0 1 0 0 0]	[0 0 0 0 0 1]
5	0.48368746042251587	8.942336082458496	2.5507869720458984	2.5439138412475586	1.9307981729507446	1.9168368577957153	False	[0 0 1 0 0 0 0 0 0 1 0 0]	[0 0 0 0 0 0 0 0 0 0 0 0]	[0 1 1 0 0 0]	[0 0 0 0 1 1]
6	0.4407447576522827	8.819842338562012	2.5261778831481934	2.536823272705078	1.8681504726409912	1.8886910676956177	False	[0 0 0 0 0 0 0 0 0 0 1 0]	[0 0 0 0 0 0 1 0 0 0 0 0]	[0 0 1 0 0 0]	[0 1 0 0 0 0]
6	0.09696303308010101	8.889322280883789	2.5405972003936768	2.5414817333221436	1.898221492767334	1.9090216159820557	False	[0 0 0 0 1 0 0 0 0 0 1 0]	[0 0 0 0 0 0 0 0 0 0 0 0]	[0 0 0 0 0 0]	[0 1 1 0 0 0]
6	0.2746259272098541	8.879323959350586	2.5385971069335938	2.542229175567627	1.8927119970321655	1.905785322189331	False	[0 0 0 0 1 0 0 0 0 0 0 0]	[0 0 0 0 0 0 1 0 0 0 0 0]	[0 0 1 0 0 0]	[0 1 0 0 0 0]
6	-0.5	8.8826904296875	2.5390560626983643	2.5412278175354004	1.8958779573440552	1.9065288305282593	False	[0 0 0 0 0 0 0 0 0 0 0 0]	[0 0 0 0 0 0 0 0 0 0 0 0]	[0 0 0 0 0 0]	[0 1 1 0 0 0]
6	0.39889082312583923	8.86345386505127	2.5355072021484375	2.539501667022705	1.8874973058700562	1.9009473323822021	False	[0 0 0 0 0 0 0 0 0 0 1 0]	[0 0 0 0 0 0 1 0 0 0 0 0]	[0 0 1 0 0 0]	[0 1 0 0 0 0]
6	0.11701606214046478	8.888490676879883	2.540255069732666	2.5413379669189453	1.898130178451538	1.908767819404602	False	[0 0 0 0 1 0 0 0 0 0 1 0]	[0 0 0 0 0 0 0 0 0 0 0 0]	[0 0 0 0 0 0]	[0 1 1 0 0 0]
6	0.43251216411590576	8.878188133239746	2.5384726524353027	2.5416040420532227	1.8932616710662842	1.904849648475647	False	[0 0 0 0 0 0 0 0 0 0 1 0]	[0 0 0 0 0 0 1 0 0 0 0 0]	[0 0 1 0 0 0]	[0 1 0 0 0 0]
6	0.09680748730897903	8.889508247375488	2.5404574871063232	2.5417392253875732	1.8982243537902832	1.9090871810913086	False	[0 0 0 0 1 0 0 0 0 0 1 0]	[0 0 0 0 0 0 0 0 0 0 0 0]	[0 0 0 0 0 0]	[0 1 1 0 0 0]
6	0.45259717106819153	8.876853942871094	2.5381572246551514	2.541144847869873	1.8926774263381958	1.9048750400543213	False	[0 0 0 0 0 0 0 0 0 0 1 0]	[0 0 0 0 0 0 1 0 0 0 0 0]	[0 0 1 0 0 0]	[0 1 0 0 0 0]
6	0.10858814418315887	8.88996696472168	2.540562391281128	2.5417940616607666	1.8983114957809448	1.9092985391616821	False	[0 0 0 0 1 0 0 0 0 0 1 0]	[0 0 0 0 0 0 0 0 0 0 0 0]	[0 0 0 0 0 0]	[0 1 1 0 0 0]
6	0.2952415347099304	8.87766170501709	2.5381336212158203	2.5413804054260254	1.892910122871399	1.9052379131317139	False	[0 0 0 0 1 0 0 0 0 0 0 0]	[0 0 0 0 0 0 1 0 0 0 0 0]	[0 0 1 0 0 0]	[0 1 0 0 0 0]
6	-0.5	8.88313102722168	2.5392227172851562	2.5413801670074463	1.8955268859863281	1.9070011377334595	False	[0 0 0 0 0 0 0 0 0 0 0 0]	[0 0 0 0 0 0 0 0 0 0 0 0]	[0 0 0 0 0 0]	[0 1 1 0 0 0]
6	0.44777798652648926	8.863563537597656	2.5352706909179688	2.539547920227051	1.8881325721740723	1.9006118774414062	False	[0 0 0 0 0 0 0 0 0 0 1 0]	[0 0 0 0 0 0 1 0 0 0 0 0]	[0 0 1 0 0 0]	[0 1 0 0 0 0]
6	0.11302771419286728	8.887922286987305	2.5403366088867188	2.5413734912872314	1.8977577686309814	1.9084548950195312	False	[0 0 0 0 1 0 0 0 0 0 1 0]	[0 0 0 0 0 0 0 0 0 0 0 0]	[0 0 0 0 0 0]	[0 1 1 0 0 0]
6	0.2811347544193268	8.878274917602539	2.538348436355591	2.541637420654297	1.8927559852600098	1.9055331945419312	False	[0 0 0 0 1 0 0 0 0 0 0 0]	[0 0 0 0 0 0 1 0 0 0 0 0]	[0 0 1 0 0 0]	[0 1 0 0 0 0]
6	-0.5	8.87960433959961	2.5387516021728516	2.540658950805664	1.8944932222366333	1.9057002067565918	False	[0 0 0 0 0 0 0 0 0 0 0 0]	[0 0 0 0 0 0 0 0 0 0 0 0]	[0 0 0 0 0 0]	[0 1 1 0 0 0]
6	0.44877415895462036	8.862561225891113	2.535036563873291	2.539463758468628	1.8874794244766235	1.9005820751190186	False	[0 0 0 0 0 0 0 0 0 0 1 0]	[0 0 0 0 0 0 1 0 0 0 0 0]	[0 0 1 0 0 0]	[0 1 0 0 0 0]
6	0.11076290160417557	8.890068054199219	2.5407893657684326	2.541901111602783	1.898084282875061	1.9092934131622314	False	[0 0 0 0 1 0 0 0 0 0 1 0]	[0 0 0 0 0 0 0 0 0 0 0 0]	[0 0 0 0 0 0]	[0 1 1 0 0 0]
6	0.263518750667572	8.87757682800293	2.5381386280059814	2.541215658187866	1.893162727355957	1.9050601720809937	False	[0 0 0 0 1 0 0 0 0 0 0 0]	[0 0 0 0 0 0 1 0 0 0 0 0]	[0 0 1 0 0 0]	[0 1 0 0 0 0]
6	-0.5	8.881693840026855	2.539207935333252	2.541363477706909	1.8949284553527832	1.9061939716339111	False	[0 0 0 0 0 0 0 0 0 0 0 0]	[0 0 0 0 0 0 0 0 0 0 0 0]	[0 0 0 0 0 0]	[0 1 1 0 0 0]
6	0.4258614480495453	8.862075805664062	2.535252571105957	2.539095163345337	1.8871700763702393	1.9005582332611084	False	[0 0 0 0 0 0 0 0 0 0 1 0]	[0 0 0 0 0 0 1 0 0 0 0 0]	[0 0 1 0 0 0]	[0 1 0 0 0 0]
6	0.11908124387264252	8.887771606445312	2.5402066707611084	2.540963649749756	1.8978228569030762	1.9087783098220825	False	[0 0 0 0 1 0 0 0 0 0 1 0]	[0 0 0 0 0 0 0 0 0 0 0 0]	[0 0 0 0 0 0]	[0 1 1 0 0 0]
6	0.417510062456131	8.878179550170898	2.538435935974121	2.541255235671997	1.8926498889923096	1.9058388471603394	False	[0 0 0 0 0 0 0 0 0 0 1 0]	[0 0 0 0 0 0 1 0 0 0 0 0]	[0 0 1 0 0 0]	[0 1 0 0 0 0]
6	0.11328772455453873	8.887323379516602	2.5399298667907715	2.5410878658294678	1.897961139678955	1.9083445072174072	False	[0 0 0 0 1 0 0 0 0 0 1 0]	[0 0 0 0 0 0 0 0 0 0 0 0]	[0 0 0 0 0 0]	[0 1 1 0 0 0]
6	0.2873479425907135	8.877612113952637	2.5383121967315674	2.5413544178009033	1.8925575017929077	1.9053882360458374	False	[0 0 0 0 1 0 0 0 0 0 0 0]	[0 0 0 0 0 0 1 0 0 0 0 0]	[0 0 1 0 0 0]	[0 1 0 0 0 0]
6	-0.5	8.884371757507324	2.5397212505340576	2.541748285293579	1.8958115577697754	1.907090425491333	False	[0 0 0 0 0 0 0 0 0 0 0 0]	[0 0 0 0 0 0 0 0 0 0 0 0]	[0 0 0 0 0 0]	[0 1 1 0 0 0]
6	0.4584228992462158	8.861611366271973	2.5348424911499023	2.538663625717163	1.8873655796051025	1.9007399082183838	False	[0 0 0 0 0 0 0 0 0 0 1 0]	[0 0 0 0 0 0 1 0 0 0 0 0]	[0 0 1 0 0 0]	[0 1 0 0 0 0]
6	0.11464854329824448	8.891515731811523	2.5407135486602783	2.5421228408813477	1.8993326425552368	1.9093470573425293	False	[0 0 0 0 1 0 0 0 0 0 1 0]	[0 0 0 0 0 0 0 0 0 0 0 0]	[0 0 0 0 0 0]	[0 1 1 0 0 0]
6	0.27581506967544556	8.878725051879883	2.5384654998779297	2.541761636734009	1.8930013179779053	1.9054968357086182	False	[0 0 0 0 1 0 0 0 0 0 0 0]	[0 0 0 0 0 0 1 0 0 0 0 0]	[0 0 1 0 0 0]	[0 1 0 0 0 0]
6	-0.5	8.883132934570312	2.53908371925354	2.541490077972412	1.8957200050354004	1.9068390130996704	False	[0 0 0 0 0 0 0 0 0 0 0 0]	[0 0 0 0 0 0 0 0 0 0 0 0]	[0 0 0 0 0 0]	[0 1 1 0 0 0]
7	0.4181860089302063	8.902114868164062	2.546494960784912	2.535494089126587	1.8855812549591064	1.9345449209213257	False	[0 0 1 0 0 0 0 0 0 0 0 0]	[0 0 0 0 0 0 1 0 0 0 0 0]	[0 0 1 0 0 0]	[0 1 0 0 0 0]
7	0.04517144337296486	8.915179252624512	2.5467259883880615	2.5440969467163086	1.8905740976333618	1.9337821006774902	False	[0 0 0 0 0 0 0 0 0 0 0 0]	[0 0 0 0 0 0 0 0 0 0 0 0]	[0 1 1 0 0 0]	[0 1 0 0 1 0]
7	0.39647582173347473	8.920048713684082	2.5480899810791016	2.5437710285186768	1.8920499086380005	1.9361382722854614	False	[0 0 1 0 0 0 0 0 0 0 0 0]	[0 0 0 0 0 0 1 0 0 0 0 0]	[0 1 0 0 0 0]	[0 0 0 0 1 0]
7	-1.0	8.916784286499023	2.546968936920166	2.5444674491882324	1.8911974430084229	1.9341503381729126	False	[0 0 0 0 0 0 0 0 0 0 0 0]	[0 0 0 0 0 0 0 0 0 0 0 0]	[0 0 0 0 0 0]	[0 0 0 0 0 0]
7	0.4514155089855194	8.89950180053711	2.545922040939331	2.5335159301757812	1.885213851928711	1.934849500656128	False	[0 0 1 0 0 0 0 0 0 0 0 0]	[0 0 0 0 0 0 0 0 0 0 0 1]	[0 0 1 0 0 0]	[0 1 0 0 0 0]
7	0.42427143454551697	8.916248321533203	2.546929359436035	2.5443787574768066	1.8908624649047852	1.934077262878418	False	[0 0 0 0 0 0 0 0 0 0 0 0]	[0 0 0 0 0 0 1 0 0 0 0 1]	[0 1 1 0 0 0]	[0 1 0 0 1 0]
7	0.43873634934425354	8.913049697875977	2.5465049743652344	2.5442323684692383	1.8899277448654175	1.932384967803955	False	[0 0 1 0 0 0 0 0 0 0 0 0]	[0 0 0 0 0 0 0 0 0 0 0 1]	[0 0 1 0 0 0]	[0 1 0 0 0 0]
7	0.46097180247306824	8.915565490722656	2.5467073917388916	2.544569253921509	1.8905839920043945	1.9337043762207031	False	[0 0 0 0 0 0 0 0 0 0 0 0]	[0 0 0 0 0 0 1 0 0 0 0 1]	[0 1 1 0 0 0]	[0 1 0 0 1 0]
7	0.5559104084968567	8.913595199584961	2.5466456413269043	2.5450656414031982	1.8899741172790527	1.9319102764129639	False	[0 0 0 0 0 1 0 0 0 0 0 0]	[0 0 0 0 0 0 0 0 0 0 0 1]	[0 0 1 0 0 0]	[0 1 0 0 0 0]
7	0.35102173686027527	8.910867691040039	2.5465219020843506	2.543309450149536	1.8885923624038696	1.9324437379837036	False	[0 0 1 0 0 1 0 0 0 0 0 0]	[0 0 0 0 0 0 1 0 0 0 0 1]	[0 1 1 0 0 0]	[0 1 0 0 1 0]
7	0.34681081771850586	8.920177459716797	2.54718017578125	2.5479049682617188	1.8923070430755615	1.9327850341796875	False	[0 0 1 0 0 0 0 0 0 0 0 0]	[0 0 0 0 0 0 0 0 0 0 0 1]	[0 1 0 0 0 0]	[0 1 0 0 0 0]
7	-0.5	8.918486595153809	2.5472989082336426	2.545375108718872	1.8915194272994995	1.9342926740646362	False	[0 0 0 0 0 0 0 0 0 0 0 0]	[0 0 0 0 0 0 1 0 0 0 0 1]	[0 0 0 0 0 0]	[0 1 0 0 1 0]
7	0.4337584674358368	8.921792030334473	2.5477726459503174	2.5458686351776123	1.8929344415664673	1.9352166652679443	False	[0 0 1 0 0 0 0 0 0 0 0 0]	[0 0 0 0 0 0 0 0 0 0 0 1]	[0 0 1 0 0 0]	[0 0 0 0 1 0]
7	0.5017139911651611	8.917418479919434	2.547138214111328	2.5447142124176025	1.891454815864563	1.9341118335723877	False	[0 0 0 0 0 0 0 0 0 0 0 0]	[0 0 0 0 0 0 1 0 0 0 0 1]	[0 1 1 0 0 0]	[0 0 0 0 0 0]
7	0.4445357918739319	8.91093635559082	2.5462541580200195	2.5432472229003906	1.8886879682540894	1.9327473640441895	False	[0 0 1 0 0 0 0 0 0 0 0 0]	[0 0 0 0 0 0 0 0 0 0 0 1]	[0 0 1 0 0 0]	[0 0 0 0 1 0]
7	0.5401871204376221	8.914661407470703	2.546869993209839	2.54316782951355	1.890303134918213	1.9343209266662598	False	[0 0 0 0 0 0 0 0 0 0 0 0]	[0 0 0 0 0 0 1 0 0 0 0 1]	[0 1 1 0 0 0]	[0 0 0 0 0 0]
7	0.4239833354949951	8.911055564880371	2.5464231967926025	2.542856454849243	1.888948678970337	1.9328272342681885	False	[0 0 1 0 0 0 0 0 0 0 0 0]	[0 0 0 0 0 0 0 0 0 0 0 1]	[0 0 1 0 0 0]	[0 0 0 0 1 0]
7	0.5367730855941772	8.913801193237305	2.5465970039367676	2.542961835861206	1.889925479888916	1.9343173503875732	False	[0 0 0 0 0 0 0 0 0 0 0 0]	[0 0 0 0 0 0 1 0 0 0 0 1]	[0 1 1 0 0 0]	[0 0 0 0 0 0]
7	0.4276881217956543	8.911762237548828	2.5464067459106445	2.54345965385437	1.8893117904663086	1.9325834512710571	False	[0 0 1 0 0 0 0 0 0 0 0 0]	[0 0 0 0 0 0 0 0 0 0 0 1]	[0 0 1 0 0 0]	[0 0 0 0 1 0]
7	0.5183282494544983	8.913553237915039	2.5462419986724854	2.5432655811309814	1.8900039196014404	1.93404221534729	False	[0 0 0 0 0 0 0 0 0 0 0 0]	[0 0 0 0 0 0 1 0 0 0 0 1]	[0 1 1 0 0 0]	[0 0 0 0 0 0]
7	0.41710448265075684	8.910967826843262	2.5464987754821777	2.543081760406494	1.8889601230621338	1.9324272871017456	False	[0 0 1 0 0 0 0 0 0 0 0 0]	[0 0 0 0 0 0 0 0 0 0 0 1]	[0 0 1 0 0 0]	[0 0 0 0 1 0]
7	0.5303688645362854	8.91708755493164	2.5471038818359375	2.5451135635375977	1.8910269737243652	1.9338436126708984	False	[0 0 0 0 0 0 0 0 0 0 0 0]	[0 0 0 0 0 0 1 0 0 0 0 1]	[0 1 1 0 0 0]	[0 0 0 0 0 0]
7	0.43180251121520996	8.91220760345459	2.546476364135742	2.5435853004455566	1.889401912689209	1.9327441453933716	False	[0 0 1 0 0 0 0 0 0 0 0 0]	[0 0 0 0 0 0 0 0 0 0 0 1]	[0 0 1 0 0 0]	[0 0 0 0 1 0]
7	0.5253535509109497	8.916912078857422	2.5470590591430664	2.5439321994781494	1.891648292541504	1.9342732429504395	False	[0 0 0 0 0 0 0 0 0 0 0 0]	[0 0 0 0 0 0 1 0 0 0 0 1]	[0 1 1 0 0 0]	[0 0 0 0 0 0]
7	0.43387264013290405	8.911317825317383	2.5464706420898438	2.5433409214019775	1.8889775276184082	1.9325284957885742	False	[0 0 1 0 0 0 0 0 0 0 0 0]	[0 0 0 0 0 0 0 0 0 0 0 1]	[0 0 1 0 0 0]	[0 0 0 0 1 0]
7	0.5287620425224304	8.91529655456543	2.5468127727508545	2.544019937515259	1.8903859853744507	1.9340779781341553	False	[0 0 0 0 0 0 0 0 0 0 0 0]	[0 0 0 0 0 0 1 0 0 0 0 1]	[0 1 1 0 0 0]	[0 0 0 0 0 0]
7	0.4460243880748749	8.910966873168945	2.5463473796844482	2.543104410171509	1.8888640403747559	1.932651162147522	False	[0 0 1 0 0 0 0 0 0 0 0 0]	[0 0 0 0 0 0 0 0 0 0 0 1]	[0 0 1 0 0 0]	[0 0 0 0 1 0]
7	0.525630533695221	8.91658878326416	2.547011613845825	2.544767379760742	1.8911583423614502	1.9336520433425903	False	[0 0 0 0 0 0 0 0 0 0 0 0]	[0 0 0 0 0 0 1 0 0 0 0 1]	[0 1 1 0 0 0]	[0 0 0 0 0 0]
7	0.44660329818725586	8.911048889160156	2.546201229095459	2.5432252883911133	1.8888912200927734	1.9327309131622314	False	[0 0 1 0 0 0 0 0 0 0 0 0]	[0 0 0 0 0 0 0 0 0 0 0 1]	[0 0 1 0 0 0]	[0 0 0 0 1 0]
7	0.547764241695404	8.91627025604248	2.546983480453491	2.544600009918213	1.8909776210784912	1.9337093830108643	False	[0 0 0 0 0 0 0 0 0 0 0 0]	[0 0 0 0 0 0 1 0 0 0 0 1]	[0 1 1 0 0 0]	[0 0 0 0 0 0]
8	0.5291360020637512	8.910256385803223	2.5305778980255127	2.5295119285583496	1.9363807439804077	1.9137853384017944	False	[0 0 0 0 0 0 0 1 0 0 0 0]	[0 0 0 0 0 0 1 0 0 0 0 0]	[0 0 0 0 1 0]	[0 0 0 0 0 1]
8	0.3280497193336487	8.89525318145752	2.5340616703033447	2.5395209789276123	1.913271188735962	1.9083993434906006	False	[0 0 0 0 1 0 0 1 0 0 0 0]	[0 1 0 0 0 0 1 0 0 0 0 0]	[0 1 0 0 1 0]	[0 0 1 0 0 1]
8	0.5070106387138367	8.921041488647461	2.539700746536255	2.544206380844116	1.9240777492523193	1.9130568504333496	False	[0 0 0 0 0 0 0 1 0 0 0 0]	[0 0 0 0 0 0 1 0 0 0 0 0]	[0 1 0 0 0 0]	[0 0 0 0 0 1]
8	0.3196185231208801	8.89215087890625	2.5330021381378174	2.5384466648101807	1.9127998352050781	1.9079022407531738	False	[0 0 0 0 1 0 0 1 0 0 0 0]	[0 1 0 0 0 0 1 0 0 0 0 0]	[0 0 0 0 0 0]	[0 0 1 0 0 1]
8	0.5847987532615662	8.919157028198242	2.5393383502960205	2.5443801879882812	1.9223614931106567	1.9130768775939941	False	[0 0 0 0 0 0 0 1 0 0 0 0]	[0 0 0 0 0 0 1 0 0 0 0 0]	[0 0 0 0 1 0]	[0 0 0 0 0 1]
8	0.3164837956428528	8.896966934204102	2.534245014190674	2.5399086475372314	1.9135491847991943	1.9092634916305542	False	[0 0 0 0 1 0 0 1 0 0 0 0]	[0 1 0 0 0 0 1 0 0 0 0 0]	[0 1 0 0 1 0]	[0 0 1 0 0 1]
8	0.5160560607910156	8.921154975891113	2.5392274856567383	2.5441575050354004	1.9241693019866943	1.9136008024215698	False	[0 0 0 0 0 0 0 1 0 0 0 0]	[0 0 0 0 0 0 1 0 0 0 0 0]	[0 1 0 0 0 0]	[0 0 0 0 0 1]
8	0.3143329918384552	8.896105766296387	2.534695625305176	2.5400607585906982	1.912980556488037	1.908368706703186	False	[0 0 0 0 1 0 0 1 0 0 0 0]	[0 1 0 0 0 0 1 0 0 0 0 0]	[0 0 0 0 0 0]	[0 0 1 0 0 1]
8	0.5277273058891296	8.912922859191895	2.537459373474121	2.5422844886779785	1.9215821027755737	1.9115965366363525	False	[0 0 0 0 0 0 0 1 0 0 0 0]	[0 0 0 0 0 0 1 0 0 0 0 0]	[0 0 0 0 1 0]	[0 0 0 0 0 1]
8	0.313314825296402	8.891937255859375	2.533329486846924	2.5387330055236816	1.9123876094818115	1.907487154006958	False	[0 0 0 0 1 0 0 1 0 0 0 0]	[0 1 0 0 0 0 1 0 0 0 0 0]	[0 1 0 0 1 0]	[0 0 1 0 0 1]
8	0.4732922613620758	8.924797058105469	2.540876626968384	2.545968770980835	1.9240224361419678	1.9139292240142822	False	[0 0 0 0 0 0 0 1 0 0 0 0]	[0 0 0 0 0 0 1 0 0 0 0 0]	[0 1 0 0 0 0]	[0 0 0 0 0 1]
8	0.3119332492351532	8.895842552185059	2.5343058109283447	2.539867877960205	1.9133332967758179	1.9083349704742432	False	[0 0 0 0 1 0 0 1 0 0 0 0]	[0 1 0 0 0 0 1 0 0 0 0 0]	[0 0 0 0 0 0]	[0 0 1 0 0 1]
8	0.5273276567459106	8.914827346801758	2.5371994972229004	2.5425405502319336	1.9224708080291748	1.91261625289917	False	[0 0 0 0 0 0 0 1 0 0 0 0]	[0 0 0 0 0 0 1 0 0 0 0 0]	[0 0 0 0 1 0]	[0 0 0 0 0 1]
8	0.3022889196872711	8.891789436340332	2.532817840576172	2.5385801792144775	1.9124417304992676	1.9079499244689941	False	[0 0 0 0 1 0 0 1 0 0 0 0]	[0 1 0 0 0 0 1 0 0 0 0 0]	[0 1 0 0 1 0]	[0 0 1 0 0 1]
8	0.5284131169319153	8.923399925231934	2.5400338172912598	2.545031785964966	1.9242838621139526	1.9140502214431763	False	[0 0 0 0 0 0 0 1 0 0 0 0]	[0 0 0 0 0 0 1 0 0 0 0 0]	[0 1 0 0 0 0]	[0 0 0 0 0 1]
8	0.29821836948394775	8.891807556152344	2.5334739685058594	2.538583278656006	1.91232430934906	1.9074256420135498	False	[0 0 0 0 1 0 0 1 0 0 0 0]	[0 1 0 0 0 0 1 0 0 0 0 0]	[0 0 0 0 0 0]	[0 0 1 0 0 1]
8	0.5127021074295044	8.913309097290039	2.537834644317627	2.5424063205718994	1.9215819835662842	1.9114861488342285	False	[0 0 0 0 0 0 0 1 0 0 0 0]	[0 0 0 0 0 0 1 0 0 0 0 0]	[0 0 0 0 1 0]	[0 0 0 0 0 1]
8	0.31376636028289795	8.892690658569336	2.533552646636963	2.538506031036377	1.9126853942871094	1.9079465866088867	False	[0 0 0 0 1 0 0 1 0 0 0 0]	[0 1 0 0 0 0 1 0 0 0 0 0]	[0 1 0 0 1 0]	[0 0 1 0 0 1]
8	0.5476450324058533	8.926091194152832	2.540792465209961	2.5456972122192383	1.9245893955230713	1.9150127172470093	False	[0 0 0 0 0 0 0 1 0 0 0 0]	[0 0 0 0 0 0 1 0 0 0 0 0]	[0 1 0 0 0 0]	[0 0 0 0 0 1]
8	0.32677775621414185	8.890822410583496	2.533108949661255	2.5385425090789795	1.9118460416793823	1.9073245525360107	False	[0 0 0 0 1 0 0 1 0 0 0 0]	[0 1 0 0 0 0 1 0 0 0 0 0]	[0 0 0 0 0 0]	[0 0 1 0 0 1]
8	0.5188916325569153	8.912006378173828	2.5374197959899902	2.541987419128418	1.9209789037704468	1.911620020866394	False	[0 0 0 0 0 0 0 1 0 0 0 0]	[0 0 0 0 0 0 1 0 0 0 0 0]	[0 0 0 0 1 0]	[0 0 0 0 0 1]
8	0.3083069324493408	8.892682075500488	2.533676862716675	2.538888692855835	1.9123716354370117	1.907745122909546	False	[0 0 0 0 1 0 0 1 0 0 0 0]	[0 1 0 0 0 0 1 0 0 0 0 0]	[0 1 0 0 1 0]	[0 0 1 0 0 1]
8	0.5045416951179504	8.924700736999512	2.5402629375457764	2.5454368591308594	1.9245853424072266	1.9144151210784912	False	[0 0 0 0 0 0 0 1 0 0 0 0]	[0 0 0 0 0 0 1 0 0 0 0 0]	[0 1 0 0 0 0]	[0 0 0 0 0 1]
8	0.3319814205169678	8.89370346069336	2.533435821533203	2.539262533187866	1.9129295349121094	1.9080753326416016	False	[0 0 0 0 1 0 0 1 0 0 0 0]	[0 1 0 0 0 0 1 0 0 0 0 0]	[0 0 0 0 0 0]	[0 0 1 0 0 1]
8	0.4970443546772003	8.91330623626709	2.5374200344085693	2.542370557785034	1.9215492010116577	1.9119664430618286	False	[0 0 0 0 0 0 0 1 0 0 0 0]	[0 0 0 0 0 0 1 0 0 0 0 0]	[0 0 0 0 1 0]	[0 0 0 0 0 1]
8	0.3092916011810303	8.895702362060547	2.5339486598968506	2.53971004486084	1.9135595560073853	1.9084835052490234	False	[0 0 0 0 1 0 0 1 0 0 0 0]	[0 1 0 0 0 0 1 0 0 0 0 0]	[0 1 0 0 1 0]	[0 0 1 0 0 1]
8	0.5276167988777161	8.922744750976562	2.539769172668457	2.544951915740967	1.923965573310852	1.9140586853027344	False	[0 0 0 0 0 0 0 1 0 0 0 0]	[0 0 0 0 0 0 1 0 0 0 0 0]	[0 1 0 0 0 0]	[0 0 0 0 0 1]
8	0.29579731822013855	8.893943786621094	2.5337889194488525	2.539180278778076	1.9127883911132812	1.908186435699463	False	[0 0 0 0 1 0 0 1 0 0 0 0]	[0 1 0 0 0 0 1 0 0 0 0 0]	[0 0 0 0 0 0]	[0 0 1 0 0 1]
8	0.5135124921798706	8.914024353027344	2.5375332832336426	2.542818546295166	1.9216670989990234	1.9120055437088013	False	[0 0 0 0 0 0 0 1 0 0 0 0]	[0 0 0 0 0 0 1 0 0 0 0 0]	[0 0 0 0 1 0]	[0 0 0 0 0 1]
8	0.3080131709575653	8.891260147094727	2.5328454971313477	2.5382988452911377	1.9124133586883545	1.907702922821045	False	[0 0 0 0 1 0 0 1 0 0 0 0]	[0 1 0 0 0 0 1 0 0 0 0 0]	[0 1 0 0 1 0]	[0 0 1 0 0 1]
9	0.30873018503189087	8.963748931884766	2.540273904800415	2.549527645111084	1.9377779960632324	1.936168909072876	False	[0 0 0 0 0 0 0 0 0 1 0 0]	[0 0 0 0 0 0 0 0 0 0 0 1]	[1 0 0 0 0 0]	[0 1 0 0 0 0]
9	0.06370130926370621	8.931690216064453	2.539127826690674	2.5439164638519287	1.9237855672836304	1.9248604774475098	False	[0 0 0 0 0 0 0 0 0 0 0 0]	[0 0 1 0 0 0 0 0 0 0 0 1]	[1 0 0 1 0 0]	[0 1 0 1 0 0]
9	0.3133285343647003	8.933131217956543	2.539865493774414	2.544297456741333	1.923699975013733	1.9252687692642212	False	[0 0 0 0 0 0 0 0 0 1 0 0]	[0 0 0 0 0 0 0 0 0 0 0 1]	[1 0 0 0 0 0]	[0 1 0 0 0 0]
9	0.046241723001003265	8.930999755859375	2.539142608642578	2.5438387393951416	1.923455834388733	1.924562931060791	False	[0 0 0 0 0 0 0 0 0 0 0 0]	[0 0 1 0 0 0 0 0 0 0 0 1]	[1 0 0 1 0 0]	[0 1 0 1 0 0]
9	0.3300650417804718	8.931680679321289	2.5394411087036133	2.5437989234924316	1.9231646060943604	1.925275444984436	False	[0 0 0 0 0 0 0 0 0 1 0 0]	[0 0 0 0 0 0 0 0 0 0 0 1]	[1 0 0 0 0 0]	[0 1 0 0 0 0]
9	0.05607585981488228	8.93116569519043	2.5390563011169434	2.54407000541687	1.9234659671783447	1.9245734214782715	False	[0 0 0 0 0 0 0 0 0 0 0 0]	[0 0 1 0 0 0 0 0 0 0 0 1]	[1 0 0 1 0 0]	[0 1 0 1 0 0]
9	0.3244890868663788	8.931571006774902	2.539405107498169	2.544236660003662	1.9225794076919556	1.9253495931625366	False	[0 0 0 0 0 0 0 0 0 1 0 0]	[0 0 0 0 0 0 0 0 0 0 0 1]	[1 0 0 0 0 0]	[0 1 0 0 0 0]
9	0.06664915382862091	8.92878532409668	2.5382089614868164	2.5432660579681396	1.9233779907226562	1.9239325523376465	False	[0 0 0 0 0 0 0 0 0 0 0 0]	[0 0 1 0 0 0 0 0 0 0 0 1]	[1 0 0 1 0 0]	[0 1 0 1 0 0]
9	0.33001914620399475	8.934176445007324	2.540431261062622	2.544874906539917	1.9233462810516357	1.9255234003067017	False	[0 0 0 0 0 0 0 0 0 1 0 0]	[0 0 0 0 0 0 0 0 0 0 0 1]	[1 0 0 0 0 0]	[0 1 0 0 0 0]
9	0.07895203679800034	8.931439399719238	2.53922700881958	2.543529510498047	1.9241944551467896	1.9244887828826904	False	[0 0 0 0 0 0 0 0 0 0 0 0]	[0 0 1 0 0 0 0 0 0 0 0 1]	[1 0 0 1 0 0]	[0 1 0 1 0 0]
9	0.31716543436050415	8.931785583496094	2.539515256881714	2.5439915657043457	1.9234189987182617	1.9248602390289307	False	[0 0 0 0 0 0 0 0 0 1 0 0]	[0 0 0 0 0 0 0 0 0 0 0 1]	[1 0 0 0 0 0]	[0 1 0 0 0 0]
9	0.05900968611240387	8.932892799377441	2.5397942066192627	2.5444724559783936	1.9237141609191895	1.9249119758605957	False	[0 0 0 0 0 0 0 0 0 0 0 0]	[0 0 1 0 0 0 0 0 0 0 0 1]	[1 0 0 1 0 0]	[0 1 0 1 0 0]
9	0.32218337059020996	8.933982849121094	2.5398943424224854	2.544687032699585	1.9238471984863281	1.9255542755126953	False	[0 0 0 0 0 0 0 0 0 1 0 0]	[0 0 0 0 0 0 0 0 0 0 0 1]	[1 0 0 0 0 0]	[0 1 0 0 0 0]
9	0.06467624753713608	8.929316520690918	2.5384697914123535	2.5432348251342773	1.9234833717346191	1.9241282939910889	False	[0 0 0 0 0 0 0 0 0 0 0 0]	[0 0 1 0 0 0 0 0 0 0 0 1]	[1 0 0 1 0 0]	[0 1 0 1 0 0]
9	0.3298376798629761	8.933191299438477	2.5401272773742676	2.5445775985717773	1.9232454299926758	1.925241231918335	False	[0 0 0 0 0 0 0 0 0 1 0 0]	[0 0 0 0 0 0 0 0 0 0 0 1]	[1 0 0 0 0 0]	[0 1 0 0 0 0]
9	0.06351616233587265	8.930846214294434	2.5392374992370605	2.5441179275512695	1.9231853485107422	1.9243056774139404	False	[0 0 0 0 0 0 0 0 0 0 0 0]	[0 0 1 0 0 0 0 0 0 0 0 1]	[1 0 0 1 0 0]	[0 1 0 1 0 0]
9	0.31488358974456787	8.931395530700684	2.5394034385681152	2.5438549518585205	1.923142671585083	1.9249945878982544	False	[0 0 0 0 0 0 0 0 0 1 0 0]	[0 0 0 0 0 0 0 0 0 0 0 1]	[1 0 0 0 0 0]	[0 1 0 0 0 0]
9	0.051367856562137604	8.931529998779297	2.5394248962402344	2.543801784515381	1.9236561059951782	1.9246470928192139	False	[0 0 0 0 0 0 0 0 0 0 0 0]	[0 0 1 0 0 0 0 0 0 0 0 1]	[1 0 0 1 0 0]	[0 1 0 1 0 0]
9	0.3413534462451935	8.9324951171875	2.5394794940948486	2.5442798137664795	1.9237310886383057	1.9250050783157349	False	[0 0 0 0 0 0 0 0 0 1 0 0]	[0 0 0 0 0 0 0 0 0 0 0 1]	[1 0 0 0 0 0]	[0 1 0 0 0 0]
9	0.06085064262151718	8.932046890258789	2.539574384689331	2.5440163612365723	1.923906922340393	1.9245494604110718	False	[0 0 0 0 0 0 0 0 0 0 0 0]	[0 0 1 0 0 0 0 0 0 0 0 1]	[1 0 0 1 0 0]	[0 1 0 1 0 0]
9	0.3370547592639923	8.933354377746582	2.5402731895446777	2.5446650981903076	1.9230536222457886	1.9253623485565186	False	[0 0 0 0 0 0 0 0 0 1 0 0]	[0 0 0 0 0 0 0 0 0 0 0 1]	[1 0 0 0 0 0]	[0 1 0 0 0 0]
9	0.054717354476451874	8.933298110961914	2.539602279663086	2.5444066524505615	1.924330234527588	1.9249587059020996	False	[0 0 0 0 0 0 0 0 0 0 0 0]	[0 0 1 0 0 0 0 0 0 0 0 1]	[1 0 0 1 0 0]	[0 1 0 1 0 0]
9	0.30560585856437683	8.932727813720703	2.540024757385254	2.544769287109375	1.9229121208190918	1.9250214099884033	False	[0 0 0 0 0 0 0 0 0 1 0 0]	[0 0 0 0 0 0 0 0 0 0 0 1]	[1 0 0 0 0 0]	[0 1 0 0 0 0]
9	0.060266681015491486	8.931535720825195	2.539496660232544	2.5439746379852295	1.9236907958984375	1.9243741035461426	False	[0 0 0 0 0 0 0 0 0 0 0 0]	[0 0 1 0 0 0 0 0 0 0 0 1]	[1 0 0 1 0 0]	[0 1 0 1 0 0]
9	0.31466302275657654	8.93299388885498	2.53985857963562	2.544145345687866	1.9237494468688965	1.9252402782440186	False	[0 0 0 0 0 0 0 0 0 1 0 0]	[0 0 1 0 0 0 0 0 0 0 0 0]	[1 0 0 0 0 0]	[0 1 0 0 0 0]
9	0.053116876631975174	8.93102741241455	2.5394411087036133	2.5438570976257324	1.9233464002609253	1.9243830442428589	False	[0 0 0 0 0 0 0 0 0 0 0 0]	[0 0 0 0 0 0 0 0 0 0 0 0]	[1 0 0 1 0 0]	[0 1 0 1 0 0]
9	0.21176275610923767	8.952077865600586	2.5406219959259033	2.5480551719665527	1.932439923286438	1.9309604167938232	False	[0 0 0 0 0 0 0 0 0 1 0 0]	[0 0 0 0 0 0 0 0 0 0 0 1]	[0 0 0 1 0 0]	[0 1 0 0 0 0]
9	0.046686116605997086	8.942768096923828	2.540844678878784	2.546295404434204	1.9279732704162598	1.9276542663574219	False	[0 0 0 0 0 0 0 0 0 0 0 0]	[0 0 0 0 0 0 0 0 0 0 0 0]	[1 0 0 1 0 0]	[0 1 0 1 0 0]
9	0.2134632021188736	8.951278686523438	2.541059732437134	2.5482301712036133	1.9315483570098877	1.930440902709961	False	[0 0 0 0 0 0 0 0 0 1 0 0]	[0 0 0 0 0 0 0 0 0 0 0 1]	[0 0 0 1 0 0]	[0 1 0 0 0 0]
9	0.03506544232368469	8.941710472106934	2.540074110031128	2.5463647842407227	1.9276297092437744	1.9276421070098877	False	[0 0 0 0 0 0 0 0 0 0 0 0]	[0 0 0 0 0 0 0 0 0 0 0 0]	[1 0 0 1 0 0]	[0 1 0 1 0 0]
10	0.5386574864387512	8.907867431640625	2.5210070610046387	2.5471296310424805	1.9041074514389038	1.9356234073638916	False	[0 0 0 0 0 0 0 0 0 1 0 0]	[0 1 0 0 0 0 0 0 0 0 0 0]	[0 0 0 0 1 0]	[0 0 0 0 0 1]
10	0.019593793898820877	8.884346961975098	2.537424087524414	2.5440685749053955	1.8935102224349976	1.9093444347381592	False	[0 0 0 0 0 0 0 0 0 0 0 0]	[0 0 0 0 0 0 0 0 0 0 0 0]	[1 0 0 0 1 0]	[0 0 0 1 0 1]
10	0.569648802280426	8.921303749084473	2.530623435974121	2.5497593879699707	1.908707857131958	1.932212471961975	False	[0 0 0 0 0 0 0 0 0 1 0 0]	[0 1 0 0 0 0 0 0 0 0 0 0]	[0 0 0 0 1 0]	[0 0 0 1 0 0]
10	-0.5	8.88599967956543	2.5376956462860107	2.5445141792297363	1.8946219682693481	1.9091687202453613	False	[0 0 0 0 0 0 0 0 0 0 0 0]	[0 0 0 0 0 0 0 0 0 0 0 0]	[1 0 0 0 1 0]	[0 0 0 0 0 0]
10	0.5707687139511108	8.919105529785156	2.530048370361328	2.549741268157959	1.9078865051269531	1.9314289093017578	False	[0 0 0 0 0 0 0 0 0 1 0 0]	[0 1 0 0 0 0 0 0 0 0 0 0]	[0 0 0 0 1 0]	[0 0 0 0 0 1]
10	0.023505108430981636	8.883477210998535	2.537461042404175	2.5440709590911865	1.8929834365844727	1.9089617729187012	False	[0 0 0 0 0 0 0 0 0 0 0 0]	[0 0 0 0 0 0 0 0 0 0 0 0]	[1 0 0 0 1 0]	[0 0 0 1 0 1]
10	0.5474768877029419	8.921364784240723	2.5311522483825684	2.549600124359131	1.9084595441818237	1.9321531057357788	False	[0 0 0 0 0 0 0 0 0 1 0 0]	[0 1 0 0 0 0 0 0 0 0 0 0]	[0 0 0 0 1 0]	[0 0 0 1 0 0]
10	-0.5	8.886736869812012	2.5378291606903076	2.5449984073638916	1.8942317962646484	1.9096778631210327	False	[0 0 0 0 0 0 0 0 0 0 0 0]	[0 0 0 0 0 0 0 0 0 0 0 0]	[1 0 0 0 1 0]	[0 0 0 0 0 0]
10	0.5355237722396851	8.91537094116211	2.528820514678955	2.5489649772644043	1.9077379703521729	1.9298478364944458	False	[0 0 0 0 0 0 0 0 0 1 0 0]	[0 1 0 0 0 0 0 0 0 0 0 0]	[0 0 0 0 1 0]	[0 0 0 0 0 1]
10	0.023803964257240295	8.886119842529297	2.537480115890503	2.544673204421997	1.89415442943573	1.9098116159439087	False	[0 0 0 0 0 0 0 0 0 0 0 0]	[0 0 0 0 0 0 0 0 0 0 0 0]	[1 0 0 0 1 0]	[0 0 0 1 0 1]
10	0.5264737606048584	8.91877555847168	2.5301616191864014	2.549295425415039	1.907458782196045	1.9318594932556152	False	[0 0 0 0 0 0 0 0 0 1 0 0]	[0 1 0 0 0 0 0 0 0 0 0 0]	[0 0 0 0 1 0]	[0 0 0 1 0 0]
10	-0.5	8.885902404785156	2.5378401279449463	2.544870615005493	1.8934416770935059	1.9097501039505005	False	[0 0 0 0 0 0 0 0 0 0 0 0]	[0 0 0 0 0 0 0 0 0 0 0 0]	[1 0 0 0 1 0]	[0 0 0 0 0 0]
10	0.5981887578964233	8.91798210144043	2.529770612716675	2.5493719577789307	1.90810227394104	1.9307377338409424	False	[0 0 0 0 0 0 0 0 0 1 0 0]	[0 1 0 0 0 0 0 0 0 0 0 0]	[0 0 0 0 1 0]	[0 0 0 0 0 1]
10	0.025790434330701828	8.889009475708008	2.5383105278015137	2.5451722145080566	1.8951454162597656	1.91038179397583	False	[0 0 0 0 0 0 0 0 0 0 0 0]	[0 0 0 0 0 0 0 0 0 0 0 0]	[1 0 0 0 1 0]	[0 0 0 1 0 1]
10	0.519950807094574	8.91808795928955	2.530792713165283	2.5490479469299316	1.906888723373413	1.931357979774475	False	[0 0 0 0 0 0 0 0 0 1 0 0]	[0 1 0 0 0 0 0 0 0 0 0 0]	[0 0 0 0 1 0]	[0 0 0 1 0 0]
10	-0.5	8.886834144592285	2.5379037857055664	2.5446438789367676	1.8945508003234863	1.9097354412078857	False	[0 0 0 0 0 0 0 0 0 0 0 0]	[0 0 0 0 0 0 0 0 0 0 0 0]	[1 0 0 0 1 0]	[0 0 0 0 0 0]
10	0.542572557926178	8.917478561401367	2.529161214828491	2.549553155899048	1.9075201749801636	1.9312435388565063	False	[0 0 0 0 0 0 0 0 0 1 0 0]	[0 1 0 0 0 0 0 0 0 0 0 0]	[0 0 0 0 1 0]	[0 0 0 0 0 1]
10	0.02655576914548874	8.884418487548828	2.537374496459961	2.544752836227417	1.89278244972229	1.9095087051391602	False	[0 0 0 0 0 0 0 0 0 0 0 0]	[0 0 0 0 0 0 0 0 0 0 0 0]	[1 0 0 0 1 0]	[0 0 0 1 0 1]
10	0.5471951961517334	8.92110824584961	2.531317710876465	2.5493597984313965	1.9081802368164062	1.932250738143921	False	[0 0 0 0 0 0 0 0 0 1 0 0]	[0 1 0 0 0 0 0 0 0 0 0 0]	[0 0 0 0 1 0]	[0 0 0 1 0 0]
10	-0.5	8.883785247802734	2.5373077392578125	2.5445187091827393	1.892547607421875	1.909411072731018	False	[0 0 0 0 0 0 0 0 0 0 0 0]	[0 0 0 0 0 0 0 0 0 0 0 0]	[1 0 0 0 1 0]	[0 0 0 0 0 0]
10	0.5354520082473755	8.921025276184082	2.5309295654296875	2.54978346824646	1.9089140892028809	1.9313979148864746	False	[0 0 0 0 0 0 0 0 0 1 0 0]	[0 1 0 0 0 0 0 0 0 0 0 0]	[0 0 0 0 1 0]	[0 0 0 0 0 1]
10	0.029369734227657318	8.887029647827148	2.5377609729766846	2.5448362827301025	1.8943463563919067	1.910085916519165	False	[0 0 0 0 0 0 0 0 0 0 0 0]	[0 0 0 0 0 0 0 0 0 0 0 0]	[1 0 0 0 1 0]	[0 0 0 1 0 1]
10	0.5354459881782532	8.917658805847168	2.529775619506836	2.549152135848999	1.9067933559417725	1.931937336921692	False	[0 0 0 0 0 0 0 0 0 1 0 0]	[0 1 0 0 0 0 0 0 0 0 0 0]	[0 0 0 0 1 0]	[0 0 0 1 0 0]
10	-0.5	8.888118743896484	2.5382487773895264	2.5449600219726562	1.894734263420105	1.9101755619049072	False	[0 0 0 0 0 0 0 0 0 0 0 0]	[0 0 0 0 0 0 0 0 0 0 0 0]	[1 0 0 0 1 0]	[0 0 0 0 0 0]
10	0.5355052351951599	8.915505409240723	2.5289957523345947	2.5493083000183105	1.9067902565002441	1.9304111003875732	False	[0 0 0 0 0 0 0 0 0 1 0 0]	[0 1 0 0 0 0 0 0 0 0 0 0]	[0 0 0 0 1 0]	[0 0 0 0 0 1]
10	0.017307231202721596	8.889766693115234	2.5388667583465576	2.5453712940216064	1.895318865776062	1.9102091789245605	False	[0 0 0 0 0 0 0 0 0 0 0 0]	[0 0 0 0 0 0 0 0 0 0 0 0]	[1 0 0 0 1 0]	[0 0 0 1 0 1]
10	0.5601086616516113	8.918993949890137	2.5305569171905518	2.5493979454040527	1.9070240259170532	1.9320145845413208	False	[0 0 0 0 0 0 0 0 0 1 0 0]	[0 1 0 0 0 0 0 0 0 0 0 0]	[0 0 0 0 1 0]	[0 0 0 1 0 0]
10	-0.5	8.883522033691406	2.5375821590423584	2.544172763824463	1.8924983739852905	1.9092693328857422	False	[0 0 0 0 0 0 0 0 0 0 0 0]	[0 0 0 0 0 0 0 0 0 0 0 0]	[1 0 0 0 1 0]	[0 0 0 0 0 0]
10	0.559705913066864	8.914654731750488	2.5287210941314697	2.549149990081787	1.9066979885101318	1.9300851821899414	False	[0 0 0 0 0 0 0 0 0 1 0 0]	[0 1 0 0 0 0 0 0 0 0 0 0]	[0 0 0 0 1 0]	[0 0 0 0 0 1]
10	0.02936912141740322	8.885481834411621	2.537670135498047	2.5448684692382812	1.893528938293457	1.9094140529632568	False	[0 0 0 0 0 0 0 0 0 0 0 0]	[0 0 0 0 0 0 0 0 0 0 0 0]	[1 0 0 0 1 0]	[0 0 0 1 0 1]
11	0.5572880506515503	8.946967124938965	2.5382962226867676	2.540613889694214	1.9312816858291626	1.9367756843566895	False	[0 0 0 0 0 1 0 0 0 0 0 0]	[0 0 0 0 0 0 0 0 0 0 0 1]	[0 0 0 0 1 0]	[0 0 0 0 0 1]
11	0.3973267376422882	8.864068984985352	2.5217244625091553	2.534144639968872	1.8993544578552246	1.9088449478149414	False	[0 0 0 0 0 0 0 0 0 0 0 0]	[0 0 1 0 0 0 0 0 0 0 0 1]	[0 0 0 1 1 0]	[1 0 0 0 0 1]
11	0.48708659410476685	8.905160903930664	2.5313661098480225	2.5441982746124268	1.9096227884292603	1.9199743270874023	False	[0 0 0 0 0 1 0 0 0 0 0 0]	[0 0 0 0 0 0 0 0 0 0 0 1]	[0 1 0 1 1 0]	[0 0 0 0 0 1]
11	0.055013518780469894	8.866607666015625	2.5238378047943115	2.5361838340759277	1.8987280130386353	1.9078584909439087	False	[0 0 0 0 0 0 0 0 0 0 0 0]	[0 0 1 0 0 0 0 0 0 0 0 1]	[0 1 0 0 1 0]	[1 0 0 0 0 1]
11	0.5586117506027222	8.902628898620605	2.530381441116333	2.544240951538086	1.908867597579956	1.9191386699676514	False	[0 0 0 0 0 1 0 0 0 0 0 0]	[0 0 0 0 0 0 0 0 0 0 0 1]	[0 0 0 0 1 0]	[0 0 0 0 0 1]
11	0.3971719741821289	8.862919807434082	2.521360158920288	2.533590793609619	1.8996647596359253	1.9083038568496704	False	[0 0 0 0 0 0 0 0 0 0 0 0]	[0 0 1 0 0 0 0 0 0 0 0 1]	[0 0 0 1 1 0]	[1 0 0 0 0 1]
11	0.4569706320762634	8.90548038482666	2.5315146446228027	2.544970989227295	1.9094690084457397	1.9195256233215332	False	[0 0 0 0 0 1 0 0 0 0 0 0]	[0 0 0 0 0 0 0 0 0 0 0 1]	[0 1 0 1 1 0]	[0 0 0 0 0 1]
11	0.045826300978660583	8.866887092590332	2.5240256786346436	2.536092758178711	1.8987394571304321	1.9080288410186768	False	[0 0 0 0 0 0 0 0 0 0 0 0]	[0 0 1 0 0 0 0 0 0 0 0 1]	[0 1 0 0 1 0]	[1 0 0 0 0 1]
11	0.5381751656532288	8.906656265258789	2.5317227840423584	2.544808864593506	1.9100648164749146	1.9200602769851685	False	[0 0 0 0 0 1 0 0 0 0 0 0]	[0 0 0 0 0 0 0 0 0 0 0 1]	[0 0 0 0 1 0]	[0 0 0 0 0 1]
11	0.3980754613876343	8.864216804504395	2.5215821266174316	2.5335195064544678	1.900094747543335	1.9090205430984497	False	[0 0 0 0 0 0 0 0 0 0 0 0]	[0 0 1 0 0 0 0 0 0 0 0 1]	[0 0 0 1 1 0]	[1 0 0 0 0 1]
11	0.4784550368785858	8.903909683227539	2.530654191970825	2.5444910526275635	1.909061312675476	1.9197030067443848	False	[0 0 0 0 0 1 0 0 0 0 0 0]	[0 0 0 0 0 0 0 0 0 0 0 1]	[0 1 0 1 1 0]	[0 0 0 0 0 1]
11	0.06474117934703827	8.868027687072754	2.5232768058776855	2.5361225605010986	1.899646282196045	1.9089819192886353	False	[0 0 0 0 0 0 0 0 0 0 0 0]	[0 0 1 0 0 0 0 0 0 0 0 1]	[0 1 0 0 1 0]	[1 0 0 0 0 1]
11	0.5185739398002625	8.905094146728516	2.531299591064453	2.5449113845825195	1.90925133228302	1.9196316003799438	False	[0 0 0 0 0 1 0 0 0 0 0 0]	[0 0 0 0 0 0 0 0 0 0 0 1]	[0 0 0 0 1 0]	[0 0 0 0 0 1]
11	0.4222765862941742	8.863285064697266	2.521131992340088	2.5340049266815186	1.8997403383255005	1.9084084033966064	False	[0 0 0 0 0 0 0 0 0 0 0 0]	[0 0 1 0 0 0 0 0 0 0 0 1]	[0 0 0 1 1 0]	[1 0 0 0 0 1]
11	0.4980994462966919	8.904045104980469	2.530917167663574	2.5444953441619873	1.909048080444336	1.9195845127105713	False	[0 0 0 0 0 1 0 0 0 0 0 0]	[0 0 0 0 0 0 0 0 0 0 0 1]	[0 1 0 1 1 0]	[0 0 0 0 0 1]
11	0.05206136405467987	8.865972518920898	2.5231308937072754	2.5355963706970215	1.8992841243743896	1.9079607725143433	False	[0 0 0 0 0 0 0 0 0 0 0 0]	[0 0 1 0 0 0 0 0 0 0 0 1]	[0 1 0 0 1 0]	[1 0 0 0 0 1]
11	0.5549529790878296	8.904545783996582	2.5316336154937744	2.5448546409606934	1.9086408615112305	1.9194164276123047	False	[0 0 0 0 0 1 0 0 0 0 0 0]	[0 0 0 0 0 0 0 0 0 0 0 1]	[0 0 0 0 1 0]	[0 0 0 0 0 1]
11	0.4008147120475769	8.862991333007812	2.5210864543914795	2.5347673892974854	1.8993549346923828	1.9077823162078857	False	[0 0 0 0 0 0 0 0 0 0 0 0]	[0 0 1 0 0 0 0 0 0 0 0 1]	[0 0 0 1 1 0]	[1 0 0 0 0 1]
11	0.48195353150367737	8.906126022338867	2.5313546657562256	2.544684886932373	1.9099687337875366	1.920117974281311	False	[0 0 0 0 0 1 0 0 0 0 0 0]	[0 0 0 0 0 0 0 0 0 0 0 1]	[0 1 0 1 1 0]	[0 0 0 0 0 1]
11	0.07451221346855164	8.866466522216797	2.523109197616577	2.5353786945343018	1.899346113204956	1.9086322784423828	False	[0 0 0 0 0 0 0 0 0 0 0 0]	[0 0 1 0 0 0 0 0 0 0 0 1]	[0 1 0 0 1 0]	[1 0 0 0 0 1]
11	0.5113134384155273	8.903461456298828	2.530759334564209	2.5442445278167725	1.9090440273284912	1.9194138050079346	False	[0 0 0 0 0 1 0 0 0 0 0 0]	[0 0 0 0 0 0 0 0 0 0 0 1]	[0 0 0 0 1 0]	[0 0 0 0 0 1]
11	0.40033775568008423	8.863025665283203	2.5214712619781494	2.53354549407959	1.8994488716125488	1.9085601568222046	False	[0 0 0 0 0 0 0 0 0 0 0 0]	[0 0 1 0 0 0 0 0 0 0 0 1]	[0 0 0 1 1 0]	[1 0 0 0 0 1]
11	0.4715331494808197	8.905647277832031	2.5311691761016846	2.5448248386383057	1.9096713066101074	1.919981598854065	False	[0 0 0 0 0 1 0 0 0 0 0 0]	[0 0 0 0 0 0 0 0 0 0 0 1]	[0 1 0 1 1 0]	[0 0 0 0 0 1]
11	0.05378005653619766	8.867335319519043	2.524146556854248	2.5356101989746094	1.8991267681121826	1.908451795578003	False	[0 0 0 0 0 0 0 0 0 0 0 0]	[0 0 1 0 0 0 0 0 0 0 0 1]	[0 1 0 0 1 0]	[1 0 0 0 0 1]
11	0.552937388420105	8.905231475830078	2.531721591949463	2.5453264713287354	1.9088090658187866	1.9193741083145142	False	[0 0 0 0 0 1 0 0 0 0 0 0]	[0 0 0 0 0 0 0 0 0 0 0 1]	[0 0 0 0 1 0]	[0 0 0 0 0 1]
11	0.39243006706237793	8.864282608032227	2.5223236083984375	2.534362554550171	1.8992916345596313	1.9083048105239868	False	[0 0 0 0 0 0 0 0 0 0 0 0]	[0 0 1 0 0 0 0 0 0 0 0 1]	[0 0 0 1 1 0]	[1 0 0 0 0 1]
11	0.50527423620224	8.904027938842773	2.531643867492676	2.545107126235962	1.9079807996749878	1.9192967414855957	False	[0 0 0 0 0 1 0 0 0 0 0 0]	[0 0 0 0 0 0 0 0 0 0 0 1]	[0 1 0 1 1 0]	[0 0 0 0 0 1]
11	0.06132017448544502	8.868056297302246	2.5250494480133057	2.5366759300231934	1.8986090421676636	1.9077214002609253	False	[0 0 0 0 0 0 0 0 0 0 0 0]	[0 0 1 0 0 0 0 0 0 0 0 1]	[0 1 0 0 1 0]	[1 0 0 0 0 1]
11	0.5341590046882629	8.908459663391113	2.533285617828369	2.5457088947296143	1.9094836711883545	1.9199810028076172	False	[0 0 0 0 0 1 0 0 0 0 0 0]	[0 0 0 0 0 0 0 0 0 0 0 1]	[0 0 0 0 1 0]	[0 0 0 0 0 1]
11	0.3859410881996155	8.864920616149902	2.5215041637420654	2.533449411392212	1.9005169868469238	1.9094501733779907	False	[0 0 0 0 0 0 0 0 0 0 0 0]	[0 0 1 0 0 0 0 0 0 0 0 1]	[0 0 0 1 1 0]	[1 0 0 0 0 1]
