# num_workers = 7
# num_cells = 256
# seed_for_environment = 1234567
# lr = 0.0003
# max_grad_norm = 1.0
# eval_rollout_length = 30
# scaling_factor = 1000
# frames_per_batch = 500
# sub_batch_size = 64
# num_epochs = 15
# clip_epsilon = 0.2
# gamma = 0.99
# lmbda = 0.95
# entropy_eps = 0.03
# env_reward_engineering = True
# env_minimum_number_of_qubits = 8
# log_name = search_9_6_seed_1234567
# env_error_range = geometric5
# env_version = qecc/bbcode-ldpc-v0
# env_bit_flipping = True
# env_l = 9
# env_m = 6
# env_use_dict_observation = True
# env_number_of_decoder_iterations = 50
# env_number_of_samples = 50
# env_code_logging = False
# env_reset_type = random3
# model_architecture = hybrid
# model_surrogate_model_path = /vol/bitbucket/osella/rl-qecc-data//supervisedLearning/2026-07-12_21-15-58/surrogate_6x6.pth
# model_use_pretrained_encoder = True
# index_to_unfreeze_encoder_updates = 20
# encoder_lr_factor = 0.1
# training_device = cpu
# Resolved arguments:
# Resolved_env_reward_engineering = True
# Resolved_env_bit_flipping = True
# Resolved_env_useDictObservation = True
# Resolved_env_code_logging = False
# Resolved_env_reset_type = random3
# Resolved_env_error_range = [np.float64(0.001), np.float64(0.003162), np.float64(0.01), np.float64(0.031623), np.float64(0.1)]
# Resolved_model_use_pretrained_encoder = True
# Resolved_trainingDevice = cpu
# Resolved_model_architecture = hybrid
# Just for information, not used in actual run: SLURM CPUS queried from os environment: 96
# Number of workers: 7
# Does torch identify cuda: False
evaluation number	reward	policy entropy	policy entropy aX	policy entropy bX	policy entropy aY	policy entropy bY	Encoder freeze	postAction_aX	postAction_bX	postAction_aY	postAction_bY
0	-1.0	8.445059776306152	2.2842984199523926	2.291510581970215	1.935207486152649	1.9340437650680542	True	[0 0 0 0 0 0 1 1 0]	[0 0 0 0 0 0 0 0 0]	[1 0 1 0 0 1]	[0 0 0 1 0 0]
0	-1.0	8.444353103637695	2.2923431396484375	2.293505907058716	1.9318238496780396	1.926680088043213	True	[1 0 0 0 0 0 1 1 0]	[0 0 0 0 0 0 0 0 0]	[0 0 1 0 0 1]	[0 0 0 0 0 0]
0	-1.0	8.44536018371582	2.2858638763427734	2.2925779819488525	1.9354572296142578	1.9314608573913574	True	[0 0 0 0 0 0 1 1 0]	[0 0 0 0 0 0 0 0 0]	[1 0 1 0 0 1]	[0 0 0 1 0 0]
0	-1.0	8.437858581542969	2.2906458377838135	2.292854070663452	1.9307016134262085	1.9236564636230469	True	[1 0 0 0 0 0 1 1 0]	[0 0 0 0 0 0 0 0 0]	[0 0 1 0 0 1]	[0 0 0 0 0 0]
0	-1.0	8.441572189331055	2.2858376502990723	2.29217267036438	1.9334075450897217	1.930153489112854	True	[0 0 0 0 0 0 1 1 0]	[0 0 0 0 0 0 0 0 0]	[1 0 1 0 0 1]	[0 0 0 1 0 0]
0	-1.0	8.44154167175293	2.2903225421905518	2.2929563522338867	1.932485818862915	1.9257776737213135	True	[1 0 0 0 0 0 1 1 0]	[0 0 0 0 0 0 0 0 0]	[0 0 1 0 0 1]	[0 0 0 0 0 0]
0	-1.0	8.447775840759277	2.2865920066833496	2.2921364307403564	1.9357138872146606	1.9333337545394897	True	[0 0 0 0 0 0 1 1 0]	[0 0 0 0 0 0 0 0 0]	[1 0 1 0 0 1]	[0 0 0 1 0 0]
0	-1.0	8.438770294189453	2.290999174118042	2.2931323051452637	1.9290788173675537	1.9255597591400146	True	[1 0 0 0 0 0 1 1 0]	[0 0 0 0 0 0 0 0 0]	[0 0 1 0 0 1]	[0 0 0 0 0 0]
0	-1.0	8.442788124084473	2.284775733947754	2.2925631999969482	1.935510277748108	1.9299389123916626	True	[0 0 0 0 0 0 1 1 0]	[0 0 0 0 0 0 0 0 0]	[1 0 1 0 0 1]	[0 0 0 1 0 0]
0	-1.0	8.440042495727539	2.2912657260894775	2.2925775051116943	1.929774284362793	1.926424503326416	True	[1 0 0 0 0 0 1 1 0]	[0 0 0 0 0 0 0 0 0]	[0 0 1 0 0 1]	[0 1 0 1 0 0]
0	-1.0	8.433449745178223	2.294236660003662	2.2890708446502686	1.914050579071045	1.9360920190811157	True	[0 0 0 0 0 0 1 1 0]	[1 0 0 0 0 0 0 0 0]	[0 0 1 0 1 1]	[0 1 0 0 0 0]
0	-1.0	8.444153785705566	2.294517993927002	2.2849972248077393	1.925200343132019	1.9394378662109375	True	[1 0 0 0 0 0 1 1 0]	[0 0 0 0 0 0 0 0 0]	[0 0 1 0 0 1]	[0 1 0 1 0 0]
0	-1.0	8.442609786987305	2.2927300930023193	2.2935874462127686	1.924513816833496	1.9317787885665894	True	[0 0 0 0 0 0 1 1 0]	[1 0 0 0 0 0 0 0 0]	[0 0 1 0 1 1]	[0 1 0 0 0 0]
0	-1.0	8.442726135253906	2.295225143432617	2.284726142883301	1.9231373071670532	1.9396376609802246	True	[1 0 0 0 0 0 1 1 0]	[0 0 0 0 0 0 0 0 0]	[0 0 1 0 0 1]	[0 1 0 1 0 0]
0	-1.0	8.439939498901367	2.2943036556243896	2.289665937423706	1.9198616743087769	1.936107873916626	True	[0 0 0 0 0 0 1 1 0]	[1 0 0 0 0 0 0 0 0]	[0 0 1 0 1 1]	[0 1 0 0 0 0]
0	-1.0	8.441900253295898	2.2935824394226074	2.2849583625793457	1.9244413375854492	1.938917875289917	True	[1 0 0 0 0 0 1 1 0]	[0 0 0 0 0 0 0 0 0]	[0 0 1 0 0 1]	[0 1 0 1 0 0]
0	-1.0	8.446575164794922	2.2948851585388184	2.291044235229492	1.9246854782104492	1.9359607696533203	True	[0 0 0 0 0 0 1 1 0]	[0 0 0 0 1 0 0 0 0]	[0 0 1 0 1 1]	[0 1 0 0 0 0]
0	-1.0	8.443927764892578	2.295581340789795	2.286135196685791	1.9255366325378418	1.936674952507019	True	[1 0 0 0 0 0 1 1 0]	[0 0 0 0 0 0 0 0 0]	[0 0 1 0 0 1]	[0 1 0 1 0 0]
0	-1.0	8.442549705505371	2.295447587966919	2.289320230484009	1.9202195405960083	1.937562108039856	True	[0 0 0 0 0 0 1 1 0]	[1 0 0 0 0 0 0 0 0]	[0 0 1 0 1 1]	[0 1 0 0 0 0]
0	-1.0	8.440470695495605	2.2934553623199463	2.2843477725982666	1.9241435527801514	1.9385242462158203	True	[1 0 0 0 0 0 1 1 0]	[0 0 0 0 0 0 0 0 0]	[0 0 1 0 0 1]	[0 1 0 1 0 0]
0	-1.0	8.440155982971191	2.2937405109405518	2.292036533355713	1.9200799465179443	1.9342985153198242	True	[0 0 0 0 0 0 1 1 0]	[1 0 0 0 0 0 0 0 0]	[0 0 1 0 1 1]	[0 1 0 0 0 0]
0	-1.0	8.441583633422852	2.293308973312378	2.2833402156829834	1.9246898889541626	1.9402451515197754	True	[1 0 0 0 0 0 1 1 0]	[0 0 0 0 0 0 0 0 0]	[0 0 1 0 0 1]	[0 1 0 1 0 0]
0	-1.0	8.441649436950684	2.294891357421875	2.2892086505889893	1.9209364652633667	1.9366133213043213	True	[0 0 0 0 0 0 1 1 0]	[1 0 0 0 0 0 0 0 0]	[0 0 1 0 1 1]	[0 1 0 0 0 0]
0	-1.0	8.43797492980957	2.2943389415740967	2.2823472023010254	1.9226253032684326	1.9386630058288574	True	[1 0 0 0 0 0 1 1 0]	[0 0 0 0 0 0 0 0 0]	[0 0 1 0 0 1]	[0 1 0 1 0 0]
0	-1.0	8.440963745117188	2.2950267791748047	2.290159225463867	1.9205173254013062	1.9352607727050781	True	[0 0 0 0 0 0 1 1 0]	[1 0 0 0 0 0 0 0 0]	[0 0 1 0 1 1]	[0 1 0 0 0 0]
0	-1.0	8.441025733947754	2.294454574584961	2.2855064868927	1.9222054481506348	1.938859224319458	True	[1 0 0 0 0 0 1 1 0]	[0 0 0 0 0 0 0 0 0]	[0 0 1 0 0 1]	[0 1 0 1 0 0]
0	-1.0	8.44210147857666	2.2913362979888916	2.292414426803589	1.9233760833740234	1.9349746704101562	True	[0 0 0 0 0 0 1 1 0]	[1 0 0 0 0 0 0 0 0]	[0 0 1 0 1 1]	[0 1 0 0 0 0]
0	-1.0	8.444156646728516	2.2938382625579834	2.2853968143463135	1.9255961179733276	1.9393258094787598	True	[1 0 0 0 0 0 1 1 0]	[0 0 0 0 0 0 0 0 0]	[0 0 1 0 0 1]	[0 1 0 1 0 0]
0	-1.0	8.432979583740234	2.295611619949341	2.289118528366089	1.9141571521759033	1.9340922832489014	True	[0 0 0 0 0 0 1 1 0]	[1 0 0 0 0 0 0 0 0]	[0 0 1 0 1 1]	[0 1 0 0 0 0]
0	-1.0	8.43958568572998	2.2935237884521484	2.283082962036133	1.9230918884277344	1.9398866891860962	True	[1 0 0 0 0 0 1 1 0]	[0 0 0 0 0 0 0 0 0]	[0 0 1 0 0 1]	[0 1 0 1 0 0]
