# num_workers = 96
# num_cells = 256
# seed_for_environment = 1982
# lr = 0.0003
# max_grad_norm = 1.0
# eval_rollout_length = 30
# scaling_factor = 1000
# frames_per_batch = 100
# sub_batch_size = 64
# num_epochs = 15
# clip_epsilon = 0.2
# gamma = 0.99
# lmbda = 0.95
# entropy_eps = 0.001
# env_reward_engineering = True
# env_minimum_number_of_qubits = 6
# log_name = None
# env_version = qecc/bbcode-ldpc-v0
# env_bit_flipping = True
# env_l = 6
# env_m = 6
# env_use_dict_observation = True
# env_number_of_decoder_iterations = 50
# env_number_of_samples = 50
# env_code_logging = False
# model_architecture = hybrid
# model_surrogate_model_path = /vol/bitbucket/osella/rl-qecc-data//supervisedLearning/2026-07-12_20-18-32/surrogate_6x6.pth
# index_to_unfreeze_encoder_updates = 10
# encoder_lr_factor = 0.1
# Just for information, not used in actual run: SLURM CPUS queried from os environment: 96
# Number of workers: 96
# Does torch identify cuda: False
evaluation number	reward	policy entropy	Encoder freeze
0	0.14499999582767487	7.535065174102783	True
0	0.1574999988079071	7.6215925216674805	True
0	0.17000000178813934	7.617692947387695	True
0	0.1550000011920929	7.616089344024658	True
0	0.14000000059604645	7.618749141693115	True
0	0.1525000035762787	7.617163181304932	True
0	0.22499999403953552	7.613321781158447	True
0	0.17499999701976776	7.6274638175964355	True
0	0.17000000178813934	7.620622634887695	True
0	0.13500000536441803	7.631021499633789	True
0	0.19750000536441803	7.605030059814453	True
0	0.16249999403953552	7.630948066711426	True
0	0.19499999284744263	7.616800785064697	True
0	0.14499999582767487	7.624815940856934	True
0	0.1850000023841858	7.619067192077637	True
0	0.1599999964237213	7.632172107696533	True
0	0.20000000298023224	7.618193626403809	True
0	0.15000000596046448	7.630508899688721	True
0	0.18250000476837158	7.62468957901001	True
0	0.14499999582767487	7.632369041442871	True
0	0.17749999463558197	7.617137432098389	True
0	0.1574999988079071	7.632392883300781	True
0	0.17000000178813934	7.625775337219238	True
0	0.1599999964237213	7.631220817565918	True
0	0.18000000715255737	7.6166791915893555	True
0	0.1550000011920929	7.641123294830322	True
0	0.20000000298023224	7.627529144287109	True
0	0.1599999964237213	7.627342700958252	True
0	0.17000000178813934	7.62410831451416	True
0	0.13500000536441803	7.634241104125977	True
1	0.17499999701976776	6.631104469299316	False
1	0.16750000417232513	6.720422267913818	False
1	0.17499999701976776	6.685582637786865	False
1	0.18000000715255737	6.686160564422607	False
1	0.21250000596046448	6.702528953552246	False
1	0.14249999821186066	6.673175811767578	False
1	0.20250000059604645	6.707149028778076	False
1	0.1550000011920929	6.686977386474609	False
1	0.16249999403953552	6.70319938659668	False
1	0.1550000011920929	6.68958854675293	False
1	0.1875	6.679018974304199	False
1	0.13750000298023224	6.68414306640625	False
1	0.17499999701976776	6.707334518432617	False
1	0.14749999344348907	6.702491283416748	False
1	0.1899999976158142	6.707373142242432	False
1	0.17000000178813934	6.669059753417969	False
1	0.19249999523162842	6.709968566894531	False
1	0.1550000011920929	6.698207378387451	False
1	0.19499999284744263	6.707995891571045	False
1	0.17749999463558197	6.685783386230469	False
1	0.1850000023841858	6.687938213348389	False
1	0.13750000298023224	6.6700520515441895	False
1	0.23250000178813934	6.694801330566406	False
1	0.16249999403953552	6.683236122131348	False
1	0.19499999284744263	6.6995038986206055	False
1	0.16249999403953552	6.676637172698975	False
1	0.2150000035762787	6.6989030838012695	False
1	0.13249999284744263	6.65855073928833	False
1	0.17000000178813934	6.701839447021484	False
1	0.16500000655651093	6.692776679992676	False
2	0.23499999940395355	6.638828277587891	False
2	0.16249999403953552	6.486461639404297	False
2	0.17499999701976776	6.623249530792236	False
2	0.1274999976158142	6.511499881744385	False
2	0.18000000715255737	6.649106025695801	False
2	0.13750000298023224	6.441491603851318	False
2	0.1550000011920929	6.625967502593994	False
2	0.20749999582767487	6.497980117797852	False
2	0.1550000011920929	6.5868988037109375	False
2	0.14499999582767487	6.545801162719727	False
2	0.14249999821186066	6.648202419281006	False
2	0.11749999970197678	6.534511566162109	False
2	0.17499999701976776	6.649479866027832	False
2	0.1525000035762787	6.458184719085693	False
2	0.14000000059604645	6.632651329040527	False
2	0.1899999976158142	6.524020671844482	False
2	0.16750000417232513	6.557520866394043	False
2	0.1525000035762787	6.433044910430908	False
2	0.14499999582767487	6.61968469619751	False
2	0.125	6.506429672241211	False
2	0.1875	6.712464809417725	False
2	0.17000000178813934	6.414855003356934	False
2	0.18000000715255737	6.554999828338623	False
2	0.1550000011920929	6.4566497802734375	False
2	0.14749999344348907	6.642538070678711	False
2	0.13500000536441803	6.53223991394043	False
2	0.18250000476837158	6.655611515045166	False
2	0.13750000298023224	6.488214492797852	False
2	0.1550000011920929	6.646941661834717	False
2	0.1599999964237213	6.506082057952881	False
3	0.125	6.411489963531494	False
3	0.12999999523162842	6.3847432136535645	False
3	0.17499999701976776	6.435523509979248	False
3	0.14000000059604645	6.451555252075195	False
3	0.1599999964237213	6.466108798980713	False
3	0.125	6.45435905456543	False
3	0.125	6.456740856170654	False
3	0.11749999970197678	6.417965888977051	False
3	0.125	6.421795845031738	False
3	0.12999999523162842	6.396090507507324	False
3	0.15000000596046448	6.451442241668701	False
3	0.1899999976158142	6.432029724121094	False
3	0.125	6.419180870056152	False
3	0.13500000536441803	6.392178535461426	False
3	0.125	6.440857887268066	False
3	0.125	6.389401435852051	False
3	0.12999999523162842	6.437652587890625	False
3	0.13750000298023224	6.361547946929932	False
3	0.17749999463558197	6.448080062866211	False
3	0.14000000059604645	6.425276756286621	False
3	0.16500000655651093	6.443654537200928	False
3	0.14000000059604645	6.438693523406982	False
3	0.17499999701976776	6.481863021850586	False
3	0.125	6.409160614013672	False
3	0.1599999964237213	6.439919948577881	False
3	0.20000000298023224	6.422304153442383	False
3	0.12250000238418579	6.397437572479248	False
3	0.13500000536441803	6.392053604125977	False
3	0.11999999731779099	6.428508758544922	False
3	0.12250000238418579	6.374798774719238	False
4	0.12250000238418579	6.626733779907227	False
4	0.12999999523162842	6.500515460968018	False
4	0.1274999976158142	6.610196113586426	False
4	0.125	6.530368328094482	False
4	0.11999999731779099	6.644415855407715	False
4	0.125	6.5129780769348145	False
4	0.125	6.627233505249023	False
4	0.12999999523162842	6.511406898498535	False
4	0.125	6.567590713500977	False
4	0.1274999976158142	6.480311393737793	False
4	0.125	6.614348411560059	False
4	0.12999999523162842	6.517868995666504	False
4	0.12250000238418579	6.605140686035156	False
4	0.125	6.49176549911499	False
4	0.125	6.652813911437988	False
4	0.125	6.531488418579102	False
4	0.17000000178813934	6.601315975189209	False
4	0.11999999731779099	6.47879695892334	False
4	0.17749999463558197	6.628472328186035	False
4	0.13500000536441803	6.542120933532715	False
4	0.125	6.648586273193359	False
4	0.13249999284744263	6.503777503967285	False
4	0.15000000596046448	6.6345086097717285	False
4	0.13750000298023224	6.5633134841918945	False
4	0.1274999976158142	6.631595134735107	False
4	0.11999999731779099	6.493685245513916	False
4	0.14499999582767487	6.598726749420166	False
4	0.14499999582767487	6.572628021240234	False
4	0.13249999284744263	6.563018798828125	False
4	0.12999999523162842	6.4583821296691895	False
5	0.125	6.7508625984191895	False
5	0.125	6.63999605178833	False
5	0.125	6.74478816986084	False
5	0.11749999970197678	6.673921585083008	False
5	0.125	6.733307361602783	False
5	0.11999999731779099	6.628297328948975	False
5	0.1274999976158142	6.7409844398498535	False
5	0.12999999523162842	6.6574320793151855	False
5	0.125	6.722609043121338	False
5	0.125	6.599958419799805	False
5	0.125	6.7052717208862305	False
5	0.12250000238418579	6.618814945220947	False
5	0.125	6.709183692932129	False
5	0.125	6.65846061706543	False
5	0.125	6.711396217346191	False
5	0.125	6.650940895080566	False
5	0.12999999523162842	6.765836715698242	False
5	0.12250000238418579	6.695964336395264	False
5	0.12250000238418579	6.69499397277832	False
5	0.12999999523162842	6.6614251136779785	False
5	0.11999999731779099	6.760207176208496	False
5	0.12250000238418579	6.657418727874756	False
5	0.11999999731779099	6.7349419593811035	False
5	0.1274999976158142	6.6593217849731445	False
5	0.1274999976158142	6.6826066970825195	False
5	0.125	6.657174587249756	False
5	0.11749999970197678	6.75150203704834	False
5	0.125	6.66777229309082	False
5	0.11749999970197678	6.740452289581299	False
5	0.12250000238418579	6.61326789855957	False
6	0.125	5.53017520904541	False
6	0.12999999523162842	5.906709671020508	False
6	0.11999999731779099	5.531572341918945	False
6	0.125	5.894908905029297	False
6	0.125	5.5419697761535645	False
6	0.12999999523162842	5.874853134155273	False
6	0.1274999976158142	5.539491653442383	False
6	0.11999999731779099	5.876494407653809	False
6	0.125	5.562145233154297	False
6	0.12250000238418579	5.84680700302124	False
6	0.125	5.514858245849609	False
6	0.125	5.922276973724365	False
6	0.12250000238418579	5.537106513977051	False
6	0.125	5.902496814727783	False
6	0.125	5.594527721405029	False
6	0.12250000238418579	5.845448970794678	False
6	0.12250000238418579	5.549135684967041	False
6	0.125	5.882481575012207	False
6	0.1274999976158142	5.525001049041748	False
6	0.1274999976158142	5.9678802490234375	False
6	0.12999999523162842	5.47562313079834	False
6	0.125	5.905991554260254	False
6	0.12250000238418579	5.960292339324951	False
6	0.12250000238418579	5.474658966064453	False
6	0.11999999731779099	5.873241901397705	False
6	0.12250000238418579	5.476902008056641	False
6	0.11749999970197678	5.912176609039307	False
6	0.125	5.454360008239746	False
6	0.11999999731779099	5.87100076675415	False
6	0.11749999970197678	5.504026889801025	False
7	0.125	3.763850212097168	False
7	0.11749999970197678	3.453613042831421	False
7	0.125	3.733551502227783	False
7	0.125	3.5498292446136475	False
7	0.12250000238418579	3.6574037075042725	False
7	0.125	3.6335678100585938	False
7	0.12250000238418579	3.6522326469421387	False
7	0.12250000238418579	3.7518224716186523	False
7	0.12250000238418579	3.741851806640625	False
7	0.12250000238418579	3.598360300064087	False
7	0.12250000238418579	3.629958152770996	False
7	0.125	3.695774555206299	False
7	0.12250000238418579	3.680454730987549	False
7	0.11500000208616257	3.4707486629486084	False
7	0.12250000238418579	3.778686046600342	False
7	0.12250000238418579	3.6268508434295654	False
7	0.125	3.6698272228240967	False
7	0.125	3.5297257900238037	False
7	0.11999999731779099	3.722383499145508	False
7	0.12999999523162842	3.8577048778533936	False
7	0.1274999976158142	3.743180513381958	False
7	0.12999999523162842	3.802253007888794	False
7	0.125	3.8131167888641357	False
7	0.1274999976158142	3.981271743774414	False
7	0.12999999523162842	3.917947769165039	False
7	0.125	3.8329086303710938	False
7	0.11999999731779099	3.8045401573181152	False
7	0.13500000536441803	3.788296937942505	False
7	0.125	3.729684591293335	False
7	0.1274999976158142	3.8780789375305176	False
8	0.12250000238418579	1.4235329627990723	False
8	0.1274999976158142	1.7373852729797363	False
8	0.11999999731779099	1.3433136940002441	False
8	0.11999999731779099	1.6621596813201904	False
8	0.12999999523162842	1.29984712600708	False
8	0.125	1.6797457933425903	False
8	0.125	1.34311044216156	False
8	0.125	1.7036373615264893	False
8	0.12250000238418579	1.377666711807251	False
8	0.11999999731779099	1.670969009399414	False
8	0.125	1.331472635269165	False
8	0.12250000238418579	1.7293187379837036	False
8	0.12250000238418579	1.3769493103027344	False
8	0.125	1.7106705904006958	False
8	0.125	1.3209905624389648	False
8	0.12250000238418579	1.797647476196289	False
8	0.12250000238418579	1.3859829902648926	False
8	0.11500000208616257	1.832647442817688	False
8	0.12999999523162842	1.3371340036392212	False
8	0.11999999731779099	1.7177062034606934	False
8	0.12999999523162842	1.3139772415161133	False
8	0.125	1.6601051092147827	False
8	0.12250000238418579	1.363655686378479	False
8	0.11999999731779099	1.8254351615905762	False
8	0.11749999970197678	1.3746020793914795	False
8	0.125	1.7976382970809937	False
8	0.1274999976158142	1.383812427520752	False
8	0.12250000238418579	1.7888479232788086	False
8	0.11749999970197678	1.3681808710098267	False
8	0.125	1.6791491508483887	False
9	0.12999999523162842	0.4696006178855896	False
9	0.125	0.551289439201355	False
9	0.125	0.487309992313385	False
9	0.125	0.5587846040725708	False
9	0.11999999731779099	0.48729005455970764	False
9	0.12250000238418579	0.5591251850128174	False
9	0.125	0.48908984661102295	False
9	0.12250000238418579	0.5628498196601868	False
9	0.11999999731779099	0.49451813101768494	False
9	0.11999999731779099	0.5374205708503723	False
9	0.12250000238418579	0.49131807684898376	False
9	0.12250000238418579	0.5604199171066284	False
9	0.11999999731779099	0.49644020199775696	False
9	0.12250000238418579	0.5748279094696045	False
9	0.125	0.5035194754600525	False
9	0.12250000238418579	0.5903899669647217	False
9	0.1274999976158142	0.502236008644104	False
9	0.12250000238418579	0.5842875242233276	False
9	0.125	0.4816480875015259	False
9	0.11999999731779099	0.5616811513900757	False
9	0.12999999523162842	0.4829273223876953	False
9	0.125	0.5915122032165527	False
9	0.125	0.4824100136756897	False
9	0.12250000238418579	0.5943022966384888	False
9	0.12250000238418579	0.49388086795806885	False
9	0.125	0.5696170926094055	False
9	0.12250000238418579	0.5029851198196411	False
9	0.1274999976158142	0.5630642175674438	False
9	0.12999999523162842	0.4910288155078888	False
9	0.12250000238418579	0.5875402688980103	False
10	0.125	0.14805594086647034	False
10	0.12250000238418579	0.15584613382816315	False
10	0.1274999976158142	0.1478886753320694	False
10	0.1274999976158142	0.14754898846149445	False
10	0.12250000238418579	0.14697295427322388	False
10	0.12999999523162842	0.1552126705646515	False
10	0.12250000238418579	0.1486993134021759	False
10	0.11999999731779099	0.1477392017841339	False
10	0.12250000238418579	0.14572900533676147	False
10	0.125	0.1629890352487564	False
10	0.12999999523162842	0.14629864692687988	False
10	0.125	0.16150684654712677	False
10	0.125	0.14759254455566406	False
10	0.11749999970197678	0.15256883203983307	False
10	0.12999999523162842	0.14563432335853577	False
10	0.125	0.15408405661582947	False
10	0.11999999731779099	0.14777116477489471	False
10	0.125	0.1536141186952591	False
10	0.13500000536441803	0.14547990262508392	False
10	0.125	0.1478995382785797	False
10	0.12250000238418579	0.14711304008960724	False
10	0.11999999731779099	0.15828925371170044	False
10	0.12250000238418579	0.14789237082004547	False
10	0.125	0.16564027965068817	False
10	0.11999999731779099	0.14751006662845612	False
10	0.12250000238418579	0.14776888489723206	False
10	0.125	0.13993006944656372	False
10	0.125	0.1557401418685913	False
10	0.125	0.1448497623205185	False
10	0.125	0.15760383009910583	False
11	0.13500000536441803	0.14679589867591858	False
11	0.11999999731779099	0.1649390310049057	False
11	0.12999999523162842	0.14603771269321442	False
11	0.12250000238418579	0.16686061024665833	False
11	0.125	0.13694490492343903	False
11	0.12250000238418579	0.17113398015499115	False
11	0.12999999523162842	0.14140014350414276	False
11	0.12250000238418579	0.1700984090566635	False
11	0.1274999976158142	0.1402140110731125	False
11	0.125	0.1657780259847641	False
11	0.12250000238418579	0.14502114057540894	False
11	0.11999999731779099	0.16100026667118073	False
11	0.12999999523162842	0.14205321669578552	False
11	0.12999999523162842	0.1761496514081955	False
11	0.12250000238418579	0.14486321806907654	False
11	0.11999999731779099	0.17226722836494446	False
11	0.11999999731779099	0.14329496026039124	False
11	0.12250000238418579	0.16028118133544922	False
11	0.13500000536441803	0.14408722519874573	False
11	0.11999999731779099	0.16953368484973907	False
11	0.13500000536441803	0.13586543500423431	False
11	0.12250000238418579	0.16001418232917786	False
11	0.14249999821186066	0.1374230831861496	False
11	0.12250000238418579	0.16668416559696198	False
11	0.1274999976158142	0.14247553050518036	False
11	0.125	0.16616714000701904	False
11	0.11749999970197678	0.14110125601291656	False
11	0.12250000238418579	0.16928407549858093	False
11	0.12999999523162842	0.14509856700897217	False
11	0.1274999976158142	0.1709628701210022	False
12	0.11999999731779099	0.211847722530365	False
12	0.12250000238418579	0.23906518518924713	False
12	0.11999999731779099	0.21176907420158386	False
12	0.12250000238418579	0.2376362681388855	False
12	0.12250000238418579	0.21237704157829285	False
12	0.1274999976158142	0.24096588790416718	False
12	0.12999999523162842	0.2079959213733673	False
12	0.12250000238418579	0.23982858657836914	False
12	0.125	0.2171456515789032	False
12	0.11749999970197678	0.22978468239307404	False
12	0.125	0.20418080687522888	False
12	0.12250000238418579	0.23636572062969208	False
12	0.125	0.2145528346300125	False
12	0.11999999731779099	0.22940848767757416	False
12	0.11999999731779099	0.21805110573768616	False
12	0.12250000238418579	0.23747432231903076	False
12	0.12999999523162842	0.21100425720214844	False
12	0.12250000238418579	0.22945189476013184	False
12	0.125	0.205074742436409	False
12	0.12250000238418579	0.22753086686134338	False
12	0.11749999970197678	0.2045276015996933	False
12	0.125	0.24007529020309448	False
12	0.125	0.21784721314907074	False
12	0.125	0.23486807942390442	False
12	0.12999999523162842	0.21711964905261993	False
12	0.12999999523162842	0.24388137459754944	False
12	0.125	0.21511299908161163	False
12	0.125	0.2332407534122467	False
12	0.12250000238418579	0.21238450706005096	False
12	0.12250000238418579	0.2377089112997055	False
13	0.1274999976158142	0.05365033447742462	False
13	0.125	0.06892600655555725	False
13	0.125	0.0533796064555645	False
13	0.12250000238418579	0.07345769554376602	False
13	0.125	0.05168101564049721	False
13	0.125	0.07747893780469894	False
13	0.11749999970197678	0.0536673404276371	False
13	0.125	0.06985881179571152	False
13	0.125	0.05420079827308655	False
13	0.11999999731779099	0.07155995070934296	False
13	0.12999999523162842	0.05346958711743355	False
13	0.12250000238418579	0.06758999824523926	False
13	0.125	0.05507785826921463	False
13	0.12999999523162842	0.07814198732376099	False
13	0.12999999523162842	0.05232437700033188	False
13	0.12250000238418579	0.06887954473495483	False
13	0.11999999731779099	0.05277762934565544	False
13	0.12250000238418579	0.06855557858943939	False
13	0.12250000238418579	0.05445268005132675	False
13	0.11999999731779099	0.07388826459646225	False
13	0.125	0.04904192313551903	False
13	0.125	0.07735231518745422	False
13	0.12250000238418579	0.055776748806238174	False
13	0.12250000238418579	0.07724054157733917	False
13	0.125	0.054294403642416	False
13	0.12250000238418579	0.07390047609806061	False
13	0.1274999976158142	0.05436180904507637	False
13	0.12250000238418579	0.0734376311302185	False
13	0.12250000238418579	0.0503922775387764	False
13	0.125	0.07156220823526382	False
14	0.125	0.02605823054909706	False
14	0.12999999523162842	0.028159478679299355	False
14	0.11999999731779099	0.02321217767894268	False
14	0.125	0.026011381298303604	False
14	0.12999999523162842	0.02463991753757	False
14	0.11999999731779099	0.02911503240466118	False
14	0.125	0.024261781945824623	False
14	0.11999999731779099	0.025203488767147064	False
14	0.11999999731779099	0.023794619366526604	False
14	0.12250000238418579	0.027203122153878212	False
14	0.12250000238418579	0.023541701957583427	False
14	0.12250000238418579	0.02584483101963997	False
14	0.12999999523162842	0.023535819724202156	False
14	0.11999999731779099	0.028452469035983086	False
14	0.125	0.02438417449593544	False
14	0.125	0.02653924748301506	False
14	0.125	0.023951640352606773	False
14	0.12250000238418579	0.027622824534773827	False
14	0.11999999731779099	0.02297850511968136	False
14	0.125	0.026985563337802887	False
14	0.12250000238418579	0.02270076796412468	False
14	0.11749999970197678	0.027838177978992462	False
14	0.125	0.024408552795648575	False
14	0.12250000238418579	0.023360220715403557	False
14	0.14000000059604645	0.024650895968079567	False
14	0.1274999976158142	0.02376336045563221	False
14	0.125	0.023620670661330223	False
14	0.11999999731779099	0.02661101706326008	False
14	0.125	0.02597365528345108	False
14	0.125	0.027062121778726578	False
15	0.125	0.031322844326496124	False
15	0.125	0.03424660116434097	False
15	0.13249999284744263	0.032133083790540695	False
15	0.11999999731779099	0.033473554998636246	False
15	0.125	0.029262728989124298	False
15	0.125	0.03088047169148922	False
15	0.12250000238418579	0.030176127329468727	False
15	0.12250000238418579	0.031678877770900726	False
15	0.11999999731779099	0.028324680402874947	False
15	0.125	0.03317653387784958	False
15	0.12250000238418579	0.0333227813243866	False
15	0.125	0.03176454082131386	False
15	0.125	0.028076237067580223	False
15	0.12250000238418579	0.029889535158872604	False
15	0.13500000536441803	0.0309289637953043	False
15	0.12250000238418579	0.03265029564499855	False
15	0.12250000238418579	0.03175660967826843	False
15	0.1274999976158142	0.03214621543884277	False
15	0.125	0.031180350109934807	False
15	0.125	0.031303875148296356	False
15	0.11999999731779099	0.031745705753564835	False
15	0.12250000238418579	0.035559918731451035	False
15	0.12250000238418579	0.029432034119963646	False
15	0.12250000238418579	0.0330137275159359	False
15	0.12250000238418579	0.030012521892786026	False
15	0.125	0.031511157751083374	False
15	0.125	0.030457433313131332	False
15	0.12999999523162842	0.03383863717317581	False
15	0.125	0.02997821569442749	False
15	0.1274999976158142	0.03380286321043968	False
16	0.12250000238418579	0.027613874524831772	False
16	0.11999999731779099	0.03196724131703377	False
16	0.12250000238418579	0.028538191691040993	False
16	0.12250000238418579	0.03135762736201286	False
16	0.12999999523162842	0.027403559535741806	False
16	0.12999999523162842	0.029470108449459076	False
16	0.12250000238418579	0.027000581845641136	False
16	0.125	0.03226703405380249	False
16	0.13500000536441803	0.026405293494462967	False
16	0.1274999976158142	0.02921896241605282	False
16	0.12250000238418579	0.029397636651992798	False
16	0.125	0.03353952616453171	False
16	0.1274999976158142	0.027758808806538582	False
16	0.12250000238418579	0.029374446719884872	False
16	0.125	0.029109343886375427	False
16	0.12250000238418579	0.03341151401400566	False
16	0.1274999976158142	0.027446860447525978	False
16	0.12250000238418579	0.029973316937685013	False
16	0.11999999731779099	0.0280692707747221	False
16	0.12250000238418579	0.029817812144756317	False
16	0.12250000238418579	0.028911704197525978	False
16	0.11749999970197678	0.0286177359521389	False
16	0.12999999523162842	0.029709208756685257	False
16	0.125	0.032375216484069824	False
16	0.12250000238418579	0.029779057949781418	False
16	0.12250000238418579	0.029359720647335052	False
16	0.11999999731779099	0.028650406748056412	False
16	0.12250000238418579	0.030660707503557205	False
16	0.1274999976158142	0.026217464357614517	False
16	0.11749999970197678	0.03319215774536133	False
17	0.12250000238418579	0.03298235312104225	False
17	0.12250000238418579	0.04311808571219444	False
17	0.12250000238418579	0.031534627079963684	False
17	0.12250000238418579	0.0414542630314827	False
17	0.125	0.03523066267371178	False
17	0.11999999731779099	0.04334227368235588	False
17	0.1274999976158142	0.03457437455654144	False
17	0.11749999970197678	0.04015244543552399	False
17	0.11999999731779099	0.035262566059827805	False
17	0.11999999731779099	0.04094056040048599	False
17	0.125	0.03387933969497681	False
17	0.11500000208616257	0.043020445853471756	False
17	0.12250000238418579	0.033750150352716446	False
17	0.11999999731779099	0.04098286107182503	False
17	0.125	0.03717196732759476	False
17	0.125	0.044432565569877625	False
17	0.12250000238418579	0.03297071158885956	False
17	0.11999999731779099	0.04543264955282211	False
17	0.12999999523162842	0.03368249163031578	False
17	0.125	0.04581324756145477	False
17	0.125	0.033438198268413544	False
17	0.125	0.04109872505068779	False
17	0.12250000238418579	0.03591615706682205	False
17	0.12250000238418579	0.044326670467853546	False
17	0.1274999976158142	0.0316154770553112	False
17	0.1274999976158142	0.04335891082882881	False
17	0.12250000238418579	0.03291265666484833	False
17	0.125	0.04702960327267647	False
17	0.12250000238418579	0.034920696169137955	False
17	0.1274999976158142	0.04190560430288315	False
18	0.1274999976158142	0.02916562929749489	False
18	0.125	0.041150469332933426	False
18	0.12999999523162842	0.029920754954218864	False
18	0.125	0.04056229069828987	False
18	0.11999999731779099	0.0311689805239439	False
18	0.11749999970197678	0.03857887163758278	False
18	0.14000000059604645	0.02942214347422123	False
18	0.12250000238418579	0.03884599730372429	False
18	0.12999999523162842	0.030935142189264297	False
18	0.11749999970197678	0.04087034612894058	False
18	0.12250000238418579	0.029379265382885933	False
18	0.12250000238418579	0.04241599515080452	False
18	0.11999999731779099	0.03082730993628502	False
18	0.11999999731779099	0.03712500259280205	False
18	0.12999999523162842	0.028335846960544586	False
18	0.12250000238418579	0.037652529776096344	False
18	0.13500000536441803	0.028682036325335503	False
18	0.125	0.04499528557062149	False
18	0.12999999523162842	0.02944411151111126	False
18	0.125	0.0377676822245121	False
18	0.11999999731779099	0.02823469787836075	False
18	0.12250000238418579	0.03380545973777771	False
18	0.125	0.02810732275247574	False
18	0.125	0.03798319026827812	False
18	0.1274999976158142	0.025466421619057655	False
18	0.12250000238418579	0.03518185392022133	False
18	0.11999999731779099	0.027941172942519188	False
18	0.12250000238418579	0.037870414555072784	False
18	0.12999999523162842	0.027433980256319046	False
18	0.12250000238418579	0.038565102964639664	False
19	0.125	0.03675803542137146	False
19	0.12999999523162842	0.04724796861410141	False
19	0.1274999976158142	0.03254903852939606	False
19	0.1274999976158142	0.04848156124353409	False
19	0.12250000238418579	0.03576703742146492	False
19	0.125	0.050771597772836685	False
19	0.12250000238418579	0.03381182998418808	False
19	0.11999999731779099	0.04526342824101448	False
19	0.125	0.034348055720329285	False
19	0.12999999523162842	0.05436326190829277	False
19	0.12999999523162842	0.03140716627240181	False
19	0.11999999731779099	0.040751863270998	False
19	0.12250000238418579	0.039056919515132904	False
19	0.125	0.04317960888147354	False
19	0.125	0.03556439280509949	False
19	0.125	0.05011404678225517	False
19	0.12250000238418579	0.03167255222797394	False
19	0.12250000238418579	0.04559168592095375	False
19	0.12250000238418579	0.03279184177517891	False
19	0.13249999284744263	0.047674987465143204	False
19	0.12250000238418579	0.0336674302816391	False
19	0.125	0.048836685717105865	False
19	0.1274999976158142	0.03282490000128746	False
19	0.12250000238418579	0.0424690917134285	False
19	0.12250000238418579	0.03634076565504074	False
19	0.125	0.045416150242090225	False
19	0.1274999976158142	0.030915172770619392	False
19	0.12250000238418579	0.043065786361694336	False
19	0.12250000238418579	0.03421329706907272	False
19	0.12250000238418579	0.047319117933511734	False
20	0.12999999523162842	0.027899952605366707	False
20	0.12250000238418579	0.03510676696896553	False
20	0.125	0.03032875433564186	False
20	0.12250000238418579	0.03904329240322113	False
20	0.12250000238418579	0.027863672003149986	False
20	0.11999999731779099	0.03936467319726944	False
20	0.12250000238418579	0.032887302339076996	False
20	0.12250000238418579	0.03266790509223938	False
20	0.11999999731779099	0.03055534139275551	False
20	0.125	0.03570610284805298	False
20	0.12999999523162842	0.03215254098176956	False
20	0.11249999701976776	0.033361922949552536	False
20	0.125	0.028061486780643463	False
20	0.125	0.03731880336999893	False
20	0.125	0.030551986768841743	False
20	0.125	0.035105109214782715	False
20	0.125	0.027078306302428246	False
20	0.12250000238418579	0.03906833380460739	False
20	0.125	0.028906971216201782	False
20	0.125	0.04031477868556976	False
20	0.12250000238418579	0.03212370723485947	False
20	0.125	0.03894137591123581	False
20	0.12250000238418579	0.026777897030115128	False
20	0.125	0.031157642602920532	False
20	0.12999999523162842	0.0271315835416317	False
20	0.125	0.040507182478904724	False
20	0.12250000238418579	0.028955155983567238	False
20	0.12250000238418579	0.03995243087410927	False
20	0.125	0.028982309624552727	False
20	0.125	0.034887488931417465	False
21	0.12250000238418579	0.02715327963232994	False
21	0.11749999970197678	0.041113853454589844	False
21	0.13500000536441803	0.03019384667277336	False
21	0.11500000208616257	0.03537071496248245	False
21	0.12250000238418579	0.03393154963850975	False
21	0.11999999731779099	0.03686688467860222	False
21	0.125	0.027471370995044708	False
21	0.125	0.037058036774396896	False
21	0.12999999523162842	0.031185535714030266	False
21	0.11999999731779099	0.03927593678236008	False
21	0.125	0.029506955295801163	False
21	0.1274999976158142	0.040702592581510544	False
21	0.12250000238418579	0.029516680166125298	False
21	0.12250000238418579	0.04024584963917732	False
21	0.12999999523162842	0.030840959399938583	False
21	0.11999999731779099	0.04121192544698715	False
21	0.125	0.02947353944182396	False
21	0.11999999731779099	0.040682919323444366	False
21	0.125	0.027791626751422882	False
21	0.11999999731779099	0.03900158405303955	False
21	0.11999999731779099	0.029512576758861542	False
21	0.12999999523162842	0.03559352830052376	False
21	0.125	0.029558638110756874	False
21	0.12250000238418579	0.04348277300596237	False
21	0.1274999976158142	0.02983671799302101	False
21	0.125	0.03955308720469475	False
21	0.11999999731779099	0.03027305006980896	False
21	0.11749999970197678	0.040837958455085754	False
21	0.12250000238418579	0.028749611228704453	False
21	0.12250000238418579	0.03564246743917465	False
22	0.125	0.11970356851816177	False
22	0.12250000238418579	0.18323317170143127	False
22	0.125	0.12410038709640503	False
22	0.12250000238418579	0.19641193747520447	False
22	0.125	0.1285461187362671	False
22	0.125	0.18812383711338043	False
22	0.13249999284744263	0.11744704842567444	False
22	0.11999999731779099	0.20028100907802582	False
22	0.14000000059604645	0.1301925778388977	False
22	0.1274999976158142	0.15829122066497803	False
22	0.1274999976158142	0.12313804030418396	False
22	0.12250000238418579	0.1951557993888855	False
22	0.12250000238418579	0.1258779615163803	False
22	0.11999999731779099	0.21400903165340424	False
22	0.11999999731779099	0.12515446543693542	False
22	0.125	0.1820637434720993	False
22	0.125	0.12172523140907288	False
22	0.12250000238418579	0.19753865897655487	False
22	0.12250000238418579	0.12138619273900986	False
22	0.12999999523162842	0.19181612133979797	False
22	0.12250000238418579	0.13540144264698029	False
22	0.12250000238418579	0.1793953776359558	False
22	0.12250000238418579	0.12607800960540771	False
22	0.12250000238418579	0.18241387605667114	False
22	0.12250000238418579	0.11970388144254684	False
22	0.12250000238418579	0.19877365231513977	False
22	0.1274999976158142	0.11922832578420639	False
22	0.11999999731779099	0.19236871600151062	False
22	0.12250000238418579	0.12230733036994934	False
22	0.1274999976158142	0.19414134323596954	False
23	0.12250000238418579	0.07387129962444305	False
23	0.12250000238418579	0.10012148320674896	False
23	0.125	0.07370574027299881	False
23	0.11999999731779099	0.10293327271938324	False
23	0.11999999731779099	0.06627653539180756	False
23	0.125	0.10654763132333755	False
23	0.1274999976158142	0.073184072971344	False
23	0.12250000238418579	0.09448112547397614	False
23	0.125	0.073026143014431	False
23	0.125	0.11453548818826675	False
23	0.12999999523162842	0.07201597094535828	False
23	0.11749999970197678	0.10123370587825775	False
23	0.11999999731779099	0.07135374844074249	False
23	0.12250000238418579	0.08836858719587326	False
23	0.125	0.07770570367574692	False
23	0.11999999731779099	0.09550747275352478	False
23	0.13500000536441803	0.06804689764976501	False
23	0.125	0.10936369746923447	False
23	0.12250000238418579	0.07153186202049255	False
23	0.125	0.10713331401348114	False
23	0.12999999523162842	0.07233443111181259	False
23	0.11999999731779099	0.10019152611494064	False
23	0.125	0.06811822205781937	False
23	0.12250000238418579	0.10544038563966751	False
23	0.11999999731779099	0.07527948915958405	False
23	0.11999999731779099	0.09923912584781647	False
23	0.12250000238418579	0.07427926361560822	False
23	0.12250000238418579	0.09089033305644989	False
23	0.125	0.07127399742603302	False
23	0.12250000238418579	0.1007952019572258	False
24	0.11999999731779099	0.021820077672600746	False
24	0.12250000238418579	0.026480073109269142	False
24	0.11999999731779099	0.01960385963320732	False
24	0.12250000238418579	0.029022157192230225	False
24	0.1274999976158142	0.0194509606808424	False
24	0.1274999976158142	0.026611894369125366	False
24	0.12250000238418579	0.019663888961076736	False
24	0.125	0.028114134445786476	False
24	0.1274999976158142	0.019491858780384064	False
24	0.11999999731779099	0.026479234918951988	False
24	0.12999999523162842	0.01988551951944828	False
24	0.12250000238418579	0.027958542108535767	False
24	0.125	0.020023444667458534	False
24	0.12250000238418579	0.025739839300513268	False
24	0.125	0.020966459065675735	False
24	0.12250000238418579	0.028408465906977654	False
24	0.12250000238418579	0.018752800300717354	False
24	0.11749999970197678	0.0257315244525671	False
24	0.11999999731779099	0.02016829326748848	False
24	0.12999999523162842	0.025946881622076035	False
24	0.125	0.018335238099098206	False
24	0.12250000238418579	0.027807023376226425	False
24	0.125	0.02048499695956707	False
24	0.125	0.027921851724386215	False
24	0.1274999976158142	0.018579823896288872	False
24	0.12250000238418579	0.02918287180364132	False
24	0.12250000238418579	0.01835048198699951	False
24	0.125	0.02792956307530403	False
24	0.1274999976158142	0.01756385900080204	False
24	0.125	0.02637162245810032	False
25	0.125	0.010306674055755138	False
25	0.125	0.013341331854462624	False
25	0.13249999284744263	0.010951032862067223	False
25	0.11999999731779099	0.015024479478597641	False
25	0.12999999523162842	0.009959650225937366	False
25	0.125	0.014596547931432724	False
25	0.125	0.010045632719993591	False
25	0.11999999731779099	0.014073580503463745	False
25	0.12250000238418579	0.011057664640247822	False
25	0.11749999970197678	0.015006396919488907	False
25	0.125	0.010745991952717304	False
25	0.12250000238418579	0.014451135881245136	False
25	0.125	0.01105048693716526	False
25	0.125	0.014189595356583595	False
25	0.12999999523162842	0.010998394340276718	False
25	0.125	0.014772088266909122	False
25	0.1274999976158142	0.010504544712603092	False
25	0.125	0.013945631682872772	False
25	0.12999999523162842	0.01078916247934103	False
25	0.12250000238418579	0.014754350297152996	False
25	0.12250000238418579	0.010429082438349724	False
25	0.12999999523162842	0.015058834105730057	False
25	0.12999999523162842	0.010368137620389462	False
25	0.1274999976158142	0.01616019196808338	False
25	0.12250000238418579	0.010562600567936897	False
25	0.12250000238418579	0.013256522826850414	False
25	0.125	0.011492195539176464	False
25	0.12250000238418579	0.015224525704979897	False
25	0.125	0.010667654685676098	False
25	0.1274999976158142	0.014454050920903683	False
26	0.125	0.014186627231538296	False
26	0.12250000238418579	0.021981138736009598	False
26	0.12250000238418579	0.014238939620554447	False
26	0.125	0.02192338928580284	False
26	0.12250000238418579	0.013599999248981476	False
26	0.12250000238418579	0.021839670836925507	False
26	0.125	0.012707987800240517	False
26	0.11999999731779099	0.021366750821471214	False
26	0.11749999970197678	0.014850832521915436	False
26	0.12250000238418579	0.024328606203198433	False
26	0.125	0.013379831798374653	False
26	0.125	0.02140791155397892	False
26	0.125	0.014557437971234322	False
26	0.12250000238418579	0.022149305790662766	False
26	0.1274999976158142	0.013192200101912022	False
26	0.11749999970197678	0.022653549909591675	False
26	0.125	0.015390059910714626	False
26	0.125	0.023367639631032944	False
26	0.12250000238418579	0.013809609226882458	False
26	0.11999999731779099	0.021955113857984543	False
26	0.125	0.0150237325578928	False
26	0.125	0.022418690845370293	False
26	0.11999999731779099	0.015258489176630974	False
26	0.125	0.020359190180897713	False
26	0.13249999284744263	0.014738469384610653	False
26	0.11749999970197678	0.021144622936844826	False
26	0.1274999976158142	0.015597098506987095	False
26	0.125	0.020058082416653633	False
26	0.12999999523162842	0.013700272887945175	False
26	0.12250000238418579	0.021213563159108162	False
27	0.125	0.014835591427981853	False
27	0.11999999731779099	0.024609820917248726	False
27	0.12250000238418579	0.015119709074497223	False
27	0.125	0.022660348564386368	False
27	0.125	0.01582956872880459	False
27	0.125	0.020492680370807648	False
27	0.12999999523162842	0.015918981283903122	False
27	0.125	0.02361265942454338	False
27	0.11749999970197678	0.01613522879779339	False
27	0.125	0.021964551880955696	False
27	0.11999999731779099	0.014787666499614716	False
27	0.11999999731779099	0.022149356082081795	False
27	0.125	0.015227904543280602	False
27	0.12250000238418579	0.025720959529280663	False
27	0.125	0.014753064140677452	False
27	0.11999999731779099	0.02365316078066826	False
27	0.12250000238418579	0.014820768497884274	False
27	0.125	0.021622374653816223	False
27	0.125	0.015536317601799965	False
27	0.125	0.025237010791897774	False
27	0.12250000238418579	0.014804180711507797	False
27	0.125	0.02403068356215954	False
27	0.12250000238418579	0.014831747859716415	False
27	0.125	0.02249058336019516	False
27	0.125	0.014427835121750832	False
27	0.12250000238418579	0.022221621125936508	False
27	0.125	0.014249540865421295	False
27	0.125	0.0248672254383564	False
27	0.12250000238418579	0.01495217252522707	False
27	0.125	0.023021191358566284	False
28	0.11999999731779099	0.014472540467977524	False
28	0.12250000238418579	0.01852213777601719	False
28	0.125	0.014072473160922527	False
28	0.12250000238418579	0.021015238016843796	False
28	0.12999999523162842	0.0145607590675354	False
28	0.12250000238418579	0.021527154371142387	False
28	0.11999999731779099	0.014936281368136406	False
28	0.12250000238418579	0.02226540818810463	False
28	0.12250000238418579	0.014430064707994461	False
28	0.11999999731779099	0.021810753270983696	False
28	0.12250000238418579	0.014665518887341022	False
28	0.125	0.021993547677993774	False
28	0.1274999976158142	0.014978457242250443	False
28	0.125	0.022881345823407173	False
28	0.12250000238418579	0.014719108119606972	False
28	0.12250000238418579	0.020888229832053185	False
28	0.125	0.01526486687362194	False
28	0.13500000536441803	0.02197844721376896	False
28	0.12999999523162842	0.015218973159790039	False
28	0.11999999731779099	0.021082941442728043	False
28	0.1274999976158142	0.01380401011556387	False
28	0.12250000238418579	0.01943991705775261	False
28	0.125	0.015300150960683823	False
28	0.11500000208616257	0.021105892956256866	False
28	0.11999999731779099	0.013578809797763824	False
28	0.11500000208616257	0.020276468247175217	False
28	0.1274999976158142	0.01393844559788704	False
28	0.125	0.019533613696694374	False
28	0.12999999523162842	0.013069753535091877	False
28	0.125	0.022556453943252563	False
29	0.13500000536441803	0.013491097837686539	False
29	0.12250000238418579	0.021588798612356186	False
29	0.1274999976158142	0.014023056253790855	False
29	0.12250000238418579	0.023082517087459564	False
29	0.13249999284744263	0.01312071830034256	False
29	0.11999999731779099	0.021865373477339745	False
29	0.1274999976158142	0.014983165077865124	False
29	0.12250000238418579	0.020527387037873268	False
29	0.12250000238418579	0.012573282234370708	False
29	0.12250000238418579	0.022304315119981766	False
29	0.12250000238418579	0.013156985864043236	False
29	0.125	0.021773263812065125	False
29	0.12250000238418579	0.013401249423623085	False
29	0.11999999731779099	0.01997741498053074	False
29	0.125	0.014230417087674141	False
29	0.12250000238418579	0.02361305058002472	False
29	0.125	0.014068292453885078	False
29	0.11999999731779099	0.02446221187710762	False
29	0.125	0.013651319779455662	False
29	0.12250000238418579	0.022915955632925034	False
29	0.13249999284744263	0.013265191577374935	False
29	0.12999999523162842	0.018188338726758957	False
29	0.125	0.013391363434493542	False
29	0.12250000238418579	0.02216796763241291	False
29	0.125	0.01465556025505066	False
29	0.11999999731779099	0.022769788280129433	False
29	0.11999999731779099	0.013645768165588379	False
29	0.125	0.019091375172138214	False
29	0.125	0.0133048789575696	False
29	0.12250000238418579	0.019139403477311134	False
30	0.12250000238418579	0.013993097469210625	False
30	0.125	0.02174074947834015	False
30	0.11999999731779099	0.016133520752191544	False
30	0.11999999731779099	0.021241718903183937	False
30	0.12999999523162842	0.013144600205123425	False
30	0.12250000238418579	0.02063719369471073	False
30	0.125	0.013394154608249664	False
30	0.125	0.024235980585217476	False
30	0.125	0.01464090496301651	False
30	0.11999999731779099	0.024879228323698044	False
30	0.13249999284744263	0.014223719947040081	False
30	0.125	0.02049063704907894	False
30	0.12250000238418579	0.013479141518473625	False
30	0.12999999523162842	0.02366730011999607	False
30	0.1274999976158142	0.014090394601225853	False
30	0.12250000238418579	0.023341655731201172	False
30	0.125	0.014465905725955963	False
30	0.11749999970197678	0.02144896239042282	False
30	0.12250000238418579	0.011905376799404621	False
30	0.12250000238418579	0.02291683852672577	False
30	0.12999999523162842	0.014420981518924236	False
30	0.125	0.023262329399585724	False
30	0.11500000208616257	0.01611265540122986	False
30	0.1274999976158142	0.025013957172632217	False
30	0.125	0.014513100497424603	False
30	0.1274999976158142	0.022420400753617287	False
30	0.12250000238418579	0.01460263505578041	False
30	0.11749999970197678	0.019943296909332275	False
30	0.11999999731779099	0.013411139138042927	False
30	0.125	0.023876484483480453	False
31	0.1274999976158142	0.010383029468357563	False
31	0.11999999731779099	0.012323734350502491	False
31	0.12250000238418579	0.01026974618434906	False
31	0.125	0.011952278204262257	False
31	0.12999999523162842	0.011035814881324768	False
31	0.125	0.012329299002885818	False
31	0.1274999976158142	0.009929644875228405	False
31	0.125	0.014237490482628345	False
31	0.13500000536441803	0.011118171736598015	False
31	0.125	0.013025197200477123	False
31	0.12250000238418579	0.010472786612808704	False
31	0.125	0.01247385237365961	False
31	0.12999999523162842	0.010364503599703312	False
31	0.125	0.01241819467395544	False
31	0.125	0.010707651264965534	False
31	0.13500000536441803	0.011027585715055466	False
31	0.13249999284744263	0.010476741939783096	False
31	0.125	0.012065338902175426	False
31	0.1274999976158142	0.01115492358803749	False
31	0.12250000238418579	0.011779291555285454	False
31	0.125	0.01098189502954483	False
31	0.12250000238418579	0.011930963955819607	False
31	0.12250000238418579	0.010602944530546665	False
31	0.125	0.014173528179526329	False
31	0.1274999976158142	0.010350230149924755	False
31	0.125	0.01288469135761261	False
31	0.125	0.010237399488687515	False
31	0.12250000238418579	0.012407144531607628	False
31	0.12999999523162842	0.010084111243486404	False
31	0.1274999976158142	0.012078735046088696	False
32	0.1274999976158142	0.013819162733852863	False
32	0.1274999976158142	0.01785621978342533	False
32	0.125	0.012380853295326233	False
32	0.125	0.01788516156375408	False
32	0.12250000238418579	0.014331165701150894	False
32	0.13249999284744263	0.015596797689795494	False
32	0.11999999731779099	0.01352660171687603	False
32	0.125	0.01890883967280388	False
32	0.13500000536441803	0.013684463687241077	False
32	0.1274999976158142	0.019258707761764526	False
32	0.11749999970197678	0.014514017850160599	False
32	0.125	0.01651010289788246	False
32	0.12250000238418579	0.013075446709990501	False
32	0.12250000238418579	0.014974575489759445	False
32	0.125	0.012626765295863152	False
32	0.11749999970197678	0.015956265851855278	False
32	0.125	0.012780672870576382	False
32	0.12250000238418579	0.017767714336514473	False
32	0.11999999731779099	0.014113621786236763	False
32	0.125	0.01683131232857704	False
32	0.13249999284744263	0.012123254127800465	False
32	0.12250000238418579	0.016005678102374077	False
32	0.1274999976158142	0.012556375935673714	False
32	0.12250000238418579	0.016159076243638992	False
32	0.12999999523162842	0.013021877966821194	False
32	0.125	0.018915284425020218	False
32	0.1274999976158142	0.013862342573702335	False
32	0.125	0.017314434051513672	False
32	0.12250000238418579	0.012708552181720734	False
32	0.1274999976158142	0.017454037442803383	False
33	0.1274999976158142	0.014861383475363255	False
33	0.12250000238418579	0.02046285569667816	False
33	0.125	0.014795894734561443	False
33	0.11999999731779099	0.02060590498149395	False
33	0.1274999976158142	0.01546395756304264	False
33	0.125	0.019903279840946198	False
33	0.1274999976158142	0.013223250396549702	False
33	0.11999999731779099	0.018521972000598907	False
33	0.12250000238418579	0.01583741419017315	False
33	0.125	0.020597970113158226	False
33	0.12250000238418579	0.014860743656754494	False
33	0.12999999523162842	0.019444400444626808	False
33	0.13249999284744263	0.01572387106716633	False
33	0.12999999523162842	0.01809796690940857	False
33	0.12250000238418579	0.01484817173331976	False
33	0.125	0.02042032591998577	False
33	0.12250000238418579	0.014452530071139336	False
33	0.12250000238418579	0.019895106554031372	False
33	0.12250000238418579	0.013464321382343769	False
33	0.125	0.018939942121505737	False
33	0.125	0.014700840227305889	False
33	0.11999999731779099	0.01958305388689041	False
33	0.13249999284744263	0.015997720882296562	False
33	0.12250000238418579	0.018753215670585632	False
33	0.12250000238418579	0.014304270967841148	False
33	0.11999999731779099	0.020434420555830002	False
33	0.125	0.01445824559777975	False
33	0.11999999731779099	0.019129082560539246	False
33	0.125	0.015295070596039295	False
33	0.125	0.019078267738223076	False
34	0.12999999523162842	0.013898693956434727	False
34	0.125	0.01413339376449585	False
34	0.12250000238418579	0.013115186244249344	False
34	0.11999999731779099	0.01324829924851656	False
34	0.1274999976158142	0.013789261691272259	False
34	0.11999999731779099	0.014222526922821999	False
34	0.1274999976158142	0.015146775171160698	False
34	0.12250000238418579	0.013253270648419857	False
34	0.12250000238418579	0.015316609293222427	False
34	0.11999999731779099	0.013639386743307114	False
34	0.12999999523162842	0.014026709832251072	False
34	0.11999999731779099	0.014103006571531296	False
34	0.12250000238418579	0.01403626799583435	False
34	0.125	0.013062058947980404	False
34	0.125	0.014312558807432652	False
34	0.125	0.013312012888491154	False
34	0.125	0.014146332629024982	False
34	0.12250000238418579	0.013851079158484936	False
34	0.125	0.014161920174956322	False
34	0.12250000238418579	0.014443797990679741	False
34	0.125	0.013893517665565014	False
34	0.12250000238418579	0.013809384778141975	False
34	0.125	0.014670594595372677	False
34	0.11749999970197678	0.013578353449702263	False
34	0.12250000238418579	0.014068273827433586	False
34	0.12250000238418579	0.013565550558269024	False
34	0.12999999523162842	0.013897247612476349	False
34	0.12250000238418579	0.01271061785519123	False
34	0.11999999731779099	0.01444779708981514	False
34	0.125	0.013361016288399696	False
35	0.125	0.016292301937937737	False
35	0.12250000238418579	0.013568136841058731	False
35	0.125	0.015669111162424088	False
35	0.125	0.014060355722904205	False
35	0.12250000238418579	0.01583859696984291	False
35	0.125	0.01288103312253952	False
35	0.125	0.015426662750542164	False
35	0.1274999976158142	0.013831036165356636	False
35	0.1274999976158142	0.0149306021630764	False
35	0.12250000238418579	0.012329231947660446	False
35	0.125	0.01472872868180275	False
35	0.12250000238418579	0.013340079225599766	False
35	0.125	0.016080329194664955	False
35	0.11999999731779099	0.013783787377178669	False
35	0.125	0.015469354577362537	False
35	0.125	0.014155223034322262	False
35	0.11749999970197678	0.015118973329663277	False
35	0.12250000238418579	0.01220129244029522	False
35	0.12250000238418579	0.01509647723287344	False
35	0.125	0.013858542777597904	False
35	0.125	0.0157276950776577	False
35	0.12250000238418579	0.013059385120868683	False
35	0.11999999731779099	0.01565640978515148	False
35	0.11999999731779099	0.013110504485666752	False
35	0.12999999523162842	0.015160996466875076	False
35	0.13500000536441803	0.012827059254050255	False
35	0.12250000238418579	0.01569400355219841	False
35	0.1274999976158142	0.013154903426766396	False
35	0.11749999970197678	0.015087411738932133	False
35	0.12999999523162842	0.013242891058325768	False
36	0.13500000536441803	0.011040466837584972	False
36	0.12250000238418579	0.009953584522008896	False
36	0.125	0.009819955565035343	False
36	0.1274999976158142	0.009665240533649921	False
36	0.125	0.011052818037569523	False
36	0.12250000238418579	0.009009105153381824	False
36	0.12250000238418579	0.010861683636903763	False
36	0.11999999731779099	0.009709255769848824	False
36	0.12999999523162842	0.012176824733614922	False
36	0.125	0.008725181221961975	False
36	0.11749999970197678	0.0121273472905159	False
36	0.125	0.009291544556617737	False
36	0.11749999970197678	0.010617334395647049	False
36	0.12250000238418579	0.008872101083397865	False
36	0.11999999731779099	0.011164129711687565	False
36	0.125	0.009282940067350864	False
36	0.125	0.010074296966195107	False
36	0.11500000208616257	0.010455729439854622	False
36	0.11749999970197678	0.010292737744748592	False
36	0.11999999731779099	0.009534014388918877	False
36	0.12999999523162842	0.011688628233969212	False
36	0.13500000536441803	0.00906333141028881	False
36	0.11999999731779099	0.009976829402148724	False
36	0.12250000238418579	0.008944028057157993	False
36	0.13500000536441803	0.00972865428775549	False
36	0.12250000238418579	0.008763400837779045	False
36	0.11999999731779099	0.011085838079452515	False
36	0.1274999976158142	0.009737844578921795	False
36	0.11999999731779099	0.010656183585524559	False
36	0.125	0.009354852139949799	False
37	0.12250000238418579	0.010081346146762371	False
37	0.125	0.008219851180911064	False
37	0.125	0.010255809873342514	False
37	0.12250000238418579	0.009589998051524162	False
37	0.125	0.009192146360874176	False
37	0.11999999731779099	0.008610580116510391	False
37	0.12250000238418579	0.009586896747350693	False
37	0.11999999731779099	0.008739098906517029	False
37	0.12999999523162842	0.010299920104444027	False
37	0.11999999731779099	0.008297327905893326	False
37	0.125	0.00991998054087162	False
37	0.12250000238418579	0.00933452881872654	False
37	0.12999999523162842	0.009244391694664955	False
37	0.11999999731779099	0.00882030837237835	False
37	0.125	0.010240282863378525	False
37	0.11999999731779099	0.008197447285056114	False
37	0.12250000238418579	0.008982331492006779	False
37	0.12250000238418579	0.007262781728059053	False
37	0.1274999976158142	0.01052818913012743	False
37	0.12999999523162842	0.008575845509767532	False
37	0.125	0.010022125206887722	False
37	0.12250000238418579	0.008869786746799946	False
37	0.12999999523162842	0.009827688336372375	False
37	0.12250000238418579	0.008800044655799866	False
37	0.125	0.009705510921776295	False
37	0.12250000238418579	0.00844543892890215	False
37	0.125	0.009734505787491798	False
37	0.11999999731779099	0.008556553162634373	False
37	0.125	0.009611793793737888	False
37	0.125	0.009230741299688816	False
38	0.125	0.008465842343866825	False
38	0.11500000208616257	0.0077415890991687775	False
38	0.13500000536441803	0.009099511429667473	False
38	0.12250000238418579	0.008480174466967583	False
38	0.14000000059604645	0.009750757366418839	False
38	0.125	0.008936544880270958	False
38	0.125	0.008701748214662075	False
38	0.12250000238418579	0.008409109897911549	False
38	0.125	0.009294628165662289	False
38	0.125	0.008384025655686855	False
38	0.1274999976158142	0.009600027464330196	False
38	0.12250000238418579	0.008149156346917152	False
38	0.125	0.008964179083704948	False
38	0.125	0.007907050661742687	False
38	0.125	0.00880019087344408	False
38	0.12250000238418579	0.008769016712903976	False
38	0.125	0.009451361373066902	False
38	0.12250000238418579	0.008310536853969097	False
38	0.11999999731779099	0.008535933680832386	False
38	0.11999999731779099	0.008076908066868782	False
38	0.11999999731779099	0.00931849330663681	False
38	0.11999999731779099	0.00865084771066904	False
38	0.125	0.010668800212442875	False
38	0.11749999970197678	0.008401351049542427	False
38	0.125	0.008551486767828465	False
38	0.125	0.007476597558706999	False
38	0.12999999523162842	0.008968958631157875	False
38	0.125	0.007907663471996784	False
38	0.12999999523162842	0.00937813799828291	False
38	0.11999999731779099	0.008454158902168274	False
39	0.125	0.0079811355099082	False
39	0.12999999523162842	0.007950684055685997	False
39	0.12250000238418579	0.009326075203716755	False
39	0.11999999731779099	0.008310324512422085	False
39	0.11999999731779099	0.009667010977864265	False
39	0.12250000238418579	0.008431295864284039	False
39	0.11999999731779099	0.009012704715132713	False
39	0.125	0.008729430846869946	False
39	0.1274999976158142	0.009678352624177933	False
39	0.11999999731779099	0.008182254619896412	False
39	0.11500000208616257	0.00913337804377079	False
39	0.11999999731779099	0.007667905185371637	False
39	0.1274999976158142	0.009213085286319256	False
39	0.125	0.007882416248321533	False
39	0.12250000238418579	0.009505978785455227	False
39	0.12999999523162842	0.008407942950725555	False
39	0.125	0.00847630761563778	False
39	0.12250000238418579	0.008360572159290314	False
39	0.125	0.0095822773873806	False
39	0.11749999970197678	0.009190667420625687	False
39	0.12999999523162842	0.0094729233533144	False
39	0.12999999523162842	0.00852630753070116	False
39	0.125	0.009609304368495941	False
39	0.125	0.008229137398302555	False
39	0.12999999523162842	0.009864311665296555	False
39	0.12250000238418579	0.00785848405212164	False
39	0.13249999284744263	0.009437468834221363	False
39	0.12250000238418579	0.008598358370363712	False
39	0.11999999731779099	0.009259571321308613	False
39	0.12250000238418579	0.008594125509262085	False
40	0.125	0.009330064058303833	False
40	0.12250000238418579	0.0071615660563111305	False
40	0.125	0.00984613411128521	False
40	0.12250000238418579	0.007470819167792797	False
40	0.125	0.009530602023005486	False
40	0.12250000238418579	0.00788428820669651	False
40	0.125	0.008940252475440502	False
40	0.125	0.0076696244068443775	False
40	0.125	0.00902424193918705	False
40	0.12250000238418579	0.008466765284538269	False
40	0.125	0.00899244099855423	False
40	0.12250000238418579	0.008730662055313587	False
40	0.125	0.009101669304072857	False
40	0.12250000238418579	0.008734877221286297	False
40	0.1274999976158142	0.009618851356208324	False
40	0.1274999976158142	0.008667304180562496	False
40	0.13249999284744263	0.009850970469415188	False
40	0.12999999523162842	0.008002645336091518	False
40	0.11999999731779099	0.008676895871758461	False
40	0.11999999731779099	0.007961907424032688	False
40	0.11999999731779099	0.00870891660451889	False
40	0.125	0.007751713041216135	False
40	0.13500000536441803	0.00928435754030943	False
40	0.125	0.008572611957788467	False
40	0.11999999731779099	0.00946240033954382	False
40	0.11500000208616257	0.00854200217872858	False
40	0.13249999284744263	0.009857297874987125	False
40	0.12250000238418579	0.0085381418466568	False
40	0.125	0.00954440888017416	False
40	0.125	0.008671410381793976	False
41	0.12250000238418579	0.007600293029099703	False
41	0.11999999731779099	0.006929400842636824	False
41	0.12999999523162842	0.007718325592577457	False
41	0.12250000238418579	0.006467751227319241	False
41	0.12999999523162842	0.007373092230409384	False
41	0.125	0.006803477648645639	False
41	0.125	0.007585067301988602	False
41	0.12250000238418579	0.007410548627376556	False
41	0.12999999523162842	0.007503907661885023	False
41	0.11999999731779099	0.007048302795737982	False
41	0.12250000238418579	0.007273776922374964	False
41	0.125	0.00697392039000988	False
41	0.1274999976158142	0.0070678493939340115	False
41	0.11999999731779099	0.007322955410927534	False
41	0.125	0.007556146942079067	False
41	0.13249999284744263	0.00626440579071641	False
41	0.1274999976158142	0.007434702478349209	False
41	0.12250000238418579	0.006568722426891327	False
41	0.125	0.007650436367839575	False
41	0.125	0.0065040020272135735	False
41	0.12999999523162842	0.008304926566779613	False
41	0.11749999970197678	0.006508467253297567	False
41	0.13500000536441803	0.007353805471211672	False
41	0.125	0.006539355497807264	False
41	0.125	0.007725272327661514	False
41	0.1274999976158142	0.00652675237506628	False
41	0.1274999976158142	0.008134769275784492	False
41	0.125	0.007010333240032196	False
41	0.11749999970197678	0.007144883740693331	False
41	0.12999999523162842	0.0062873754650354385	False
42	0.1274999976158142	0.006696049124002457	False
42	0.125	0.0064688874408602715	False
42	0.125	0.007313493639230728	False
42	0.125	0.006556695327162743	False
42	0.1274999976158142	0.006992753129452467	False
42	0.12250000238418579	0.0063592675141990185	False
42	0.12999999523162842	0.007012977730482817	False
42	0.11999999731779099	0.006280320230871439	False
42	0.1274999976158142	0.006960288621485233	False
42	0.125	0.00647994689643383	False
42	0.125	0.007475932128727436	False
42	0.125	0.006647284142673016	False
42	0.11999999731779099	0.0072381035424768925	False
42	0.12999999523162842	0.0067246900871396065	False
42	0.12250000238418579	0.007420497480779886	False
42	0.12250000238418579	0.006644395645707846	False
42	0.125	0.0073725879192352295	False
42	0.125	0.0067371283657848835	False
42	0.125	0.0072621796280145645	False
42	0.12250000238418579	0.006907510105520487	False
42	0.1274999976158142	0.007768758572638035	False
42	0.12250000238418579	0.006371209863573313	False
42	0.125	0.007009936962276697	False
42	0.12250000238418579	0.0064870514906942844	False
42	0.125	0.007143521681427956	False
42	0.125	0.006444564089179039	False
42	0.125	0.0068337139673531055	False
42	0.12250000238418579	0.006453363224864006	False
42	0.125	0.007036496419459581	False
42	0.12250000238418579	0.006347744259983301	False
43	0.125	0.007103761192411184	False
43	0.125	0.00993584655225277	False
43	0.12999999523162842	0.008131409995257854	False
43	0.12250000238418579	0.010235791094601154	False
43	0.13500000536441803	0.006873150356113911	False
43	0.12250000238418579	0.01006275974214077	False
43	0.12250000238418579	0.0075589739717543125	False
43	0.125	0.0105668343603611	False
43	0.12250000238418579	0.006622588727623224	False
43	0.1274999976158142	0.010621814988553524	False
43	0.12250000238418579	0.007566412910819054	False
43	0.12250000238418579	0.010086368769407272	False
43	0.12250000238418579	0.007016564719378948	False
43	0.125	0.009775769896805286	False
43	0.12999999523162842	0.0074005830101668835	False
43	0.12250000238418579	0.011340737342834473	False
43	0.125	0.0069581447169184685	False
43	0.125	0.011098351329565048	False
43	0.12250000238418579	0.006806775461882353	False
43	0.12250000238418579	0.010529857128858566	False
43	0.125	0.007632057182490826	False
43	0.125	0.010915035381913185	False
43	0.11999999731779099	0.007310323417186737	False
43	0.12250000238418579	0.011289987713098526	False
43	0.12999999523162842	0.007333195302635431	False
43	0.12250000238418579	0.010432332754135132	False
43	0.11999999731779099	0.006801814306527376	False
43	0.125	0.011197946034371853	False
43	0.125	0.006649361923336983	False
43	0.11749999970197678	0.01041113119572401	False
44	0.12250000238418579	0.012045017443597317	False
44	0.12250000238418579	0.01486240979284048	False
44	0.12999999523162842	0.014688367955386639	False
44	0.125	0.016547057777643204	False
44	0.1274999976158142	0.013988840393722057	False
44	0.12250000238418579	0.01461770199239254	False
44	0.12250000238418579	0.01391566637903452	False
44	0.11749999970197678	0.016329489648342133	False
44	0.12999999523162842	0.012101782485842705	False
44	0.125	0.015544130466878414	False
44	0.125	0.012651083059608936	False
44	0.12250000238418579	0.015970395877957344	False
44	0.125	0.013353200629353523	False
44	0.125	0.01556295808404684	False
44	0.125	0.013099748641252518	False
44	0.11999999731779099	0.01454758457839489	False
44	0.11749999970197678	0.012990978546440601	False
44	0.125	0.015411903150379658	False
44	0.12250000238418579	0.013469396159052849	False
44	0.12250000238418579	0.015433101914823055	False
44	0.12250000238418579	0.011416000314056873	False
44	0.12250000238418579	0.015392138622701168	False
44	0.12250000238418579	0.013971025124192238	False
44	0.1274999976158142	0.01490751188248396	False
44	0.125	0.016095276921987534	False
44	0.11999999731779099	0.014919674023985863	False
44	0.11999999731779099	0.013055428862571716	False
44	0.12250000238418579	0.01890641637146473	False
44	0.1274999976158142	0.013869312591850758	False
44	0.11999999731779099	0.01526631973683834	False
45	0.1274999976158142	0.007278832606971264	False
45	0.12250000238418579	0.008628716692328453	False
45	0.12250000238418579	0.007272017654031515	False
45	0.12999999523162842	0.00856708362698555	False
45	0.125	0.007402266375720501	False
45	0.12250000238418579	0.00892678089439869	False
45	0.12999999523162842	0.007901580072939396	False
45	0.125	0.008069956675171852	False
45	0.125	0.007301049772650003	False
45	0.125	0.009276296943426132	False
45	0.1274999976158142	0.007017362862825394	False
45	0.11749999970197678	0.00806637667119503	False
45	0.12250000238418579	0.006919658277183771	False
45	0.12250000238418579	0.00881646666675806	False
45	0.12250000238418579	0.007609039079397917	False
45	0.11999999731779099	0.009233564138412476	False
45	0.125	0.007746492512524128	False
45	0.125	0.009683181531727314	False
45	0.11999999731779099	0.007177939638495445	False
45	0.125	0.009293804876506329	False
45	0.125	0.007333339191973209	False
45	0.11999999731779099	0.009911928325891495	False
45	0.12250000238418579	0.006428123917430639	False
45	0.1274999976158142	0.008655738085508347	False
45	0.12250000238418579	0.006875313818454742	False
45	0.11749999970197678	0.007738713175058365	False
45	0.12999999523162842	0.006939212325960398	False
45	0.125	0.009505956433713436	False
45	0.125	0.006596886552870274	False
45	0.125	0.007239860016852617	False
46	0.125	0.012831744737923145	False
46	0.1274999976158142	0.013861596584320068	False
46	0.12250000238418579	0.015327106229960918	False
46	0.11999999731779099	0.015554857440292835	False
46	0.12999999523162842	0.014927883632481098	False
46	0.125	0.012675630860030651	False
46	0.125	0.014649024233222008	False
46	0.125	0.01617666706442833	False
46	0.125	0.012248723767697811	False
46	0.12250000238418579	0.013157114386558533	False
46	0.125	0.013020304031670094	False
46	0.1274999976158142	0.014276852831244469	False
46	0.125	0.01354739535599947	False
46	0.125	0.013847947120666504	False
46	0.12250000238418579	0.014565685763955116	False
46	0.12250000238418579	0.015701523050665855	False
46	0.11749999970197678	0.014789950102567673	False
46	0.12250000238418579	0.013457102701067924	False
46	0.12250000238418579	0.014054755680263042	False
46	0.125	0.013970528729259968	False
46	0.125	0.013604976236820221	False
46	0.125	0.014958740212023258	False
46	0.125	0.013989764265716076	False
46	0.125	0.01538978610187769	False
46	0.11500000208616257	0.013568192720413208	False
46	0.125	0.012828821316361427	False
46	0.11999999731779099	0.013323853723704815	False
46	0.125	0.015309551730751991	False
46	0.125	0.014376898296177387	False
46	0.125	0.01471719890832901	False
47	0.11999999731779099	0.012254378758370876	False
47	0.12250000238418579	0.013681605458259583	False
47	0.11749999970197678	0.013427847996354103	False
47	0.12250000238418579	0.01328149251639843	False
47	0.125	0.013329165056347847	False
47	0.11999999731779099	0.01184991467744112	False
47	0.12999999523162842	0.010779563337564468	False
47	0.125	0.01273761410266161	False
47	0.12999999523162842	0.013844207860529423	False
47	0.1274999976158142	0.013692655600607395	False
47	0.12999999523162842	0.011436715722084045	False
47	0.1274999976158142	0.013571837916970253	False
47	0.12999999523162842	0.01250997930765152	False
47	0.12999999523162842	0.01358022354543209	False
47	0.12999999523162842	0.011955712921917439	False
47	0.12250000238418579	0.014480535872280598	False
47	0.125	0.011794899590313435	False
47	0.12250000238418579	0.012239350005984306	False
47	0.12999999523162842	0.01246393471956253	False
47	0.125	0.013125698082149029	False
47	0.125	0.013073138892650604	False
47	0.12250000238418579	0.014042717404663563	False
47	0.1274999976158142	0.013771412894129753	False
47	0.11749999970197678	0.013741624541580677	False
47	0.125	0.011961089447140694	False
47	0.11999999731779099	0.014585793018341064	False
47	0.125	0.013746936805546284	False
47	0.11999999731779099	0.015236454084515572	False
47	0.12250000238418579	0.011346444487571716	False
47	0.12250000238418579	0.014103502035140991	False
48	0.12250000238418579	0.006847492419183254	False
48	0.12250000238418579	0.005954242777079344	False
48	0.13500000536441803	0.005953755229711533	False
48	0.12250000238418579	0.00673794187605381	False
48	0.125	0.006277122534811497	False
48	0.11749999970197678	0.00640275701880455	False
48	0.13249999284744263	0.006149175576865673	False
48	0.125	0.007760585285723209	False
48	0.125	0.006212171167135239	False
48	0.1274999976158142	0.006295051891356707	False
48	0.125	0.006806881166994572	False
48	0.12999999523162842	0.00732056237757206	False
48	0.125	0.006576381623744965	False
48	0.125	0.0073958998546004295	False
48	0.12250000238418579	0.00608404166996479	False
48	0.12250000238418579	0.0063105556182563305	False
48	0.12999999523162842	0.006638443563133478	False
48	0.13249999284744263	0.006646535359323025	False
48	0.125	0.005929999984800816	False
48	0.1274999976158142	0.006796892266720533	False
48	0.1274999976158142	0.006691155023872852	False
48	0.12250000238418579	0.006295884493738413	False
48	0.12250000238418579	0.005845868960022926	False
48	0.125	0.006327018607407808	False
48	0.11999999731779099	0.006813382729887962	False
48	0.1274999976158142	0.0075398036278784275	False
48	0.125	0.006981906946748495	False
48	0.12250000238418579	0.006328398361802101	False
48	0.11999999731779099	0.006872883997857571	False
48	0.1274999976158142	0.007335383910685778	False
49	0.125	0.005079901777207851	False
49	0.11749999970197678	0.006577882915735245	False
49	0.12250000238418579	0.005621030461043119	False
49	0.125	0.006100038066506386	False
49	0.11999999731779099	0.006055522244423628	False
49	0.125	0.005576268769800663	False
49	0.125	0.005194338969886303	False
49	0.12250000238418579	0.006499864161014557	False
49	0.12250000238418579	0.005384667776525021	False
49	0.11999999731779099	0.005981333088129759	False
49	0.12999999523162842	0.005616947542876005	False
49	0.12250000238418579	0.005644556600600481	False
49	0.11999999731779099	0.00559608731418848	False
49	0.11500000208616257	0.006914294790476561	False
49	0.12999999523162842	0.005517707206308842	False
49	0.11749999970197678	0.005941512994468212	False
49	0.12250000238418579	0.005884363315999508	False
49	0.1274999976158142	0.006466323975473642	False
49	0.125	0.004968022461980581	False
49	0.11749999970197678	0.0059617552906274796	False
49	0.125	0.0058011459186673164	False
49	0.12250000238418579	0.0060821715742349625	False
49	0.12250000238418579	0.0054268310777843	False
49	0.12250000238418579	0.006429767236113548	False
49	0.12999999523162842	0.005576437804847956	False
49	0.12250000238418579	0.005859768949449062	False
49	0.125	0.005106453783810139	False
49	0.12250000238418579	0.006907330825924873	False
49	0.12999999523162842	0.005454865284264088	False
49	0.14499999582767487	0.0060503738932311535	False
50	0.12999999523162842	0.004351336043328047	False
50	0.12999999523162842	0.005888107232749462	False
50	0.1274999976158142	0.005217553116381168	False
50	0.125	0.0052451398223638535	False
50	0.11500000208616257	0.004846386611461639	False
50	0.11999999731779099	0.005480777006596327	False
50	0.125	0.004721253179013729	False
50	0.12250000238418579	0.00534866563975811	False
50	0.12250000238418579	0.00512128509581089	False
50	0.12250000238418579	0.005248573608696461	False
50	0.12999999523162842	0.004896238446235657	False
50	0.12250000238418579	0.005464198533445597	False
50	0.12250000238418579	0.0048790848813951015	False
50	0.11999999731779099	0.00541518023237586	False
50	0.125	0.004315908066928387	False
50	0.125	0.005448318552225828	False
50	0.125	0.004677836317569017	False
50	0.125	0.0052532022818923	False
50	0.12250000238418579	0.005020838230848312	False
50	0.125	0.005216585006564856	False
50	0.13249999284744263	0.004862343892455101	False
50	0.125	0.005895125214010477	False
50	0.125	0.0054343463853001595	False
50	0.125	0.005419128108769655	False
50	0.125	0.004722096025943756	False
50	0.125	0.005045647267252207	False
50	0.1274999976158142	0.004669309593737125	False
50	0.11999999731779099	0.005666594952344894	False
50	0.1274999976158142	0.005396896041929722	False
50	0.12250000238418579	0.005731896497309208	False
51	0.12250000238418579	0.0021323617547750473	False
51	0.11999999731779099	0.002401764737442136	False
51	0.1274999976158142	0.0024023372679948807	False
51	0.125	0.002926039043813944	False
51	0.12250000238418579	0.0020811455324292183	False
51	0.125	0.00232979585416615	False
51	0.125	0.0021294793114066124	False
51	0.11999999731779099	0.0025543691590428352	False
51	0.125	0.0021957086864858866	False
51	0.12250000238418579	0.003069827565923333	False
51	0.1274999976158142	0.0022208215668797493	False
51	0.11999999731779099	0.002417942974716425	False
51	0.125	0.0022859773598611355	False
51	0.125	0.002362963277846575	False
51	0.12999999523162842	0.002551250159740448	False
51	0.125	0.0022739307023584843	False
51	0.14000000059604645	0.0023727945517748594	False
51	0.12250000238418579	0.002602312481030822	False
51	0.11999999731779099	0.0024441592395305634	False
51	0.12250000238418579	0.002888450864702463	False
51	0.125	0.0024226850364357233	False
51	0.11999999731779099	0.0026352691929787397	False
51	0.12250000238418579	0.0022807233035564423	False
51	0.12250000238418579	0.0026161102578043938	False
51	0.12250000238418579	0.0021779113449156284	False
51	0.12250000238418579	0.0024993689730763435	False
51	0.12999999523162842	0.002281710971146822	False
51	0.125	0.0029290069360285997	False
51	0.125	0.0020758614409714937	False
51	0.11500000208616257	0.0025276928208768368	False
