# num_workers = 8
# num_cells = 256
# seed_for_environment = 84846464
# lr = 0.0003
# max_grad_norm = 1.0
# eval_rollout_length = 30
# scaling_factor = 1000
# frames_per_batch = 500
# sub_batch_size = 64
# num_epochs = 15
# clip_epsilon = 0.2
# gamma = 0.99
# lmbda = 0.95
# entropy_eps = 0.5
# env_reward_engineering = True
# env_minimum_number_of_qubits = 1
# log_name = None
# env_error_range = dataCollection
# env_version = qecc/bbcode-ldpc-v0
# env_bit_flipping = True
# env_l = 12
# env_m = 6
# env_use_dict_observation = True
# env_number_of_decoder_iterations = 50
# env_number_of_samples = 50
# env_code_logging = True
# model_architecture = hybrid
# model_surrogate_model_path = /rds/general/user/osella/home/rl-qecc-data//supervisedLearning/2026-07-12_20-18-32/surrogate_6x6.pth
# model_use_pretrained_encoder = False
# index_to_unfreeze_encoder_updates = 20
# encoder_lr_factor = 0.1
# training_device = cpu
# Resolved arguments:
# Resolved_env_reward_engineering = True
# Resolved_env_reward_integral = Between prob. of no error and curve.
# Resolved_env_bit_flipping = True
# Resolved_env_useDictObservation = True
# Resolved_env_code_logging = True
# Resolved_env_error_range = [np.float64(0.0001), np.float64(0.000215), np.float64(0.000464), np.float64(0.001), np.float64(0.002154), np.float64(0.003162), np.float64(0.004642), np.float64(0.01), np.float64(0.021544), np.float64(0.025075), np.float64(0.031623), np.float64(0.046416), np.float64(0.05005), np.float64(0.075025), np.float64(0.1)]
# Resolved_model_use_pretrained_encoder = False
# Resolved_trainingDevice = cpu
# Resolved_model_architecture = hybrid
# Number of workers: 8
# Does torch identify cuda: False
# encoder ***RANDOM WEIGHTS***
evaluation number	reward	policy entropy	policy entropy aX	policy entropy bX	policy entropy aY	policy entropy bY	Encoder freeze	postAction_aX	postAction_bX	postAction_aY	postAction_bY
0	0.06792273372411728	8.968385696411133	2.5562491416931152	2.551124095916748	1.9291586875915527	1.9318534135818481	True	[0 0 0 0 0 0 1 0 0 0 0 0]	[0 0 0 0 0 0 0 0 0 1 0 0]	[0 0 0 1 0 0]	[0 0 0 0 1 0]
0	-0.5	8.991083145141602	2.559676170349121	2.55764102935791	1.9376931190490723	1.9360723495483398	True	[0 0 0 0 1 0 1 0 0 0 0 0]	[0 0 0 0 0 0 0 0 0 0 0 0]	[0 0 0 0 0 0]	[0 0 0 0 0 0]
0	0.5095513463020325	8.98354434967041	2.5590898990631104	2.5554146766662598	1.9346930980682373	1.9343459606170654	True	[0 0 0 0 1 0 0 0 0 0 0 0]	[0 0 0 0 0 0 0 0 0 1 0 0]	[0 0 0 1 0 0]	[0 0 0 0 1 0]
0	-0.5	8.993236541748047	2.5592589378356934	2.5587363243103027	1.9388117790222168	1.9364299774169922	True	[0 0 0 0 0 0 0 0 0 0 0 0]	[0 0 0 0 0 0 0 0 0 0 0 0]	[0 0 0 0 0 0]	[1 0 0 0 1 0]
0	0.04499166086316109	8.977703094482422	2.558037281036377	2.553785800933838	1.9326796531677246	1.9332000017166138	True	[0 0 0 0 0 0 1 0 0 0 0 0]	[0 0 0 0 0 0 0 0 0 1 0 0]	[0 0 0 1 0 0]	[1 0 0 0 0 0]
0	-0.5	8.986184120178223	2.559377431869507	2.5560004711151123	1.936123013496399	1.9346833229064941	True	[0 0 0 0 0 0 0 0 0 0 0 0]	[0 0 0 0 0 0 0 0 0 0 0 0]	[0 0 0 0 0 0]	[1 0 0 0 1 0]
0	0.037063565105199814	8.978035926818848	2.558120012283325	2.553588628768921	1.9331800937652588	1.9331471920013428	True	[0 0 0 0 0 0 1 0 0 0 0 0]	[0 0 0 0 0 0 0 0 0 1 0 0]	[0 0 0 1 0 0]	[1 0 0 0 0 0]
0	-0.5	8.985611915588379	2.5592923164367676	2.555994749069214	1.9359749555587769	1.9343498945236206	True	[0 0 0 0 0 0 0 0 0 0 0 0]	[0 0 0 0 0 0 0 0 0 0 0 0]	[0 0 0 0 0 0]	[1 0 0 0 1 0]
0	0.041014958173036575	8.979096412658691	2.558328628540039	2.5536155700683594	1.9330341815948486	1.9341185092926025	True	[0 0 0 0 0 0 1 0 0 0 0 0]	[0 0 0 0 0 0 0 0 0 1 0 0]	[0 0 0 1 0 0]	[1 0 0 0 0 0]
0	-0.5	8.98595905303955	2.5595245361328125	2.5557022094726562	1.9358711242675781	1.934861183166504	True	[0 0 0 0 0 0 0 0 0 0 0 0]	[0 0 0 0 0 0 0 0 0 0 0 0]	[0 0 0 0 0 0]	[1 0 0 0 1 0]
0	0.05719541758298874	8.978748321533203	2.5582175254821777	2.553966760635376	1.9332406520843506	1.9333231449127197	True	[0 0 0 0 0 0 1 0 0 0 0 0]	[0 0 0 0 0 0 0 0 0 1 0 0]	[0 0 0 1 0 0]	[1 0 0 0 0 0]
0	-0.5	8.98558235168457	2.5594472885131836	2.555656909942627	1.9354677200317383	1.9350106716156006	True	[0 0 0 0 0 0 0 0 0 0 0 0]	[0 0 0 0 0 0 0 0 0 0 0 0]	[0 0 0 0 0 0]	[1 0 0 0 1 0]
0	0.04016473889350891	8.978609085083008	2.5580685138702393	2.554044246673584	1.9332572221755981	1.933239459991455	True	[0 0 0 0 0 0 1 0 0 0 0 0]	[0 0 0 0 0 0 0 0 0 1 0 0]	[0 0 0 1 0 0]	[1 0 0 0 0 0]
0	-0.5	8.98474407196045	2.5593130588531494	2.555762529373169	1.9357190132141113	1.9339497089385986	True	[0 0 0 0 0 0 0 0 0 0 0 0]	[0 0 0 0 0 0 0 0 0 0 0 0]	[0 0 0 0 0 0]	[1 0 0 0 1 0]
0	0.03893151134252548	8.978163719177246	2.5583932399749756	2.5532712936401367	1.9325873851776123	1.9339113235473633	True	[0 0 0 0 0 0 1 0 0 0 0 0]	[0 0 0 0 0 0 0 0 0 1 0 0]	[0 0 0 1 0 0]	[1 0 0 0 0 0]
0	-0.5	8.985221862792969	2.559299945831299	2.555706262588501	1.9356237649917603	1.934591293334961	True	[0 0 0 0 0 0 0 0 0 0 0 0]	[0 0 0 0 0 0 0 0 0 0 0 0]	[0 0 0 0 0 0]	[1 0 0 0 1 0]
0	0.05458236485719681	8.979061126708984	2.558164119720459	2.554013252258301	1.9335980415344238	1.9332854747772217	True	[0 0 0 0 0 0 1 0 0 0 0 0]	[0 0 0 0 0 0 0 0 0 1 0 0]	[0 0 0 1 0 0]	[1 0 0 0 0 0]
0	-0.5	8.985993385314941	2.5596840381622314	2.5556368827819824	1.935681939125061	1.9349901676177979	True	[0 0 0 0 0 0 0 0 0 0 0 0]	[0 0 0 0 0 0 0 0 0 0 0 0]	[0 0 0 0 0 0]	[1 0 0 0 1 0]
0	0.04372262582182884	8.978229522705078	2.5581233501434326	2.5537338256835938	1.9329782724380493	1.933394193649292	True	[0 0 0 0 0 0 1 0 0 0 0 0]	[0 0 0 0 0 0 0 0 0 1 0 0]	[0 0 0 1 0 0]	[1 0 0 0 0 0]
0	-0.5	8.985727310180664	2.5594539642333984	2.555739402770996	1.935978651046753	1.934555172920227	True	[0 0 0 0 0 0 0 0 0 0 0 0]	[0 0 0 0 0 0 0 0 0 0 0 0]	[0 0 0 0 0 0]	[1 0 0 0 1 0]
0	0.04750203713774681	8.977739334106445	2.558027982711792	2.553842067718506	1.9327259063720703	1.9331433773040771	True	[0 0 0 0 0 0 1 0 0 0 0 0]	[0 0 0 0 0 0 0 0 0 1 0 0]	[0 0 0 1 0 0]	[1 0 0 0 0 0]
0	-0.5	8.985353469848633	2.5592358112335205	2.5559043884277344	1.9357101917266846	1.9345035552978516	True	[0 0 0 0 0 0 0 0 0 0 0 0]	[0 0 0 0 0 0 0 0 0 0 0 0]	[0 0 0 0 0 0]	[1 0 0 0 1 0]
0	0.05389372631907463	8.980142593383789	2.558302640914917	2.5542898178100586	1.9337294101715088	1.9338210821151733	True	[0 0 0 0 0 0 1 0 0 0 0 0]	[0 0 0 0 0 0 0 0 0 1 0 0]	[0 0 0 1 0 0]	[1 0 0 0 0 0]
0	-0.5	8.986326217651367	2.559391975402832	2.555873155593872	1.9357515573501587	1.9353101253509521	True	[0 0 0 0 0 0 0 0 0 0 0 0]	[0 0 0 0 0 0 0 0 0 0 0 0]	[0 0 0 0 0 0]	[1 0 0 0 1 0]
0	0.04268375411629677	8.978525161743164	2.5582783222198486	2.5538434982299805	1.9330034255981445	1.933400273323059	True	[0 0 0 0 0 0 1 0 0 0 0 0]	[0 0 0 0 0 0 0 0 0 1 0 0]	[0 0 0 1 0 0]	[1 0 0 0 0 0]
0	-0.5	8.98622989654541	2.5593087673187256	2.5561394691467285	1.9359508752822876	1.9348315000534058	True	[0 0 0 0 0 0 0 0 0 0 0 0]	[0 0 0 0 0 0 0 0 0 0 0 0]	[0 0 0 0 0 0]	[1 0 0 0 1 0]
0	0.04658148065209389	8.979499816894531	2.5583348274230957	2.5539636611938477	1.9337009191513062	1.933499813079834	True	[0 0 0 0 0 0 1 0 0 0 0 0]	[0 0 0 0 0 0 0 0 0 1 0 0]	[0 0 0 1 0 0]	[1 0 0 0 0 0]
0	-0.5	8.985335350036621	2.5593955516815186	2.5557024478912354	1.9358632564544678	1.9343739748001099	True	[0 0 0 0 0 0 0 0 0 0 0 0]	[0 0 0 0 0 0 0 0 0 0 0 0]	[0 0 0 0 0 0]	[1 0 0 0 1 0]
0	0.04518113657832146	8.978177070617676	2.558420181274414	2.553506851196289	1.9331754446029663	1.9330744743347168	True	[0 0 0 0 0 0 1 0 0 0 0 0]	[0 0 0 0 0 0 0 0 0 1 0 0]	[0 0 0 1 0 0]	[1 0 0 0 0 0]
0	-0.5	8.985862731933594	2.559323787689209	2.555875778198242	1.9356138706207275	1.935049295425415	True	[0 0 0 0 0 0 0 0 0 0 0 0]	[0 0 0 0 0 0 0 0 0 0 0 0]	[0 0 0 0 0 0]	[1 0 0 0 1 0]
1	0.0259428508579731	8.736959457397461	2.4654393196105957	2.495633602142334	1.9067456722259521	1.8691401481628418	True	[0 0 0 1 0 0 0 0 0 0 0 0]	[0 0 0 0 0 0 0 0 0 1 0 0]	[0 0 0 1 0 0]	[0 0 0 1 0 0]
1	-1.0	8.840017318725586	2.5057902336120605	2.517197370529175	1.9209322929382324	1.896097183227539	True	[0 0 0 0 0 0 0 0 0 0 0 0]	[0 0 0 0 0 0 0 0 0 0 0 0]	[0 0 0 0 0 0]	[0 0 0 0 0 0]
1	0.024936947971582413	8.737194061279297	2.466042995452881	2.495076894760132	1.9066839218139648	1.8693902492523193	True	[0 0 0 1 0 0 0 0 0 0 0 0]	[0 0 0 0 0 0 0 0 0 1 0 0]	[0 0 0 1 0 0]	[0 0 0 1 0 0]
1	-1.0	8.839191436767578	2.5045111179351807	2.517829656600952	1.9206753969192505	1.8961751461029053	True	[0 0 0 0 0 0 0 0 0 0 0 0]	[0 0 0 0 0 0 0 0 0 0 0 0]	[0 0 0 0 0 0]	[0 0 0 0 0 0]
1	0.03288038447499275	8.738574028015137	2.4665660858154297	2.4957010746002197	1.9070665836334229	1.869240641593933	True	[0 0 0 1 0 0 0 0 0 0 0 0]	[0 0 0 0 0 0 0 0 0 1 0 0]	[0 0 0 1 0 0]	[0 0 0 1 0 0]
1	-1.0	8.83606243133545	2.503673791885376	2.516939163208008	1.9200421571731567	1.8954076766967773	True	[0 0 0 0 0 0 0 0 0 0 0 0]	[0 0 0 0 0 0 0 0 0 0 0 0]	[0 0 0 0 0 0]	[0 0 0 0 0 0]
1	0.1928223818540573	8.737163543701172	2.4654581546783447	2.4950144290924072	1.907369613647461	1.8693208694458008	True	[0 0 0 1 0 0 0 0 0 0 0 0]	[0 0 0 0 0 0 0 0 0 1 0 0]	[0 0 0 1 0 0]	[0 1 0 0 0 0]
1	-0.5	8.89968490600586	2.5276472568511963	2.529371738433838	1.9290454387664795	1.9136195182800293	True	[0 0 0 0 0 0 0 0 0 0 0 0]	[0 0 0 0 0 0 0 0 0 0 0 0]	[0 0 0 0 0 0]	[0 1 0 1 0 0]
1	0.20220787823200226	8.818951606750488	2.497365713119507	2.5130510330200195	1.918304204940796	1.8902298212051392	True	[0 0 0 1 0 0 0 0 0 0 0 0]	[0 0 0 0 0 0 0 0 0 1 0 0]	[0 0 0 1 0 0]	[0 1 0 0 0 0]
1	-0.5	8.902873039245605	2.5281171798706055	2.5312533378601074	1.9293527603149414	1.9141497611999512	True	[0 0 0 0 0 0 0 0 0 0 0 0]	[0 0 0 0 0 0 0 0 0 0 0 0]	[0 0 0 0 0 0]	[0 1 0 1 0 0]
1	0.19131961464881897	8.816859245300293	2.4968583583831787	2.5122039318084717	1.9175885915756226	1.890208125114441	True	[0 0 0 1 0 0 0 0 0 0 0 0]	[0 0 0 0 0 0 0 0 0 1 0 0]	[0 0 0 1 0 0]	[0 1 0 0 0 0]
1	-0.5	8.903216361999512	2.52827787399292	2.53115177154541	1.9294304847717285	1.9143558740615845	True	[0 0 0 0 0 0 0 0 0 0 0 0]	[0 0 0 0 0 0 0 0 0 0 0 0]	[0 0 0 0 0 0]	[0 1 0 1 0 0]
1	0.18444444239139557	8.819478988647461	2.49863862991333	2.510944128036499	1.9185843467712402	1.891311764717102	True	[0 0 0 1 0 0 0 0 0 0 0 0]	[0 0 0 0 0 0 0 0 0 1 0 0]	[0 0 0 1 0 0]	[0 1 0 0 0 0]
1	-0.5	8.903990745544434	2.5290935039520264	2.530379295349121	1.9299774169921875	1.9145406484603882	True	[0 0 0 0 0 0 0 0 0 0 0 0]	[0 0 0 0 0 0 0 0 0 0 0 0]	[0 0 0 0 0 0]	[0 1 0 1 0 0]
1	0.19514748454093933	8.817609786987305	2.4978768825531006	2.511284112930298	1.918325424194336	1.8901230096817017	True	[0 0 0 1 0 0 0 0 0 0 0 0]	[0 0 0 0 0 0 0 0 0 1 0 0]	[0 0 0 1 0 0]	[0 1 0 0 0 0]
1	-0.5	8.903120994567871	2.5282304286956787	2.5308806896209717	1.9296836853027344	1.9143263101577759	True	[0 0 0 0 0 0 0 0 0 0 0 0]	[0 0 0 0 0 0 0 0 0 0 0 0]	[0 0 0 0 0 0]	[0 1 0 1 0 0]
1	0.19874528050422668	8.8172607421875	2.4978318214416504	2.511850595474243	1.9181042909622192	1.8894739151000977	True	[0 0 0 1 0 0 0 0 0 0 0 0]	[0 0 0 0 0 0 0 0 0 1 0 0]	[0 0 0 1 0 0]	[0 1 0 0 0 0]
1	-0.5	8.902377128601074	2.5283453464508057	2.5302155017852783	1.9296003580093384	1.9142156839370728	True	[0 0 0 0 0 0 0 0 0 0 0 0]	[0 0 0 0 0 0 0 0 0 0 0 0]	[0 0 0 0 0 0]	[0 1 0 1 0 0]
1	0.2103196382522583	8.81850814819336	2.4987030029296875	2.5118489265441895	1.91770339012146	1.8902531862258911	True	[0 0 0 1 0 0 0 0 0 0 0 0]	[0 0 0 0 0 0 0 0 0 1 0 0]	[0 0 0 1 0 0]	[0 1 0 0 0 0]
1	-0.5	8.903179168701172	2.528482675552368	2.5300209522247314	1.929938793182373	1.914736270904541	True	[0 0 0 0 0 0 0 0 0 0 0 0]	[0 0 0 0 0 0 0 0 0 0 0 0]	[0 0 0 0 0 0]	[0 1 0 1 0 0]
1	0.18250112235546112	8.818346977233887	2.497504234313965	2.5128889083862305	1.9179086685180664	1.8900450468063354	True	[0 0 0 1 0 0 0 0 0 0 0 0]	[0 0 0 0 0 0 0 0 0 1 0 0]	[0 0 0 1 0 0]	[0 1 0 0 0 0]
1	-0.5	8.90417194366455	2.5287373065948486	2.530872106552124	1.929948091506958	1.9146145582199097	True	[0 0 0 0 0 0 0 0 0 0 0 0]	[0 0 0 0 0 0 0 0 0 0 0 0]	[0 0 0 0 0 0]	[0 1 0 1 0 0]
1	0.19252899289131165	8.81709098815918	2.4970366954803467	2.511974334716797	1.9176301956176758	1.8904491662979126	True	[0 0 0 1 0 0 0 0 0 0 0 0]	[0 0 0 0 0 0 0 0 0 1 0 0]	[0 0 0 1 0 0]	[0 1 0 0 0 0]
1	-0.5	8.904295921325684	2.5286824703216553	2.530979871749878	1.9302918910980225	1.914341926574707	True	[0 0 0 0 0 0 0 0 0 0 0 0]	[0 0 0 0 0 0 0 0 0 0 0 0]	[0 0 0 0 0 0]	[0 1 0 1 0 0]
1	0.18233263492584229	8.818350791931152	2.497641086578369	2.512701988220215	1.9177371263504028	1.8902710676193237	True	[0 0 0 1 0 0 0 0 0 0 0 0]	[0 0 0 0 0 0 0 0 0 1 0 0]	[0 0 0 1 0 0]	[0 1 0 0 0 0]
1	-0.5	8.903146743774414	2.5281898975372314	2.531101703643799	1.9294706583023071	1.9143846035003662	True	[0 0 0 0 0 0 0 0 0 0 0 0]	[0 0 0 0 0 0 0 0 0 0 0 0]	[0 0 0 0 0 0]	[0 1 0 1 0 0]
1	0.20115846395492554	8.81949520111084	2.4976983070373535	2.5131614208221436	1.9180225133895874	1.8906134366989136	True	[0 0 0 1 0 0 0 0 0 0 0 0]	[0 0 0 0 0 0 0 0 0 1 0 0]	[0 0 0 1 0 0]	[0 1 0 0 0 0]
1	-0.5	8.901113510131836	2.527963638305664	2.5298829078674316	1.9294793605804443	1.913787841796875	True	[0 0 0 0 0 0 0 0 0 0 0 0]	[0 0 0 0 0 0 0 0 0 0 0 0]	[0 0 0 0 0 0]	[0 1 0 1 0 0]
1	0.2120787501335144	8.820442199707031	2.4986658096313477	2.512580394744873	1.9183759689331055	1.890820026397705	True	[0 0 0 1 0 0 0 0 0 0 0 0]	[0 0 0 0 0 0 0 0 0 1 0 0]	[0 0 0 1 0 0]	[0 1 0 0 0 0]
1	-0.5	8.903999328613281	2.5287702083587646	2.5312612056732178	1.9298429489135742	1.9141250848770142	True	[0 0 0 0 0 0 0 0 0 0 0 0]	[0 0 0 0 0 0 0 0 0 0 0 0]	[0 0 0 0 0 0]	[0 1 0 1 0 0]
2	0.42504677176475525	8.782249450683594	2.512997627258301	2.502729892730713	1.8882020711898804	1.8783198595046997	False	[1 0 0 0 0 0 0 0 0 0 0 0]	[0 0 0 0 0 0 0 0 0 0 1 0]	[0 0 0 0 0 1]	[0 0 0 1 0 0]
2	-1.0	8.949338912963867	2.550447940826416	2.547473669052124	1.9218662977218628	1.9295514822006226	False	[0 0 0 0 0 0 0 0 0 0 0 0]	[0 0 0 0 0 0 0 0 0 0 0 0]	[0 0 0 0 0 0]	[0 0 0 0 0 0]
2	0.398691326379776	8.780879020690918	2.5127084255218506	2.502929449081421	1.8872443437576294	1.8779969215393066	False	[1 0 0 0 0 0 0 0 0 0 0 0]	[0 0 0 0 0 0 0 0 0 0 1 0]	[0 0 0 0 0 1]	[0 0 0 1 0 0]
2	-1.0	8.945862770080566	2.5497515201568604	2.5461111068725586	1.9207050800323486	1.929295539855957	False	[0 0 0 0 0 0 0 0 0 0 0 0]	[0 0 0 0 0 0 0 0 0 0 0 0]	[0 0 0 0 0 0]	[0 0 0 0 0 0]
2	0.4356611371040344	8.782121658325195	2.5126311779022217	2.503776788711548	1.8879032135009766	1.8778109550476074	False	[1 0 0 0 0 0 0 0 0 0 0 0]	[0 0 0 0 0 0 0 0 0 0 1 0]	[0 0 0 0 0 1]	[0 0 0 1 0 0]
2	-1.0	8.94568157196045	2.549527645111084	2.5465452671051025	1.9206809997558594	1.9289271831512451	False	[0 0 0 0 0 0 0 0 0 0 0 0]	[0 0 0 0 0 0 0 0 0 0 0 0]	[0 0 0 0 0 0]	[0 0 0 0 0 0]
2	0.45335960388183594	8.78303337097168	2.5134811401367188	2.503380060195923	1.888139009475708	1.878033995628357	False	[1 0 0 0 0 0 0 0 0 0 0 0]	[0 0 0 0 0 0 0 0 0 0 1 0]	[0 0 0 0 0 1]	[0 0 0 1 0 0]
2	-1.0	8.948525428771973	2.550459623336792	2.54726505279541	1.92146635055542	1.9293339252471924	False	[0 0 0 0 0 0 0 0 0 0 0 0]	[0 0 0 0 0 0 0 0 0 0 0 0]	[0 0 0 0 0 0]	[0 0 0 0 0 0]
2	0.4485318958759308	8.780936241149902	2.512765407562256	2.5023865699768066	1.8875207901000977	1.8782633543014526	False	[1 0 0 0 0 0 0 0 0 0 0 0]	[0 0 0 0 0 0 0 0 0 0 1 0]	[0 0 0 0 0 1]	[0 0 0 1 0 0]
2	-1.0	8.947690963745117	2.5501387119293213	2.5472216606140137	1.921415090560913	1.928915023803711	False	[0 0 0 0 0 0 0 0 0 0 0 0]	[0 0 0 0 0 0 0 0 0 0 0 0]	[0 0 0 0 0 0]	[0 0 0 0 0 0]
2	0.4299491047859192	8.786005020141602	2.5137996673583984	2.5042202472686768	1.8885955810546875	1.8793894052505493	False	[1 0 0 0 0 0 0 0 0 0 0 0]	[0 0 0 0 0 0 0 0 0 0 1 0]	[0 0 0 0 0 1]	[0 0 0 1 0 0]
2	-1.0	8.949274063110352	2.5502607822418213	2.547386884689331	1.9218827486038208	1.9297436475753784	False	[0 0 0 0 0 0 0 0 0 0 0 0]	[0 0 0 0 0 0 0 0 0 0 0 0]	[0 0 0 0 0 0]	[0 0 0 0 0 0]
2	0.44649478793144226	8.783454895019531	2.513521432876587	2.5042173862457275	1.887915015220642	1.8778012990951538	False	[1 0 0 0 0 0 0 0 0 0 0 0]	[0 0 0 0 0 0 0 0 0 0 1 0]	[0 0 0 0 0 1]	[0 0 0 1 0 0]
2	-1.0	8.948188781738281	2.5503480434417725	2.546976089477539	1.9214582443237305	1.9294060468673706	False	[0 0 0 0 0 0 0 0 0 0 0 0]	[0 0 0 0 0 0 0 0 0 0 0 0]	[0 0 0 0 0 0]	[0 0 0 0 0 0]
2	0.4308098554611206	8.780601501464844	2.5127408504486084	2.502718687057495	1.8873753547668457	1.8777666091918945	False	[1 0 0 0 0 0 0 0 0 0 0 0]	[0 0 0 0 0 0 0 0 0 0 1 0]	[0 0 0 0 0 1]	[0 0 0 1 0 0]
2	-1.0	8.949004173278809	2.550135850906372	2.5469295978546143	1.921964406967163	1.9299743175506592	False	[0 0 0 0 0 0 0 0 0 0 0 0]	[0 0 0 0 0 0 0 0 0 0 0 0]	[0 0 0 0 0 0]	[0 0 0 0 0 0]
2	0.4086860120296478	8.78188419342041	2.513113260269165	2.5027811527252197	1.8878660202026367	1.8781239986419678	False	[1 0 0 0 0 0 0 0 0 0 0 0]	[0 0 0 0 0 0 0 0 0 0 1 0]	[0 0 0 0 0 1]	[0 0 0 1 0 0]
2	-1.0	8.945934295654297	2.549821615219116	2.5465216636657715	1.92084538936615	1.9287453889846802	False	[0 0 0 0 0 0 0 0 0 0 0 0]	[0 0 0 0 0 0 0 0 0 0 0 0]	[0 0 0 0 0 0]	[0 0 0 0 0 0]
2	0.4376949667930603	8.783573150634766	2.51374888420105	2.503441572189331	1.8880544900894165	1.8783283233642578	False	[1 0 0 0 0 0 0 0 0 0 0 0]	[0 0 0 0 0 0 0 0 0 0 1 0]	[0 0 0 0 0 1]	[0 0 0 1 0 0]
2	-1.0	8.947562217712402	2.550022602081299	2.5464985370635986	1.9212819337844849	1.9297587871551514	False	[0 0 0 0 0 0 0 0 0 0 0 0]	[0 0 0 0 0 0 0 0 0 0 0 0]	[0 0 0 0 0 0]	[0 0 0 0 0 0]
2	0.4108869731426239	8.782204627990723	2.513197898864746	2.5027904510498047	1.8879201412200928	1.8782955408096313	False	[1 0 0 0 0 0 0 0 0 0 0 0]	[0 0 0 0 0 0 0 0 0 0 1 0]	[0 0 0 0 0 1]	[0 0 0 1 0 0]
2	-1.0	8.948128700256348	2.550194263458252	2.5467982292175293	1.9214931726455688	1.929642915725708	False	[0 0 0 0 0 0 0 0 0 0 0 0]	[0 0 0 0 0 0 0 0 0 0 0 0]	[0 0 0 0 0 0]	[0 0 0 0 0 0]
2	0.4521484076976776	8.783236503601074	2.513334035873413	2.5035464763641357	1.8879785537719727	1.8783776760101318	False	[1 0 0 0 0 0 0 0 0 0 0 0]	[0 0 0 0 0 0 0 0 0 0 1 0]	[0 0 0 0 0 1]	[0 0 0 1 0 0]
2	-1.0	8.948088645935059	2.5500524044036865	2.5470519065856934	1.9211583137512207	1.929826259613037	False	[0 0 0 0 0 0 0 0 0 0 0 0]	[0 0 0 0 0 0 0 0 0 0 0 0]	[0 0 0 0 0 0]	[0 0 0 0 0 0]
2	0.45086756348609924	8.7813720703125	2.5127549171447754	2.5031611919403076	1.8877562284469604	1.8777003288269043	False	[1 0 0 0 0 0 0 0 0 0 0 0]	[0 0 0 0 0 0 0 0 0 0 1 0]	[0 0 0 0 0 1]	[0 0 0 1 0 0]
2	-1.0	8.947000503540039	2.550004720687866	2.5467607975006104	1.9211457967758179	1.9290893077850342	False	[0 0 0 0 0 0 0 0 0 0 0 0]	[0 0 0 0 0 0 0 0 0 0 0 0]	[0 0 0 0 0 0]	[0 0 0 0 0 0]
2	0.42547163367271423	8.781307220458984	2.5126311779022217	2.5023529529571533	1.8874950408935547	1.8788278102874756	False	[1 0 0 0 0 0 0 0 0 0 0 0]	[0 0 0 0 0 0 0 0 0 0 1 0]	[0 0 0 0 0 1]	[0 0 0 1 0 0]
2	-1.0	8.948747634887695	2.5502705574035645	2.5464389324188232	1.9220397472381592	1.9299979209899902	False	[0 0 0 0 0 0 0 0 0 0 0 0]	[0 0 0 0 0 0 0 0 0 0 0 0]	[0 0 0 0 0 0]	[0 0 0 0 0 0]
2	0.4555801451206207	8.778763771057129	2.512190580368042	2.5021138191223145	1.8871142864227295	1.8773452043533325	False	[1 0 0 0 0 0 0 0 0 0 0 0]	[0 0 0 0 0 0 0 0 0 0 1 0]	[0 0 0 0 0 1]	[0 0 0 1 0 0]
2	-1.0	8.946770668029785	2.549710273742676	2.5466666221618652	1.9212217330932617	1.929172396659851	False	[0 0 0 0 0 0 0 0 0 0 0 0]	[0 0 0 0 0 0 0 0 0 0 0 0]	[0 0 0 0 0 0]	[0 0 0 0 0 0]
3	0.2750944495201111	8.797256469726562	2.499239683151245	2.5083911418914795	1.883491039276123	1.9061343669891357	False	[1 0 0 0 0 0 0 0 0 0 0 0]	[0 0 0 0 0 0 0 0 1 0 0 0]	[0 0 0 0 0 1]	[0 0 1 0 0 0]
3	0.10483980923891068	8.91172981262207	2.532754898071289	2.5388832092285156	1.9182169437408447	1.921874761581421	False	[0 0 0 0 0 0 0 0 0 0 0 0]	[0 0 1 0 0 0 0 0 1 0 0 0]	[0 0 0 0 1 1]	[0 0 0 0 0 0]
3	0.2337285727262497	8.898370742797852	2.5282392501831055	2.5353143215179443	1.913912296295166	1.9209041595458984	False	[0 0 0 0 1 0 0 0 0 0 0 0]	[1 0 1 0 0 0 0 0 1 0 0 0]	[0 0 0 0 1 0]	[0 0 1 0 0 0]
3	0.028697554022073746	8.912745475769043	2.532615900039673	2.5394856929779053	1.9181302785873413	1.9225132465362549	False	[1 0 0 0 1 0 0 0 0 0 0 0]	[1 0 0 0 0 0 0 0 1 0 0 0]	[0 0 0 0 0 0]	[0 0 0 0 0 0]
3	0.14649736881256104	8.85525131225586	2.515742301940918	2.523226261138916	1.901382327079773	1.914900541305542	False	[1 0 0 0 0 0 0 0 0 0 0 0]	[1 0 0 0 0 0 0 0 0 0 0 0]	[0 0 0 0 0 1]	[0 0 1 0 0 0]
3	0.02407136559486389	8.87657356262207	2.5217909812927246	2.529533624649048	1.9072799682617188	1.9179683923721313	False	[1 0 0 0 1 0 0 0 0 0 0 0]	[1 0 0 0 0 0 0 0 1 0 0 0]	[0 0 0 0 0 0]	[0 0 0 0 0 0]
3	0.1452450007200241	8.852357864379883	2.5150794982910156	2.5225067138671875	1.9001284837722778	1.9146429300308228	False	[1 0 0 0 0 0 0 0 0 0 0 0]	[1 0 0 0 0 0 0 0 0 0 0 0]	[0 0 0 0 0 1]	[0 0 1 0 0 0]
3	0.030814530327916145	8.876720428466797	2.521737813949585	2.5295393466949463	1.9074883460998535	1.9179553985595703	False	[1 0 0 0 1 0 0 0 0 0 0 0]	[1 0 0 0 0 0 0 0 1 0 0 0]	[0 0 0 0 0 0]	[0 0 0 0 0 0]
3	0.15420031547546387	8.853473663330078	2.5150818824768066	2.5227274894714355	1.9009881019592285	1.9146759510040283	False	[1 0 0 0 0 0 0 0 0 0 0 0]	[1 0 0 0 0 0 0 0 0 0 0 0]	[0 0 0 0 0 1]	[0 0 1 0 0 0]
3	-0.5	8.878267288208008	2.5221757888793945	2.5298705101013184	1.907829999923706	1.9183907508850098	False	[0 0 0 0 0 0 0 0 0 0 0 0]	[1 0 0 0 0 0 0 0 1 0 0 0]	[0 0 0 0 0 0]	[0 0 0 0 0 0]
3	0.30671894550323486	8.85272216796875	2.5152173042297363	2.5230510234832764	1.8996317386627197	1.9148221015930176	False	[0 0 0 0 1 0 0 0 0 0 0 0]	[1 0 0 0 0 0 0 0 0 0 0 0]	[0 0 0 0 0 1]	[0 0 1 0 0 0]
3	0.3814488351345062	8.913199424743652	2.5328640937805176	2.5397896766662598	1.918285846710205	1.9222595691680908	False	[1 0 0 0 1 0 0 0 0 0 0 0]	[1 0 1 0 0 0 0 0 0 0 0 0]	[0 0 0 0 1 1]	[0 0 0 0 0 0]
3	-0.5	8.92769718170166	2.5378575325012207	2.5438947677612305	1.9228769540786743	1.9230680465698242	False	[1 0 0 0 0 0 0 0 0 0 0 0]	[1 0 0 0 0 0 0 0 0 0 0 0]	[0 0 0 0 0 1]	[1 0 0 0 0 0]
3	-0.5	8.877257347106934	2.5218393802642822	2.5295724868774414	1.9076018333435059	1.9182441234588623	False	[0 0 0 0 0 0 0 0 0 0 0 0]	[0 0 0 0 0 0 0 0 0 0 0 0]	[0 0 0 0 0 0]	[1 0 1 0 0 0]
3	0.2759496867656708	8.85097599029541	2.5147931575775146	2.5221874713897705	1.8996753692626953	1.914319634437561	False	[0 0 0 0 1 0 0 0 0 0 0 0]	[0 0 0 0 0 0 0 0 1 0 0 0]	[0 0 0 0 0 1]	[1 0 0 0 0 0]
3	0.2981821298599243	8.910667419433594	2.5324573516845703	2.538729667663574	1.9175060987472534	1.9219746589660645	False	[0 0 0 0 0 0 0 0 0 0 0 0]	[0 0 1 0 0 0 0 0 1 0 0 0]	[0 0 0 0 1 1]	[1 0 1 0 0 0]
3	0.21934521198272705	8.900951385498047	2.528695821762085	2.5365662574768066	1.9146734476089478	1.9210158586502075	False	[0 0 0 0 1 0 0 0 0 0 0 0]	[0 0 0 0 0 0 0 0 1 0 0 0]	[0 0 0 0 1 0]	[1 0 0 0 0 0]
3	0.2601262331008911	8.889698028564453	2.5254461765289307	2.53316593170166	1.911062240600586	1.9200236797332764	False	[0 0 0 0 0 0 0 0 0 0 0 0]	[1 0 0 0 0 0 0 0 1 0 0 0]	[0 0 0 0 1 1]	[1 0 1 0 0 0]
3	0.11489158123731613	8.911820411682129	2.5324013233184814	2.5394842624664307	1.917894721031189	1.9220396280288696	False	[1 0 0 0 0 0 0 0 0 0 0 0]	[1 0 1 0 0 0 0 0 1 0 0 0]	[0 0 0 0 0 1]	[1 0 0 0 0 0]
3	0.2575659155845642	8.900521278381348	2.5289084911346436	2.535909652709961	1.914705753326416	1.9209970235824585	False	[1 0 0 0 1 0 0 0 0 0 0 0]	[0 0 1 0 0 0 0 0 1 0 0 0]	[0 0 0 0 0 0]	[1 0 1 0 0 0]
3	0.24177402257919312	8.911767959594727	2.532806634902954	2.5390899181365967	1.9178075790405273	1.9220634698867798	False	[1 0 0 0 0 0 0 0 0 0 0 0]	[0 0 0 0 0 0 0 0 1 0 0 0]	[0 0 0 0 1 0]	[1 0 0 0 0 0]
3	0.3203936219215393	8.8930025100708	2.5266764163970947	2.5339584350585938	1.9115533828735352	1.9208147525787354	False	[1 0 0 0 1 0 0 0 0 0 0 0]	[0 0 0 0 0 0 1 0 1 0 0 0]	[0 0 0 0 1 1]	[1 0 1 0 0 0]
3	0.2876518666744232	8.9296875	2.537975549697876	2.5448997020721436	1.9232248067855835	1.9235875606536865	False	[1 0 0 0 0 0 0 0 0 0 0 0]	[0 0 1 0 0 0 1 0 1 0 0 0]	[0 0 0 0 0 1]	[0 0 1 0 0 0]
3	0.012513493187725544	8.89338493347168	2.5268378257751465	2.5341436862945557	1.9121315479278564	1.9202723503112793	False	[1 0 0 0 1 0 0 0 0 0 0 0]	[1 0 1 0 0 0 1 0 1 0 0 0]	[0 0 0 0 0 0]	[0 0 0 0 0 0]
3	0.3351638615131378	8.853744506835938	2.5148963928222656	2.5231082439422607	1.9008827209472656	1.9148565530776978	False	[1 0 0 0 0 0 0 0 0 0 0 0]	[1 0 1 0 0 0 1 0 0 0 0 0]	[0 0 0 0 0 1]	[0 0 1 0 0 0]
3	0.09862891584634781	8.913597106933594	2.532979965209961	2.539980888366699	1.9183764457702637	1.9222601652145386	False	[1 0 0 0 1 0 0 0 0 0 0 0]	[1 0 0 0 0 0 1 0 0 0 0 0]	[0 0 0 0 1 1]	[0 0 0 0 0 0]
3	0.37382784485816956	8.928472518920898	2.537806510925293	2.5439798831939697	1.9232131242752075	1.9234731197357178	False	[1 0 0 0 0 0 0 0 0 0 0 0]	[1 0 1 0 0 0 1 0 0 0 0 0]	[0 0 0 0 0 1]	[1 0 0 0 0 0]
3	0.3719263970851898	8.91279125213623	2.5327024459838867	2.5397286415100098	1.9182991981506348	1.9220610857009888	False	[1 0 0 0 1 0 0 0 0 0 0 0]	[1 0 0 0 0 0 1 0 0 0 0 0]	[0 0 0 0 1 1]	[1 0 1 0 0 0]
3	0.3335404396057129	8.928829193115234	2.537930488586426	2.5442299842834473	1.9232678413391113	1.9234004020690918	False	[1 0 0 0 0 0 0 0 0 0 0 0]	[1 0 1 0 0 0 1 0 0 0 0 0]	[0 0 0 0 0 1]	[0 0 1 0 0 0]
3	0.10650268942117691	8.912080764770508	2.5326690673828125	2.5395779609680176	1.9179822206497192	1.9218517541885376	False	[1 0 0 0 1 0 0 0 0 0 0 0]	[1 0 0 0 0 0 1 0 0 0 0 0]	[0 0 0 0 1 1]	[0 0 0 0 0 0]
4	0.518300473690033	8.925806045532227	2.5483040809631348	2.528818368911743	1.9247841835021973	1.923898696899414	False	[1 0 0 0 0 0 0 0 0 0 0 0]	[0 1 0 0 0 0 0 0 0 0 0 0]	[0 0 0 0 0 1]	[0 0 0 0 0 1]
4	0.3491753935813904	8.979400634765625	2.559647798538208	2.5554635524749756	1.9376277923583984	1.926661491394043	False	[1 0 0 0 0 1 0 0 0 0 0 0]	[0 1 0 0 0 1 0 0 0 0 0 0]	[0 0 0 0 1 1]	[0 1 0 0 0 1]
4	0.3885135352611542	8.982569694519043	2.560669183731079	2.555722951889038	1.9384126663208008	1.9277650117874146	False	[1 0 0 0 0 0 0 0 0 0 0 0]	[0 1 0 0 0 1 0 0 0 1 0 0]	[0 0 0 0 0 1]	[0 0 0 0 0 1]
4	0.36926183104515076	8.9788818359375	2.559338092803955	2.555583953857422	1.937332272529602	1.9266281127929688	False	[1 0 0 0 0 1 0 0 0 0 0 0]	[0 1 0 0 0 0 0 0 0 1 0 0]	[0 0 0 0 1 1]	[0 1 0 0 0 1]
4	0.523077666759491	8.981475830078125	2.5603692531585693	2.5556528568267822	1.938081979751587	1.9273717403411865	False	[1 0 0 0 0 0 0 0 0 0 0 0]	[0 1 0 0 0 0 0 0 0 0 0 0]	[0 0 0 0 0 1]	[0 0 0 0 0 1]
4	0.3705023527145386	8.97848892211914	2.5597100257873535	2.5552148818969727	1.9372097253799438	1.9263548851013184	False	[1 0 0 0 0 1 0 0 0 0 0 0]	[0 1 0 0 0 1 0 0 0 0 0 0]	[0 0 0 0 1 1]	[0 1 0 0 0 1]
4	0.42431187629699707	8.981952667236328	2.560499429702759	2.5556681156158447	1.9383982419967651	1.9273862838745117	False	[1 0 0 0 0 0 0 0 0 0 0 0]	[0 1 0 0 0 1 0 0 0 1 0 0]	[0 0 0 0 0 1]	[0 0 0 0 0 1]
4	0.3645123839378357	8.978614807128906	2.5591557025909424	2.555849552154541	1.9370319843292236	1.9265775680541992	False	[1 0 0 0 0 1 0 0 0 0 0 0]	[0 1 0 0 0 0 0 0 0 1 0 0]	[0 0 0 0 1 1]	[0 1 0 0 0 1]
4	0.27318915724754333	8.982154846191406	2.5608229637145996	2.555471658706665	1.9384543895721436	1.927405595779419	False	[1 0 0 0 0 0 0 0 0 0 0 0]	[0 1 0 0 0 0 0 0 0 0 0 0]	[0 0 0 1 1 1]	[0 0 0 0 0 1]
4	0.36323580145835876	8.983983993530273	2.561189651489258	2.555556297302246	1.9388458728790283	1.9283921718597412	False	[1 0 0 0 0 1 0 0 0 0 0 0]	[0 1 0 0 0 0 0 0 0 1 0 0]	[0 0 0 0 1 1]	[0 1 0 0 0 1]
4	0.5205532312393188	8.98184871673584	2.5607478618621826	2.5553500652313232	1.938264012336731	1.9274871349334717	False	[1 0 0 0 0 0 0 0 0 0 0 0]	[0 1 0 0 0 0 0 0 0 0 0 0]	[0 0 0 0 0 1]	[0 0 0 0 0 1]
4	0.3635881841182709	8.979029655456543	2.5595757961273193	2.555588722229004	1.9372166395187378	1.926648497581482	False	[1 0 0 0 0 1 0 0 0 0 0 0]	[0 1 0 0 0 1 0 0 0 0 0 0]	[0 0 0 0 1 1]	[0 1 0 0 0 1]
4	0.40691593289375305	8.981491088867188	2.560481309890747	2.5554871559143066	1.938118815422058	1.9274039268493652	False	[1 0 0 0 0 0 0 0 0 0 0 0]	[0 1 0 0 0 1 0 0 0 1 0 0]	[0 0 0 0 0 1]	[0 0 0 0 0 1]
4	0.35906150937080383	8.979121208190918	2.5593695640563965	2.5558667182922363	1.9371364116668701	1.9267479181289673	False	[1 0 0 0 0 1 0 0 0 0 0 0]	[0 1 0 0 0 0 0 0 0 1 0 0]	[0 0 0 0 1 1]	[0 1 0 0 0 1]
4	0.5072162747383118	8.981796264648438	2.5607452392578125	2.555422067642212	1.9381448030471802	1.9274849891662598	False	[1 0 0 0 0 0 0 0 0 0 0 0]	[0 1 0 0 0 0 0 0 0 0 0 0]	[0 0 0 0 0 1]	[0 0 0 0 0 1]
4	0.37676215171813965	8.97866439819336	2.559785842895508	2.5553042888641357	1.9373083114624023	1.9262652397155762	False	[1 0 0 0 0 1 0 0 0 0 0 0]	[0 1 0 0 0 1 0 0 0 0 0 0]	[0 0 0 0 1 1]	[0 1 0 0 0 1]
4	0.42695918679237366	8.981331825256348	2.560656785964966	2.5553669929504395	1.9380357265472412	1.9272717237472534	False	[1 0 0 0 0 0 0 0 0 0 0 0]	[0 1 0 0 0 1 0 0 0 1 0 0]	[0 0 0 0 0 1]	[0 0 0 0 0 1]
4	0.3591468334197998	8.979558944702148	2.5592000484466553	2.5560414791107178	1.937199354171753	1.9271187782287598	False	[1 0 0 0 0 1 0 0 0 0 0 0]	[0 1 0 0 0 0 0 0 0 1 0 0]	[0 0 0 0 1 1]	[0 1 0 0 0 1]
4	0.5228003263473511	8.98133373260498	2.5605764389038086	2.555607795715332	1.9379781484603882	1.9271715879440308	False	[1 0 0 0 0 0 0 0 0 0 0 0]	[0 1 0 0 0 0 0 0 0 0 0 0]	[0 0 0 0 0 1]	[0 0 0 0 0 1]
4	0.3501351475715637	8.97859001159668	2.559448480606079	2.5553412437438965	1.9371659755706787	1.9266338348388672	False	[1 0 0 0 0 1 0 0 0 0 0 0]	[0 1 0 0 0 0 0 0 0 1 0 0]	[0 0 0 0 1 1]	[0 1 0 0 0 1]
4	0.4919481873512268	8.980979919433594	2.5607526302337646	2.555384397506714	1.9379545450210571	1.9268889427185059	False	[1 0 0 0 0 0 0 0 0 0 0 0]	[0 1 0 0 0 0 0 0 0 0 0 0]	[0 0 0 0 0 1]	[0 0 0 0 0 1]
4	0.3389016091823578	8.980000495910645	2.5595812797546387	2.5558724403381348	1.9374819993972778	1.9270648956298828	False	[1 0 0 0 0 1 0 0 0 0 0 0]	[0 1 0 0 0 1 0 0 0 0 0 0]	[0 0 0 0 1 1]	[0 1 0 0 0 1]
4	0.4005780518054962	8.981880187988281	2.5606346130371094	2.5554425716400146	1.9384188652038574	1.927383542060852	False	[1 0 0 0 0 0 0 0 0 0 0 0]	[0 1 0 0 0 1 0 0 0 1 0 0]	[0 0 0 0 0 1]	[0 0 0 0 0 1]
4	0.37598785758018494	8.977642059326172	2.559378147125244	2.555396556854248	1.9367709159851074	1.9260962009429932	False	[1 0 0 0 0 1 0 0 0 0 0 0]	[0 1 0 0 0 0 0 0 0 1 0 0]	[0 0 0 0 1 1]	[0 1 0 0 0 1]
4	0.5218632221221924	8.981818199157715	2.5606651306152344	2.555429458618164	1.9382814168930054	1.9274420738220215	False	[1 0 0 0 0 0 0 0 0 0 0 0]	[0 1 0 0 0 0 0 0 0 0 0 0]	[0 0 0 0 0 1]	[0 0 0 0 0 1]
4	0.3787023723125458	8.978440284729004	2.5596938133239746	2.555264472961426	1.9370862245559692	1.9263962507247925	False	[1 0 0 0 0 1 0 0 0 0 0 0]	[0 1 0 0 0 1 0 0 0 0 0 0]	[0 0 0 0 1 1]	[0 1 0 0 0 1]
4	0.3968210518360138	8.982128143310547	2.560454845428467	2.5557339191436768	1.9383153915405273	1.9276237487792969	False	[1 0 0 0 0 0 0 0 0 0 0 0]	[0 1 0 0 0 1 0 0 0 1 0 0]	[0 0 0 0 0 1]	[0 0 0 0 0 1]
4	0.3324189782142639	8.977737426757812	2.558962345123291	2.555572986602783	1.9369266033172607	1.9262750148773193	False	[1 0 0 0 0 1 0 0 0 0 0 0]	[0 1 0 0 0 0 0 0 0 1 0 0]	[0 0 0 0 1 1]	[0 1 0 0 0 1]
4	0.5318601727485657	8.980880737304688	2.5604734420776367	2.5554237365722656	1.9382089376449585	1.926774024963379	False	[1 0 0 0 0 0 0 0 0 0 0 0]	[0 1 0 0 0 0 0 0 0 0 0 0]	[0 0 0 0 0 1]	[0 0 0 0 0 1]
4	0.3766768276691437	8.979398727416992	2.559727907180786	2.555481195449829	1.937432050704956	1.9267578125	False	[1 0 0 0 0 1 0 0 0 0 0 0]	[0 1 0 0 0 1 0 0 0 0 0 0]	[0 0 0 0 1 1]	[0 1 0 0 0 1]
5	0.41988009214401245	8.934094429016113	2.5431838035583496	2.5310745239257812	1.9320331811904907	1.9278029203414917	False	[0 0 1 0 0 0 0 0 0 0 0 0]	[0 0 1 0 0 0 0 0 0 0 0 0]	[0 0 0 0 0 1]	[1 0 0 0 0 0]
5	0.4975154399871826	8.961355209350586	2.5506246089935303	2.5446605682373047	1.9316611289978027	1.9344087839126587	False	[0 0 1 0 0 0 0 0 0 1 0 0]	[0 0 1 1 0 0 0 0 0 0 0 0]	[1 0 0 0 0 1]	[0 0 0 0 0 0]
5	0.4183339774608612	8.95173454284668	2.548903226852417	2.5436198711395264	1.926821231842041	1.9323904514312744	False	[0 0 1 0 0 0 0 0 0 0 0 0]	[0 0 1 0 0 0 0 0 0 0 0 0]	[0 0 0 0 0 1]	[1 0 0 0 0 0]
5	0.4650552272796631	8.960894584655762	2.5504355430603027	2.5446176528930664	1.931365728378296	1.9344762563705444	False	[0 0 1 0 0 0 0 0 0 1 0 0]	[0 0 1 1 0 0 0 0 0 0 0 0]	[1 0 0 0 0 1]	[0 0 0 0 0 0]
5	0.41480618715286255	8.949408531188965	2.548847198486328	2.543557643890381	1.9251933097839355	1.9318102598190308	False	[0 0 1 0 0 0 0 0 0 0 0 0]	[0 0 1 0 0 0 0 0 0 0 0 0]	[0 0 0 0 0 1]	[1 0 0 0 0 0]
5	0.486026793718338	8.95932388305664	2.550318479537964	2.544111967086792	1.9304903745651245	1.934403419494629	False	[0 0 1 0 0 0 0 0 0 1 0 0]	[0 0 1 1 0 0 0 0 0 0 0 0]	[1 0 0 0 0 1]	[0 0 0 0 0 0]
5	0.40850746631622314	8.95233154296875	2.5493004322052	2.5439321994781494	1.9267628192901611	1.932335376739502	False	[0 0 1 0 0 0 0 0 0 0 0 0]	[0 0 1 0 0 0 0 0 0 0 0 0]	[0 0 0 0 0 1]	[1 0 0 0 0 0]
5	0.45573869347572327	8.960763931274414	2.5503990650177	2.5445945262908936	1.9310846328735352	1.934685230255127	False	[0 0 1 0 0 0 0 0 0 1 0 0]	[0 0 1 1 0 0 0 0 0 0 0 0]	[1 0 0 0 0 1]	[0 0 0 0 0 0]
5	0.41629716753959656	8.947949409484863	2.54858136177063	2.542991876602173	1.924764633178711	1.93161141872406	False	[0 0 1 0 0 0 0 0 0 0 0 0]	[0 0 1 0 0 0 0 0 0 0 0 0]	[0 0 0 0 0 1]	[1 0 0 0 0 0]
5	0.4813070297241211	8.959378242492676	2.5502700805664062	2.544132709503174	1.930877447128296	1.9340983629226685	False	[0 0 1 0 0 0 0 0 0 1 0 0]	[0 0 1 1 0 0 0 0 0 0 0 0]	[1 0 0 0 0 1]	[0 0 0 0 0 0]
5	0.427680641412735	8.949825286865234	2.5488650798797607	2.5435128211975098	1.9253281354904175	1.9321191310882568	False	[0 0 1 0 0 0 0 0 0 0 0 0]	[0 0 1 0 0 0 0 0 0 0 0 0]	[0 0 0 0 0 1]	[1 0 0 0 0 0]
5	0.4830016493797302	8.959860801696777	2.550570249557495	2.544064998626709	1.9308279752731323	1.9343979358673096	False	[0 0 1 0 0 0 0 0 0 1 0 0]	[0 0 1 1 0 0 0 0 0 0 0 0]	[1 0 0 0 0 1]	[0 0 0 0 0 0]
5	0.4067021608352661	8.951403617858887	2.5490341186523438	2.543631076812744	1.9264843463897705	1.9322537183761597	False	[0 0 1 0 0 0 0 0 0 0 0 0]	[0 0 1 0 0 0 0 0 0 0 0 0]	[0 0 0 0 0 1]	[1 0 0 0 0 0]
5	0.4977933168411255	8.957365036010742	2.550124168395996	2.543654441833496	1.9297337532043457	1.933852195739746	False	[0 0 1 0 0 0 0 0 0 1 0 0]	[0 0 1 1 0 0 0 0 0 0 0 0]	[1 0 0 0 0 1]	[0 0 0 0 0 0]
5	0.4331324100494385	8.949831008911133	2.548649311065674	2.543337821960449	1.9259487390518188	1.9318950176239014	False	[0 0 1 0 0 0 0 0 0 0 0 0]	[0 0 1 0 0 0 0 0 0 0 0 0]	[0 0 0 0 0 1]	[1 0 0 0 0 0]
5	0.4668332040309906	8.961650848388672	2.5507984161376953	2.5448215007781982	1.9314730167388916	1.9345579147338867	False	[0 0 1 0 0 0 0 0 0 1 0 0]	[0 0 1 1 0 0 0 0 0 0 0 0]	[1 0 0 0 0 1]	[0 0 0 0 0 0]
5	0.4176151752471924	8.945947647094727	2.54836368560791	2.542353868484497	1.9238433837890625	1.9313867092132568	False	[0 0 1 0 0 0 0 0 0 0 0 0]	[0 0 1 0 0 0 0 0 0 0 0 0]	[0 0 0 0 0 1]	[1 0 0 0 0 0]
5	0.4992964565753937	8.959334373474121	2.5506060123443604	2.5441441535949707	1.9302656650543213	1.9343181848526	False	[0 0 1 0 0 0 0 0 0 1 0 0]	[0 0 1 1 0 0 0 0 0 0 0 0]	[1 0 0 0 0 1]	[0 0 0 0 0 0]
5	0.41599565744400024	8.948576927185059	2.5487656593322754	2.5428900718688965	1.9251751899719238	1.9317461252212524	False	[0 0 1 0 0 0 0 0 0 0 0 0]	[0 0 1 0 0 0 0 0 0 0 0 0]	[0 0 0 0 0 1]	[1 0 0 0 0 0]
5	0.49879950284957886	8.96171760559082	2.5507547855377197	2.5444929599761963	1.9319695234298706	1.934499979019165	False	[0 0 1 0 0 0 0 0 0 1 0 0]	[0 0 1 1 0 0 0 0 0 0 0 0]	[1 0 0 0 0 1]	[0 0 0 0 0 0]
5	0.41684746742248535	8.95179557800293	2.5491042137145996	2.544034957885742	1.9262709617614746	1.9323852062225342	False	[0 0 1 0 0 0 0 0 0 0 0 0]	[0 0 1 0 0 0 0 0 0 0 0 0]	[0 0 0 0 0 1]	[1 0 0 0 0 0]
5	0.472211629152298	8.957749366760254	2.550135374069214	2.543668270111084	1.929961919784546	1.9339841604232788	False	[0 0 1 0 0 0 0 0 0 1 0 0]	[0 0 1 1 0 0 0 0 0 0 0 0]	[1 0 0 0 0 1]	[0 0 0 0 0 0]
5	0.40781888365745544	8.947761535644531	2.5483779907226562	2.5427467823028564	1.9248086214065552	1.9318281412124634	False	[0 0 1 0 0 0 0 0 0 0 0 0]	[0 0 1 0 0 0 0 0 0 0 0 0]	[0 0 0 0 0 1]	[1 0 0 0 0 0]
5	0.5057204961776733	8.96052360534668	2.5505223274230957	2.54439377784729	1.9311611652374268	1.9344463348388672	False	[0 0 1 0 0 0 0 0 0 1 0 0]	[0 0 1 1 0 0 0 0 0 0 0 0]	[1 0 0 0 0 1]	[0 0 0 0 0 0]
5	0.3960232138633728	8.946253776550293	2.5483052730560303	2.5427260398864746	1.9238452911376953	1.9313775300979614	False	[0 0 1 0 0 0 0 0 0 0 0 0]	[0 0 1 0 0 0 0 0 0 0 0 0]	[0 0 0 0 0 1]	[1 0 0 0 0 0]
5	0.5346891283988953	8.958547592163086	2.5500073432922363	2.544070243835449	1.9305015802383423	1.9339680671691895	False	[0 0 1 0 0 0 0 0 0 1 0 0]	[0 0 1 1 0 0 0 0 0 0 0 0]	[1 0 0 0 0 1]	[0 0 0 0 0 0]
5	0.393909215927124	8.950000762939453	2.549118995666504	2.5432376861572266	1.9255015850067139	1.9321424961090088	False	[0 0 1 0 0 0 0 0 0 0 0 0]	[0 0 1 0 0 0 0 0 0 0 0 0]	[0 0 0 0 0 1]	[1 0 0 0 0 0]
5	0.4796198606491089	8.960887908935547	2.5504400730133057	2.544858932495117	1.9313280582427979	1.934261441230774	False	[0 0 1 0 0 0 0 0 0 1 0 0]	[0 0 1 1 0 0 0 0 0 0 0 0]	[1 0 0 0 0 1]	[0 0 0 0 0 0]
5	0.4295714795589447	8.946830749511719	2.548525333404541	2.542471170425415	1.9242662191390991	1.9315671920776367	False	[0 0 1 0 0 0 0 0 0 0 0 0]	[0 0 1 0 0 0 0 0 0 0 0 0]	[0 0 0 0 0 1]	[1 0 0 0 0 0]
5	0.48529210686683655	8.959893226623535	2.55053973197937	2.5441336631774902	1.9308733940124512	1.9343470335006714	False	[0 0 1 0 0 0 0 0 0 1 0 0]	[0 0 1 1 0 0 0 0 0 0 0 0]	[1 0 0 0 0 1]	[0 0 0 0 0 0]
6	0.5320545434951782	8.885411262512207	2.5354907512664795	2.534925699234009	1.9027951955795288	1.91219961643219	False	[0 0 0 0 0 1 0 0 0 0 0 0]	[0 0 0 0 1 0 0 0 0 0 0 0]	[0 0 0 0 0 1]	[0 0 0 1 0 0]
6	-0.5	8.90285873413086	2.5443267822265625	2.5381011962890625	1.9095354080200195	1.910895824432373	False	[0 0 0 0 0 0 0 0 0 0 0 0]	[0 0 0 0 1 0 0 0 1 0 0 0]	[0 0 0 0 0 0]	[0 0 0 0 0 0]
6	0.5018368363380432	8.896868705749512	2.5396006107330322	2.536327362060547	1.9071980714797974	1.9137428998947144	False	[0 0 0 0 0 1 0 0 0 0 0 0]	[0 0 0 0 0 0 0 0 1 0 0 0]	[0 0 0 0 0 1]	[0 0 0 1 0 0]
6	-1.0	8.90481185913086	2.5444860458374023	2.5387349128723145	1.910013198852539	1.9115780591964722	False	[0 0 0 0 0 0 0 0 0 0 0 0]	[0 0 0 0 0 0 0 0 0 0 0 0]	[0 0 0 0 0 0]	[0 0 0 0 0 0]
6	0.5383183360099792	8.885130882263184	2.5355379581451416	2.534642219543457	1.902640461921692	1.9123107194900513	False	[0 0 0 0 0 1 0 0 0 0 0 0]	[0 0 0 0 1 0 0 0 0 0 0 0]	[0 0 0 0 0 1]	[0 0 0 1 0 0]
6	-0.5	8.906515121459961	2.5448243618011475	2.5389418601989746	1.9107322692871094	1.9120172262191772	False	[0 0 0 0 0 0 0 0 0 0 0 0]	[0 0 0 0 1 0 0 0 1 0 0 0]	[0 0 0 0 0 0]	[0 0 0 0 0 0]
6	0.46251216530799866	8.898795127868652	2.5399484634399414	2.5362942218780518	1.9079703092575073	1.914582371711731	False	[0 0 0 0 0 1 0 0 0 0 0 0]	[0 0 0 0 0 0 0 0 1 0 0 0]	[0 0 0 0 0 1]	[0 0 0 1 0 0]
6	-1.0	8.904675483703613	2.544267416000366	2.5387258529663086	1.910196304321289	1.9114859104156494	False	[0 0 0 0 0 0 0 0 0 0 0 0]	[0 0 0 0 0 0 0 0 0 0 0 0]	[0 0 0 0 0 0]	[0 0 0 0 0 0]
6	0.5432836413383484	8.885472297668457	2.536217212677002	2.5344395637512207	1.9026609659194946	1.9121546745300293	False	[0 0 0 0 0 1 0 0 0 0 0 0]	[0 0 0 0 1 0 0 0 0 0 0 0]	[0 0 0 0 0 1]	[0 0 0 1 0 0]
6	-0.5	8.904218673706055	2.5443716049194336	2.5384867191314697	1.9098162651062012	1.9115443229675293	False	[0 0 0 0 0 0 0 0 0 0 0 0]	[0 0 0 0 1 0 0 0 1 0 0 0]	[0 0 0 0 0 0]	[0 0 0 0 0 0]
6	0.5254641771316528	8.896218299865723	2.5395026206970215	2.53572416305542	1.907258152961731	1.9137336015701294	False	[0 0 0 0 0 1 0 0 0 0 0 0]	[0 0 0 0 0 0 0 0 1 0 0 0]	[0 0 0 0 0 1]	[0 0 0 1 0 0]
6	-1.0	8.904707908630371	2.544391393661499	2.5386338233947754	1.910436987876892	1.911245584487915	False	[0 0 0 0 0 0 0 0 0 0 0 0]	[0 0 0 0 0 0 0 0 0 0 0 0]	[0 0 0 0 0 0]	[0 0 0 0 0 0]
6	0.5108672380447388	8.883172035217285	2.535614252090454	2.5342493057250977	1.9019668102264404	1.911341905593872	False	[0 0 0 0 0 1 0 0 0 0 0 0]	[0 0 0 0 1 0 0 0 0 0 0 0]	[0 0 0 0 0 1]	[0 0 0 1 0 0]
6	-0.5	8.905416488647461	2.5445668697357178	2.5385499000549316	1.9107297658920288	1.9115700721740723	False	[0 0 0 0 0 0 0 0 0 0 0 0]	[0 0 0 0 1 0 0 0 1 0 0 0]	[0 0 0 0 0 0]	[0 0 0 0 0 0]
6	0.5163170099258423	8.898635864257812	2.5400071144104004	2.5364723205566406	1.9078514575958252	1.914304494857788	False	[0 0 0 0 0 1 0 0 0 0 0 0]	[0 0 0 0 0 0 0 0 1 0 0 0]	[0 0 0 0 0 1]	[0 0 0 1 0 0]
6	-1.0	8.901590347290039	2.5439109802246094	2.5381767749786377	1.9092333316802979	1.9102694988250732	False	[0 0 0 0 0 0 0 0 0 0 0 0]	[0 0 0 0 0 0 0 0 0 0 0 0]	[0 0 0 0 0 0]	[0 0 0 0 0 0]
6	0.4894031584262848	8.88499641418457	2.536017894744873	2.534505605697632	1.902165412902832	1.9123080968856812	False	[0 0 0 0 0 1 0 0 0 0 0 0]	[0 0 0 0 1 0 0 0 0 0 0 0]	[0 0 0 0 0 1]	[0 0 0 1 0 0]
6	-0.5	8.904339790344238	2.5443403720855713	2.5385260581970215	1.9099916219711304	1.911481499671936	False	[0 0 0 0 0 0 0 0 0 0 0 0]	[0 0 0 0 1 0 0 0 1 0 0 0]	[0 0 0 0 0 0]	[0 0 0 0 0 0]
6	0.5223354697227478	8.901131629943848	2.540066957473755	2.53702712059021	1.9090992212295532	1.9149388074874878	False	[0 0 0 0 0 1 0 0 0 0 0 0]	[0 0 0 0 0 0 0 0 1 0 0 0]	[0 0 0 0 0 1]	[0 0 0 1 0 0]
6	-1.0	8.905951499938965	2.544740915298462	2.539065361022949	1.9102578163146973	1.9118878841400146	False	[0 0 0 0 0 0 0 0 0 0 0 0]	[0 0 0 0 0 0 0 0 0 0 0 0]	[0 0 0 0 0 0]	[0 0 0 0 0 0]
6	0.5411831140518188	8.875665664672852	2.5345616340637207	2.5324532985687256	1.899655818939209	1.908995509147644	False	[0 0 0 0 0 1 0 0 0 0 0 0]	[0 0 0 0 1 0 0 0 0 0 0 0]	[0 0 0 0 0 1]	[0 0 0 1 0 0]
6	-0.5	8.904123306274414	2.544445514678955	2.538506269454956	1.9100335836410522	1.9111385345458984	False	[0 0 0 0 0 0 0 0 0 0 0 0]	[0 0 0 0 1 0 0 0 1 0 0 0]	[0 0 0 0 0 0]	[0 0 0 0 0 0]
6	0.5190185308456421	8.900522232055664	2.5401229858398438	2.5366392135620117	1.9086148738861084	1.9151453971862793	False	[0 0 0 0 0 1 0 0 0 0 0 0]	[0 0 0 0 0 0 0 0 1 0 0 0]	[0 0 0 0 0 1]	[0 0 0 1 0 0]
6	-1.0	8.904182434082031	2.544445276260376	2.5384435653686523	1.910152554512024	1.9111415147781372	False	[0 0 0 0 0 0 0 0 0 0 0 0]	[0 0 0 0 0 0 0 0 0 0 0 0]	[0 0 0 0 0 0]	[0 0 0 0 0 0]
6	0.5496991276741028	8.883667945861816	2.535768985748291	2.5344693660736084	1.9019362926483154	1.911492943763733	False	[0 0 0 0 0 1 0 0 0 0 0 0]	[0 0 0 0 1 0 0 0 0 0 0 0]	[0 0 0 0 0 1]	[0 0 0 1 0 0]
6	-0.5	8.906967163085938	2.5448546409606934	2.538997173309326	1.911130428314209	1.9119853973388672	False	[0 0 0 0 0 0 0 0 0 0 0 0]	[0 0 0 0 1 0 0 0 1 0 0 0]	[0 0 0 0 0 0]	[0 0 0 0 0 0]
6	0.5307847857475281	8.901166915893555	2.5401406288146973	2.5368504524230957	1.90901517868042	1.9151606559753418	False	[0 0 0 0 0 1 0 0 0 0 0 0]	[0 0 0 0 0 0 0 0 1 0 0 0]	[0 0 0 0 0 1]	[0 0 0 1 0 0]
6	-1.0	8.907007217407227	2.5448992252349854	2.5389113426208496	1.9110703468322754	1.9121265411376953	False	[0 0 0 0 0 0 0 0 0 0 0 0]	[0 0 0 0 0 0 0 0 0 0 0 0]	[0 0 0 0 0 0]	[0 0 0 0 0 0]
6	0.5158907771110535	8.884542465209961	2.535731315612793	2.534463405609131	1.9023562669754028	1.9119915962219238	False	[0 0 0 0 0 1 0 0 0 0 0 0]	[0 0 0 0 1 0 0 0 0 0 0 0]	[0 0 0 0 0 1]	[0 0 0 1 0 0]
6	-0.5	8.90427303314209	2.5445218086242676	2.5383286476135254	1.9100548028945923	1.9113677740097046	False	[0 0 0 0 0 0 0 0 0 0 0 0]	[0 0 0 0 1 0 0 0 1 0 0 0]	[0 0 0 0 0 0]	[0 0 0 0 0 0]
7	0.5471188426017761	8.942397117614746	2.542506217956543	2.549342393875122	1.935612678527832	1.9149363040924072	False	[0 1 0 0 0 0 0 0 0 0 0 0]	[0 0 0 1 0 0 0 0 0 0 0 0]	[0 0 1 0 0 0]	[0 1 0 0 0 0]
7	0.4099525809288025	8.91995620727539	2.542030096054077	2.536348819732666	1.933634638786316	1.907942295074463	False	[0 0 0 0 0 0 0 0 0 0 0 0]	[0 0 0 1 0 1 0 0 0 0 0 0]	[0 1 1 0 0 0]	[1 1 0 0 0 0]
7	0.3289932906627655	8.935400009155273	2.5450685024261475	2.5407140254974365	1.9378867149353027	1.9117302894592285	False	[0 1 0 0 0 0 0 0 0 0 0 0]	[0 0 0 1 0 0 0 0 0 0 0 0]	[0 1 1 1 0 0]	[1 0 0 0 0 0]
7	0.43175792694091797	8.934290885925293	2.5449070930480957	2.5407562255859375	1.9373514652252197	1.9112762212753296	False	[0 0 0 0 0 0 0 0 0 0 0 0]	[0 0 0 1 0 1 0 0 0 0 0 0]	[0 1 1 0 0 0]	[1 1 0 0 0 0]
7	0.34546393156051636	8.936211585998535	2.545348644256592	2.5409462451934814	1.9378411769866943	1.9120748043060303	False	[0 1 0 0 0 0 0 0 0 0 0 0]	[0 0 0 1 0 0 0 0 0 0 0 0]	[0 1 1 1 0 0]	[1 0 0 0 0 0]
7	0.4327956438064575	8.93330192565918	2.5443553924560547	2.5408177375793457	1.9373345375061035	1.9107941389083862	False	[0 0 0 0 0 0 0 0 0 0 0 0]	[0 0 0 1 0 1 0 0 0 0 0 0]	[0 0 1 1 0 0]	[1 1 0 0 0 0]
7	0.19293485581874847	8.933980941772461	2.5449299812316895	2.540315866470337	1.9375054836273193	1.9112296104431152	False	[0 1 0 0 0 0 0 0 0 0 0 0]	[0 0 0 1 0 0 0 0 0 0 0 0]	[0 0 1 0 0 0]	[1 0 0 0 0 0]
7	-0.5	8.949151039123535	2.5469343662261963	2.5466384887695312	1.9417757987976074	1.913802981376648	False	[0 0 0 0 0 0 0 0 0 0 0 0]	[0 0 1 1 0 0 0 0 0 0 0 0]	[0 0 0 0 0 0]	[1 1 0 0 0 0]
7	0.2674052119255066	8.948296546936035	2.5465996265411377	2.546315908432007	1.9419852495193481	1.9133961200714111	False	[0 1 0 0 0 0 0 0 0 0 0 0]	[0 0 1 1 0 1 0 0 0 0 0 0]	[0 0 1 0 0 0]	[1 0 0 0 0 0]
7	-0.5	8.94937515258789	2.5472629070281982	2.5462522506713867	1.9418234825134277	1.9140360355377197	False	[0 0 0 0 0 0 0 0 0 0 0 0]	[0 0 1 1 0 0 0 0 0 0 0 0]	[0 0 0 0 0 0]	[1 1 0 0 0 0]
7	0.2600569725036621	8.94830322265625	2.546661138534546	2.546180009841919	1.9420647621154785	1.9133977890014648	False	[0 1 0 0 0 0 0 0 0 0 0 0]	[0 0 1 1 0 1 0 0 0 0 0 0]	[0 0 1 0 0 0]	[1 0 0 0 0 0]
7	-0.5	8.95057201385498	2.5477962493896484	2.546337127685547	1.942002534866333	1.9144362211227417	False	[0 0 0 0 0 0 0 0 0 0 0 0]	[0 0 1 1 0 0 0 0 0 0 0 0]	[0 0 0 0 0 0]	[1 1 0 0 0 0]
7	0.26513350009918213	8.94841194152832	2.5469295978546143	2.545778512954712	1.9419642686843872	1.9137399196624756	False	[0 1 0 0 0 0 0 0 0 0 0 0]	[0 0 1 1 0 1 0 0 0 0 0 0]	[0 0 1 0 0 0]	[1 0 0 0 0 0]
7	-0.5	8.951154708862305	2.547837734222412	2.546389579772949	1.9422357082366943	1.9146920442581177	False	[0 0 0 0 0 0 0 0 0 0 0 0]	[0 0 1 1 0 0 0 0 0 0 0 0]	[0 0 0 0 0 0]	[1 1 0 0 0 0]
7	0.25338485836982727	8.949039459228516	2.546903610229492	2.546449661254883	1.9419485330581665	1.9137375354766846	False	[0 1 0 0 0 0 0 0 0 0 0 0]	[0 0 1 1 0 1 0 0 0 0 0 0]	[0 0 1 0 0 0]	[1 0 0 0 0 0]
7	-0.5	8.949442863464355	2.5474483966827393	2.545896053314209	1.9418907165527344	1.9142076969146729	False	[0 0 0 0 0 0 0 0 0 0 0 0]	[0 0 1 1 0 0 0 0 0 0 0 0]	[0 0 0 0 0 0]	[1 1 0 0 0 0]
7	0.25119155645370483	8.948535919189453	2.5468921661376953	2.5458338260650635	1.9419978857040405	1.9138118028640747	False	[0 1 0 0 0 0 0 0 0 0 0 0]	[0 0 1 1 0 1 0 0 0 0 0 0]	[0 0 1 0 0 0]	[1 0 0 0 0 0]
7	-0.5	8.950699806213379	2.5477311611175537	2.546065330505371	1.9422004222869873	1.9147027730941772	False	[0 0 0 0 0 0 0 0 0 0 0 0]	[0 0 1 1 0 0 0 0 0 0 0 0]	[0 0 0 0 0 0]	[1 1 0 0 0 0]
7	0.26025500893592834	8.948131561279297	2.546863555908203	2.54606556892395	1.9418236017227173	1.9133790731430054	False	[0 1 0 0 0 0 0 0 0 0 0 0]	[0 0 1 1 0 1 0 0 0 0 0 0]	[0 0 1 0 0 0]	[1 0 0 0 0 0]
7	-0.5	8.949028968811035	2.547283411026001	2.5458335876464844	1.9420011043548584	1.9139107465744019	False	[0 0 0 0 0 0 0 0 0 0 0 0]	[0 0 1 1 0 0 0 0 0 0 0 0]	[0 0 0 0 0 0]	[1 1 0 0 0 0]
7	0.26242148876190186	8.94843864440918	2.54675030708313	2.5463740825653076	1.941856861114502	1.9134575128555298	False	[0 1 0 0 0 0 0 0 0 0 0 0]	[0 0 1 1 0 1 0 0 0 0 0 0]	[0 0 1 0 0 0]	[1 0 0 0 0 0]
7	-0.5	8.949625015258789	2.547388792037964	2.5461533069610596	1.9419113397598267	1.9141716957092285	False	[0 0 0 0 0 0 0 0 0 0 0 0]	[0 0 1 1 0 0 0 0 0 0 0 0]	[0 0 0 0 0 0]	[1 1 0 0 0 0]
7	0.24158966541290283	8.948451042175293	2.5469422340393066	2.54599666595459	1.941800594329834	1.9137117862701416	False	[0 1 0 0 0 0 0 0 0 0 0 0]	[0 0 1 1 0 1 0 0 0 0 0 0]	[0 0 1 0 0 0]	[1 0 0 0 0 0]
7	-0.5	8.950403213500977	2.54767107963562	2.5460968017578125	1.9420640468597412	1.9145710468292236	False	[0 0 0 0 0 0 0 0 0 0 0 0]	[0 0 1 1 0 0 0 0 0 0 0 0]	[0 0 0 0 0 0]	[1 1 0 0 0 0]
7	0.25152331590652466	8.947827339172363	2.546703338623047	2.545745611190796	1.9418997764587402	1.9134786128997803	False	[0 1 0 0 0 0 0 0 0 0 0 0]	[0 0 1 1 0 1 0 0 0 0 0 0]	[0 0 1 0 0 0]	[1 0 0 0 0 0]
7	-0.5	8.950156211853027	2.547708749771118	2.546027660369873	1.9420673847198486	1.9143521785736084	False	[0 0 0 0 0 0 0 0 0 0 0 0]	[0 0 1 1 0 0 0 0 0 0 0 0]	[0 0 0 0 0 0]	[1 1 0 0 0 0]
7	0.2518623173236847	8.948041915893555	2.5468909740448	2.545900583267212	1.9418294429779053	1.9134211540222168	False	[0 1 0 0 0 0 0 0 0 0 0 0]	[0 0 1 1 0 1 0 0 0 0 0 0]	[0 0 1 0 0 0]	[1 0 0 0 0 0]
7	-0.5	8.950928688049316	2.5478830337524414	2.5462045669555664	1.9420095682144165	1.9148313999176025	False	[0 0 0 0 0 0 0 0 0 0 0 0]	[0 0 1 1 0 0 0 0 0 0 0 0]	[0 0 0 0 0 0]	[1 1 0 0 0 0]
7	0.2601788640022278	8.948445320129395	2.5468156337738037	2.5461039543151855	1.9419399499893188	1.9135863780975342	False	[0 1 0 0 0 0 0 0 0 0 0 0]	[0 0 1 1 0 1 0 0 0 0 0 0]	[0 0 1 0 0 0]	[1 0 0 0 0 0]
7	-0.5	8.949850082397461	2.547454595565796	2.5461456775665283	1.9420572519302368	1.9141929149627686	False	[0 0 0 0 0 0 0 0 0 0 0 0]	[0 0 1 1 0 0 0 0 0 0 0 0]	[0 0 0 0 0 0]	[1 1 0 0 0 0]
8	-0.5	8.911897659301758	2.538424491882324	2.524111270904541	1.9243345260620117	1.92502760887146	False	[0 0 0 0 0 0 1 0 0 0 0 0]	[1 0 0 0 0 0 0 0 0 0 0 0]	[0 0 1 0 0 0]	[1 0 0 0 0 0]
8	-0.5	8.922144889831543	2.5464608669281006	2.5355896949768066	1.9202570915222168	1.9198375940322876	False	[0 0 0 0 0 0 0 0 0 0 0 0]	[0 0 0 0 0 0 0 0 0 0 0 0]	[0 1 1 0 0 0]	[0 0 0 0 0 0]
8	-0.5	8.90679931640625	2.544956684112549	2.531007766723633	1.9144163131713867	1.9164185523986816	False	[0 0 0 0 0 0 1 0 0 0 0 0]	[1 0 0 0 0 0 0 0 0 0 0 0]	[0 0 1 0 0 0]	[1 0 0 0 0 0]
8	-1.0	8.920267105102539	2.546208143234253	2.5349457263946533	1.9197235107421875	1.9193894863128662	False	[0 0 0 0 0 0 0 0 0 0 0 0]	[0 0 0 0 0 0 0 0 0 0 0 0]	[0 0 0 0 0 0]	[0 0 0 0 0 0]
8	-0.5	8.910000801086426	2.5382888317108154	2.5238029956817627	1.9235749244689941	1.924334168434143	False	[0 0 0 0 0 0 1 0 0 0 0 0]	[1 0 0 0 0 0 0 0 0 0 0 0]	[0 0 1 0 0 0]	[1 0 0 0 0 0]
8	-1.0	8.920646667480469	2.546588182449341	2.5348989963531494	1.9199497699737549	1.9192097187042236	False	[0 0 0 0 0 0 0 0 0 0 0 0]	[0 0 0 0 0 0 0 0 0 0 0 0]	[0 0 0 0 0 0]	[0 0 0 0 0 0]
8	-0.5	8.911534309387207	2.539013385772705	2.524195432662964	1.924014925956726	1.924310326576233	False	[0 0 0 0 0 0 1 0 0 0 0 0]	[1 0 0 0 0 0 0 0 0 0 0 0]	[0 0 1 0 0 0]	[1 0 0 0 0 0]
8	-1.0	8.920862197875977	2.546229600906372	2.53562331199646	1.9197407960891724	1.9192686080932617	False	[0 0 0 0 0 0 0 0 0 0 0 0]	[0 0 0 0 0 0 0 0 0 0 0 0]	[0 0 0 0 0 0]	[0 0 0 0 0 0]
8	-0.5	8.910805702209473	2.5378928184509277	2.523707151412964	1.924405574798584	1.9248007535934448	False	[0 0 0 0 0 0 1 0 0 0 0 0]	[1 0 0 0 0 0 0 0 0 0 0 0]	[0 0 1 0 0 0]	[1 0 0 0 0 0]
8	-1.0	8.92005729675293	2.5462889671325684	2.5348093509674072	1.9198294878005981	1.919129729270935	False	[0 0 0 0 0 0 0 0 0 0 0 0]	[0 0 0 0 0 0 0 0 0 0 0 0]	[0 0 0 0 0 0]	[0 0 0 0 0 0]
8	-0.5	8.909869194030762	2.5385186672210693	2.523613214492798	1.9234955310821533	1.9242416620254517	False	[0 0 0 0 0 0 1 0 0 0 0 0]	[1 0 0 0 0 0 0 0 0 0 0 0]	[0 0 1 0 0 0]	[1 0 0 0 0 0]
8	-1.0	8.92038345336914	2.5466020107269287	2.534877061843872	1.9195387363433838	1.919365406036377	False	[0 0 0 0 0 0 0 0 0 0 0 0]	[0 0 0 0 0 0 0 0 0 0 0 0]	[0 0 0 0 0 0]	[0 0 0 0 0 0]
8	-0.5	8.912728309631348	2.5386431217193604	2.5243115425109863	1.9245450496673584	1.9252278804779053	False	[0 0 0 0 0 0 1 0 0 0 0 0]	[1 0 0 0 0 0 0 0 0 0 0 0]	[0 0 1 0 0 0]	[1 0 0 0 0 0]
8	-1.0	8.920079231262207	2.5463857650756836	2.5348060131073	1.9196116924285889	1.9192752838134766	False	[0 0 0 0 0 0 0 0 0 0 0 0]	[0 0 0 0 0 0 0 0 0 0 0 0]	[0 0 0 0 0 0]	[0 0 0 0 0 0]
8	-0.5	8.909822463989258	2.538456916809082	2.523365020751953	1.9233869314193726	1.9246137142181396	False	[0 0 0 0 0 0 1 0 0 0 0 0]	[1 0 0 0 0 0 0 0 0 0 0 0]	[0 0 1 0 0 0]	[1 0 0 0 0 0]
8	-1.0	8.920527458190918	2.5464022159576416	2.535093069076538	1.9196486473083496	1.9193837642669678	False	[0 0 0 0 0 0 0 0 0 0 0 0]	[0 0 0 0 0 0 0 0 0 0 0 0]	[0 0 0 0 0 0]	[0 0 0 0 0 0]
8	-0.5	8.91098690032959	2.5386791229248047	2.523522138595581	1.9240844249725342	1.9247010946273804	False	[0 0 0 0 0 0 1 0 0 0 0 0]	[1 0 0 0 0 0 0 0 0 0 0 0]	[0 0 1 0 0 0]	[1 0 0 0 0 0]
8	-1.0	8.92060375213623	2.5463852882385254	2.535015821456909	1.919752597808838	1.9194506406784058	False	[0 0 0 0 0 0 0 0 0 0 0 0]	[0 0 0 0 0 0 0 0 0 0 0 0]	[0 0 0 0 0 0]	[0 0 0 0 0 0]
8	-0.5	8.90938949584961	2.5378541946411133	2.523547410964966	1.9234068393707275	1.9245810508728027	False	[0 0 0 0 0 0 1 0 0 0 0 0]	[1 0 0 0 0 0 0 0 0 0 0 0]	[0 0 1 0 0 0]	[1 0 0 0 0 0]
8	-1.0	8.921721458435059	2.5465052127838135	2.535327672958374	1.9203473329544067	1.919541358947754	False	[0 0 0 0 0 0 0 0 0 0 0 0]	[0 0 0 0 0 0 0 0 0 0 0 0]	[0 0 0 0 0 0]	[0 0 0 0 0 0]
8	-0.5	8.90935230255127	2.538240671157837	2.523158311843872	1.9234447479248047	1.9245085716247559	False	[0 0 0 0 0 0 1 0 0 0 0 0]	[1 0 0 0 0 0 0 0 0 0 0 0]	[0 0 1 0 0 0]	[1 0 0 0 0 0]
8	-1.0	8.921156883239746	2.5462701320648193	2.535463333129883	1.9199872016906738	1.9194363355636597	False	[0 0 0 0 0 0 0 0 0 0 0 0]	[0 0 0 0 0 0 0 0 0 0 0 0]	[0 0 0 0 0 0]	[0 0 0 0 0 0]
8	-0.5	8.908312797546387	2.5384342670440674	2.522916555404663	1.9229850769042969	1.9239768981933594	False	[0 0 0 0 0 0 1 0 0 0 0 0]	[1 0 0 0 0 0 0 0 0 0 0 0]	[0 0 1 0 0 0]	[1 0 0 0 0 0]
8	-1.0	8.916045188903809	2.545870304107666	2.5336599349975586	1.9182156324386597	1.9182991981506348	False	[0 0 0 0 0 0 0 0 0 0 0 0]	[0 0 0 0 0 0 0 0 0 0 0 0]	[0 0 0 0 0 0]	[0 0 0 0 0 0]
8	-0.5	8.911603927612305	2.538595676422119	2.524319887161255	1.9237949848175049	1.9248930215835571	False	[0 0 0 0 0 0 1 0 0 0 0 0]	[1 0 0 0 0 0 0 0 0 0 0 0]	[0 0 1 0 0 0]	[1 0 0 0 0 0]
8	-0.5	8.917044639587402	2.545992612838745	2.5341875553131104	1.918272614479065	1.9185916185379028	False	[0 0 0 0 0 0 0 0 0 0 0 0]	[0 0 0 0 0 0 0 0 0 0 0 0]	[0 1 1 0 0 0]	[0 0 0 0 0 0]
8	-0.5	8.907866477966309	2.545517921447754	2.5311923027038574	1.9145967960357666	1.9165595769882202	False	[0 0 0 0 0 0 1 0 0 0 0 0]	[1 0 0 0 0 0 0 0 0 0 0 0]	[0 0 1 0 0 0]	[1 0 0 0 0 0]
8	-1.0	8.919217109680176	2.546239137649536	2.534586191177368	1.9192012548446655	1.9191904067993164	False	[0 0 0 0 0 0 0 0 0 0 0 0]	[0 0 0 0 0 0 0 0 0 0 0 0]	[0 0 0 0 0 0]	[0 0 0 0 0 0]
8	-0.5	8.91114616394043	2.538433313369751	2.52384090423584	1.9241708517074585	1.9247008562088013	False	[0 0 0 0 0 0 1 0 0 0 0 0]	[1 0 0 0 0 0 0 0 0 0 0 0]	[0 0 1 0 0 0]	[1 0 0 0 0 0]
8	-1.0	8.91802978515625	2.5461299419403076	2.5341763496398926	1.9187346696853638	1.9189890623092651	False	[0 0 0 0 0 0 0 0 0 0 0 0]	[0 0 0 0 0 0 0 0 0 0 0 0]	[0 0 0 0 0 0]	[0 0 0 0 0 0]
9	0.17975389957427979	8.79831600189209	2.519484758377075	2.5022242069244385	1.860974907875061	1.9156320095062256	False	[0 0 0 0 0 0 0 0 0 1 0 0]	[0 0 0 0 0 1 0 0 0 0 0 0]	[1 0 0 0 0 0]	[0 0 0 0 1 0]
9	-0.5	8.855159759521484	2.5295026302337646	2.523653984069824	1.870021104812622	1.9319825172424316	False	[0 0 0 1 0 0 0 0 0 1 0 0]	[0 0 0 0 0 0 0 0 0 0 0 0]	[1 0 0 1 0 0]	[0 0 0 0 0 0]
9	0.3125580847263336	8.864171028137207	2.5346829891204834	2.5174686908721924	1.8840148448944092	1.9280043840408325	False	[0 0 0 1 0 0 0 0 0 0 0 0]	[0 0 0 0 0 1 0 0 0 0 0 0]	[0 0 0 1 0 0]	[0 0 0 0 1 0]
9	-1.0	8.842528343200684	2.525338649749756	2.523987293243408	1.8611774444580078	1.9320250749588013	False	[0 0 0 0 0 0 0 0 0 0 0 0]	[0 0 0 0 0 0 0 0 0 0 0 0]	[0 0 0 0 0 0]	[0 0 0 0 0 0]
9	0.2088339477777481	8.792462348937988	2.518155574798584	2.501199245452881	1.859141230583191	1.913966417312622	False	[0 0 0 0 0 0 0 0 0 1 0 0]	[0 0 0 0 0 1 0 0 0 0 0 0]	[1 0 0 0 0 0]	[0 0 0 0 1 0]
9	-0.5	8.853442192077637	2.5293338298797607	2.5229947566986084	1.8690404891967773	1.9320727586746216	False	[0 0 0 1 0 0 0 0 0 1 0 0]	[0 0 0 0 0 0 0 0 0 0 0 0]	[1 0 0 1 0 0]	[0 0 0 0 0 0]
9	0.33099156618118286	8.852340698242188	2.53236722946167	2.5148632526397705	1.878478765487671	1.9266308546066284	False	[0 0 0 1 0 0 0 0 0 0 0 0]	[0 0 0 0 0 1 0 0 0 0 0 0]	[0 0 0 1 0 0]	[0 0 0 0 1 0]
9	-1.0	8.845114707946777	2.5264110565185547	2.5243053436279297	1.8622889518737793	1.9321095943450928	False	[0 0 0 0 0 0 0 0 0 0 0 0]	[0 0 0 0 0 0 0 0 0 0 0 0]	[0 0 0 0 0 0]	[0 0 0 0 0 0]
9	0.20529988408088684	8.79779052734375	2.519531488418579	2.502808094024658	1.8601276874542236	1.9153227806091309	False	[0 0 0 0 0 0 0 0 0 1 0 0]	[0 0 0 0 0 1 0 0 0 0 0 0]	[1 0 0 0 0 0]	[0 0 0 0 1 0]
9	-0.5	8.852540969848633	2.529167652130127	2.522880792617798	1.8686195611953735	1.9318733215332031	False	[0 0 0 1 0 0 0 0 0 1 0 0]	[0 0 0 0 0 0 0 0 0 0 0 0]	[1 0 0 1 0 0]	[0 0 0 0 0 0]
9	0.2997457981109619	8.856099128723145	2.5331828594207764	2.515385150909424	1.8802530765533447	1.927278757095337	False	[0 0 0 1 0 0 0 0 0 0 0 0]	[0 0 0 0 0 1 0 0 0 0 0 0]	[0 0 0 1 0 0]	[0 0 0 0 1 0]
9	-1.0	8.848860740661621	2.5275025367736816	2.524948835372925	1.8644537925720215	1.9319560527801514	False	[0 0 0 0 0 0 0 0 0 0 0 0]	[0 0 0 0 0 0 0 0 0 0 0 0]	[0 0 0 0 0 0]	[0 0 0 0 0 0]
9	0.20125196874141693	8.804038047790527	2.5208773612976074	2.5033082962036133	1.8632564544677734	1.9165959358215332	False	[0 0 0 0 0 0 0 0 0 1 0 0]	[0 0 0 0 0 1 0 0 0 0 0 0]	[1 0 0 0 0 0]	[0 0 0 0 1 0]
9	-0.5	8.861587524414062	2.531113862991333	2.5245625972747803	1.8731021881103516	1.9328083992004395	False	[0 0 0 1 0 0 0 0 0 1 0 0]	[0 0 0 0 0 0 0 0 0 0 0 0]	[1 0 0 1 0 0]	[0 0 0 0 0 0]
9	0.33451882004737854	8.853425979614258	2.5325071811676025	2.515164375305176	1.8787792921066284	1.9269757270812988	False	[0 0 0 1 0 0 0 0 0 0 0 0]	[0 0 0 0 0 1 0 0 0 0 0 0]	[0 0 0 1 0 0]	[0 0 0 0 1 0]
9	-1.0	8.84300422668457	2.525954484939575	2.5241856575012207	1.8610492944717407	1.9318150281906128	False	[0 0 0 0 0 0 0 0 0 0 0 0]	[0 0 0 0 0 0 0 0 0 0 0 0]	[0 0 0 0 0 0]	[0 0 0 0 0 0]
9	0.20214679837226868	8.794639587402344	2.518793821334839	2.501953363418579	1.859384536743164	1.9145076274871826	False	[0 0 0 0 0 0 0 0 0 1 0 0]	[0 0 0 0 0 1 0 0 0 0 0 0]	[1 0 0 0 0 0]	[0 0 0 0 1 0]
9	-0.5	8.855932235717773	2.52976131439209	2.5239641666412354	1.8701410293579102	1.9320659637451172	False	[0 0 0 1 0 0 0 0 0 1 0 0]	[0 0 0 0 0 0 0 0 0 0 0 0]	[1 0 0 1 0 0]	[0 0 0 0 0 0]
9	0.3099747598171234	8.859169960021973	2.5337421894073486	2.5161044597625732	1.8813832998275757	1.9279398918151855	False	[0 0 0 1 0 0 0 0 0 0 0 0]	[0 0 0 0 0 1 0 0 0 0 0 0]	[0 0 0 1 0 0]	[0 0 0 0 1 0]
9	-1.0	8.847603797912598	2.5269055366516113	2.5250885486602783	1.8635379076004028	1.9320718050003052	False	[0 0 0 0 0 0 0 0 0 0 0 0]	[0 0 0 0 0 0 0 0 0 0 0 0]	[0 0 0 0 0 0]	[0 0 0 0 0 0]
9	0.21760109066963196	8.792890548706055	2.517852544784546	2.5016651153564453	1.8585243225097656	1.914848804473877	False	[0 0 0 0 0 0 0 0 0 1 0 0]	[0 0 0 0 0 1 0 0 0 0 0 0]	[1 0 0 0 0 0]	[0 0 0 0 1 0]
9	-0.5	8.862332344055176	2.5316574573516846	2.525583267211914	1.8729406595230103	1.9321515560150146	False	[0 0 0 1 0 0 0 0 0 1 0 0]	[0 0 0 0 0 0 0 0 0 0 0 0]	[1 0 0 1 0 0]	[0 0 0 0 0 0]
9	0.31157007813453674	8.851933479309082	2.532078504562378	2.5151240825653076	1.8781168460845947	1.926613688468933	False	[0 0 0 1 0 0 0 0 0 0 0 0]	[0 0 0 0 0 1 0 0 0 0 0 0]	[0 0 0 1 0 0]	[0 0 0 0 1 0]
9	-1.0	8.844828605651855	2.52606463432312	2.5243704319000244	1.8624178171157837	1.9319754838943481	False	[0 0 0 0 0 0 0 0 0 0 0 0]	[0 0 0 0 0 0 0 0 0 0 0 0]	[0 0 0 0 0 0]	[0 0 0 0 0 0]
9	0.2103826254606247	8.791927337646484	2.517982244491577	2.5018908977508545	1.857590675354004	1.9144635200500488	False	[0 0 0 0 0 0 0 0 0 1 0 0]	[0 0 0 0 0 1 0 0 0 0 0 0]	[1 0 0 0 0 0]	[0 0 0 0 1 0]
9	-0.5	8.856843948364258	2.5300495624542236	2.5237820148468018	1.8706293106079102	1.9323830604553223	False	[0 0 0 1 0 0 0 0 0 1 0 0]	[0 0 0 0 0 0 0 0 0 0 0 0]	[1 0 0 1 0 0]	[0 0 0 0 0 0]
9	0.3412266671657562	8.855908393859863	2.532780170440674	2.51509428024292	1.8806627988815308	1.9273713827133179	False	[0 0 0 1 0 0 0 0 0 0 0 0]	[0 0 0 0 0 1 0 0 0 0 0 0]	[0 0 0 1 0 0]	[0 0 0 0 1 0]
9	-1.0	8.847515106201172	2.526792287826538	2.5246851444244385	1.8639081716537476	1.932129144668579	False	[0 0 0 0 0 0 0 0 0 0 0 0]	[0 0 0 0 0 0 0 0 0 0 0 0]	[0 0 0 0 0 0]	[0 0 0 0 0 0]
9	0.1971653252840042	8.798951148986816	2.5200343132019043	2.5025367736816406	1.86087965965271	1.9155009984970093	False	[0 0 0 0 0 0 0 0 0 1 0 0]	[0 0 0 0 0 1 0 0 0 0 0 0]	[1 0 0 0 0 0]	[0 0 0 0 1 0]
9	-0.5	8.853292465209961	2.5294361114501953	2.5232348442077637	1.8686773777008057	1.9319438934326172	False	[0 0 0 1 0 0 0 0 0 1 0 0]	[0 0 0 0 0 0 0 0 0 0 0 0]	[1 0 0 1 0 0]	[0 0 0 0 0 0]
10	0.49823084473609924	8.82912540435791	2.499894142150879	2.5061216354370117	1.9124069213867188	1.9107024669647217	False	[0 0 0 0 0 1 0 0 0 0 0 0]	[0 0 0 0 0 0 0 0 1 0 0 0]	[0 0 1 0 0 0]	[0 0 0 1 0 0]
10	-0.5	8.81264591217041	2.5378122329711914	2.505906820297241	1.8816415071487427	1.8872852325439453	False	[0 0 0 0 0 0 0 0 0 0 0 0]	[0 0 0 0 0 1 0 0 1 0 0 0]	[0 0 0 0 0 0]	[1 0 0 1 0 0]
10	0.3799486458301544	8.87292194366455	2.5303614139556885	2.5219926834106445	1.9118475914001465	1.9087207317352295	False	[0 0 0 0 0 1 0 0 0 0 0 0]	[0 0 0 0 0 1 0 0 0 0 0 0]	[0 0 1 0 0 0]	[1 0 0 0 0 0]
10	-1.0	8.831607818603516	2.5380380153656006	2.5118558406829834	1.8883631229400635	1.8933510780334473	False	[0 0 0 0 0 0 0 0 0 0 0 0]	[0 0 0 0 0 0 0 0 0 0 0 0]	[0 0 0 0 0 0]	[0 0 0 0 0 0]
10	0.515795111656189	8.832794189453125	2.5023131370544434	2.5069189071655273	1.9132308959960938	1.9103312492370605	False	[0 0 0 0 0 1 0 0 0 0 0 0]	[0 0 0 0 0 0 0 0 1 0 0 0]	[0 0 1 0 0 0]	[0 0 0 1 0 0]
10	-0.5	8.819319725036621	2.5394530296325684	2.507770299911499	1.883406162261963	1.88869047164917	False	[0 0 0 0 0 0 0 0 0 0 0 0]	[0 0 0 0 0 1 0 0 1 0 0 0]	[0 0 0 0 0 0]	[1 0 0 1 0 0]
10	0.39088138937950134	8.871465682983398	2.530088424682617	2.521503210067749	1.9111461639404297	1.9087281227111816	False	[0 0 0 0 0 1 0 0 0 0 0 0]	[0 0 0 0 0 1 0 0 0 0 0 0]	[0 0 1 0 0 0]	[1 0 0 0 0 0]
10	-1.0	8.831884384155273	2.53841233253479	2.5127317905426025	1.8884676694869995	1.89227294921875	False	[0 0 0 0 0 0 0 0 0 0 0 0]	[0 0 0 0 0 0 0 0 0 0 0 0]	[0 0 0 0 0 0]	[0 0 0 0 0 0]
10	0.5225343108177185	8.830225944519043	2.501332998275757	2.5063443183898926	1.9125046730041504	1.9100439548492432	False	[0 0 0 0 0 1 0 0 0 0 0 0]	[0 0 0 0 0 0 0 0 1 0 0 0]	[0 0 1 0 0 0]	[0 0 0 1 0 0]
10	-0.5	8.813430786132812	2.538404703140259	2.5054402351379395	1.881786584854126	1.8877989053726196	False	[0 0 0 0 0 0 0 0 0 0 0 0]	[0 0 0 0 0 1 0 0 1 0 0 0]	[0 0 0 0 0 0]	[1 0 0 1 0 0]
10	0.3755353093147278	8.871304512023926	2.52999210357666	2.5217225551605225	1.911003828048706	1.908585786819458	False	[0 0 0 0 0 1 0 0 0 0 0 0]	[0 0 0 0 0 1 0 0 0 0 0 0]	[0 0 1 0 0 0]	[1 0 0 0 0 0]
10	-1.0	8.834839820861816	2.539644241333008	2.513123035430908	1.8890397548675537	1.8930329084396362	False	[0 0 0 0 0 0 0 0 0 0 0 0]	[0 0 0 0 0 0 0 0 0 0 0 0]	[0 0 0 0 0 0]	[0 0 0 0 0 0]
10	0.4989246428012848	8.825281143188477	2.499361753463745	2.505361795425415	1.9111756086349487	1.9093817472457886	False	[0 0 0 0 0 1 0 0 0 0 0 0]	[0 0 0 0 0 0 0 0 1 0 0 0]	[0 0 1 0 0 0]	[0 0 0 1 0 0]
10	-0.5	8.816374778747559	2.538583278656006	2.5063939094543457	1.8832749128341675	1.888122320175171	False	[0 0 0 0 0 0 0 0 0 0 0 0]	[0 0 0 0 0 1 0 0 1 0 0 0]	[0 0 0 0 0 0]	[1 0 0 1 0 0]
10	0.38631993532180786	8.872360229492188	2.530154228210449	2.522028684616089	1.9111887216567993	1.9089882373809814	False	[0 0 0 0 0 1 0 0 0 0 0 0]	[0 0 0 0 0 1 0 0 0 0 0 0]	[0 0 1 0 0 0]	[1 0 0 0 0 0]
10	-1.0	8.832894325256348	2.5388505458831787	2.5126986503601074	1.8885693550109863	1.8927760124206543	False	[0 0 0 0 0 0 0 0 0 0 0 0]	[0 0 0 0 0 0 0 0 0 0 0 0]	[0 0 0 0 0 0]	[0 0 0 0 0 0]
10	0.5089473128318787	8.841842651367188	2.5056416988372803	2.5086262226104736	1.9160408973693848	1.9115333557128906	False	[0 0 0 0 0 1 0 0 0 0 0 0]	[0 0 0 0 0 0 0 0 1 0 0 0]	[0 0 1 0 0 0]	[0 0 0 1 0 0]
10	-0.5	8.816810607910156	2.538912296295166	2.5069451332092285	1.8830138444900513	1.8879395723342896	False	[0 0 0 0 0 0 0 0 0 0 0 0]	[0 0 0 0 0 1 0 0 1 0 0 0]	[0 0 0 0 0 0]	[1 0 0 1 0 0]
10	0.3834648132324219	8.872450828552246	2.5309510231018066	2.5218636989593506	1.9112248420715332	1.9084117412567139	False	[0 0 0 0 0 1 0 0 0 0 0 0]	[0 0 0 0 0 1 0 0 0 0 0 0]	[0 0 1 0 0 0]	[1 0 0 0 0 0]
10	-1.0	8.833100318908691	2.538855791091919	2.512354612350464	1.8889708518981934	1.8929188251495361	False	[0 0 0 0 0 0 0 0 0 0 0 0]	[0 0 0 0 0 0 0 0 0 0 0 0]	[0 0 0 0 0 0]	[0 0 0 0 0 0]
10	0.48717591166496277	8.835926055908203	2.5034759044647217	2.5075788497924805	1.9141803979873657	1.9106905460357666	False	[0 0 0 0 0 1 0 0 0 0 0 0]	[0 0 0 0 0 0 0 0 1 0 0 0]	[0 0 1 0 0 0]	[0 0 0 1 0 0]
10	-0.5	8.822593688964844	2.5403313636779785	2.5081253051757812	1.884838342666626	1.8892982006072998	False	[0 0 0 0 0 0 0 0 0 0 0 0]	[0 0 0 0 0 1 0 0 1 0 0 0]	[0 0 0 0 0 0]	[1 0 0 1 0 0]
10	0.37331628799438477	8.870683670043945	2.529646635055542	2.5213260650634766	1.9108147621154785	1.9088963270187378	False	[0 0 0 0 0 1 0 0 0 0 0 0]	[0 0 0 0 0 1 0 0 0 0 0 0]	[0 0 1 0 0 0]	[1 0 0 0 0 0]
10	-1.0	8.836790084838867	2.539818048477173	2.5134809017181396	1.8897242546081543	1.8937671184539795	False	[0 0 0 0 0 0 0 0 0 0 0 0]	[0 0 0 0 0 0 0 0 0 0 0 0]	[0 0 0 0 0 0]	[0 0 0 0 0 0]
10	0.5071680545806885	8.834251403808594	2.503093957901001	2.5070443153381348	1.9137156009674072	1.9103977680206299	False	[0 0 0 0 0 1 0 0 0 0 0 0]	[0 0 0 0 0 0 0 0 1 0 0 0]	[0 0 1 0 0 0]	[0 0 0 1 0 0]
10	-0.5	8.817095756530762	2.539436101913452	2.5063579082489014	1.8830357789993286	1.8882660865783691	False	[0 0 0 0 0 0 0 0 0 0 0 0]	[0 0 0 0 0 1 0 0 1 0 0 0]	[0 0 0 0 0 0]	[1 0 0 1 0 0]
10	0.3657909035682678	8.87155818939209	2.5297415256500244	2.5216293334960938	1.911659836769104	1.9085276126861572	False	[0 0 0 0 0 1 0 0 0 0 0 0]	[0 0 0 0 0 1 0 0 0 0 0 0]	[0 0 1 0 0 0]	[1 0 0 0 0 0]
10	-1.0	8.832901000976562	2.5388569831848145	2.5126700401306152	1.8883287906646729	1.893045425415039	False	[0 0 0 0 0 0 0 0 0 0 0 0]	[0 0 0 0 0 0 0 0 0 0 0 0]	[0 0 0 0 0 0]	[0 0 0 0 0 0]
10	0.5049958229064941	8.832805633544922	2.502483367919922	2.5070276260375977	1.9130573272705078	1.9102376699447632	False	[0 0 0 0 0 1 0 0 0 0 0 0]	[0 0 0 0 0 0 0 0 1 0 0 0]	[0 0 1 0 0 0]	[0 0 0 1 0 0]
10	-0.5	8.817124366760254	2.5392370223999023	2.5064048767089844	1.8829514980316162	1.888530969619751	False	[0 0 0 0 0 0 0 0 0 0 0 0]	[0 0 0 0 0 1 0 0 1 0 0 0]	[0 0 0 0 0 0]	[1 0 0 1 0 0]
11	0.21445712447166443	8.826504707336426	2.4793334007263184	2.525848865509033	1.9041798114776611	1.9171432256698608	False	[0 0 0 0 0 0 1 0 0 0 0 0]	[0 0 0 0 0 0 0 0 0 1 0 0]	[0 0 0 0 1 0]	[0 1 0 0 0 0]
11	-0.5	8.849983215332031	2.518683433532715	2.536971092224121	1.8976025581359863	1.896726131439209	False	[0 0 0 0 0 0 0 0 0 0 0 0]	[0 0 0 1 0 0 0 0 0 1 0 0]	[0 0 0 0 0 0]	[0 1 0 0 1 0]
11	0.2087344378232956	8.862167358398438	2.4985198974609375	2.5360610485076904	1.910630464553833	1.9169557094573975	False	[0 0 0 0 0 0 1 0 0 0 0 0]	[0 0 0 1 0 0 0 0 0 0 0 0]	[0 0 0 0 1 0]	[0 0 0 0 1 0]
11	-1.0	8.864645004272461	2.522099256515503	2.53922438621521	1.9026262760162354	1.9006946086883545	False	[0 0 0 0 0 0 0 0 0 0 0 0]	[0 0 0 0 0 0 0 0 0 0 0 0]	[0 0 0 0 0 0]	[0 0 0 0 0 0]
11	0.19770516455173492	8.826812744140625	2.479902982711792	2.5260562896728516	1.9036719799041748	1.9171806573867798	False	[0 0 0 0 0 0 1 0 0 0 0 0]	[0 0 0 0 0 0 0 0 0 1 0 0]	[0 0 0 0 1 0]	[0 1 0 0 0 0]
11	0.1909356415271759	8.85901927947998	2.520742416381836	2.538641929626465	1.9006458520889282	1.8989894390106201	False	[0 0 0 0 0 0 0 0 0 0 0 0]	[0 0 0 1 0 0 0 0 0 1 0 0]	[0 0 1 0 1 0]	[0 1 0 0 1 0]
11	0.20586517453193665	8.880020141601562	2.518310070037842	2.542257308959961	1.9094375371932983	1.9100154638290405	False	[0 0 0 0 0 0 1 0 0 0 0 0]	[0 0 0 0 0 0 0 0 0 1 0 0]	[0 0 1 0 0 0]	[0 0 0 0 1 0]
11	0.07956632971763611	8.856306076049805	2.520285129547119	2.537727117538452	1.9000931978225708	1.8982013463974	False	[0 0 0 0 0 0 0 0 0 0 0 0]	[0 0 0 1 0 0 0 0 0 1 0 0]	[0 0 1 0 1 0]	[0 0 0 0 0 0]
11	0.19654306769371033	8.867180824279785	2.515040159225464	2.5395944118499756	1.9055557250976562	1.906990885734558	False	[0 0 0 0 0 0 1 0 0 0 0 0]	[0 0 0 0 0 0 0 0 0 1 0 0]	[0 0 1 0 0 0]	[0 1 0 0 0 0]
11	0.18848423659801483	8.855709075927734	2.519894599914551	2.5376999378204346	1.9000937938690186	1.8980207443237305	False	[0 0 0 0 0 0 0 0 0 0 0 0]	[0 0 0 1 0 0 0 0 0 1 0 0]	[0 0 1 0 1 0]	[0 1 0 0 1 0]
11	0.21206821501255035	8.88273811340332	2.518712043762207	2.542593002319336	1.9103240966796875	1.911109209060669	False	[0 0 0 0 0 0 1 0 0 0 0 0]	[0 0 0 0 0 0 0 0 0 1 0 0]	[0 0 1 0 0 0]	[0 0 0 0 1 0]
11	0.07026249170303345	8.85778522491455	2.5200705528259277	2.538334369659424	1.900376319885254	1.8990042209625244	False	[0 0 0 0 0 0 0 0 0 0 0 0]	[0 0 0 1 0 0 0 0 0 1 0 0]	[0 0 1 0 1 0]	[0 0 0 0 0 0]
11	0.20308814942836761	8.863999366760254	2.5143661499023438	2.539062023162842	1.9047554731369019	1.9058159589767456	False	[0 0 0 0 0 0 1 0 0 0 0 0]	[0 0 0 0 0 0 0 0 0 1 0 0]	[0 0 1 0 0 0]	[0 1 0 0 0 0]
11	-0.5	8.859331130981445	2.5215694904327393	2.538054943084717	1.9012677669525146	1.8984380960464478	False	[0 0 0 0 0 0 0 0 0 0 0 0]	[0 0 0 1 0 0 0 0 0 1 0 0]	[0 0 0 0 0 0]	[0 1 0 0 1 0]
11	0.2116401642560959	8.868545532226562	2.500582456588745	2.5369882583618164	1.9124985933303833	1.9184759855270386	False	[0 0 0 0 0 0 1 0 0 0 0 0]	[0 0 0 1 0 0 0 0 0 0 0 0]	[0 0 0 0 1 0]	[0 0 0 0 1 0]
11	-0.5	8.849156379699707	2.5189175605773926	2.536454677581787	1.897901177406311	1.8958832025527954	False	[0 0 0 0 0 0 0 0 0 0 0 0]	[0 0 0 0 0 0 0 0 0 0 0 0]	[0 0 1 0 1 0]	[0 0 0 0 0 0]
11	0.2065197080373764	8.849581718444824	2.501586437225342	2.535095691680908	1.9031554460525513	1.9097440242767334	False	[0 0 0 0 0 0 1 0 0 0 0 0]	[0 0 0 1 0 0 0 0 0 0 0 0]	[0 0 1 0 0 0]	[0 1 0 0 0 0]
11	0.049821171909570694	8.856043815612793	2.520634412765503	2.5378944873809814	1.8999354839324951	1.8975794315338135	False	[0 0 0 0 0 0 0 0 0 0 0 0]	[0 0 0 0 0 0 0 0 0 0 0 0]	[0 0 1 0 1 0]	[0 1 0 0 1 0]
11	0.21933171153068542	8.863577842712402	2.513892412185669	2.5389323234558105	1.9049525260925293	1.9058005809783936	False	[0 0 0 0 0 0 1 0 0 0 0 0]	[0 0 0 1 0 0 0 0 0 0 0 0]	[0 0 1 0 0 0]	[0 0 0 0 1 0]
11	-0.5	8.845207214355469	2.517789840698242	2.5357658863067627	1.8965797424316406	1.8950715065002441	False	[0 0 0 0 0 0 0 0 0 0 0 0]	[0 0 0 0 0 0 0 0 0 0 0 0]	[0 0 1 0 1 0]	[0 0 0 0 0 0]
11	0.21812796592712402	8.854133605957031	2.502876043319702	2.536102533340454	1.9047950506210327	1.9103593826293945	False	[0 0 0 0 0 0 1 0 0 0 0 0]	[0 0 0 1 0 0 0 0 0 0 0 0]	[0 0 1 0 0 0]	[0 1 0 0 0 0]
11	-0.5	8.84770679473877	2.5182573795318604	2.5361528396606445	1.8978674411773682	1.8954299688339233	False	[0 0 0 0 0 0 0 0 0 0 0 0]	[0 0 0 0 0 0 0 0 0 0 0 0]	[0 0 0 0 0 0]	[0 1 0 0 1 0]
11	0.20083552598953247	8.849596977233887	2.4956858158111572	2.5339243412017822	1.905868411064148	1.9141185283660889	False	[0 0 0 0 0 0 1 0 0 0 0 0]	[0 0 0 0 0 0 0 0 0 1 0 0]	[0 0 0 0 1 0]	[0 0 0 0 1 0]
11	0.07294675707817078	8.856310844421387	2.520475387573242	2.537898302078247	1.9000508785247803	1.8978861570358276	False	[0 0 0 0 0 0 0 0 0 0 0 0]	[0 0 0 1 0 0 0 0 0 1 0 0]	[0 0 1 0 1 0]	[0 0 0 0 0 0]
11	0.22984711825847626	8.86313533782959	2.514540195465088	2.538990020751953	1.904397964477539	1.9052073955535889	False	[0 0 0 0 0 0 1 0 0 0 0 0]	[0 0 0 0 0 0 0 0 0 1 0 0]	[0 0 1 0 0 0]	[0 1 0 0 0 0]
11	-0.5	8.854863166809082	2.520474672317505	2.5376312732696533	1.8996086120605469	1.897148847579956	False	[0 0 0 0 0 0 0 0 0 0 0 0]	[0 0 0 1 0 0 0 0 0 1 0 0]	[0 0 0 0 0 0]	[0 1 0 0 1 0]
11	0.22111472487449646	8.866039276123047	2.5000088214874268	2.53707218170166	1.911181926727295	1.917776346206665	False	[0 0 0 0 0 0 1 0 0 0 0 0]	[0 0 0 1 0 0 0 0 0 0 0 0]	[0 0 0 0 1 0]	[0 0 0 0 1 0]
11	-0.5	8.86136531829834	2.5213189125061035	2.5388011932373047	1.9017066955566406	1.899538516998291	False	[0 0 0 0 0 0 0 0 0 0 0 0]	[0 0 0 0 0 0 0 0 0 0 0 0]	[0 0 1 0 1 0]	[0 0 0 0 0 0]
11	0.21988195180892944	8.854801177978516	2.5028271675109863	2.5359888076782227	1.905026912689209	1.9109578132629395	False	[0 0 0 0 0 0 1 0 0 0 0 0]	[0 0 0 1 0 0 0 0 0 0 0 0]	[0 0 0 0 1 0]	[0 1 0 0 0 0]
11	0.04260919615626335	8.85354995727539	2.519251585006714	2.5379297733306885	1.898883581161499	1.8974847793579102	False	[0 0 0 0 0 0 0 0 0 0 0 0]	[0 0 0 0 0 0 0 0 0 0 0 0]	[0 0 1 0 1 0]	[0 1 0 0 1 0]
