# num_workers = 8
# num_cells = 256
# seed_for_environment = 84846464
# lr = 0.0003
# max_grad_norm = 1.0
# eval_rollout_length = 30
# scaling_factor = 1000
# frames_per_batch = 500
# sub_batch_size = 64
# num_epochs = 15
# clip_epsilon = 0.2
# gamma = 0.99
# lmbda = 0.95
# entropy_eps = 0.5
# env_reward_engineering = True
# env_minimum_number_of_qubits = 1
# log_name = None
# env_error_range = dataCollection
# env_version = qecc/bbcode-ldpc-v0
# env_bit_flipping = True
# env_l = 12
# env_m = 6
# env_use_dict_observation = True
# env_number_of_decoder_iterations = 50
# env_number_of_samples = 50
# env_code_logging = True
# model_architecture = hybrid
# model_surrogate_model_path = /rds/general/user/osella/home/rl-qecc-data//supervisedLearning/2026-07-12_20-18-32/surrogate_6x6.pth
# model_use_pretrained_encoder = False
# index_to_unfreeze_encoder_updates = 20
# encoder_lr_factor = 0.1
# training_device = cpu
# Resolved arguments:
# Resolved_env_reward_engineering = True
# Resolved_env_reward_integral = Between prob. of no error and curve.
# Resolved_env_bit_flipping = True
# Resolved_env_useDictObservation = True
# Resolved_env_code_logging = True
# Resolved_env_error_range = [np.float64(0.0001), np.float64(0.000215), np.float64(0.000464), np.float64(0.001), np.float64(0.002154), np.float64(0.003162), np.float64(0.004642), np.float64(0.01), np.float64(0.021544), np.float64(0.025075), np.float64(0.031623), np.float64(0.046416), np.float64(0.05005), np.float64(0.075025), np.float64(0.1)]
# Resolved_model_use_pretrained_encoder = False
# Resolved_trainingDevice = cpu
# Resolved_model_architecture = hybrid
# Number of workers: 8
# Does torch identify cuda: False
# encoder ***RANDOM WEIGHTS***
evaluation number	reward	policy entropy	policy entropy aX	policy entropy bX	policy entropy aY	policy entropy bY	Encoder freeze	postAction_aX	postAction_bX	postAction_aY	postAction_bY
0	0.5026841163635254	8.961079597473145	2.5500545501708984	2.553210735321045	1.9233896732330322	1.9344241619110107	True	[0 0 0 0 0 0 0 1 0 0 0 0]	[0 0 0 0 0 0 1 0 0 0 0 0]	[0 0 1 0 0 0]	[0 0 0 0 0 1]
0	-0.5	8.985877990722656	2.551941156387329	2.555448532104492	1.9372628927230835	1.941225290298462	True	[0 0 0 0 0 1 0 1 0 0 0 0]	[0 0 0 0 0 0 0 0 0 0 0 0]	[0 0 0 0 0 0]	[0 0 0 0 0 0]
0	0.4971012771129608	8.975621223449707	2.5520479679107666	2.5549874305725098	1.9307217597961426	1.937864065170288	True	[0 0 0 0 0 1 0 0 0 0 0 0]	[0 0 0 0 0 0 1 0 0 0 0 0]	[0 0 1 0 0 0]	[0 0 0 0 0 1]
0	-1.0	8.985616683959961	2.5517396926879883	2.5554680824279785	1.9371426105499268	1.9412665367126465	True	[0 0 0 0 0 0 0 0 0 0 0 0]	[0 0 0 0 0 0 0 0 0 0 0 0]	[0 0 0 0 0 0]	[0 0 0 0 0 0]
0	0.504045844078064	8.959224700927734	2.5491771697998047	2.5531513690948486	1.9224389791488647	1.9344571828842163	True	[0 0 0 0 0 0 0 1 0 0 0 0]	[0 0 0 0 0 0 1 0 0 0 0 0]	[0 0 1 0 0 0]	[0 0 0 0 0 1]
0	-0.5	8.986124992370605	2.552119731903076	2.555518388748169	1.9369601011276245	1.9415260553359985	True	[0 0 0 0 0 1 0 1 0 0 0 0]	[0 0 0 0 0 0 0 0 0 0 0 0]	[0 0 0 0 0 0]	[0 0 0 0 0 0]
0	0.5091368556022644	8.974686622619629	2.5519840717315674	2.5546176433563232	1.9302983283996582	1.93778657913208	True	[0 0 0 0 0 1 0 0 0 0 0 0]	[0 0 0 0 0 0 1 0 0 0 0 0]	[0 0 1 0 0 0]	[0 0 0 0 0 1]
0	-1.0	8.985284805297852	2.5517385005950928	2.5553998947143555	1.9368705749511719	1.9412751197814941	True	[0 0 0 0 0 0 0 0 0 0 0 0]	[0 0 0 0 0 0 0 0 0 0 0 0]	[0 0 0 0 0 0]	[0 0 0 0 0 0]
0	0.5491747260093689	8.961394309997559	2.550703525543213	2.5533504486083984	1.922978162765503	1.9343621730804443	True	[0 0 0 0 0 0 0 1 0 0 0 0]	[0 0 0 0 0 0 1 0 0 0 0 0]	[0 0 1 0 0 0]	[0 0 0 0 0 1]
0	-0.5	8.986242294311523	2.5522677898406982	2.5555460453033447	1.9371058940887451	1.9413228034973145	True	[0 0 0 0 0 1 0 1 0 0 0 0]	[0 0 0 0 0 0 0 0 0 0 0 0]	[0 0 0 0 0 0]	[0 0 0 0 0 0]
0	0.5305084586143494	8.975793838500977	2.551997423171997	2.5550005435943604	1.9309115409851074	1.9378838539123535	True	[0 0 0 0 0 1 0 0 0 0 0 0]	[0 0 0 0 0 0 1 0 0 0 0 0]	[0 0 1 0 0 0]	[0 0 0 0 0 1]
0	-1.0	8.986276626586914	2.552215814590454	2.5554819107055664	1.9371484518051147	1.941430687904358	True	[0 0 0 0 0 0 0 0 0 0 0 0]	[0 0 0 0 0 0 0 0 0 0 0 0]	[0 0 0 0 0 0]	[0 0 0 0 0 0]
0	0.5320249199867249	8.96066665649414	2.5503828525543213	2.553056001663208	1.9233633279800415	1.9338650703430176	True	[0 0 0 0 0 0 0 1 0 0 0 0]	[0 0 0 0 0 0 1 0 0 0 0 0]	[0 0 1 0 0 0]	[0 0 0 0 0 1]
0	-0.5	8.985993385314941	2.552175283432007	2.555511474609375	1.936815619468689	1.9414904117584229	True	[0 0 0 0 0 1 0 1 0 0 0 0]	[0 0 0 0 0 0 0 0 0 0 0 0]	[0 0 0 0 0 0]	[0 0 0 0 0 0]
0	0.5145847201347351	8.976332664489746	2.552340269088745	2.555032730102539	1.930886149406433	1.938072919845581	True	[0 0 0 0 0 1 0 0 0 0 0 0]	[0 0 0 0 0 0 1 0 0 0 0 0]	[0 0 1 0 0 0]	[0 0 0 0 0 1]
0	-1.0	8.986274719238281	2.5524935722351074	2.5553152561187744	1.936996340751648	1.9414693117141724	True	[0 0 0 0 0 0 0 0 0 0 0 0]	[0 0 0 0 0 0 0 0 0 0 0 0]	[0 0 0 0 0 0]	[0 0 0 0 0 0]
0	0.5380921363830566	8.960235595703125	2.5498673915863037	2.5530872344970703	1.9231027364730835	1.9341777563095093	True	[0 0 0 0 0 0 0 1 0 0 0 0]	[0 0 0 0 0 0 1 0 0 0 0 0]	[0 0 1 0 0 0]	[0 0 0 0 0 1]
0	-0.5	8.98585319519043	2.551652431488037	2.555346965789795	1.9374685287475586	1.9413857460021973	True	[0 0 0 0 0 1 0 1 0 0 0 0]	[0 0 0 0 0 0 0 0 0 0 0 0]	[0 0 0 0 0 0]	[0 0 0 0 0 0]
0	0.5529343485832214	8.97563362121582	2.5516974925994873	2.555147171020508	1.9306843280792236	1.9381048679351807	True	[0 0 0 0 0 1 0 0 0 0 0 0]	[0 0 0 0 0 0 1 0 0 0 0 0]	[0 0 1 0 0 0]	[0 0 0 0 0 1]
0	-1.0	8.986238479614258	2.5521881580352783	2.555394411087036	1.9372342824935913	1.9414218664169312	True	[0 0 0 0 0 0 0 0 0 0 0 0]	[0 0 0 0 0 0 0 0 0 0 0 0]	[0 0 0 0 0 0]	[0 0 0 0 0 0]
0	0.5271834135055542	8.960700035095215	2.5498878955841064	2.553218364715576	1.923262119293213	1.9343311786651611	True	[0 0 0 0 0 0 0 1 0 0 0 0]	[0 0 0 0 0 0 1 0 0 0 0 0]	[0 0 1 0 0 0]	[0 0 0 0 0 1]
0	-0.5	8.986753463745117	2.5523245334625244	2.5556583404541016	1.937248706817627	1.9415218830108643	True	[0 0 0 0 0 1 0 1 0 0 0 0]	[0 0 0 0 0 0 0 0 0 0 0 0]	[0 0 0 0 0 0]	[0 0 0 0 0 0]
0	0.5383754372596741	8.976320266723633	2.5521485805511475	2.555088520050049	1.9308453798294067	1.9382377862930298	True	[0 0 0 0 0 1 0 0 0 0 0 0]	[0 0 0 0 0 0 1 0 0 0 0 0]	[0 0 1 0 0 0]	[0 0 0 0 0 1]
0	-1.0	8.98542594909668	2.552042245864868	2.5552797317504883	1.9370856285095215	1.941019058227539	True	[0 0 0 0 0 0 0 0 0 0 0 0]	[0 0 0 0 0 0 0 0 0 0 0 0]	[0 0 0 0 0 0]	[0 0 0 0 0 0]
0	0.5296266674995422	8.961264610290527	2.550126075744629	2.553218126296997	1.9233036041259766	1.9346169233322144	True	[0 0 0 0 0 0 0 1 0 0 0 0]	[0 0 0 0 0 0 1 0 0 0 0 0]	[0 0 1 0 0 0]	[0 0 0 0 0 1]
0	-0.5	8.98537540435791	2.55159330368042	2.5552096366882324	1.9372916221618652	1.9412806034088135	True	[0 0 0 0 0 1 0 1 0 0 0 0]	[0 0 0 0 0 0 0 0 0 0 0 0]	[0 0 0 0 0 0]	[0 0 0 0 0 0]
0	0.5818989276885986	8.976449012756348	2.5521786212921143	2.555060625076294	1.931013584136963	1.9381963014602661	True	[0 0 0 0 0 1 0 0 0 0 0 0]	[0 0 0 0 0 0 1 0 0 0 0 0]	[0 0 1 0 0 0]	[0 0 0 0 0 1]
0	-1.0	8.98557186126709	2.552002191543579	2.5554397106170654	1.9371243715286255	1.941005825996399	True	[0 0 0 0 0 0 0 0 0 0 0 0]	[0 0 0 0 0 0 0 0 0 0 0 0]	[0 0 0 0 0 0]	[0 0 0 0 0 0]
0	0.502194344997406	8.960594177246094	2.549626588821411	2.5533227920532227	1.9234168529510498	1.9342284202575684	True	[0 0 0 0 0 0 0 1 0 0 0 0]	[0 0 0 0 0 0 1 0 0 0 0 0]	[0 0 1 0 0 0]	[0 0 0 0 0 1]
0	-0.5	8.986824989318848	2.5522732734680176	2.5555810928344727	1.9375214576721191	1.9414488077163696	True	[0 0 0 0 0 1 0 1 0 0 0 0]	[0 0 0 0 0 0 0 0 0 0 0 0]	[0 0 0 0 0 0]	[0 0 0 0 0 0]
1	0.4152061939239502	8.776310920715332	2.5391640663146973	2.4922678470611572	1.866239070892334	1.8786399364471436	True	[0 0 0 0 0 0 1 0 0 0 0 0]	[0 0 1 0 0 0 0 0 0 0 0 0]	[0 0 1 0 0 0]	[0 0 0 0 0 1]
1	-0.5	8.929727554321289	2.559157133102417	2.540701389312744	1.9092276096343994	1.9206420183181763	True	[0 0 0 0 0 0 1 0 0 0 1 0]	[0 0 0 0 0 0 0 0 0 0 0 0]	[0 0 0 0 0 0]	[0 0 0 0 0 0]
1	0.41914644837379456	8.830856323242188	2.547340154647827	2.510611057281494	1.880134105682373	1.8927714824676514	True	[0 0 0 0 0 0 0 0 0 0 1 0]	[0 0 1 0 0 0 0 0 0 0 0 0]	[0 0 1 0 0 0]	[0 0 0 0 0 1]
1	-1.0	8.930794715881348	2.559546709060669	2.540994644165039	1.9096015691757202	1.9206516742706299	True	[0 0 0 0 0 0 0 0 0 0 0 0]	[0 0 0 0 0 0 0 0 0 0 0 0]	[0 0 0 0 0 0]	[0 0 0 0 0 0]
1	0.4197472929954529	8.775857925415039	2.539118528366089	2.4917337894439697	1.8660473823547363	1.878957986831665	True	[0 0 0 0 0 0 1 0 0 0 0 0]	[0 0 1 0 0 0 0 0 0 0 0 0]	[0 0 1 0 0 0]	[0 0 0 0 0 1]
1	-0.5	8.929415702819824	2.5593960285186768	2.5407795906066895	1.9088459014892578	1.920393705368042	True	[0 0 0 0 0 0 1 0 0 0 1 0]	[0 0 0 0 0 0 0 0 0 0 0 0]	[0 0 0 0 0 0]	[0 0 0 0 0 0]
1	0.4096992015838623	8.833420753479004	2.547348737716675	2.512080192565918	1.8798836469650269	1.8941081762313843	True	[0 0 0 0 0 0 0 0 0 0 1 0]	[0 0 1 0 0 0 0 0 0 0 0 0]	[0 0 1 0 0 0]	[0 0 0 0 0 1]
1	-1.0	8.928706169128418	2.5592496395111084	2.5401530265808105	1.909804105758667	1.9194992780685425	True	[0 0 0 0 0 0 0 0 0 0 0 0]	[0 0 0 0 0 0 0 0 0 0 0 0]	[0 0 0 0 0 0]	[0 0 0 0 0 0]
1	0.43625396490097046	8.776848793029785	2.5391623973846436	2.4929158687591553	1.8656221628189087	1.8791483640670776	True	[0 0 0 0 0 0 1 0 0 0 0 0]	[0 0 1 0 0 0 0 0 0 0 0 0]	[0 0 1 0 0 0]	[0 0 0 0 0 1]
1	-0.5	8.92995548248291	2.559566020965576	2.5401699542999268	1.9094867706298828	1.9207326173782349	True	[0 0 1 0 0 0 1 0 0 0 0 0]	[0 0 0 0 0 0 0 0 0 0 0 0]	[0 0 0 0 0 0]	[0 0 0 0 0 0]
1	0.20171892642974854	8.830739974975586	2.547187089920044	2.5102293491363525	1.880094051361084	1.8932299613952637	True	[0 0 1 0 0 0 0 0 0 0 0 0]	[0 0 1 0 0 0 0 0 0 0 0 0]	[0 0 1 0 0 0]	[0 0 0 0 0 1]
1	-0.5	8.894712448120117	2.555861473083496	2.5307247638702393	1.8977677822113037	1.9103587865829468	True	[0 0 1 0 0 0 1 0 0 0 0 0]	[0 0 0 0 0 0 0 0 0 0 0 0]	[0 0 0 0 0 0]	[0 0 0 0 0 0]
1	0.1936047524213791	8.833047866821289	2.548239231109619	2.510953187942505	1.8804147243499756	1.8934407234191895	True	[0 0 1 0 0 0 0 0 0 0 0 0]	[0 0 1 0 0 0 0 0 0 0 0 0]	[0 0 1 0 0 0]	[0 0 0 0 0 1]
1	-0.5	8.895185470581055	2.5557661056518555	2.5312702655792236	1.8971830606460571	1.9109666347503662	True	[0 0 1 0 0 0 1 0 0 0 0 0]	[0 0 0 0 0 0 0 0 0 0 0 0]	[0 0 0 0 0 0]	[0 0 0 0 0 0]
1	0.18514327704906464	8.832710266113281	2.5478267669677734	2.5112106800079346	1.8804314136505127	1.8932414054870605	True	[0 0 1 0 0 0 0 0 0 0 0 0]	[0 0 1 0 0 0 0 0 0 0 0 0]	[0 0 1 0 0 0]	[0 0 0 0 0 1]
1	-0.5	8.893983840942383	2.5559895038604736	2.5300419330596924	1.8981165885925293	1.9098360538482666	True	[0 0 1 0 0 0 1 0 0 0 0 0]	[0 0 0 0 0 0 0 0 0 0 0 0]	[0 0 0 0 0 0]	[0 0 0 0 0 0]
1	0.19218289852142334	8.831449508666992	2.547471761703491	2.51078462600708	1.8805060386657715	1.8926868438720703	True	[0 0 1 0 0 0 0 0 0 0 0 0]	[0 0 1 0 0 0 0 0 0 0 0 0]	[0 0 1 0 0 0]	[0 0 0 0 0 1]
1	-0.5	8.895198822021484	2.556370496749878	2.5301613807678223	1.8980861902236938	1.910581350326538	True	[0 0 1 0 0 0 1 0 0 0 0 0]	[0 0 0 0 0 0 0 0 0 0 0 0]	[0 0 0 0 0 0]	[0 0 0 0 0 0]
1	0.18467487394809723	8.834030151367188	2.548124074935913	2.511749744415283	1.88043212890625	1.893724799156189	True	[0 0 1 0 0 0 0 0 0 0 0 0]	[0 0 1 0 0 0 0 0 0 0 0 0]	[0 0 1 0 0 0]	[0 0 0 0 0 1]
1	-0.5	8.893706321716309	2.556028366088867	2.5298211574554443	1.8977279663085938	1.9101289510726929	True	[0 0 1 0 0 0 1 0 0 0 0 0]	[0 0 0 0 0 0 0 0 0 0 0 0]	[0 0 0 0 0 0]	[0 0 0 0 0 0]
1	0.176177978515625	8.83225154876709	2.547788619995117	2.5106518268585205	1.8802359104156494	1.8935753107070923	True	[0 0 1 0 0 0 0 0 0 0 0 0]	[0 0 1 0 0 0 0 0 0 0 0 0]	[0 0 1 0 0 0]	[0 0 0 0 0 1]
1	-0.5	8.893966674804688	2.5556039810180664	2.5305874347686768	1.897798776626587	1.9099764823913574	True	[0 0 1 0 0 0 1 0 0 0 0 0]	[0 0 0 0 0 0 0 0 0 0 0 0]	[0 0 0 0 0 0]	[0 0 0 0 0 0]
1	0.1908341646194458	8.830780029296875	2.5475029945373535	2.510547637939453	1.8795578479766846	1.8931716680526733	True	[0 0 1 0 0 0 0 0 0 0 0 0]	[0 0 1 0 0 0 0 0 0 0 0 0]	[0 0 1 0 0 0]	[0 0 0 0 0 1]
1	-0.5	8.894229888916016	2.5559613704681396	2.5304853916168213	1.8976178169250488	1.9101651906967163	True	[0 0 1 0 0 0 1 0 0 0 0 0]	[0 0 0 0 0 0 0 0 0 0 0 0]	[0 0 0 0 0 0]	[0 0 0 0 0 0]
1	0.1952579766511917	8.835563659667969	2.54831600189209	2.5123965740203857	1.8803420066833496	1.8945084810256958	True	[0 0 1 0 0 0 0 0 0 0 0 0]	[0 0 1 0 0 0 0 0 0 0 0 0]	[0 0 1 0 0 0]	[0 0 0 0 0 1]
1	-0.5	8.893209457397461	2.5556371212005615	2.530423641204834	1.8976536989212036	1.9094948768615723	True	[0 0 1 0 0 0 1 0 0 0 0 0]	[0 0 0 0 0 0 0 0 0 0 0 0]	[0 0 0 0 0 0]	[0 0 0 0 0 0]
1	0.20323598384857178	8.83437728881836	2.5474483966827393	2.5127153396606445	1.880493402481079	1.8937201499938965	True	[0 0 1 0 0 0 0 0 0 0 0 0]	[0 0 1 0 0 0 0 0 0 0 0 0]	[0 0 1 0 0 0]	[0 0 0 0 0 1]
1	-0.5	8.894731521606445	2.5559804439544678	2.530965566635132	1.8978434801101685	1.909942626953125	True	[0 0 1 0 0 0 1 0 0 0 0 0]	[0 0 0 0 0 0 0 0 0 0 0 0]	[0 0 0 0 0 0]	[0 0 0 0 0 0]
1	0.19676490128040314	8.832557678222656	2.5476558208465576	2.512164354324341	1.8792974948883057	1.8934402465820312	True	[0 0 1 0 0 0 0 0 0 0 0 0]	[0 0 1 0 0 0 0 0 0 0 0 0]	[0 0 1 0 0 0]	[0 0 0 0 0 1]
1	-0.5	8.8926420211792	2.555624008178711	2.5299365520477295	1.8972737789154053	1.9098069667816162	True	[0 0 1 0 0 0 1 0 0 0 0 0]	[0 0 0 0 0 0 0 0 0 0 0 0]	[0 0 0 0 0 0]	[0 0 0 0 0 0]
2	0.5367910861968994	8.815013885498047	2.5155727863311768	2.522952079772949	1.897727370262146	1.878761649131775	False	[0 0 0 0 0 0 0 0 0 1 0 0]	[0 0 0 0 0 0 0 0 0 0 0 1]	[0 1 0 0 0 0]	[0 0 1 0 0 0]
2	-0.5	8.962501525878906	2.556631088256836	2.5472095012664795	1.931779384613037	1.9268813133239746	False	[0 0 0 0 0 1 0 0 0 1 0 0]	[0 0 0 0 0 0 0 0 0 0 0 0]	[0 1 0 0 1 0]	[0 0 0 0 0 0]
2	0.5472416281700134	8.894488334655762	2.537562847137451	2.5370993614196777	1.9173762798309326	1.9024498462677002	False	[0 0 0 0 0 1 0 0 0 0 0 0]	[0 0 0 0 0 0 0 0 0 0 0 1]	[0 1 0 0 0 0]	[0 0 1 0 0 0]
2	-0.5	8.963458061218262	2.5566136837005615	2.547546148300171	1.9321354627609253	1.927163004875183	False	[0 0 0 0 0 0 0 0 0 0 0 0]	[0 0 0 0 0 0 0 0 0 0 0 0]	[0 1 0 0 1 0]	[0 0 0 0 0 0]
2	0.4026738405227661	8.847311019897461	2.524388313293457	2.5287835597991943	1.9060921669006348	1.8880466222763062	False	[0 0 0 0 0 0 0 0 0 1 0 0]	[0 0 0 0 0 0 0 0 0 0 0 1]	[0 0 0 0 1 0]	[0 0 1 0 0 0]
2	-0.5	8.9501314163208	2.553049087524414	2.545719623565674	1.9296365976333618	1.9217264652252197	False	[0 0 0 0 0 1 0 0 0 1 0 0]	[0 0 0 0 0 0 0 0 0 0 0 0]	[0 0 0 0 0 0]	[0 0 0 0 0 0]
2	0.5585139393806458	8.866442680358887	2.530035972595215	2.532024621963501	1.910519003868103	1.893863320350647	False	[0 0 0 0 0 1 0 0 0 0 0 0]	[0 0 0 0 0 0 0 0 0 0 0 1]	[0 1 0 0 0 0]	[0 0 1 0 0 0]
2	-0.5	8.963553428649902	2.5565364360809326	2.547762393951416	1.932267427444458	1.9269880056381226	False	[0 0 0 0 0 0 0 0 0 0 0 0]	[0 0 0 0 0 0 0 0 0 0 0 0]	[0 1 0 0 1 0]	[0 0 0 0 0 0]
2	0.3907843828201294	8.845332145690918	2.5238380432128906	2.5284907817840576	1.9052577018737793	1.8877454996109009	False	[0 0 0 0 0 0 0 0 0 1 0 0]	[0 0 0 0 0 0 0 0 0 0 0 1]	[0 0 0 0 1 0]	[0 0 1 0 0 0]
2	-0.5	8.948579788208008	2.552945137023926	2.545316457748413	1.9293242692947388	1.9209939241409302	False	[0 0 0 0 0 1 0 0 0 1 0 0]	[0 0 0 0 0 0 0 0 0 0 0 0]	[0 0 0 0 0 0]	[0 0 0 0 0 0]
2	0.5414137840270996	8.867961883544922	2.5300779342651367	2.5327584743499756	1.910670280456543	1.8944554328918457	False	[0 0 0 0 0 1 0 0 0 0 0 0]	[0 0 0 0 0 0 0 0 0 0 0 1]	[0 1 0 0 0 0]	[0 0 1 0 0 0]
2	-0.5	8.963276863098145	2.556507110595703	2.547605276107788	1.9321750402450562	1.9269894361495972	False	[0 0 0 0 0 0 0 0 0 0 0 0]	[0 0 0 0 0 0 0 0 0 0 0 0]	[0 1 0 0 1 0]	[0 0 0 0 0 0]
2	0.3985311686992645	8.845500946044922	2.523866891860962	2.5285911560058594	1.9050575494766235	1.887986183166504	False	[0 0 0 0 0 0 0 0 0 1 0 0]	[0 0 0 0 0 0 0 0 0 0 0 1]	[0 0 0 0 1 0]	[0 0 1 0 0 0]
2	-0.5	8.950643539428711	2.5532913208007812	2.5460073947906494	1.929283618927002	1.9220612049102783	False	[0 0 0 0 0 1 0 0 0 1 0 0]	[0 0 0 0 0 0 0 0 0 0 0 0]	[0 0 0 0 0 0]	[0 0 0 0 0 0]
2	0.531823992729187	8.863080024719238	2.5287439823150635	2.531776189804077	1.9093987941741943	1.8931605815887451	False	[0 0 0 0 0 1 0 0 0 0 0 0]	[0 0 0 0 0 0 0 0 0 0 0 1]	[0 1 0 0 0 0]	[0 0 1 0 0 0]
2	-0.5	8.961551666259766	2.5563323497772217	2.547074317932129	1.9314773082733154	1.9266676902770996	False	[0 0 0 0 0 0 0 0 0 0 0 0]	[0 0 0 0 0 0 0 0 0 0 0 0]	[0 1 0 0 1 0]	[0 0 0 0 0 0]
2	0.3811052143573761	8.84493637084961	2.5236711502075195	2.528505802154541	1.905055046081543	1.8877041339874268	False	[0 0 0 0 0 0 0 0 0 1 0 0]	[0 0 0 0 0 0 0 0 0 0 0 1]	[0 0 0 0 1 0]	[0 0 1 0 0 0]
2	-0.5	8.950419425964355	2.5532114505767822	2.5457823276519775	1.9292778968811035	1.9221479892730713	False	[0 0 0 0 0 1 0 0 0 1 0 0]	[0 0 0 0 0 0 0 0 0 0 0 0]	[0 0 0 0 0 0]	[0 0 0 0 0 0]
2	0.5477324724197388	8.86397933959961	2.528982400894165	2.5317227840423584	1.9102542400360107	1.8930201530456543	False	[0 0 0 0 0 1 0 0 0 0 0 0]	[0 0 0 0 0 0 0 0 0 0 0 1]	[0 1 0 0 0 0]	[0 0 1 0 0 0]
2	-0.5	8.965054512023926	2.556864023208618	2.547701597213745	1.932879090309143	1.927610158920288	False	[0 0 0 0 0 0 0 0 0 0 0 0]	[0 0 0 0 0 0 0 0 0 0 0 0]	[0 1 0 0 1 0]	[0 0 0 0 0 0]
2	0.4009421467781067	8.846301078796387	2.523937702178955	2.5287132263183594	1.9056438207626343	1.888006329536438	False	[0 0 0 0 0 0 0 0 0 1 0 0]	[0 0 0 0 0 0 0 0 0 0 0 1]	[0 0 0 0 1 0]	[0 0 1 0 0 0]
2	-0.5	8.950386047363281	2.5529325008392334	2.5457732677459717	1.9295680522918701	1.9221121072769165	False	[0 0 0 0 0 1 0 0 0 1 0 0]	[0 0 0 0 0 0 0 0 0 0 0 0]	[0 0 0 0 0 0]	[0 0 0 0 0 0]
2	0.5324825644493103	8.86417007446289	2.528851270675659	2.532123565673828	1.9094754457473755	1.8937201499938965	False	[0 0 0 0 0 1 0 0 0 0 0 0]	[0 0 0 0 0 0 0 0 0 0 0 1]	[0 1 0 0 0 0]	[0 0 1 0 0 0]
2	-0.5	8.964598655700684	2.5568318367004395	2.547806978225708	1.932374119758606	1.9275856018066406	False	[0 0 0 0 0 0 0 0 0 0 0 0]	[0 0 0 0 0 0 0 0 0 0 0 0]	[0 1 0 0 1 0]	[0 0 0 0 0 0]
2	0.39247381687164307	8.847209930419922	2.524226188659668	2.528733968734741	1.906360149383545	1.8878896236419678	False	[0 0 0 0 0 0 0 0 0 1 0 0]	[0 0 0 0 0 0 0 0 0 0 0 1]	[0 0 0 0 1 0]	[0 0 1 0 0 0]
2	-0.5	8.949538230895996	2.552978277206421	2.545497417449951	1.9293410778045654	1.9217216968536377	False	[0 0 0 0 0 1 0 0 0 1 0 0]	[0 0 0 0 0 0 0 0 0 0 0 0]	[0 0 0 0 0 0]	[0 0 0 0 0 0]
2	0.5327042937278748	8.863883972167969	2.52903413772583	2.531613349914551	1.9102449417114258	1.892991542816162	False	[0 0 0 0 0 1 0 0 0 0 0 0]	[0 0 0 0 0 0 0 0 0 0 0 1]	[0 1 0 0 0 0]	[0 0 1 0 0 0]
2	-0.5	8.963314056396484	2.5567827224731445	2.5475168228149414	1.9320311546325684	1.9269838333129883	False	[0 0 0 0 0 0 0 0 0 0 0 0]	[0 0 0 0 0 0 0 0 0 0 0 0]	[0 1 0 0 1 0]	[0 0 0 0 0 0]
2	0.4125423729419708	8.845176696777344	2.5236976146698	2.5285305976867676	1.9053936004638672	1.8875553607940674	False	[0 0 0 0 0 0 0 0 0 1 0 0]	[0 0 0 0 0 0 0 0 0 0 0 1]	[0 0 0 0 1 0]	[0 0 1 0 0 0]
2	-0.5	8.951119422912598	2.5534579753875732	2.545850992202759	1.9296917915344238	1.9221187829971313	False	[0 0 0 0 0 1 0 0 0 1 0 0]	[0 0 0 0 0 0 0 0 0 0 0 0]	[0 0 0 0 0 0]	[0 0 0 0 0 0]
3	0.3971768915653229	8.856186866760254	2.539222478866577	2.515651226043701	1.8821643590927124	1.9191488027572632	False	[0 0 0 0 0 0 0 0 0 1 0 0]	[0 0 0 0 0 1 0 0 0 0 0 0]	[0 0 0 0 1 0]	[1 0 0 0 0 0]
3	-0.5	8.953435897827148	2.5561351776123047	2.5469491481781006	1.9186246395111084	1.9317262172698975	False	[0 0 0 0 0 0 0 0 0 0 0 0]	[0 0 0 0 0 0 0 0 0 0 0 0]	[0 0 0 0 0 0]	[1 0 0 0 1 0]
3	0.3658583462238312	8.892240524291992	2.546006679534912	2.5271995067596436	1.8943893909454346	1.9246459007263184	False	[0 0 0 0 0 0 0 0 0 1 0 0]	[0 0 0 0 0 1 0 0 0 0 0 0]	[0 0 0 0 1 0]	[0 0 0 0 1 0]
3	-1.0	8.954277038574219	2.556562900543213	2.5469508171081543	1.9190624952316284	1.9317007064819336	False	[0 0 0 0 0 0 0 0 0 0 0 0]	[0 0 0 0 0 0 0 0 0 0 0 0]	[0 0 0 0 0 0]	[0 0 0 0 0 0]
3	0.387269526720047	8.855673789978027	2.5391623973846436	2.51568865776062	1.8815603256225586	1.9192620515823364	False	[0 0 0 0 0 0 0 0 0 1 0 0]	[0 0 0 0 0 1 0 0 0 0 0 0]	[0 0 0 0 1 0]	[1 0 0 0 0 0]
3	-0.5	8.955110549926758	2.556370973587036	2.5475332736968994	1.9194600582122803	1.9317468404769897	False	[0 0 0 0 0 0 0 0 0 0 0 0]	[0 0 0 0 0 0 0 0 0 0 0 0]	[0 0 0 0 0 0]	[1 0 0 0 1 0]
3	0.40942591428756714	8.895151138305664	2.546360492706299	2.5277833938598633	1.8959892988204956	1.925018310546875	False	[0 0 0 0 0 0 0 0 0 1 0 0]	[0 0 0 0 0 1 0 0 0 0 0 0]	[0 0 0 0 1 0]	[0 0 0 0 1 0]
3	-1.0	8.952980995178223	2.556096315383911	2.5466129779815674	1.9188052415847778	1.9314662218093872	False	[0 0 0 0 0 0 0 0 0 0 0 0]	[0 0 0 0 0 0 0 0 0 0 0 0]	[0 0 0 0 0 0]	[0 0 0 0 0 0]
3	0.3810819983482361	8.857748031616211	2.539295196533203	2.5158820152282715	1.8829820156097412	1.9195895195007324	False	[0 0 0 0 0 0 0 0 0 1 0 0]	[0 0 0 0 0 1 0 0 0 0 0 0]	[0 0 0 0 1 0]	[1 0 0 0 0 0]
3	-0.5	8.954607009887695	2.5562591552734375	2.5470364093780518	1.9196661710739136	1.9316450357437134	False	[0 0 0 0 0 0 0 0 0 0 0 0]	[0 0 0 0 0 0 0 0 0 0 0 0]	[0 0 0 0 0 0]	[1 0 0 0 1 0]
3	0.3655822277069092	8.89594841003418	2.5466442108154297	2.528470039367676	1.8960130214691162	1.9248210191726685	False	[0 0 0 0 0 0 0 0 0 1 0 0]	[0 0 0 0 0 1 0 0 0 0 0 0]	[0 0 0 0 1 0]	[0 0 0 0 1 0]
3	-1.0	8.954315185546875	2.556150436401367	2.5472490787506104	1.9191268682479858	1.931788682937622	False	[0 0 0 0 0 0 0 0 0 0 0 0]	[0 0 0 0 0 0 0 0 0 0 0 0]	[0 0 0 0 0 0]	[0 0 0 0 0 0]
3	0.40680673718452454	8.856526374816895	2.53914737701416	2.515627145767212	1.8822263479232788	1.9195258617401123	False	[0 0 0 0 0 0 0 0 0 1 0 0]	[0 0 0 0 0 1 0 0 0 0 0 0]	[0 0 0 0 1 0]	[1 0 0 0 0 0]
3	-0.5	8.95372200012207	2.5563364028930664	2.547053813934326	1.9188532829284668	1.9314789772033691	False	[0 0 0 0 0 0 0 0 0 0 0 0]	[0 0 0 0 0 0 0 0 0 0 0 0]	[0 0 0 0 0 0]	[1 0 0 0 1 0]
3	0.3572232723236084	8.895599365234375	2.5463061332702637	2.528599500656128	1.8957635164260864	1.924930453300476	False	[0 0 0 0 0 0 0 0 0 1 0 0]	[0 0 0 0 0 1 0 0 0 0 0 0]	[0 0 0 0 1 0]	[0 0 0 0 1 0]
3	-1.0	8.95376205444336	2.5560669898986816	2.5469396114349365	1.9193955659866333	1.9313600063323975	False	[0 0 0 0 0 0 0 0 0 0 0 0]	[0 0 0 0 0 0 0 0 0 0 0 0]	[0 0 0 0 0 0]	[0 0 0 0 0 0]
3	0.39448270201683044	8.856477737426758	2.5395026206970215	2.515533924102783	1.8822218179702759	1.9192193746566772	False	[0 0 0 0 0 0 0 0 0 1 0 0]	[0 0 0 0 0 1 0 0 0 0 0 0]	[0 0 0 0 1 0]	[1 0 0 0 0 0]
3	-0.5	8.955038070678711	2.5564682483673096	2.5474331378936768	1.9192595481872559	1.931877613067627	False	[0 0 0 0 0 0 0 0 0 0 0 0]	[0 0 0 0 0 0 0 0 0 0 0 0]	[0 0 0 0 0 0]	[1 0 0 0 1 0]
3	0.3902149200439453	8.894303321838379	2.546438455581665	2.527864933013916	1.8954557180404663	1.9245439767837524	False	[0 0 0 0 0 0 0 0 0 1 0 0]	[0 0 0 0 0 1 0 0 0 0 0 0]	[0 0 0 0 1 0]	[0 0 0 0 1 0]
3	-1.0	8.953993797302246	2.55623197555542	2.5468616485595703	1.9193450212478638	1.9315556287765503	False	[0 0 0 0 0 0 0 0 0 0 0 0]	[0 0 0 0 0 0 0 0 0 0 0 0]	[0 0 0 0 0 0]	[0 0 0 0 0 0]
3	0.3875451683998108	8.857405662536621	2.5396976470947266	2.5157852172851562	1.8824946880340576	1.919427752494812	False	[0 0 0 0 0 0 0 0 0 1 0 0]	[0 0 0 0 0 1 0 0 0 0 0 0]	[0 0 0 0 1 0]	[1 0 0 0 0 0]
3	-0.5	8.953560829162598	2.556239604949951	2.546782970428467	1.919185996055603	1.931352138519287	False	[0 0 0 0 0 0 0 0 0 0 0 0]	[0 0 0 0 0 0 0 0 0 0 0 0]	[0 0 0 0 0 0]	[1 0 0 0 1 0]
3	0.3894045352935791	8.895578384399414	2.546706199645996	2.5278985500335693	1.8963515758514404	1.9246214628219604	False	[0 0 0 0 0 0 0 0 0 1 0 0]	[0 0 0 0 0 1 0 0 0 0 0 0]	[0 0 0 0 1 0]	[0 0 0 0 1 0]
3	-1.0	8.955265998840332	2.556473970413208	2.5473544597625732	1.9195873737335205	1.9318501949310303	False	[0 0 0 0 0 0 0 0 0 0 0 0]	[0 0 0 0 0 0 0 0 0 0 0 0]	[0 0 0 0 0 0]	[0 0 0 0 0 0]
3	0.39661040902137756	8.857621192932129	2.539597988128662	2.5160577297210693	1.8824701309204102	1.919495701789856	False	[0 0 0 0 0 0 0 0 0 1 0 0]	[0 0 0 0 0 1 0 0 0 0 0 0]	[0 0 0 0 1 0]	[1 0 0 0 0 0]
3	-0.5	8.95628547668457	2.5564656257629395	2.5478756427764893	1.9197642803192139	1.9321789741516113	False	[0 0 0 0 0 0 0 0 0 0 0 0]	[0 0 0 0 0 0 0 0 0 0 0 0]	[0 0 0 0 0 0]	[1 0 0 0 1 0]
3	0.3998415172100067	8.895134925842285	2.54644513130188	2.5281848907470703	1.8955774307250977	1.9249274730682373	False	[0 0 0 0 0 0 0 0 0 1 0 0]	[0 0 0 0 0 1 0 0 0 0 0 0]	[0 0 0 0 1 0]	[0 0 0 0 1 0]
3	-1.0	8.95567512512207	2.556300163269043	2.5475549697875977	1.9199168682098389	1.9319031238555908	False	[0 0 0 0 0 0 0 0 0 0 0 0]	[0 0 0 0 0 0 0 0 0 0 0 0]	[0 0 0 0 0 0]	[0 0 0 0 0 0]
3	0.36596089601516724	8.858011245727539	2.5394537448883057	2.516324520111084	1.8826042413711548	1.9196287393569946	False	[0 0 0 0 0 0 0 0 0 1 0 0]	[0 0 0 0 0 1 0 0 0 0 0 0]	[0 0 0 0 1 0]	[1 0 0 0 0 0]
3	-0.5	8.954066276550293	2.556164503097534	2.5470786094665527	1.9189168214797974	1.9319065809249878	False	[0 0 0 0 0 0 0 0 0 0 0 0]	[0 0 0 0 0 0 0 0 0 0 0 0]	[0 0 0 0 0 0]	[1 0 0 0 1 0]
4	0.2687866687774658	8.739226341247559	2.47381329536438	2.4996678829193115	1.9002552032470703	1.865490198135376	False	[1 0 0 0 0 0 0 0 0 0 0 0]	[0 0 0 1 0 0 0 0 0 0 0 0]	[0 0 0 0 1 0]	[0 0 0 1 0 0]
4	-1.0	8.873163223266602	2.5295989513397217	2.5276360511779785	1.9148668050765991	1.9010615348815918	False	[0 0 0 0 0 0 0 0 0 0 0 0]	[0 0 0 0 0 0 0 0 0 0 0 0]	[0 0 0 0 0 0]	[0 0 0 0 0 0]
4	0.23950210213661194	8.742161750793457	2.4755055904388428	2.5003085136413574	1.900388240814209	1.865959644317627	False	[1 0 0 0 0 0 0 0 0 0 0 0]	[0 0 0 1 0 0 0 0 0 0 0 0]	[0 0 0 0 1 0]	[0 0 0 1 0 0]
4	-1.0	8.870952606201172	2.529181957244873	2.5270321369171143	1.9146437644958496	1.900094985961914	False	[0 0 0 0 0 0 0 0 0 0 0 0]	[0 0 0 0 0 0 0 0 0 0 0 0]	[0 0 0 0 0 0]	[0 0 0 0 0 0]
4	0.26330578327178955	8.743154525756836	2.475545883178711	2.5008528232574463	1.9008002281188965	1.8659558296203613	False	[1 0 0 0 0 0 0 0 0 0 0 0]	[0 0 0 1 0 0 0 0 0 0 0 0]	[0 0 0 0 1 0]	[0 0 0 1 0 0]
4	-1.0	8.871889114379883	2.529658317565918	2.5271506309509277	1.9146709442138672	1.9004095792770386	False	[0 0 0 0 0 0 0 0 0 0 0 0]	[0 0 0 0 0 0 0 0 0 0 0 0]	[0 0 0 0 0 0]	[0 0 0 0 0 0]
4	0.2652367949485779	8.743946075439453	2.475733757019043	2.50107479095459	1.9009490013122559	1.8661882877349854	False	[1 0 0 0 0 0 0 0 0 0 0 0]	[0 0 0 1 0 0 0 0 0 0 0 0]	[0 0 0 0 1 0]	[0 0 0 1 0 0]
4	-1.0	8.870019912719727	2.528869390487671	2.5266919136047363	1.9143760204315186	1.9000823497772217	False	[0 0 0 0 0 0 0 0 0 0 0 0]	[0 0 0 0 0 0 0 0 0 0 0 0]	[0 0 0 0 0 0]	[0 0 0 0 0 0]
4	0.268751859664917	8.743319511413574	2.475281000137329	2.5007972717285156	1.9008588790893555	1.8663827180862427	False	[1 0 0 0 0 0 0 0 0 0 0 0]	[0 0 0 1 0 0 0 0 0 0 0 0]	[0 0 0 0 1 0]	[0 0 0 1 0 0]
4	-1.0	8.872162818908691	2.5293922424316406	2.527069568634033	1.9147791862487793	1.9009219408035278	False	[0 0 0 0 0 0 0 0 0 0 0 0]	[0 0 0 0 0 0 0 0 0 0 0 0]	[0 0 0 0 0 0]	[0 0 0 0 0 0]
4	0.2635498344898224	8.739534378051758	2.475013017654419	2.499885082244873	1.899850606918335	1.8647856712341309	False	[1 0 0 0 0 0 0 0 0 0 0 0]	[0 0 0 1 0 0 0 0 0 0 0 0]	[0 0 0 0 1 0]	[0 0 0 1 0 0]
4	-1.0	8.872163772583008	2.5289530754089355	2.5274085998535156	1.9147101640701294	1.9010921716690063	False	[0 0 0 0 0 0 0 0 0 0 0 0]	[0 0 0 0 0 0 0 0 0 0 0 0]	[0 0 0 0 0 0]	[0 0 0 0 0 0]
4	0.24602459371089935	8.742012023925781	2.47529935836792	2.5002989768981934	1.9005717039108276	1.8658416271209717	False	[1 0 0 0 0 0 0 0 0 0 0 0]	[0 0 0 1 0 0 0 0 0 0 0 0]	[0 0 0 0 1 0]	[0 0 0 1 0 0]
4	-1.0	8.873163223266602	2.530029773712158	2.5271711349487305	1.9151411056518555	1.9008210897445679	False	[0 0 0 0 0 0 0 0 0 0 0 0]	[0 0 0 0 0 0 0 0 0 0 0 0]	[0 0 0 0 0 0]	[0 0 0 0 0 0]
4	0.26972267031669617	8.74377727508545	2.476623773574829	2.501023530960083	1.9004634618759155	1.8656666278839111	False	[1 0 0 0 0 0 0 0 0 0 0 0]	[0 0 0 1 0 0 0 0 0 0 0 0]	[0 0 0 0 1 0]	[0 0 0 1 0 0]
4	-1.0	8.87191390991211	2.528946876525879	2.5275440216064453	1.9148956537246704	1.9005271196365356	False	[0 0 0 0 0 0 0 0 0 0 0 0]	[0 0 0 0 0 0 0 0 0 0 0 0]	[0 0 0 0 0 0]	[0 0 0 0 0 0]
4	0.26082777976989746	8.738322257995605	2.474008560180664	2.499864339828491	1.8999311923980713	1.8645185232162476	False	[1 0 0 0 0 0 0 0 0 0 0 0]	[0 0 0 1 0 0 0 0 0 0 0 0]	[0 0 0 0 1 0]	[0 0 0 1 0 0]
4	-1.0	8.871377944946289	2.529118776321411	2.5268361568450928	1.9145594835281372	1.9008634090423584	False	[0 0 0 0 0 0 0 0 0 0 0 0]	[0 0 0 0 0 0 0 0 0 0 0 0]	[0 0 0 0 0 0]	[0 0 0 0 0 0]
4	0.2508072853088379	8.741326332092285	2.475024461746216	2.5005760192871094	1.9003068208694458	1.8654192686080933	False	[1 0 0 0 0 0 0 0 0 0 0 0]	[0 0 0 1 0 0 0 0 0 0 0 0]	[0 0 0 0 1 0]	[0 0 0 1 0 0]
4	-1.0	8.871028900146484	2.529482841491699	2.527005672454834	1.9144878387451172	1.9000530242919922	False	[0 0 0 0 0 0 0 0 0 0 0 0]	[0 0 0 0 0 0 0 0 0 0 0 0]	[0 0 0 0 0 0]	[0 0 0 0 0 0]
4	0.2621704041957855	8.743882179260254	2.4757072925567627	2.5005974769592285	1.9009052515029907	1.866672158241272	False	[1 0 0 0 0 0 0 0 0 0 0 0]	[0 0 0 1 0 0 0 0 0 0 0 0]	[0 0 0 0 1 0]	[0 0 0 1 0 0]
4	-1.0	8.871886253356934	2.5294110774993896	2.527104139328003	1.9147685766220093	1.9006025791168213	False	[0 0 0 0 0 0 0 0 0 0 0 0]	[0 0 0 0 0 0 0 0 0 0 0 0]	[0 0 0 0 0 0]	[0 0 0 0 0 0]
4	0.2617085874080658	8.741724967956543	2.4748568534851074	2.5008742809295654	1.900449275970459	1.8655450344085693	False	[1 0 0 0 0 0 0 0 0 0 0 0]	[0 0 0 1 0 0 0 0 0 0 0 0]	[0 0 0 0 1 0]	[0 0 0 1 0 0]
4	-1.0	8.872047424316406	2.5294301509857178	2.527526378631592	1.9149019718170166	1.9001892805099487	False	[0 0 0 0 0 0 0 0 0 0 0 0]	[0 0 0 0 0 0 0 0 0 0 0 0]	[0 0 0 0 0 0]	[0 0 0 0 0 0]
4	0.2572420835494995	8.744795799255371	2.476508140563965	2.501556873321533	1.900662899017334	1.866067886352539	False	[1 0 0 0 0 0 0 0 0 0 0 0]	[0 0 0 1 0 0 0 0 0 0 0 0]	[0 0 0 0 1 0]	[0 0 0 1 0 0]
4	-1.0	8.87235164642334	2.5294077396392822	2.5273401737213135	1.9149303436279297	1.9006736278533936	False	[0 0 0 0 0 0 0 0 0 0 0 0]	[0 0 0 0 0 0 0 0 0 0 0 0]	[0 0 0 0 0 0]	[0 0 0 0 0 0]
4	0.25915345549583435	8.741728782653809	2.475118637084961	2.500809907913208	1.9002552032470703	1.8655455112457275	False	[1 0 0 0 0 0 0 0 0 0 0 0]	[0 0 0 1 0 0 0 0 0 0 0 0]	[0 0 0 0 1 0]	[0 0 0 1 0 0]
4	-1.0	8.872066497802734	2.528869867324829	2.5272216796875	1.9152107238769531	1.9007649421691895	False	[0 0 0 0 0 0 0 0 0 0 0 0]	[0 0 0 0 0 0 0 0 0 0 0 0]	[0 0 0 0 0 0]	[0 0 0 0 0 0]
4	0.251766562461853	8.740175247192383	2.4747066497802734	2.5000197887420654	1.900124192237854	1.8653243780136108	False	[1 0 0 0 0 0 0 0 0 0 0 0]	[0 0 0 1 0 0 0 0 0 0 0 0]	[0 0 0 0 1 0]	[0 0 0 1 0 0]
4	-1.0	8.869221687316895	2.528569459915161	2.5267739295959473	1.9141619205474854	1.8997166156768799	False	[0 0 0 0 0 0 0 0 0 0 0 0]	[0 0 0 0 0 0 0 0 0 0 0 0]	[0 0 0 0 0 0]	[0 0 0 0 0 0]
5	0.41789698600769043	8.757309913635254	2.488115072250366	2.5195469856262207	1.8475762605667114	1.9020723104476929	False	[0 0 0 0 0 0 1 0 0 0 0 0]	[0 0 1 0 0 0 0 0 0 0 0 0]	[0 1 0 0 0 0]	[1 0 0 0 0 0]
5	0.07135467231273651	8.916154861450195	2.538236618041992	2.5459680557250977	1.8972636461257935	1.9346866607666016	False	[0 1 0 0 0 0 1 0 0 0 0 0]	[0 0 0 0 0 0 0 0 0 0 0 0]	[0 0 0 0 0 0]	[1 0 0 1 0 0]
5	0.4163559079170227	8.904915809631348	2.534724235534668	2.5440735816955566	1.893081545829773	1.9330360889434814	False	[0 0 0 0 0 0 1 0 0 0 0 0]	[0 0 1 0 0 0 0 0 0 0 0 0]	[0 1 0 0 0 0]	[1 0 0 0 0 0]
5	0.06784238666296005	8.915754318237305	2.53818941116333	2.546036958694458	1.8967653512954712	1.934762954711914	False	[0 1 0 0 0 0 1 0 0 0 0 0]	[0 0 0 0 0 0 0 0 0 0 0 0]	[0 0 0 0 0 0]	[1 0 0 1 0 0]
5	0.4122447669506073	8.903148651123047	2.5339629650115967	2.5441253185272217	1.8921798467636108	1.93287992477417	False	[0 0 0 0 0 0 1 0 0 0 0 0]	[0 0 1 0 0 0 0 0 0 0 0 0]	[0 1 0 0 0 0]	[1 0 0 0 0 0]
5	0.06500936299562454	8.915663719177246	2.538315773010254	2.5458877086639404	1.8967427015304565	1.934717059135437	False	[0 1 0 0 0 0 1 0 0 0 0 0]	[0 0 0 0 0 0 0 0 0 0 0 0]	[0 0 0 0 0 0]	[1 0 0 1 0 0]
5	0.45038098096847534	8.904769897460938	2.534595489501953	2.544278621673584	1.892892599105835	1.9330034255981445	False	[0 0 0 0 0 0 1 0 0 0 0 0]	[0 0 1 0 0 0 0 0 0 0 0 0]	[0 1 0 0 0 0]	[1 0 0 0 0 0]
5	0.08092539012432098	8.916849136352539	2.5384140014648438	2.5461020469665527	1.897252082824707	1.935080885887146	False	[0 1 0 0 0 0 1 0 0 0 0 0]	[0 0 0 0 0 0 0 0 0 0 0 0]	[0 0 0 0 0 0]	[1 0 0 1 0 0]
5	0.4033403992652893	8.904318809509277	2.534440279006958	2.544260025024414	1.8926808834075928	1.9329376220703125	False	[0 0 0 0 0 0 1 0 0 0 0 0]	[0 0 1 0 0 0 0 0 0 0 0 0]	[0 1 0 0 0 0]	[1 0 0 0 0 0]
5	0.0691123977303505	8.91534423828125	2.5381717681884766	2.545741319656372	1.8968194723129272	1.9346120357513428	False	[0 1 0 0 0 0 1 0 0 0 0 0]	[0 0 0 0 0 0 0 0 0 0 0 0]	[0 0 0 0 0 0]	[1 0 0 1 0 0]
5	0.406865656375885	8.903596878051758	2.534308433532715	2.544016122817993	1.892540693283081	1.9327311515808105	False	[0 0 0 0 0 0 1 0 0 0 0 0]	[0 0 1 0 0 0 0 0 0 0 0 0]	[0 1 0 0 0 0]	[1 0 0 0 0 0]
5	0.06440860778093338	8.916714668273926	2.5385193824768066	2.5459835529327393	1.8972725868225098	1.9349385499954224	False	[0 1 0 0 0 0 1 0 0 0 0 0]	[0 0 0 0 0 0 0 0 0 0 0 0]	[0 0 0 0 0 0]	[1 0 0 1 0 0]
5	0.4170411229133606	8.904571533203125	2.5346016883850098	2.544236898422241	1.892686367034912	1.9330466985702515	False	[0 0 0 0 0 0 1 0 0 0 0 0]	[0 0 1 0 0 0 0 0 0 0 0 0]	[0 1 0 0 0 0]	[1 0 0 0 0 0]
5	0.07399849593639374	8.916311264038086	2.538400411605835	2.5461111068725586	1.8967937231063843	1.9350059032440186	False	[0 1 0 0 0 0 1 0 0 0 0 0]	[0 0 0 0 0 0 0 0 0 0 0 0]	[0 0 0 0 0 0]	[1 0 0 1 0 0]
5	0.41804590821266174	8.903748512268066	2.5339810848236084	2.544257640838623	1.8926522731781006	1.9328577518463135	False	[0 0 0 0 0 0 1 0 0 0 0 0]	[0 0 1 0 0 0 0 0 0 0 0 0]	[0 1 0 0 0 0]	[1 0 0 0 0 0]
5	0.06866921484470367	8.915802001953125	2.5382466316223145	2.545886278152466	1.896831750869751	1.934837818145752	False	[0 1 0 0 0 0 1 0 0 0 0 0]	[0 0 0 0 0 0 0 0 0 0 0 0]	[0 0 0 0 0 0]	[1 0 0 1 0 0]
5	0.3990768492221832	8.906013488769531	2.5349128246307373	2.54459810256958	1.8932346105575562	1.9332683086395264	False	[0 0 0 0 0 0 1 0 0 0 0 0]	[0 0 1 0 0 0 0 0 0 0 0 0]	[0 1 0 0 0 0]	[1 0 0 0 0 0]
5	0.07159898430109024	8.916130065917969	2.5382235050201416	2.5457606315612793	1.897210955619812	1.9349350929260254	False	[0 1 0 0 0 0 1 0 0 0 0 0]	[0 0 0 0 0 0 0 0 0 0 0 0]	[0 0 0 0 0 0]	[1 0 0 1 0 0]
5	0.43834927678108215	8.904696464538574	2.5347352027893066	2.544029474258423	1.892897129058838	1.9330345392227173	False	[0 0 0 0 0 0 1 0 0 0 0 0]	[0 0 1 0 0 0 0 0 0 0 0 0]	[0 1 0 0 0 0]	[1 0 0 0 0 0]
5	0.08133509010076523	8.917698860168457	2.5387003421783447	2.5461854934692383	1.897723913192749	1.935089111328125	False	[0 1 0 0 0 0 1 0 0 0 0 0]	[0 0 0 0 0 0 0 0 0 0 0 0]	[0 0 0 0 0 0]	[1 0 0 1 0 0]
5	0.4086534380912781	8.903725624084473	2.534165859222412	2.544172525405884	1.8924694061279297	1.9329174757003784	False	[0 0 0 0 0 0 1 0 0 0 0 0]	[0 0 1 0 0 0 0 0 0 0 0 0]	[0 1 0 0 0 0]	[1 0 0 0 0 0]
5	0.06531175225973129	8.917692184448242	2.538632869720459	2.5463807582855225	1.8976705074310303	1.9350082874298096	False	[0 1 0 0 0 0 1 0 0 0 0 0]	[0 0 0 0 0 0 0 0 0 0 0 0]	[0 0 0 0 0 0]	[1 0 0 1 0 0]
5	0.42729634046554565	8.903209686279297	2.534377098083496	2.5438005924224854	1.892184853553772	1.932847261428833	False	[0 0 0 0 0 0 1 0 0 0 0 0]	[0 0 1 0 0 0 0 0 0 0 0 0]	[0 1 0 0 0 0]	[1 0 0 0 0 0]
5	0.06040285527706146	8.917398452758789	2.5387868881225586	2.546253204345703	1.8974618911743164	1.9348959922790527	False	[0 1 0 0 0 0 1 0 0 0 0 0]	[0 0 0 0 0 0 0 0 0 0 0 0]	[0 0 0 0 0 0]	[1 0 0 1 0 0]
5	0.415479451417923	8.905543327331543	2.5349507331848145	2.5443811416625977	1.8928539752960205	1.9333573579788208	False	[0 0 0 0 0 0 1 0 0 0 0 0]	[0 0 1 0 0 0 0 0 0 0 0 0]	[0 1 0 0 0 0]	[1 0 0 0 0 0]
5	0.07733646780252457	8.914061546325684	2.537733793258667	2.545745372772217	1.8960316181182861	1.9345515966415405	False	[0 1 0 0 0 0 1 0 0 0 0 0]	[0 0 0 0 0 0 0 0 0 0 0 0]	[0 0 0 0 0 0]	[1 0 0 1 0 0]
5	0.39318421483039856	8.904704093933105	2.534752368927002	2.543971061706543	1.893053412437439	1.9329270124435425	False	[0 0 0 0 0 0 1 0 0 0 0 0]	[0 0 1 0 0 0 0 0 0 0 0 0]	[0 1 0 0 0 0]	[1 0 0 0 0 0]
5	0.05429712310433388	8.915388107299805	2.538038969039917	2.545896530151367	1.896723985671997	1.9347288608551025	False	[0 1 0 0 0 0 1 0 0 0 0 0]	[0 0 0 0 0 0 0 0 0 0 0 0]	[0 0 0 0 0 0]	[1 0 0 1 0 0]
5	0.41923609375953674	8.904041290283203	2.5343286991119385	2.5441548824310303	1.892783761024475	1.9327738285064697	False	[0 0 0 0 0 0 1 0 0 0 0 0]	[0 0 1 0 0 0 0 0 0 0 0 0]	[0 1 0 0 0 0]	[1 0 0 0 0 0]
5	0.0799063965678215	8.915019989013672	2.538186550140381	2.545778274536133	1.8964396715164185	1.9346153736114502	False	[0 1 0 0 0 0 1 0 0 0 0 0]	[0 0 0 0 0 0 0 0 0 0 0 0]	[0 0 0 0 0 0]	[1 0 0 1 0 0]
6	0.5318164825439453	8.80919075012207	2.538299560546875	2.508835792541504	1.8471133708953857	1.9149419069290161	False	[0 0 0 1 0 0 0 0 0 0 0 0]	[0 0 0 0 1 0 0 0 0 0 0 0]	[0 0 1 0 0 0]	[0 0 0 1 0 0]
6	0.005150483921170235	8.902841567993164	2.5507447719573975	2.5350325107574463	1.901655912399292	1.9154080152511597	False	[0 0 0 1 0 0 0 0 0 1 0 0]	[0 0 0 0 1 0 0 0 0 0 1 0]	[0 0 0 0 0 0]	[0 0 0 0 0 0]
6	0.5125315189361572	8.829148292541504	2.5418102741241455	2.5140316486358643	1.8577227592468262	1.9155834913253784	False	[0 0 0 0 0 0 0 0 0 1 0 0]	[0 0 0 0 0 0 0 0 0 0 1 0]	[0 0 1 0 0 0]	[0 0 0 1 0 0]
6	-1.0	8.901727676391602	2.5505545139312744	2.5345299243927	1.9015470743179321	1.915096402168274	False	[0 0 0 0 0 0 0 0 0 0 0 0]	[0 0 0 0 0 0 0 0 0 0 0 0]	[0 0 0 0 0 0]	[0 0 0 0 0 0]
6	0.5064730644226074	8.806818962097168	2.5380799770355225	2.5081675052642822	1.8460434675216675	1.9145276546478271	False	[0 0 0 1 0 0 0 0 0 0 0 0]	[0 0 0 0 1 0 0 0 0 0 0 0]	[0 0 1 0 0 0]	[0 0 0 1 0 0]
6	0.010887393727898598	8.901632308959961	2.5504062175750732	2.534709930419922	1.9012324810028076	1.915282964706421	False	[0 0 0 1 0 0 0 0 0 1 0 0]	[0 0 0 0 1 0 0 0 0 0 1 0]	[0 0 0 0 0 0]	[0 0 0 0 0 0]
6	0.5170899033546448	8.828755378723145	2.541766405105591	2.5142662525177	1.8570568561553955	1.9156655073165894	False	[0 0 0 0 0 0 0 0 0 1 0 0]	[0 0 0 0 0 0 0 0 0 0 1 0]	[0 0 1 0 0 0]	[0 0 0 1 0 0]
6	-1.0	8.904378890991211	2.550783157348633	2.5355467796325684	1.9023470878601074	1.9157013893127441	False	[0 0 0 0 0 0 0 0 0 0 0 0]	[0 0 0 0 0 0 0 0 0 0 0 0]	[0 0 0 0 0 0]	[0 0 0 0 0 0]
6	0.5166618824005127	8.809280395507812	2.538648843765259	2.5087594985961914	1.847015380859375	1.914857029914856	False	[0 0 0 1 0 0 0 0 0 0 0 0]	[0 0 0 0 1 0 0 0 0 0 0 0]	[0 0 1 0 0 0]	[0 0 0 1 0 0]
6	0.011104577220976353	8.902267456054688	2.550672769546509	2.5349926948547363	1.9012852907180786	1.9153168201446533	False	[0 0 0 1 0 0 0 0 0 1 0 0]	[0 0 0 0 1 0 0 0 0 0 1 0]	[0 0 0 0 0 0]	[0 0 0 0 0 0]
6	0.5219895839691162	8.828535079956055	2.5419650077819824	2.514047384262085	1.8572442531585693	1.9152787923812866	False	[0 0 0 0 0 0 0 0 0 1 0 0]	[0 0 0 0 0 0 0 0 0 0 1 0]	[0 0 1 0 0 0]	[0 0 0 1 0 0]
6	-1.0	8.901662826538086	2.5506763458251953	2.5347020626068115	1.9008713960647583	1.9154125452041626	False	[0 0 0 0 0 0 0 0 0 0 0 0]	[0 0 0 0 0 0 0 0 0 0 0 0]	[0 0 0 0 0 0]	[0 0 0 0 0 0]
6	0.5194356441497803	8.810604095458984	2.53847336769104	2.50876784324646	1.8477697372436523	1.9155933856964111	False	[0 0 0 1 0 0 0 0 0 0 0 0]	[0 0 0 0 1 0 0 0 0 0 0 0]	[0 0 1 0 0 0]	[0 0 0 1 0 0]
6	0.007745804265141487	8.901649475097656	2.55049991607666	2.5345373153686523	1.9013750553131104	1.9152379035949707	False	[0 0 0 1 0 0 0 0 0 1 0 0]	[0 0 0 0 1 0 0 0 0 0 1 0]	[0 0 0 0 0 0]	[0 0 0 0 0 0]
6	0.5143631100654602	8.82890510559082	2.5419423580169678	2.514187812805176	1.8576350212097168	1.915140151977539	False	[0 0 0 0 0 0 0 0 0 1 0 0]	[0 0 0 0 0 0 0 0 0 0 1 0]	[0 0 1 0 0 0]	[0 0 0 1 0 0]
6	-1.0	8.900629997253418	2.5503101348876953	2.5344016551971436	1.901113510131836	1.9148046970367432	False	[0 0 0 0 0 0 0 0 0 0 0 0]	[0 0 0 0 0 0 0 0 0 0 0 0]	[0 0 0 0 0 0]	[0 0 0 0 0 0]
6	0.5417254567146301	8.808122634887695	2.5382492542266846	2.5084567070007324	1.8466871976852417	1.9147286415100098	False	[0 0 0 1 0 0 0 0 0 0 0 0]	[0 0 0 0 1 0 0 0 0 0 0 0]	[0 0 1 0 0 0]	[0 0 0 1 0 0]
6	0.012821946293115616	8.9027738571167	2.5506160259246826	2.535146951675415	1.9014453887939453	1.9155656099319458	False	[0 0 0 1 0 0 0 0 0 1 0 0]	[0 0 0 0 1 0 0 0 0 0 1 0]	[0 0 0 0 0 0]	[0 0 0 0 0 0]
6	0.5386083126068115	8.829042434692383	2.5417141914367676	2.514404296875	1.8575879335403442	1.91533625125885	False	[0 0 0 0 0 0 0 0 0 1 0 0]	[0 0 0 0 0 0 0 0 0 0 1 0]	[0 0 1 0 0 0]	[0 0 0 1 0 0]
6	-1.0	8.901315689086914	2.5504136085510254	2.5347976684570312	1.9014124870300293	1.914691686630249	False	[0 0 0 0 0 0 0 0 0 0 0 0]	[0 0 0 0 0 0 0 0 0 0 0 0]	[0 0 0 0 0 0]	[0 0 0 0 0 0]
6	0.5332819223403931	8.80963134765625	2.538374900817871	2.508518934249878	1.8475958108901978	1.9151415824890137	False	[0 0 0 1 0 0 0 0 0 0 0 0]	[0 0 0 0 1 0 0 0 0 0 0 0]	[0 0 1 0 0 0]	[0 0 0 1 0 0]
6	0.01446673832833767	8.903692245483398	2.550631523132324	2.535355806350708	1.9020112752914429	1.9156938791275024	False	[0 0 0 1 0 0 0 0 0 1 0 0]	[0 0 0 0 1 0 0 0 0 0 1 0]	[0 0 0 0 0 0]	[0 0 0 0 0 0]
6	0.5136799216270447	8.830733299255371	2.542088508605957	2.5145020484924316	1.8582432270050049	1.9158995151519775	False	[0 0 0 0 0 0 0 0 0 1 0 0]	[0 0 0 0 0 0 0 0 0 0 1 0]	[0 0 1 0 0 0]	[0 0 0 1 0 0]
6	-1.0	8.902989387512207	2.5508482456207275	2.534914493560791	1.9017670154571533	1.9154596328735352	False	[0 0 0 0 0 0 0 0 0 0 0 0]	[0 0 0 0 0 0 0 0 0 0 0 0]	[0 0 0 0 0 0]	[0 0 0 0 0 0]
6	0.5085482001304626	8.809739112854004	2.5386316776275635	2.5086944103240967	1.8470382690429688	1.9153743982315063	False	[0 0 0 1 0 0 0 0 0 0 0 0]	[0 0 0 0 1 0 0 0 0 0 0 0]	[0 0 1 0 0 0]	[0 0 0 1 0 0]
6	0.006897191051393747	8.903096199035645	2.550854444503784	2.535045623779297	1.901883602142334	1.9153122901916504	False	[0 0 0 1 0 0 0 0 0 1 0 0]	[0 0 0 0 1 0 0 0 0 0 1 0]	[0 0 0 0 0 0]	[0 0 0 0 0 0]
6	0.48876628279685974	8.830188751220703	2.5417869091033936	2.514573097229004	1.8580687046051025	1.9157600402832031	False	[0 0 0 0 0 0 0 0 0 1 0 0]	[0 0 0 0 0 0 0 0 0 0 1 0]	[0 0 1 0 0 0]	[0 0 0 1 0 0]
6	-1.0	8.901622772216797	2.550478935241699	2.5346672534942627	1.9011688232421875	1.9153075218200684	False	[0 0 0 0 0 0 0 0 0 0 0 0]	[0 0 0 0 0 0 0 0 0 0 0 0]	[0 0 0 0 0 0]	[0 0 0 0 0 0]
6	0.5220829248428345	8.8079833984375	2.538618326187134	2.5082011222839355	1.846383810043335	1.9147799015045166	False	[0 0 0 1 0 0 0 0 0 0 0 0]	[0 0 0 0 1 0 0 0 0 0 0 0]	[0 0 1 0 0 0]	[0 0 0 1 0 0]
6	0.003549918532371521	8.902112007141113	2.5506081581115723	2.5345261096954346	1.9013776779174805	1.9156001806259155	False	[0 0 0 1 0 0 0 0 0 1 0 0]	[0 0 0 0 1 0 0 0 0 0 1 0]	[0 0 0 0 0 0]	[0 0 0 0 0 0]
7	0.33949410915374756	8.934619903564453	2.5288050174713135	2.5520498752593994	1.932107925415039	1.9216570854187012	False	[0 0 0 0 0 0 0 0 1 0 0 0]	[0 0 0 0 0 0 0 1 0 0 0 0]	[0 0 0 1 0 0]	[1 0 0 0 0 0]
7	0.19970576465129852	8.97281551361084	2.552564859390259	2.5543670654296875	1.93607759475708	1.9298063516616821	False	[0 0 1 0 0 0 0 0 1 0 0 0]	[0 1 0 0 0 0 0 1 0 0 0 0]	[0 0 0 1 0 1]	[1 0 0 1 0 0]
7	0.3195248544216156	8.972711563110352	2.550671100616455	2.555839776992798	1.9363574981689453	1.9298430681228638	False	[0 0 1 0 0 0 0 0 0 0 0 0]	[0 0 0 0 0 0 0 1 0 0 0 0]	[0 0 0 1 0 0]	[1 0 0 0 0 0]
7	0.19781328737735748	8.973360061645508	2.552480459213257	2.5546326637268066	1.9360597133636475	1.9301867485046387	False	[0 0 0 0 0 0 0 0 0 0 0 0]	[0 1 0 0 0 0 0 1 0 0 0 0]	[0 0 0 1 0 1]	[1 0 0 1 0 0]
7	0.05692655220627785	8.966765403747559	2.5465683937072754	2.555910110473633	1.935928463935852	1.9283589124679565	False	[0 0 0 0 0 0 0 0 1 0 0 0]	[1 1 0 0 0 0 0 1 0 0 0 0]	[0 0 0 1 0 0]	[1 0 0 0 0 0]
7	0.3074844777584076	8.972309112548828	2.550507068634033	2.5557379722595215	1.9364768266677856	1.9295873641967773	False	[0 0 0 0 0 0 0 0 0 0 0 0]	[1 0 0 0 0 0 0 1 0 0 0 0]	[0 0 0 1 0 1]	[1 0 0 1 0 0]
7	0.04663780704140663	8.973443031311035	2.5543248653411865	2.5535244941711426	1.9355874061584473	1.9300066232681274	False	[0 0 1 0 0 0 0 0 0 0 0 0]	[1 1 0 0 0 0 0 1 0 0 0 0]	[0 0 0 1 0 0]	[1 0 0 0 0 0]
7	0.4121147096157074	8.971630096435547	2.5503454208374023	2.5556557178497314	1.9363305568695068	1.9292980432510376	False	[0 0 1 0 0 0 0 0 1 0 0 0]	[1 0 0 0 0 0 0 1 0 0 0 0]	[0 0 0 1 0 1]	[1 0 0 1 0 0]
7	0.05324637517333031	8.974102020263672	2.554774284362793	2.5537030696868896	1.935613989830017	1.930010437965393	False	[0 0 0 0 0 0 0 0 1 0 0 0]	[1 1 0 0 0 0 0 1 0 0 0 0]	[0 0 0 1 0 0]	[1 0 0 0 0 0]
7	0.3368934094905853	8.971240043640137	2.550111770629883	2.555591344833374	1.936129093170166	1.9294072389602661	False	[0 0 0 0 0 0 0 0 0 0 0 0]	[1 0 0 0 0 0 0 1 0 0 0 0]	[0 0 0 1 0 1]	[1 0 0 1 0 0]
7	0.045251842588186264	8.973974227905273	2.554558753967285	2.553774356842041	1.9355919361114502	1.9300488233566284	False	[0 0 1 0 0 0 0 0 0 0 0 0]	[1 1 0 0 0 0 0 1 0 0 0 0]	[0 0 0 1 0 0]	[1 0 0 0 0 0]
7	0.37087035179138184	8.97219181060791	2.5505356788635254	2.555788040161133	1.9364124536514282	1.9294558763504028	False	[0 0 1 0 0 0 0 0 1 0 0 0]	[1 0 0 0 0 0 0 1 0 0 0 0]	[0 0 0 1 0 1]	[1 0 0 1 0 0]
7	0.058142442256212234	8.974660873413086	2.55532169342041	2.553739547729492	1.9356884956359863	1.9299116134643555	False	[0 0 0 0 0 0 0 0 1 0 0 0]	[1 1 0 0 0 0 0 1 0 0 0 0]	[0 0 0 1 0 0]	[1 0 0 0 0 0]
7	0.32603904604911804	8.97157096862793	2.5498480796813965	2.5558197498321533	1.9364287853240967	1.9294739961624146	False	[0 0 0 0 0 0 0 0 0 0 0 0]	[1 0 0 0 0 0 0 1 0 0 0 0]	[0 0 0 1 0 1]	[1 0 0 1 0 0]
7	0.05916418135166168	8.973163604736328	2.554060459136963	2.5537216663360596	1.9354932308197021	1.9298878908157349	False	[0 0 1 0 0 0 0 0 0 0 0 0]	[1 1 0 0 0 0 0 1 0 0 0 0]	[0 0 0 1 0 0]	[1 0 0 0 0 0]
7	0.3936159908771515	8.971521377563477	2.5500900745391846	2.555723190307617	1.9363353252410889	1.9293724298477173	False	[0 0 1 0 0 0 0 0 1 0 0 0]	[1 0 0 0 0 0 0 1 0 0 0 0]	[0 0 0 1 0 1]	[1 0 0 1 0 0]
7	0.037517596036195755	8.974017143249512	2.555159568786621	2.553582191467285	1.9354515075683594	1.9298241138458252	False	[0 0 0 0 0 0 0 0 1 0 0 0]	[1 1 0 0 0 0 0 1 0 0 0 0]	[0 0 0 1 0 0]	[1 0 0 0 0 0]
7	0.33355775475502014	8.971267700195312	2.5499699115753174	2.5555357933044434	1.9363118410110474	1.9294495582580566	False	[0 0 0 0 0 0 0 0 0 0 0 0]	[1 0 0 0 0 0 0 1 0 0 0 0]	[0 0 0 1 0 1]	[1 0 0 1 0 0]
7	0.04630226641893387	8.972765922546387	2.553964138031006	2.553589344024658	1.9353315830230713	1.9298808574676514	False	[0 0 1 0 0 0 0 0 0 0 0 0]	[1 1 0 0 0 0 0 1 0 0 0 0]	[0 0 0 1 0 0]	[1 0 0 0 0 0]
7	0.32701948285102844	8.971359252929688	2.5501599311828613	2.5554046630859375	1.936336874961853	1.9294580221176147	False	[0 0 0 0 0 0 0 0 0 0 0 0]	[1 0 0 0 0 0 0 1 0 0 0 0]	[0 0 0 1 0 1]	[1 0 0 1 0 0]
7	0.050791893154382706	8.973671913146973	2.5545687675476074	2.5536649227142334	1.9354817867279053	1.929956316947937	False	[0 0 1 0 0 0 0 0 0 0 0 0]	[1 1 0 0 0 0 0 1 0 0 0 0]	[0 0 0 1 0 0]	[1 0 0 0 0 0]
7	0.3934668004512787	8.971254348754883	2.549694776535034	2.555790424346924	1.9364358186721802	1.9293335676193237	False	[0 0 1 0 0 0 0 0 1 0 0 0]	[1 0 0 0 0 0 0 1 0 0 0 0]	[0 0 0 1 0 1]	[1 0 0 1 0 0]
7	0.051579877734184265	8.974184036254883	2.555009365081787	2.5536513328552246	1.9356003999710083	1.9299230575561523	False	[0 0 0 0 0 0 0 0 1 0 0 0]	[1 1 0 0 0 0 0 1 0 0 0 0]	[0 0 0 1 0 0]	[1 0 0 0 0 0]
7	0.31903067231178284	8.970454216003418	2.549656867980957	2.555509567260742	1.9361975193023682	1.929090142250061	False	[0 0 0 0 0 0 0 0 0 0 0 0]	[1 0 0 0 0 0 0 1 0 0 0 0]	[0 0 0 1 0 1]	[1 0 0 1 0 0]
7	0.07687792181968689	8.972097396850586	2.5539133548736572	2.5533697605133057	1.935248613357544	1.9295653104782104	False	[0 0 1 0 0 0 0 0 0 0 0 0]	[1 1 0 0 0 0 0 1 0 0 0 0]	[0 0 0 1 0 0]	[1 0 0 0 0 0]
7	0.37397903203964233	8.97131061553955	2.5500967502593994	2.5556910037994385	1.9361543655395508	1.929368495941162	False	[0 0 1 0 0 0 0 0 1 0 0 0]	[1 0 0 0 0 0 0 1 0 0 0 0]	[0 0 0 1 0 1]	[1 0 0 1 0 0]
7	0.046943068504333496	8.973580360412598	2.5548160076141357	2.5535411834716797	1.9352854490280151	1.929937720298767	False	[0 0 0 0 0 0 0 0 1 0 0 0]	[1 1 0 0 0 0 0 1 0 0 0 0]	[0 0 0 1 0 0]	[1 0 0 0 0 0]
7	0.346570760011673	8.971240043640137	2.5500450134277344	2.5554490089416504	1.9362804889678955	1.929465413093567	False	[0 0 0 0 0 0 0 0 0 0 0 0]	[1 0 0 0 0 0 0 1 0 0 0 0]	[0 0 0 1 0 1]	[1 0 0 1 0 0]
7	0.0637432336807251	8.97392749786377	2.5543670654296875	2.5536699295043945	1.9356536865234375	1.9302371740341187	False	[0 0 1 0 0 0 0 0 0 0 0 0]	[1 1 0 0 0 0 0 1 0 0 0 0]	[0 0 0 1 0 0]	[1 0 0 0 0 0]
7	0.38827866315841675	8.972437858581543	2.5507030487060547	2.5558431148529053	1.9363341331481934	1.9295575618743896	False	[0 0 1 0 0 0 0 0 1 0 0 0]	[1 0 0 0 0 0 0 1 0 0 0 0]	[0 0 0 1 0 1]	[1 0 0 1 0 0]
8	0.04758531227707863	8.96155834197998	2.5428519248962402	2.5410959720611572	1.937220573425293	1.9403893947601318	False	[0 0 0 0 0 0 1 0 0 0 0 0]	[0 0 1 0 0 0 0 0 0 0 0 0]	[0 0 0 1 0 0]	[1 0 0 0 0 0]
8	-0.5	8.981589317321777	2.5532386302948	2.5544703006744385	1.9379220008850098	1.9359586238861084	False	[0 0 0 0 0 0 0 0 0 0 0 0]	[0 0 1 0 0 1 0 0 0 0 0 0]	[0 0 0 0 0 0]	[1 0 0 0 0 1]
8	0.06410695612430573	8.981779098510742	2.5533316135406494	2.5547728538513184	1.9377052783966064	1.9359698295593262	False	[0 0 0 0 0 0 1 0 0 0 0 0]	[0 0 1 0 0 0 0 0 0 0 0 0]	[0 0 0 1 0 0]	[1 0 0 0 0 0]
8	-0.5	8.982301712036133	2.553598403930664	2.554631471633911	1.9379863739013672	1.9360859394073486	False	[0 0 0 0 0 0 0 0 0 0 0 0]	[0 0 1 0 0 1 0 0 0 0 0 0]	[0 0 0 0 0 0]	[1 0 0 0 0 1]
8	0.047583580017089844	8.98237419128418	2.553678274154663	2.554680109024048	1.9377954006195068	1.936220407485962	False	[0 0 0 0 0 0 1 0 0 0 0 0]	[0 0 1 0 0 0 0 0 0 0 0 0]	[0 0 0 1 0 0]	[1 0 0 0 0 0]
8	-0.5	8.980981826782227	2.5531907081604004	2.554286479949951	1.9376256465911865	1.9358785152435303	False	[0 0 0 0 0 0 0 0 0 0 0 0]	[0 0 1 0 0 1 0 0 0 0 0 0]	[0 0 0 0 0 0]	[1 0 0 0 0 1]
8	0.06938549876213074	8.98101806640625	2.5531415939331055	2.5544238090515137	1.9376941919326782	1.9357584714889526	False	[0 0 0 0 0 0 1 0 0 0 0 0]	[0 0 1 0 0 0 0 0 0 0 0 0]	[0 0 0 1 0 0]	[1 0 0 0 0 0]
8	-0.5	8.981189727783203	2.55328631401062	2.554511070251465	1.9375293254852295	1.9358630180358887	False	[0 0 0 0 0 0 0 0 0 0 0 0]	[0 0 1 0 0 1 0 0 0 0 0 0]	[0 0 0 0 0 0]	[1 0 0 0 0 1]
8	0.04344607889652252	8.981949806213379	2.5534870624542236	2.5546693801879883	1.937804937362671	1.935988426208496	False	[0 0 0 0 0 0 1 0 0 0 0 0]	[0 0 1 0 0 0 0 0 0 0 0 0]	[0 0 0 1 0 0]	[1 0 0 0 0 0]
8	-0.5	8.981223106384277	2.5529239177703857	2.5544095039367676	1.9378767013549805	1.9360132217407227	False	[0 0 0 0 0 0 0 0 0 0 0 0]	[0 0 1 0 0 1 0 0 0 0 0 0]	[0 0 0 0 0 0]	[1 0 0 0 0 1]
8	0.05359950289130211	8.981654167175293	2.5534849166870117	2.5545735359191895	1.937751293182373	1.9358441829681396	False	[0 0 0 0 0 0 1 0 0 0 0 0]	[0 0 1 0 0 0 0 0 0 0 0 0]	[0 0 0 1 0 0]	[1 0 0 0 0 0]
8	-0.5	8.98135757446289	2.553706407546997	2.5543768405914307	1.9376916885375977	1.9355823993682861	False	[0 0 0 0 0 0 0 0 0 0 0 0]	[0 0 1 0 0 1 0 0 0 0 0 0]	[0 0 0 0 0 0]	[1 0 0 0 0 1]
8	0.051580801606178284	8.981917381286621	2.5536868572235107	2.5545921325683594	1.9378132820129395	1.9358247518539429	False	[0 0 0 0 0 0 1 0 0 0 0 0]	[0 0 1 0 0 0 0 0 0 0 0 0]	[0 0 0 1 0 0]	[1 0 0 0 0 0]
8	-0.5	8.981391906738281	2.553330659866333	2.5545666217803955	1.9376466274261475	1.935848593711853	False	[0 0 0 0 0 0 0 0 0 0 0 0]	[0 0 1 0 0 1 0 0 0 0 0 0]	[0 0 0 0 0 0]	[1 0 0 0 0 1]
8	0.0500049814581871	8.981901168823242	2.553440570831299	2.5546984672546387	1.937762975692749	1.9359989166259766	False	[0 0 0 0 0 0 1 0 0 0 0 0]	[0 0 1 0 0 0 0 0 0 0 0 0]	[0 0 0 1 0 0]	[1 0 0 0 0 0]
8	-0.5	8.983154296875	2.553679943084717	2.55479097366333	1.9381577968597412	1.9365253448486328	False	[0 0 0 0 0 0 0 0 0 0 0 0]	[0 0 1 0 0 1 0 0 0 0 0 0]	[0 0 0 0 0 0]	[1 0 0 0 0 1]
8	0.05348382890224457	8.981160163879395	2.553431510925293	2.554295063018799	1.9376919269561768	1.935741662979126	False	[0 0 0 0 0 0 1 0 0 0 0 0]	[0 0 1 0 0 0 0 0 0 0 0 0]	[0 0 0 1 0 0]	[1 0 0 0 0 0]
8	-0.5	8.981719017028809	2.553481340408325	2.5545012950897217	1.93777334690094	1.9359629154205322	False	[0 0 0 0 0 0 0 0 0 0 0 0]	[0 0 1 0 0 1 0 0 0 0 0 0]	[0 0 0 0 0 0]	[1 0 0 0 0 1]
8	0.051769230514764786	8.981473922729492	2.5532805919647217	2.55450177192688	1.9378297328948975	1.9358620643615723	False	[0 0 0 0 0 0 1 0 0 0 0 0]	[0 0 1 0 0 0 0 0 0 0 0 0]	[0 0 0 1 0 0]	[1 0 0 0 0 0]
8	-0.5	8.981155395507812	2.5534780025482178	2.554309606552124	1.937637448310852	1.935730218887329	False	[0 0 0 0 0 0 0 0 0 0 0 0]	[0 0 1 0 0 1 0 0 0 0 0 0]	[0 0 0 0 0 0]	[1 0 0 0 0 1]
8	0.05355546250939369	8.981733322143555	2.553159713745117	2.554375171661377	1.9380601644515991	1.9361380338668823	False	[0 0 0 0 0 0 1 0 0 0 0 0]	[0 0 1 0 0 0 0 0 0 0 0 0]	[0 0 0 1 0 0]	[1 0 0 0 0 0]
8	-0.5	8.980451583862305	2.553248643875122	2.5542612075805664	1.9374608993530273	1.9354815483093262	False	[0 0 0 0 0 0 0 0 0 0 0 0]	[0 0 1 0 0 1 0 0 0 0 0 0]	[0 0 0 0 0 0]	[1 0 0 0 0 1]
8	0.04910867661237717	8.980937004089355	2.5532989501953125	2.5542006492614746	1.937729001045227	1.9357088804244995	False	[0 0 0 0 0 0 1 0 0 0 0 0]	[0 0 1 0 0 0 0 0 0 0 0 0]	[0 0 0 1 0 0]	[1 0 0 0 0 0]
8	-0.5	8.98153018951416	2.5533337593078613	2.554471492767334	1.937947154045105	1.9357775449752808	False	[0 0 0 0 0 0 0 0 0 0 0 0]	[0 0 1 0 0 1 0 0 0 0 0 0]	[0 0 0 0 0 0]	[1 0 0 0 0 1]
8	0.05620015040040016	8.981270790100098	2.5533244609832764	2.554619073867798	1.9376102685928345	1.9357168674468994	False	[0 0 0 0 0 0 1 0 0 0 0 0]	[0 0 1 0 0 0 0 0 0 0 0 0]	[0 0 0 1 0 0]	[1 0 0 0 0 0]
8	-0.5	8.981403350830078	2.5536725521087646	2.5542633533477783	1.9376760721206665	1.9357913732528687	False	[0 0 0 0 0 0 0 0 0 0 0 0]	[0 0 1 0 0 1 0 0 0 0 0 0]	[0 0 0 0 0 0]	[1 0 0 0 0 1]
8	0.052893176674842834	8.981281280517578	2.5534207820892334	2.5544583797454834	1.93760085105896	1.9358015060424805	False	[0 0 0 0 0 0 1 0 0 0 0 0]	[0 0 1 0 0 0 0 0 0 0 0 0]	[0 0 0 1 0 0]	[1 0 0 0 0 0]
8	-0.5	8.983207702636719	2.5537314414978027	2.5549118518829346	1.9381293058395386	1.9364352226257324	False	[0 0 0 0 0 0 0 0 0 0 0 0]	[0 0 1 0 0 1 0 0 0 0 0 0]	[0 0 0 0 0 0]	[1 0 0 0 0 1]
8	0.053547486662864685	8.981528282165527	2.553436279296875	2.5543737411499023	1.9378308057785034	1.9358875751495361	False	[0 0 0 0 0 0 1 0 0 0 0 0]	[0 0 1 0 0 0 0 0 0 0 0 0]	[0 0 0 1 0 0]	[1 0 0 0 0 0]
8	-0.5	8.982389450073242	2.5531835556030273	2.5547287464141846	1.938171148300171	1.9363059997558594	False	[0 0 0 0 0 0 0 0 0 0 0 0]	[0 0 1 0 0 1 0 0 0 0 0 0]	[0 0 0 0 0 0]	[1 0 0 0 0 1]
9	0.32505369186401367	8.910677909851074	2.5357871055603027	2.534785747528076	1.9171003103256226	1.923004388809204	False	[1 0 0 0 0 0 0 0 0 0 0 0]	[0 0 1 0 0 0 0 0 0 0 0 0]	[0 0 1 0 0 0]	[0 1 0 0 0 0]
9	-0.5	8.960270881652832	2.5480940341949463	2.5531036853790283	1.9274940490722656	1.9315794706344604	False	[1 0 1 0 0 0 0 0 0 0 0 0]	[0 0 0 0 0 0 0 0 0 0 0 0]	[0 0 0 0 0 0]	[0 0 0 0 0 0]
9	0.3107873201370239	8.949094772338867	2.545053482055664	2.5480599403381348	1.9253482818603516	1.9306329488754272	False	[1 0 0 0 0 0 0 0 0 0 0 0]	[0 0 1 0 0 0 0 0 0 0 0 0]	[0 0 1 0 0 0]	[0 1 0 0 0 0]
9	-0.5	8.960164070129395	2.548196315765381	2.5528619289398193	1.9277269840240479	1.9313794374465942	False	[1 0 1 0 0 0 0 0 0 0 0 0]	[0 0 0 0 0 0 0 0 0 0 0 0]	[0 0 0 0 0 0]	[0 0 0 0 0 0]
9	0.3462654948234558	8.951196670532227	2.54577374458313	2.5486061573028564	1.9258198738098145	1.9309971332550049	False	[1 0 0 0 0 0 0 0 0 0 0 0]	[0 0 1 0 0 0 0 0 0 0 0 0]	[0 0 1 0 0 0]	[0 1 0 0 0 0]
9	-0.5	8.959200859069824	2.5477144718170166	2.5526819229125977	1.92738676071167	1.9314175844192505	False	[1 0 1 0 0 0 0 0 0 0 0 0]	[0 0 0 0 0 0 0 0 0 0 0 0]	[0 0 0 0 0 0]	[0 0 0 0 0 0]
9	0.28417256474494934	8.950035095214844	2.5451674461364746	2.548358201980591	1.925419807434082	1.9310894012451172	False	[1 0 0 0 0 0 0 0 0 0 0 0]	[0 0 1 0 0 0 0 0 0 0 0 0]	[0 0 1 0 0 0]	[0 1 0 0 0 0]
9	-0.5	8.96024227142334	2.547963857650757	2.5530505180358887	1.9277186393737793	1.9315096139907837	False	[1 0 1 0 0 0 0 0 0 0 0 0]	[0 0 0 0 0 0 0 0 0 0 0 0]	[0 0 0 0 0 0]	[0 0 0 0 0 0]
9	0.325587660074234	8.949945449829102	2.5447309017181396	2.548318862915039	1.9258671998977661	1.9310280084609985	False	[1 0 0 0 0 0 0 0 0 0 0 0]	[0 0 1 0 0 0 0 0 0 0 0 0]	[0 0 1 0 0 0]	[0 1 0 0 0 0]
9	-0.5	8.96052074432373	2.5483996868133545	2.5528645515441895	1.9277408123016357	1.9315160512924194	False	[1 0 1 0 0 0 0 0 0 0 0 0]	[0 0 0 0 0 0 0 0 0 0 0 0]	[0 0 0 0 0 0]	[0 0 0 0 0 0]
9	0.31109505891799927	8.949731826782227	2.544769287109375	2.5482115745544434	1.925634741783142	1.9311163425445557	False	[1 0 0 0 0 0 0 0 0 0 0 0]	[0 0 1 0 0 0 0 0 0 0 0 0]	[0 0 1 0 0 0]	[0 1 0 0 0 0]
9	-0.5	8.960858345031738	2.5479977130889893	2.553088665008545	1.9282219409942627	1.931550145149231	False	[1 0 1 0 0 0 0 0 0 0 0 0]	[0 0 0 0 0 0 0 0 0 0 0 0]	[0 0 0 0 0 0]	[0 0 0 0 0 0]
9	0.3262536823749542	8.9501953125	2.5454037189483643	2.548266887664795	1.925443410873413	1.93108069896698	False	[1 0 0 0 0 0 0 0 0 0 0 0]	[0 0 1 0 0 0 0 0 0 0 0 0]	[0 0 1 0 0 0]	[0 1 0 0 0 0]
9	-0.5	8.959999084472656	2.547905206680298	2.553004741668701	1.9276026487350464	1.9314860105514526	False	[1 0 1 0 0 0 0 0 0 0 0 0]	[0 0 0 0 0 0 0 0 0 0 0 0]	[0 0 0 0 0 0]	[0 0 0 0 0 0]
9	0.30782362818717957	8.948410034179688	2.5447912216186523	2.5479466915130615	1.9249837398529053	1.9306881427764893	False	[1 0 0 0 0 0 0 0 0 0 0 0]	[0 0 1 0 0 0 0 0 0 0 0 0]	[0 0 1 0 0 0]	[0 1 0 0 0 0]
9	-0.5	8.960175514221191	2.548656463623047	2.552964687347412	1.9274537563323975	1.9311009645462036	False	[1 0 1 0 0 0 0 0 0 0 0 0]	[0 0 0 0 0 0 0 0 0 0 0 0]	[0 0 0 0 0 0]	[0 0 0 0 0 0]
9	0.3216649293899536	8.949833869934082	2.545287847518921	2.5484087467193604	1.9253864288330078	1.9307507276535034	False	[1 0 0 0 0 0 0 0 0 0 0 0]	[0 0 1 0 0 0 0 0 0 0 0 0]	[0 0 1 0 0 0]	[0 1 0 0 0 0]
9	-0.5	8.959737777709961	2.5479736328125	2.55283784866333	1.9274787902832031	1.9314477443695068	False	[1 0 1 0 0 0 0 0 0 0 0 0]	[0 0 0 0 0 0 0 0 0 0 0 0]	[0 0 0 0 0 0]	[0 0 0 0 0 0]
9	0.3362744152545929	8.950668334960938	2.5454792976379395	2.548563241958618	1.9258317947387695	1.9307940006256104	False	[1 0 0 0 0 0 0 0 0 0 0 0]	[0 0 1 0 0 0 0 0 0 0 0 0]	[0 0 1 0 0 0]	[0 1 0 0 0 0]
9	-0.5	8.958630561828613	2.547513961791992	2.5526983737945557	1.9270731210708618	1.9313451051712036	False	[1 0 1 0 0 0 0 0 0 0 0 0]	[0 0 0 0 0 0 0 0 0 0 0 0]	[0 0 0 0 0 0]	[0 0 0 0 0 0]
9	0.3489977717399597	8.949454307556152	2.545017719268799	2.548168659210205	1.9251980781555176	1.9310696125030518	False	[1 0 0 0 0 0 0 0 0 0 0 0]	[0 0 1 0 0 0 0 0 0 0 0 0]	[0 0 1 0 0 0]	[0 1 0 0 0 0]
9	-0.5	8.959915161132812	2.548011064529419	2.5529446601867676	1.9276844263076782	1.9312751293182373	False	[1 0 1 0 0 0 0 0 0 0 0 0]	[0 0 0 0 0 0 0 0 0 0 0 0]	[0 0 0 0 0 0]	[0 0 0 0 0 0]
9	0.30762287974357605	8.950267791748047	2.545262575149536	2.5483500957489014	1.925708532333374	1.930946707725525	False	[1 0 0 0 0 0 0 0 0 0 0 0]	[0 0 1 0 0 0 0 0 0 0 0 0]	[0 0 1 0 0 0]	[0 1 0 0 0 0]
9	-0.5	8.960256576538086	2.5484118461608887	2.553116798400879	1.9275460243225098	1.9311814308166504	False	[1 0 1 0 0 0 0 0 0 0 0 0]	[0 0 0 0 0 0 0 0 0 0 0 0]	[0 0 0 0 0 0]	[0 0 0 0 0 0]
9	0.31191185116767883	8.95071029663086	2.54500412940979	2.548555850982666	1.9258708953857422	1.9312787055969238	False	[1 0 0 0 0 0 0 0 0 0 0 0]	[0 0 1 0 0 0 0 0 0 0 0 0]	[0 0 1 0 0 0]	[0 1 0 0 0 0]
9	-0.5	8.959966659545898	2.5481185913085938	2.5529677867889404	1.927489995956421	1.931389570236206	False	[1 0 1 0 0 0 0 0 0 0 0 0]	[0 0 0 0 0 0 0 0 0 0 0 0]	[0 0 0 0 0 0]	[0 0 0 0 0 0]
9	0.34997087717056274	8.950830459594727	2.5455715656280518	2.548426389694214	1.9259166717529297	1.9309159517288208	False	[1 0 0 0 0 0 0 0 0 0 0 0]	[0 0 1 0 0 0 0 0 0 0 0 0]	[0 0 1 0 0 0]	[0 1 0 0 0 0]
9	-0.5	8.960125923156738	2.547898769378662	2.553008556365967	1.927720069885254	1.9314985275268555	False	[1 0 1 0 0 0 0 0 0 0 0 0]	[0 0 0 0 0 0 0 0 0 0 0 0]	[0 0 0 0 0 0]	[0 0 0 0 0 0]
9	0.32550811767578125	8.95018482208252	2.544828176498413	2.54833722114563	1.925978660583496	1.9310410022735596	False	[1 0 0 0 0 0 0 0 0 0 0 0]	[0 0 1 0 0 0 0 0 0 0 0 0]	[0 0 1 0 0 0]	[0 1 0 0 0 0]
9	-0.5	8.960820198059082	2.548114061355591	2.553097724914551	1.9281432628631592	1.9314647912979126	False	[1 0 1 0 0 0 0 0 0 0 0 0]	[0 0 0 0 0 0 0 0 0 0 0 0]	[0 0 0 0 0 0]	[0 0 0 0 0 0]
10	0.1875687539577484	8.874007225036621	2.531172513961792	2.5427136421203613	1.8909022808074951	1.909218430519104	False	[0 1 0 0 0 0 0 0 0 0 0 0]	[0 0 0 0 0 0 0 1 0 0 0 0]	[0 0 1 0 0 0]	[0 0 1 0 0 0]
10	-1.0	8.930453300476074	2.5420284271240234	2.548290729522705	1.920559048652649	1.9195752143859863	False	[0 0 0 0 0 0 0 0 0 0 0 0]	[0 0 0 0 0 0 0 0 0 0 0 0]	[0 0 0 0 0 0]	[0 0 0 0 0 0]
10	0.18461939692497253	8.871726989746094	2.530683755874634	2.542433977127075	1.8898416757583618	1.9087679386138916	False	[0 1 0 0 0 0 0 0 0 0 0 0]	[0 0 0 0 0 0 0 1 0 0 0 0]	[0 0 1 0 0 0]	[0 0 1 0 0 0]
10	-1.0	8.930273056030273	2.5418574810028076	2.548069715499878	1.9210000038146973	1.9193463325500488	False	[0 0 0 0 0 0 0 0 0 0 0 0]	[0 0 0 0 0 0 0 0 0 0 0 0]	[0 0 0 0 0 0]	[0 0 0 0 0 0]
10	0.1969975233078003	8.872815132141113	2.5310235023498535	2.5424141883850098	1.890716791152954	1.908660888671875	False	[0 1 0 0 0 0 0 0 0 0 0 0]	[0 0 0 0 0 0 0 1 0 0 0 0]	[0 0 1 0 0 0]	[0 0 1 0 0 0]
10	-1.0	8.929088592529297	2.541804552078247	2.548072338104248	1.9201385974884033	1.9190728664398193	False	[0 0 0 0 0 0 0 0 0 0 0 0]	[0 0 0 0 0 0 0 0 0 0 0 0]	[0 0 0 0 0 0]	[0 0 0 0 0 0]
10	0.1892356127500534	8.873918533325195	2.530928611755371	2.543006181716919	1.890976071357727	1.909008264541626	False	[0 1 0 0 0 0 0 0 0 0 0 0]	[0 0 0 0 0 0 0 1 0 0 0 0]	[0 0 1 0 0 0]	[0 0 1 0 0 0]
10	-1.0	8.9285306930542	2.5415725708007812	2.547818422317505	1.9202966690063477	1.9188436269760132	False	[0 0 0 0 0 0 0 0 0 0 0 0]	[0 0 0 0 0 0 0 0 0 0 0 0]	[0 0 0 0 0 0]	[0 0 0 0 0 0]
10	0.17923282086849213	8.873061180114746	2.530893564224243	2.5426254272460938	1.8906300067901611	1.9089128971099854	False	[0 1 0 0 0 0 0 0 0 0 0 0]	[0 0 0 0 0 0 0 1 0 0 0 0]	[0 0 1 0 0 0]	[0 0 1 0 0 0]
10	-1.0	8.929813385009766	2.541957139968872	2.54826021194458	1.9203977584838867	1.9191975593566895	False	[0 0 0 0 0 0 0 0 0 0 0 0]	[0 0 0 0 0 0 0 0 0 0 0 0]	[0 0 0 0 0 0]	[0 0 0 0 0 0]
10	0.18975390493869781	8.873188018798828	2.530714750289917	2.5431153774261475	1.890537977218628	1.908820390701294	False	[0 1 0 0 0 0 0 0 0 0 0 0]	[0 0 0 0 0 0 0 1 0 0 0 0]	[0 0 1 0 0 0]	[0 0 1 0 0 0]
10	-1.0	8.928543090820312	2.5417566299438477	2.5478880405426025	1.9201245307922363	1.9187740087509155	False	[0 0 0 0 0 0 0 0 0 0 0 0]	[0 0 0 0 0 0 0 0 0 0 0 0]	[0 0 0 0 0 0]	[0 0 0 0 0 0]
10	0.19129975140094757	8.873153686523438	2.5307488441467285	2.5427680015563965	1.8908705711364746	1.908766269683838	False	[0 1 0 0 0 0 0 0 0 0 0 0]	[0 0 0 0 0 0 0 1 0 0 0 0]	[0 0 1 0 0 0]	[0 0 1 0 0 0]
10	-1.0	8.929386138916016	2.5416085720062256	2.5480544567108154	1.920548439025879	1.9191744327545166	False	[0 0 0 0 0 0 0 0 0 0 0 0]	[0 0 0 0 0 0 0 0 0 0 0 0]	[0 0 0 0 0 0]	[0 0 0 0 0 0]
10	0.18570412695407867	8.873048782348633	2.5311615467071533	2.5424442291259766	1.890763521194458	1.9086804389953613	False	[0 1 0 0 0 0 0 0 0 0 0 0]	[0 0 0 0 0 0 0 1 0 0 0 0]	[0 0 1 0 0 0]	[0 0 1 0 0 0]
10	-1.0	8.92798137664795	2.5417990684509277	2.54779052734375	1.9197063446044922	1.9186855554580688	False	[0 0 0 0 0 0 0 0 0 0 0 0]	[0 0 0 0 0 0 0 0 0 0 0 0]	[0 0 0 0 0 0]	[0 0 0 0 0 0]
10	0.1905697137117386	8.875944137573242	2.5310685634613037	2.5434396266937256	1.8917359113693237	1.9096999168395996	False	[0 1 0 0 0 0 0 0 0 0 0 0]	[0 0 0 0 0 0 0 1 0 0 0 0]	[0 0 1 0 0 0]	[0 0 1 0 0 0]
10	-1.0	8.930052757263184	2.5419883728027344	2.548243761062622	1.9205642938613892	1.9192564487457275	False	[0 0 0 0 0 0 0 0 0 0 0 0]	[0 0 0 0 0 0 0 0 0 0 0 0]	[0 0 0 0 0 0]	[0 0 0 0 0 0]
10	0.1854533553123474	8.871249198913574	2.530867099761963	2.542384147644043	1.889896273612976	1.9081017971038818	False	[0 1 0 0 0 0 0 0 0 0 0 0]	[0 0 0 0 0 0 0 1 0 0 0 0]	[0 0 1 0 0 0]	[0 0 1 0 0 0]
10	-1.0	8.928874015808105	2.541870355606079	2.547903060913086	1.9200499057769775	1.9190512895584106	False	[0 0 0 0 0 0 0 0 0 0 0 0]	[0 0 0 0 0 0 0 0 0 0 0 0]	[0 0 0 0 0 0]	[0 0 0 0 0 0]
10	0.18643483519554138	8.872596740722656	2.530596971511841	2.542829990386963	1.8904634714126587	1.9087064266204834	False	[0 1 0 0 0 0 0 0 0 0 0 0]	[0 0 0 0 0 0 0 1 0 0 0 0]	[0 0 1 0 0 0]	[0 0 1 0 0 0]
10	-1.0	8.928250312805176	2.5419840812683105	2.547804117202759	1.9198276996612549	1.9186347723007202	False	[0 0 0 0 0 0 0 0 0 0 0 0]	[0 0 0 0 0 0 0 0 0 0 0 0]	[0 0 0 0 0 0]	[0 0 0 0 0 0]
10	0.22199000418186188	8.874281883239746	2.5309598445892334	2.543090343475342	1.891062617301941	1.9091694355010986	False	[0 1 0 0 0 0 0 0 0 0 0 0]	[0 0 0 0 0 0 0 1 0 0 0 0]	[0 0 1 0 0 0]	[0 0 1 0 0 0]
10	-1.0	8.928738594055176	2.5416719913482666	2.5479586124420166	1.9201611280441284	1.9189467430114746	False	[0 0 0 0 0 0 0 0 0 0 0 0]	[0 0 0 0 0 0 0 0 0 0 0 0]	[0 0 0 0 0 0]	[0 0 0 0 0 0]
10	0.1939864456653595	8.873978614807129	2.5309033393859863	2.542978286743164	1.8912286758422852	1.9088681936264038	False	[0 1 0 0 0 0 0 0 0 0 0 0]	[0 0 0 0 0 0 0 1 0 0 0 0]	[0 0 1 0 0 0]	[0 0 1 0 0 0]
10	-1.0	8.929727554321289	2.541922092437744	2.5480494499206543	1.9205584526062012	1.9191970825195312	False	[0 0 0 0 0 0 0 0 0 0 0 0]	[0 0 0 0 0 0 0 0 0 0 0 0]	[0 0 0 0 0 0]	[0 0 0 0 0 0]
10	0.1967017650604248	8.874988555908203	2.531135082244873	2.5431079864501953	1.8915058374404907	1.9092400074005127	False	[0 1 0 0 0 0 0 0 0 0 0 0]	[0 0 0 0 0 0 0 1 0 0 0 0]	[0 0 1 0 0 0]	[0 0 1 0 0 0]
10	-1.0	8.930222511291504	2.5418548583984375	2.548442840576172	1.9205368757247925	1.9193880558013916	False	[0 0 0 0 0 0 0 0 0 0 0 0]	[0 0 0 0 0 0 0 0 0 0 0 0]	[0 0 0 0 0 0]	[0 0 0 0 0 0]
10	0.20208191871643066	8.874100685119629	2.5309934616088867	2.5428402423858643	1.890987753868103	1.9092795848846436	False	[0 1 0 0 0 0 0 0 0 0 0 0]	[0 0 0 0 0 0 0 1 0 0 0 0]	[0 0 1 0 0 0]	[0 0 1 0 0 0]
10	-1.0	8.929747581481934	2.542050361633301	2.5482707023620605	1.9203143119812012	1.9191118478775024	False	[0 0 0 0 0 0 0 0 0 0 0 0]	[0 0 0 0 0 0 0 0 0 0 0 0]	[0 0 0 0 0 0]	[0 0 0 0 0 0]
11	0.4254280924797058	8.890233039855957	2.514749050140381	2.5394339561462402	1.9109615087509155	1.9250884056091309	False	[0 0 0 0 0 0 0 0 0 0 1 0]	[0 0 0 0 0 0 0 0 1 0 0 0]	[0 0 0 1 0 0]	[0 1 0 0 0 0]
11	0.33964037895202637	8.930525779724121	2.54313325881958	2.543691396713257	1.9271334409713745	1.9165680408477783	False	[0 0 0 0 0 0 0 0 0 0 0 0]	[1 0 0 0 0 0 0 0 1 0 0 0]	[0 0 1 1 0 0]	[0 0 0 0 0 0]
11	0.5042286515235901	8.937020301818848	2.542710304260254	2.545980930328369	1.9287042617797852	1.9196248054504395	False	[0 0 0 0 0 0 0 0 0 0 1 0]	[1 0 0 1 0 0 0 0 1 0 0 0]	[0 0 0 1 0 0]	[0 1 0 0 0 0]
11	0.5211293697357178	8.919246673583984	2.54107666015625	2.540696620941162	1.9239168167114258	1.9135568141937256	False	[0 0 0 0 0 0 0 0 0 0 0 0]	[0 0 0 1 0 0 0 0 1 0 0 0]	[0 0 0 1 1 0]	[0 0 0 0 0 0]
11	0.4851146638393402	8.92236042022705	2.5410635471343994	2.541660785675049	1.9249951839447021	1.9146404266357422	False	[0 0 1 0 0 0 0 0 0 0 0 0]	[1 0 0 1 0 0 0 0 1 0 0 0]	[0 0 0 1 0 0]	[0 1 0 0 0 0]
11	0.4797155261039734	8.918755531311035	2.5407028198242188	2.540529727935791	1.9242866039276123	1.913236379623413	False	[0 0 1 0 0 0 0 0 0 0 1 0]	[0 0 0 1 0 0 0 0 1 0 0 0]	[0 0 0 1 1 0]	[0 0 0 0 0 0]
11	0.44604137539863586	8.918770790100098	2.540560483932495	2.5402214527130127	1.9245728254318237	1.9134162664413452	False	[0 0 1 0 0 0 0 0 0 0 0 0]	[1 0 0 1 0 0 0 0 1 0 0 0]	[0 0 0 1 0 0]	[0 1 0 0 0 0]
11	0.4834839403629303	8.92052173614502	2.541057825088501	2.5406899452209473	1.9247419834136963	1.914031982421875	False	[0 0 1 0 0 0 0 0 0 0 1 0]	[0 0 0 1 0 0 0 0 1 0 0 0]	[0 0 0 1 1 0]	[0 0 0 0 0 0]
11	0.4674544334411621	8.918838500976562	2.5408437252044678	2.540688991546631	1.9240106344223022	1.9132956266403198	False	[0 0 1 0 0 0 0 0 0 0 0 0]	[1 0 0 1 0 0 0 0 1 0 0 0]	[0 0 0 1 0 0]	[0 1 0 0 0 0]
11	0.4767007827758789	8.917803764343262	2.540463924407959	2.54032564163208	1.923917293548584	1.91309654712677	False	[0 0 1 0 0 0 0 0 0 0 1 0]	[0 0 0 1 0 0 0 0 1 0 0 0]	[0 0 0 1 1 0]	[0 0 0 0 0 0]
11	0.4890879690647125	8.920197486877441	2.540994882583618	2.5410428047180176	1.924393892288208	1.9137656688690186	False	[0 0 1 0 0 0 0 0 0 0 0 0]	[1 0 0 1 0 0 0 0 1 0 0 0]	[0 0 0 1 0 0]	[0 1 0 0 0 0]
11	0.4864915907382965	8.918523788452148	2.540726661682129	2.540414333343506	1.924167275428772	1.9132157564163208	False	[0 0 1 0 0 0 0 0 0 0 1 0]	[0 0 0 1 0 0 0 0 1 0 0 0]	[0 0 0 1 1 0]	[0 0 0 0 0 0]
11	0.4832890033721924	8.917795181274414	2.540459632873535	2.540154457092285	1.9241201877593994	1.9130613803863525	False	[0 0 1 0 0 0 0 0 0 0 0 0]	[1 0 0 1 0 0 0 0 1 0 0 0]	[0 0 0 1 0 0]	[0 1 0 0 0 0]
11	0.4626332223415375	8.918009757995605	2.5404388904571533	2.5402419567108154	1.9241347312927246	1.9131945371627808	False	[0 0 1 0 0 0 0 0 0 0 1 0]	[0 0 0 1 0 0 0 0 1 0 0 0]	[0 0 0 1 1 0]	[0 0 0 0 0 0]
11	0.4599113464355469	8.919657707214355	2.540893793106079	2.540911912918091	1.9242092370986938	1.9136431217193604	False	[0 0 0 0 0 0 0 0 0 0 1 0]	[1 0 0 1 0 0 0 0 1 0 0 0]	[0 0 0 1 0 0]	[0 1 0 0 0 0]
11	0.5124189853668213	8.919045448303223	2.540829658508301	2.5404341220855713	1.9243388175964355	1.9134433269500732	False	[0 0 0 0 0 0 0 0 0 0 0 0]	[0 0 0 1 0 0 0 0 1 0 0 0]	[0 0 0 1 1 0]	[0 0 0 0 0 0]
11	0.4429475665092468	8.921663284301758	2.5412437915802	2.541182518005371	1.9250216484069824	1.9142152070999146	False	[0 0 0 0 0 0 0 0 0 0 1 0]	[1 0 0 1 0 0 0 0 1 0 0 0]	[0 0 0 1 0 0]	[0 1 0 0 0 0]
11	0.5249358415603638	8.91865348815918	2.5408055782318115	2.540487289428711	1.9240291118621826	1.9133307933807373	False	[0 0 0 0 0 0 0 0 0 0 0 0]	[0 0 0 1 0 0 0 0 1 0 0 0]	[0 0 0 1 1 0]	[0 0 0 0 0 0]
11	0.47590887546539307	8.923282623291016	2.541248083114624	2.541933298110962	1.925042986869812	1.9150583744049072	False	[0 0 0 0 0 0 0 0 0 0 1 0]	[1 0 0 1 0 0 0 0 1 0 0 0]	[0 0 0 1 0 0]	[0 1 0 0 0 0]
11	0.5217518210411072	8.919981002807617	2.5411922931671143	2.5411007404327393	1.9241005182266235	1.9135873317718506	False	[0 0 0 0 0 0 0 0 0 0 0 0]	[0 0 0 1 0 0 0 0 1 0 0 0]	[0 0 0 1 1 0]	[0 0 0 0 0 0]
11	0.45981550216674805	8.920427322387695	2.5408501625061035	2.5410244464874268	1.924701452255249	1.9138511419296265	False	[0 0 0 0 0 0 0 0 0 0 1 0]	[1 0 0 1 0 0 0 0 1 0 0 0]	[0 0 0 1 0 0]	[0 1 0 0 0 0]
11	0.5216091871261597	8.918274879455566	2.540678024291992	2.5402462482452393	1.9243433475494385	1.9130077362060547	False	[0 0 0 0 0 0 0 0 0 0 0 0]	[0 0 0 1 0 0 0 0 1 0 0 0]	[0 0 0 1 1 0]	[0 0 0 0 0 0]
11	0.4822612702846527	8.921619415283203	2.5407285690307617	2.5416314601898193	1.9248205423355103	1.9144384860992432	False	[0 0 1 0 0 0 0 0 0 0 0 0]	[1 0 0 1 0 0 0 0 1 0 0 0]	[0 0 0 1 0 0]	[0 1 0 0 0 0]
11	0.49443352222442627	8.91981315612793	2.5409579277038574	2.540677785873413	1.9244294166564941	1.913747787475586	False	[0 0 1 0 0 0 0 0 0 0 1 0]	[0 0 0 1 0 0 0 0 1 0 0 0]	[0 0 0 1 1 0]	[0 0 0 0 0 0]
11	0.47614458203315735	8.919705390930176	2.5409772396087646	2.5408308506011963	1.9242743253707886	1.9136226177215576	False	[0 0 1 0 0 0 0 0 0 0 0 0]	[1 0 0 1 0 0 0 0 1 0 0 0]	[0 0 0 1 0 0]	[0 1 0 0 0 0]
11	0.46679040789604187	8.919947624206543	2.541006326675415	2.5407092571258545	1.9244804382324219	1.9137513637542725	False	[0 0 1 0 0 0 0 0 0 0 1 0]	[0 0 0 1 0 0 0 0 1 0 0 0]	[0 0 0 1 1 0]	[0 0 0 0 0 0]
11	0.47071099281311035	8.91787338256836	2.540471315383911	2.540116786956787	1.9242404699325562	1.9130440950393677	False	[0 0 1 0 0 0 0 0 0 0 0 0]	[1 0 0 1 0 0 0 0 1 0 0 0]	[0 0 0 1 0 0]	[0 1 0 0 0 0]
11	0.45788562297821045	8.919946670532227	2.5408337116241455	2.540921926498413	1.9244170188903809	1.9137744903564453	False	[0 0 1 0 0 0 0 0 0 0 1 0]	[0 0 0 1 0 0 0 0 1 0 0 0]	[0 0 0 1 1 0]	[0 0 0 0 0 0]
11	0.4835674464702606	8.920628547668457	2.540933609008789	2.5410709381103516	1.9246649742126465	1.9139593839645386	False	[0 0 1 0 0 0 0 0 0 0 0 0]	[1 0 0 1 0 0 0 0 1 0 0 0]	[0 0 0 1 0 0]	[0 1 0 0 0 0]
11	0.4820288419723511	8.91922378540039	2.5408313274383545	2.5406148433685303	1.9244199991226196	1.9133574962615967	False	[0 0 1 0 0 0 0 0 0 0 1 0]	[0 0 0 1 0 0 0 0 1 0 0 0]	[0 0 0 1 1 0]	[0 0 0 0 0 0]
