# num_workers = 8
# num_cells = 256
# seed_for_environment = 468
# lr = 0.0003
# max_grad_norm = 1.0
# eval_rollout_length = 30
# scaling_factor = 1000
# frames_per_batch = 500
# sub_batch_size = 64
# num_epochs = 15
# clip_epsilon = 0.2
# gamma = 0.99
# lmbda = 0.95
# entropy_eps = 0.5
# env_reward_engineering = True
# env_minimum_number_of_qubits = 1
# log_name = None
# env_error_range = dataCollection
# env_version = qecc/bbcode-ldpc-v0
# env_bit_flipping = True
# env_l = 12
# env_m = 6
# env_use_dict_observation = True
# env_number_of_decoder_iterations = 50
# env_number_of_samples = 50
# env_code_logging = True
# model_architecture = hybrid
# model_surrogate_model_path = /rds/general/user/osella/home/rl-qecc-data//supervisedLearning/2026-07-12_20-18-32/surrogate_6x6.pth
# model_use_pretrained_encoder = False
# index_to_unfreeze_encoder_updates = 20
# encoder_lr_factor = 0.1
# training_device = cpu
# Resolved arguments:
# Resolved_env_reward_engineering = True
# Resolved_env_reward_integral = Between prob. of no error and curve.
# Resolved_env_bit_flipping = True
# Resolved_env_useDictObservation = True
# Resolved_env_code_logging = True
# Resolved_env_error_range = [np.float64(0.0001), np.float64(0.000215), np.float64(0.000464), np.float64(0.001), np.float64(0.002154), np.float64(0.003162), np.float64(0.004642), np.float64(0.01), np.float64(0.021544), np.float64(0.025075), np.float64(0.031623), np.float64(0.046416), np.float64(0.05005), np.float64(0.075025), np.float64(0.1)]
# Resolved_model_use_pretrained_encoder = False
# Resolved_trainingDevice = cpu
# Resolved_model_architecture = hybrid
# Number of workers: 8
# Does torch identify cuda: False
# encoder ***RANDOM WEIGHTS***
evaluation number	reward	policy entropy	policy entropy aX	policy entropy bX	policy entropy aY	policy entropy bY	Encoder freeze	postAction_aX	postAction_bX	postAction_aY	postAction_bY
0	0.3281313180923462	8.9985990524292	2.557812213897705	2.560180902481079	1.9426919221878052	1.9379140138626099	True	[0 1 0 0 0 0 0 0 0 0 0 0]	[0 0 0 0 0 0 0 0 0 0 1 0]	[0 0 1 0 0 0]	[0 0 0 0 0 1]
0	0.5047459006309509	9.001603126525879	2.5581765174865723	2.5595617294311523	1.943485975265503	1.940379023551941	True	[0 1 1 0 0 0 0 0 0 0 0 0]	[0 0 0 0 0 0 0 0 0 0 1 1]	[0 0 1 1 0 0]	[0 0 0 0 0 0]
0	0.3456661105155945	8.999543190002441	2.557729721069336	2.558495283126831	1.9430718421936035	1.9402458667755127	True	[0 1 0 0 0 0 0 0 0 0 0 0]	[0 0 0 0 0 0 0 0 0 0 1 0]	[0 0 1 0 0 0]	[0 0 0 0 0 1]
0	0.4939812421798706	9.001398086547852	2.5580477714538574	2.559598445892334	1.943580985069275	1.940170407295227	True	[0 1 1 0 0 0 0 0 0 0 0 0]	[0 0 0 0 0 0 0 0 0 0 1 1]	[0 0 1 1 0 0]	[0 0 0 0 0 0]
0	0.3489519953727722	8.9993896484375	2.557762384414673	2.558452606201172	1.9430547952651978	1.9401205778121948	True	[0 1 0 0 0 0 0 0 0 0 0 0]	[0 0 0 0 0 0 0 0 0 0 1 0]	[0 0 1 0 0 0]	[0 0 0 0 0 1]
0	0.03997598960995674	9.001181602478027	2.5582778453826904	2.5594913959503174	1.9434679746627808	1.9399441480636597	True	[0 1 1 0 0 0 0 0 0 0 0 0]	[0 0 0 0 0 0 0 0 0 0 1 1]	[0 0 0 0 0 0]	[0 0 0 0 0 0]
0	0.49788492918014526	9.001715660095215	2.5581514835357666	2.560091733932495	1.943422555923462	1.9400497674942017	True	[0 1 0 0 0 0 0 0 0 0 0 0]	[0 0 0 1 0 0 0 0 0 0 1 1]	[0 0 1 0 0 0]	[0 0 0 0 0 1]
0	0.49484264850616455	8.999330520629883	2.5577661991119385	2.558403968811035	1.9431352615356445	1.940025806427002	True	[0 1 1 0 0 0 0 0 0 0 0 0]	[0 0 0 1 0 0 0 0 0 0 1 0]	[0 0 1 1 0 0]	[0 0 0 0 0 0]
0	0.5078249573707581	8.99914264678955	2.5575661659240723	2.558722496032715	1.9430537223815918	1.9398006200790405	True	[0 1 0 0 0 0 0 0 0 0 0 0]	[0 0 0 1 0 0 0 0 0 0 1 1]	[0 0 1 0 0 0]	[0 0 0 0 0 1]
0	0.4821213185787201	8.999457359313965	2.5578627586364746	2.5583667755126953	1.9430190324783325	1.9402086734771729	True	[0 1 1 0 0 0 0 0 0 0 0 0]	[0 0 0 1 0 0 0 0 0 0 1 0]	[0 0 1 1 0 0]	[0 0 0 0 0 0]
0	0.4931130111217499	8.999618530273438	2.5578274726867676	2.558234930038452	1.9432158470153809	1.9403407573699951	True	[0 1 0 0 0 0 0 0 0 0 0 0]	[0 0 0 1 0 0 0 0 0 0 1 1]	[0 0 1 0 0 0]	[0 0 0 0 0 1]
0	0.49416759610176086	8.998825073242188	2.557276487350464	2.5584375858306885	1.9429244995117188	1.9401867389678955	True	[0 1 1 0 0 0 0 0 0 0 0 0]	[0 0 0 1 0 0 0 0 0 0 1 0]	[0 0 1 1 0 0]	[0 0 0 0 0 0]
0	0.4902888834476471	8.99996280670166	2.5578713417053223	2.5586133003234863	1.94301438331604	1.9404642581939697	True	[0 1 0 0 0 0 0 0 0 0 0 0]	[0 0 0 1 0 0 0 0 0 0 1 1]	[0 0 1 0 0 0]	[0 0 0 0 0 1]
0	0.520818293094635	8.999302864074707	2.557861566543579	2.5583248138427734	1.9429774284362793	1.9401390552520752	True	[0 1 1 0 0 0 0 0 0 0 0 0]	[0 0 0 1 0 0 0 0 0 0 1 0]	[0 0 1 1 0 0]	[0 0 0 0 0 0]
0	0.4818199872970581	8.999255180358887	2.5575594902038574	2.5585155487060547	1.9429980516433716	1.9401819705963135	True	[0 1 0 0 0 0 0 0 0 0 0 0]	[0 0 0 1 0 0 0 0 0 0 1 1]	[0 0 1 0 0 0]	[0 0 0 0 0 1]
0	0.508026659488678	8.99931526184082	2.5578694343566895	2.5585854053497314	1.9430463314056396	1.9398136138916016	True	[0 1 1 0 0 0 0 0 0 0 0 0]	[0 0 0 1 0 0 0 0 0 0 1 0]	[0 0 1 1 0 0]	[0 0 0 0 0 0]
0	0.47383272647857666	8.999799728393555	2.5579843521118164	2.558272123336792	1.9430699348449707	1.9404734373092651	True	[0 1 0 0 0 0 0 0 0 0 0 0]	[0 0 0 1 0 0 0 0 0 0 1 1]	[0 0 1 0 0 0]	[0 0 0 0 0 1]
0	0.49089109897613525	8.99992847442627	2.557577610015869	2.5587868690490723	1.9430546760559082	1.9405089616775513	True	[0 1 1 0 0 0 0 0 0 0 0 0]	[0 0 0 1 0 0 0 0 0 0 1 0]	[0 0 1 1 0 0]	[0 0 0 0 0 0]
0	0.4593118131160736	8.999563217163086	2.557823657989502	2.558701753616333	1.942938208580017	1.9400990009307861	True	[0 1 0 0 0 0 0 0 0 0 0 0]	[0 0 0 1 0 0 0 0 0 0 1 1]	[0 0 1 0 0 0]	[0 0 0 0 0 1]
0	0.47928503155708313	8.999396324157715	2.557607889175415	2.558516025543213	1.9430811405181885	1.940191626548767	True	[0 1 1 0 0 0 0 0 0 0 0 0]	[0 0 0 1 0 0 0 0 0 0 1 0]	[0 0 1 1 0 0]	[0 0 0 0 0 0]
0	0.5111613869667053	8.999445915222168	2.5578763484954834	2.558317184448242	1.9432302713394165	1.940022349357605	True	[0 1 0 0 0 0 0 0 0 0 0 0]	[0 0 0 1 0 0 0 0 0 0 1 1]	[0 0 1 0 0 0]	[0 0 0 0 0 1]
0	0.44747474789619446	8.999260902404785	2.5578389167785645	2.558393955230713	1.9429144859313965	1.94011390209198	True	[0 1 1 0 0 0 0 0 0 0 0 0]	[0 0 0 1 0 0 0 0 0 0 1 0]	[0 0 1 1 0 0]	[0 0 0 0 0 0]
0	0.47426074743270874	8.999593734741211	2.5577890872955322	2.558438301086426	1.9430478811264038	1.9403184652328491	True	[0 1 0 0 0 0 0 0 0 0 0 0]	[0 0 0 1 0 0 0 0 0 0 1 1]	[0 0 1 0 0 0]	[0 0 0 0 0 1]
0	0.5081333518028259	8.998859405517578	2.557492971420288	2.5583841800689697	1.9430559873580933	1.939926266670227	True	[0 1 1 0 0 0 0 0 0 0 0 0]	[0 0 0 1 0 0 0 0 0 0 1 0]	[0 0 1 1 0 0]	[0 0 0 0 0 0]
0	0.48897087574005127	8.999872207641602	2.557622194290161	2.558603286743164	1.943211317062378	1.9404350519180298	True	[0 1 0 0 0 0 0 0 0 0 0 0]	[0 0 0 1 0 0 0 0 0 0 1 1]	[0 0 1 0 0 0]	[0 0 0 0 0 1]
0	0.4737238585948944	8.999821662902832	2.5577046871185303	2.558588981628418	1.9429030418395996	1.9406245946884155	True	[0 1 1 0 0 0 0 0 0 0 0 0]	[0 0 0 1 0 0 0 0 0 0 1 0]	[0 0 1 1 0 0]	[0 0 0 0 0 0]
0	0.4796084463596344	8.999378204345703	2.557684898376465	2.558377742767334	1.9432106018066406	1.9401049613952637	True	[0 1 0 0 0 0 0 0 0 0 0 0]	[0 0 0 1 0 0 0 0 0 0 1 1]	[0 0 1 0 0 0]	[0 0 0 0 0 1]
0	0.47142982482910156	8.999940872192383	2.5579257011413574	2.558401346206665	1.9431744813919067	1.940438985824585	True	[0 1 1 0 0 0 0 0 0 0 0 0]	[0 0 0 1 0 0 0 0 0 0 1 0]	[0 0 1 1 0 0]	[0 0 0 0 0 0]
0	0.4903309941291809	8.999584197998047	2.5574471950531006	2.558652400970459	1.9430582523345947	1.9404263496398926	True	[0 1 0 0 0 0 0 0 0 0 0 0]	[0 0 0 1 0 0 0 0 0 0 1 1]	[0 0 1 0 0 0]	[0 0 0 0 0 1]
0	0.4864059090614319	8.999547958374023	2.5577776432037354	2.558563232421875	1.9430828094482422	1.940124750137329	True	[0 1 1 0 0 0 0 0 0 0 0 0]	[0 0 0 1 0 0 0 0 0 0 1 0]	[0 0 1 1 0 0]	[0 0 0 0 0 0]
1	0.30545687675476074	8.837224960327148	2.5157060623168945	2.511857271194458	1.8991669416427612	1.9104944467544556	True	[0 0 0 0 1 0 0 0 0 0 0 0]	[1 0 0 0 0 0 0 0 0 0 0 0]	[0 0 0 1 0 0]	[0 0 0 0 1 0]
1	-0.5	8.945367813110352	2.539594888687134	2.54723858833313	1.9283556938171387	1.930178165435791	True	[0 0 0 0 0 0 0 0 0 0 0 0]	[1 0 0 0 0 0 0 0 0 0 1 0]	[0 0 0 0 0 0]	[0 0 0 0 0 0]
1	0.29469895362854004	8.909859657287598	2.531632423400879	2.5364062786102295	1.918420672416687	1.923399806022644	True	[0 0 0 0 1 0 0 0 0 0 0 0]	[1 0 0 0 0 0 0 0 0 0 0 0]	[0 0 0 1 0 0]	[0 0 0 0 1 0]
1	-0.5	8.945295333862305	2.5391836166381836	2.5471103191375732	1.9283167123794556	1.9306849241256714	True	[0 0 0 0 0 0 0 0 0 0 0 0]	[1 0 0 0 0 0 0 0 0 0 1 0]	[0 0 0 0 0 0]	[0 0 0 1 1 0]
1	0.046491630375385284	8.910539627075195	2.531949520111084	2.536266326904297	1.9187161922454834	1.9236080646514893	True	[0 0 0 0 1 0 0 0 0 0 0 0]	[1 0 0 0 0 0 0 0 0 0 0 0]	[0 0 0 1 0 0]	[0 0 0 1 0 0]
1	-0.5	8.911214828491211	2.5321738719940186	2.5364673137664795	1.9191229343414307	1.9234505891799927	True	[0 0 0 0 0 0 0 0 0 0 0 0]	[1 0 0 0 0 0 0 0 0 0 1 0]	[0 0 0 0 0 0]	[0 0 0 1 1 0]
1	0.03614692762494087	8.909448623657227	2.53167724609375	2.5362915992736816	1.9179545640945435	1.9235256910324097	True	[0 0 0 0 1 0 0 0 0 0 0 0]	[1 0 0 0 0 0 0 0 0 0 0 0]	[0 0 0 1 0 0]	[0 0 0 1 0 0]
1	-0.5	8.910938262939453	2.5316617488861084	2.53621244430542	1.919144868850708	1.9239195585250854	True	[0 0 0 0 0 0 0 0 0 0 0 0]	[1 0 0 0 0 0 0 0 0 0 1 0]	[0 0 0 0 0 0]	[0 0 0 1 1 0]
1	0.033396996557712555	8.912361145019531	2.5321335792541504	2.5366528034210205	1.919047474861145	1.924527645111084	True	[0 0 0 0 1 0 0 0 0 0 0 0]	[1 0 0 0 0 0 0 0 0 0 0 0]	[0 0 0 1 0 0]	[0 0 0 1 0 0]
1	-0.5	8.910723686218262	2.531473398208618	2.536405563354492	1.9189112186431885	1.923933744430542	True	[0 0 0 0 0 0 0 0 0 0 0 0]	[1 0 0 0 0 0 0 0 0 0 1 0]	[0 0 0 0 0 0]	[0 0 0 1 1 0]
1	0.030970556661486626	8.911218643188477	2.531534194946289	2.536710739135742	1.9191721677780151	1.9238018989562988	True	[0 0 0 0 1 0 0 0 0 0 0 0]	[1 0 0 0 0 0 0 0 0 0 0 0]	[0 0 0 1 0 0]	[0 0 0 1 0 0]
1	-0.5	8.911965370178223	2.5323054790496826	2.5367929935455322	1.918658971786499	1.9242074489593506	True	[0 0 0 0 0 0 0 0 0 0 0 0]	[0 0 0 0 0 0 0 0 0 0 0 0]	[0 0 0 0 0 0]	[0 0 0 1 1 0]
1	0.20758093893527985	8.911833763122559	2.531883716583252	2.537383556365967	1.9184952974319458	1.9240716695785522	True	[0 0 0 0 1 0 0 0 0 0 0 0]	[0 0 0 0 0 0 0 0 0 0 1 0]	[0 0 0 1 0 0]	[0 0 0 1 0 0]
1	-0.5	8.93308162689209	2.53676700592041	2.543452739715576	1.9251182079315186	1.927743911743164	True	[0 0 0 0 0 0 0 0 0 0 0 0]	[0 0 0 0 0 0 0 0 0 0 0 0]	[0 0 0 0 0 0]	[0 0 0 1 1 0]
1	0.04871940612792969	8.910818099975586	2.5315425395965576	2.5364830493927	1.919033169746399	1.923759937286377	True	[0 0 0 0 1 0 0 0 0 0 0 0]	[1 0 0 0 0 0 0 0 0 0 0 0]	[0 0 0 1 0 0]	[0 0 0 1 0 0]
1	-0.5	8.912384033203125	2.5319159030914307	2.536695718765259	1.9191409349441528	1.9246318340301514	True	[0 0 0 0 0 0 0 0 0 0 0 0]	[0 0 0 0 0 0 0 0 0 0 0 0]	[0 0 0 0 0 0]	[0 0 0 1 1 0]
1	0.034703269600868225	8.910918235778809	2.5315165519714355	2.5370829105377197	1.9186652898788452	1.923653483390808	True	[0 0 0 0 1 0 0 0 0 0 0 0]	[1 0 0 0 0 0 0 0 0 0 0 0]	[0 0 0 1 0 0]	[0 0 0 1 0 0]
1	-0.5	8.912332534790039	2.531965494155884	2.5366954803466797	1.9188909530639648	1.9247806072235107	True	[0 0 0 0 0 0 0 0 0 0 0 0]	[1 0 0 0 0 0 0 0 0 0 1 0]	[0 0 0 0 0 0]	[0 0 0 1 1 0]
1	0.04236304759979248	8.912784576416016	2.532183885574341	2.5366015434265137	1.919221043586731	1.9247779846191406	True	[0 0 0 0 1 0 0 0 0 0 0 0]	[1 0 0 0 0 0 0 0 0 0 0 0]	[0 0 0 1 0 0]	[0 0 0 1 0 0]
1	-0.5	8.912391662597656	2.5316927433013916	2.5365939140319824	1.9193544387817383	1.9247498512268066	True	[0 0 0 0 0 0 0 0 0 0 0 0]	[1 0 0 0 0 0 0 0 0 0 1 0]	[0 0 0 0 0 0]	[0 0 0 1 1 0]
1	0.04657255858182907	8.912799835205078	2.531893253326416	2.537094831466675	1.9190171957015991	1.9247950315475464	True	[0 0 0 0 1 0 0 0 0 0 0 0]	[1 0 0 0 0 0 0 0 0 0 0 0]	[0 0 0 1 0 0]	[0 0 0 1 0 0]
1	-0.5	8.912909507751465	2.5322177410125732	2.53682017326355	1.91972017288208	1.9241514205932617	True	[0 0 0 0 0 0 0 0 0 0 0 0]	[1 0 0 0 0 0 0 0 0 0 1 0]	[0 0 0 0 0 0]	[0 0 0 1 1 0]
1	0.03436543047428131	8.913248062133789	2.5323212146759033	2.537027359008789	1.9191455841064453	1.9247536659240723	True	[0 0 0 0 1 0 0 0 0 0 0 0]	[1 0 0 0 0 0 0 0 0 0 0 0]	[0 0 0 1 0 0]	[0 0 0 1 0 0]
1	-0.5	8.912999153137207	2.5319018363952637	2.5363945960998535	1.9199470281600952	1.924755573272705	True	[0 0 0 0 0 0 0 0 0 0 0 0]	[1 0 0 0 0 0 0 0 0 0 1 0]	[0 0 0 0 0 0]	[0 0 0 1 1 0]
1	0.04111839458346367	8.910005569458008	2.5315794944763184	2.536360025405884	1.9186153411865234	1.9234509468078613	True	[0 0 0 0 1 0 0 0 0 0 0 0]	[1 0 0 0 0 0 0 0 0 0 0 0]	[0 0 0 1 0 0]	[0 0 0 1 0 0]
1	-0.5	8.912005424499512	2.531940460205078	2.536687135696411	1.9189609289169312	1.9244173765182495	True	[0 0 0 0 0 0 0 0 0 0 0 0]	[1 0 0 0 0 0 0 0 0 0 1 0]	[0 0 0 0 0 0]	[0 0 0 1 1 0]
1	0.044278334826231	8.912026405334473	2.5322420597076416	2.5364930629730225	1.919270396232605	1.9240210056304932	True	[0 0 0 0 1 0 0 0 0 0 0 0]	[1 0 0 0 0 0 0 0 0 0 0 0]	[0 0 0 1 0 0]	[0 0 0 1 0 0]
1	-0.5	8.91108226776123	2.531559944152832	2.536360263824463	1.9189051389694214	1.9242571592330933	True	[0 0 0 0 0 0 0 0 0 0 0 0]	[1 0 0 0 0 0 0 0 0 0 1 0]	[0 0 0 0 0 0]	[0 0 0 1 1 0]
1	0.03889863193035126	8.911659240722656	2.5318450927734375	2.5367424488067627	1.9187777042388916	1.9242945909500122	True	[0 0 0 0 1 0 0 0 0 0 0 0]	[1 0 0 0 0 0 0 0 0 0 0 0]	[0 0 0 1 0 0]	[0 0 0 1 0 0]
1	-0.5	8.911300659179688	2.5316243171691895	2.536454916000366	1.9188607931137085	1.924360990524292	True	[0 0 0 0 0 0 0 0 0 0 0 0]	[1 0 0 0 0 0 0 0 0 0 1 0]	[0 0 0 0 0 0]	[0 0 0 1 1 0]
2	0.3424426317214966	8.861574172973633	2.5133779048919678	2.528428554534912	1.9088878631591797	1.9108799695968628	False	[0 0 0 0 1 0 0 0 0 0 0 0]	[0 0 0 0 0 1 0 0 0 0 0 0]	[0 0 1 0 0 0]	[0 0 1 0 0 0]
2	0.32979220151901245	8.948774337768555	2.54062819480896	2.5515899658203125	1.9312095642089844	1.9253463745117188	False	[0 0 0 0 0 0 0 0 0 0 0 0]	[0 0 0 1 0 1 0 0 0 0 0 0]	[0 0 1 0 1 0]	[0 0 0 0 0 0]
2	0.32749679684638977	8.935966491699219	2.537067413330078	2.548002243041992	1.92826509475708	1.9226319789886475	False	[0 0 0 0 1 0 0 0 0 0 0 0]	[0 0 0 0 0 1 0 0 0 0 0 0]	[0 0 1 0 0 0]	[0 0 1 0 0 0]
2	0.33234328031539917	8.94897747039795	2.541080951690674	2.5515506267547607	1.93119478225708	1.9251511096954346	False	[0 0 0 0 0 0 0 0 0 0 0 0]	[0 0 0 1 0 1 0 0 0 0 0 0]	[0 0 1 0 1 0]	[0 0 0 0 0 0]
2	0.351414293050766	8.935876846313477	2.53680419921875	2.548365831375122	1.9283183813095093	1.9223884344100952	False	[0 0 0 0 1 0 0 0 0 0 0 0]	[0 0 0 0 0 1 0 0 0 0 0 0]	[0 0 1 0 0 0]	[0 0 1 0 0 0]
2	0.32691630721092224	8.949357032775879	2.541114091873169	2.551644802093506	1.931222677230835	1.9253748655319214	False	[0 0 0 0 0 0 0 0 0 0 0 0]	[0 0 0 1 0 1 0 0 0 0 0 0]	[0 0 1 0 1 0]	[0 0 0 0 0 0]
2	0.3209940791130066	8.93710708618164	2.5376064777374268	2.548466205596924	1.928091287612915	1.922943353652954	False	[0 0 0 0 1 0 0 0 0 0 0 0]	[0 0 0 1 0 0 0 0 0 0 0 0]	[0 0 1 0 0 0]	[0 0 1 0 0 0]
2	-0.5	8.94925594329834	2.5410640239715576	2.5517399311065674	1.931107521057129	1.9253441095352173	False	[0 0 0 0 0 0 0 0 0 0 0 0]	[0 0 0 0 0 0 0 0 0 0 0 0]	[0 0 1 0 0 1]	[0 0 0 0 0 0]
2	0.5380213260650635	8.883543968200684	2.5206847190856934	2.5344178676605225	1.91466224193573	1.9137790203094482	False	[0 0 0 0 1 0 0 0 0 0 0 0]	[0 0 0 0 0 1 0 0 0 0 0 0]	[0 0 0 0 0 1]	[0 0 1 0 0 0]
2	-0.5	8.958002090454102	2.5437002182006836	2.5541651248931885	1.933074951171875	1.9270622730255127	False	[0 0 0 0 0 0 0 0 0 0 0 0]	[0 0 0 1 0 1 0 0 0 0 0 0]	[0 0 0 0 0 0]	[0 0 0 0 0 0]
2	0.4917512834072113	8.913589477539062	2.529757022857666	2.54207444190979	1.9231390953063965	1.91861891746521	False	[0 0 0 0 1 0 0 0 0 0 0 0]	[0 0 0 1 0 0 0 0 0 0 0 0]	[0 0 0 1 0 0]	[0 0 1 0 0 0]
2	-0.5	8.95793342590332	2.54392671585083	2.553856611251831	1.9330930709838867	1.9270575046539307	False	[0 0 0 0 0 0 0 0 0 0 0 0]	[0 0 0 0 0 0 0 0 0 0 0 0]	[0 0 0 1 0 1]	[0 0 0 0 0 0]
2	0.38869917392730713	8.895413398742676	2.524160623550415	2.5373432636260986	1.917911171913147	1.915998101234436	False	[0 0 0 0 1 0 0 0 0 0 0 0]	[0 0 0 0 0 1 0 0 0 0 0 0]	[0 0 1 1 0 1]	[0 0 1 0 0 0]
2	0.46450600028038025	8.948152542114258	2.54097318649292	2.5512290000915527	1.9309327602386475	1.92501699924469	False	[0 0 0 0 0 0 0 0 0 0 0 0]	[0 0 0 1 0 1 0 0 0 0 0 0]	[0 0 1 1 0 0]	[0 0 0 0 0 0]
2	0.49358174204826355	8.949369430541992	2.541144371032715	2.551877975463867	1.9311845302581787	1.9251627922058105	False	[0 0 0 0 1 0 0 0 0 0 0 0]	[0 0 0 0 0 1 0 0 0 0 0 0]	[0 0 1 1 1 0]	[0 0 1 0 0 0]
2	0.2601998448371887	8.95753288269043	2.5438625812530518	2.5539116859436035	1.9326401948928833	1.927117943763733	False	[0 0 0 0 0 0 0 0 0 0 0 0]	[0 0 0 1 0 1 0 0 0 0 0 0]	[0 0 1 1 1 1]	[0 0 0 0 0 0]
2	0.47840145230293274	8.936132431030273	2.537273406982422	2.5480563640594482	1.9277946949005127	1.9230077266693115	False	[0 0 0 0 1 0 0 0 0 0 0 0]	[0 0 0 0 0 1 0 0 0 0 0 0]	[0 0 1 1 1 0]	[0 0 1 0 0 0]
2	0.295691579580307	8.957364082336426	2.5436604022979736	2.553743839263916	1.9326540231704712	1.9273054599761963	False	[0 0 0 0 0 0 0 0 0 0 0 0]	[0 0 0 1 0 1 0 0 0 0 0 0]	[0 0 1 1 1 1]	[0 0 0 0 0 0]
2	0.40275710821151733	8.935782432556152	2.537101984024048	2.548032283782959	1.9281648397445679	1.922483205795288	False	[0 0 0 0 1 0 0 0 0 0 0 0]	[0 0 0 1 0 0 0 0 0 0 0 0]	[0 0 1 1 0 1]	[0 0 1 0 0 0]
2	-0.5	8.947394371032715	2.5406947135925293	2.5511555671691895	1.9305942058563232	1.924949288368225	False	[0 0 0 0 0 0 0 0 0 0 0 0]	[0 0 0 0 0 0 0 0 0 0 0 0]	[0 0 1 1 0 0]	[0 0 0 0 0 0]
2	0.3194350302219391	8.914098739624023	2.529804229736328	2.5422582626342773	1.9232243299484253	1.9188114404678345	False	[0 0 0 0 1 0 0 0 0 0 0 0]	[0 0 0 0 0 1 0 0 0 0 0 0]	[0 0 1 0 0 0]	[0 0 1 0 0 0]
2	0.07041016221046448	8.950407028198242	2.54172682762146	2.5522167682647705	1.9312827587127686	1.9251807928085327	False	[0 0 0 0 0 0 0 0 0 0 0 0]	[0 0 0 1 0 1 0 0 0 0 0 0]	[0 0 1 0 0 1]	[0 0 0 0 0 0]
2	0.5073776245117188	8.929268836975098	2.534618377685547	2.546149492263794	1.9266502857208252	1.9218509197235107	False	[0 0 0 0 1 0 0 0 0 0 0 0]	[0 0 0 1 0 0 0 0 0 0 0 0]	[0 0 1 0 1 1]	[0 0 1 0 0 0]
2	-0.5	8.958636283874512	2.5438766479492188	2.5539536476135254	1.9331094026565552	1.9276968240737915	False	[0 0 0 0 0 0 0 0 0 0 0 0]	[0 0 0 0 0 0 0 0 0 0 0 0]	[0 0 1 0 1 0]	[0 0 0 0 0 0]
2	0.25418439507484436	8.894021034240723	2.523322820663452	2.5373339653015137	1.9174131155014038	1.9159510135650635	False	[0 0 0 0 1 0 0 0 0 0 0 0]	[0 0 0 0 0 1 0 0 0 0 0 0]	[0 0 0 0 1 0]	[0 0 1 0 0 0]
2	-1.0	8.928759574890137	2.5345089435577393	2.5463833808898926	1.9263877868652344	1.9214789867401123	False	[0 0 0 0 0 0 0 0 0 0 0 0]	[0 0 0 0 0 0 0 0 0 0 0 0]	[0 0 0 0 0 0]	[0 0 0 0 0 0]
2	0.3187944293022156	8.863088607788086	2.5142247676849365	2.5286765098571777	1.9094003438949585	1.9107871055603027	False	[0 0 0 0 1 0 0 0 0 0 0 0]	[0 0 0 0 0 1 0 0 0 0 0 0]	[0 0 1 0 0 0]	[0 0 0 0 0 1]
2	0.28452223539352417	8.948522567749023	2.5409092903137207	2.5517239570617676	1.9309731721878052	1.92491614818573	False	[0 0 0 0 0 0 0 0 0 0 0 0]	[0 0 0 1 0 1 0 0 0 0 0 0]	[0 0 1 0 1 0]	[0 0 1 0 0 1]
2	0.2889837324619293	8.935757637023926	2.536949634552002	2.547987699508667	1.92794668674469	1.9228737354278564	False	[0 0 0 0 1 0 0 0 0 0 0 0]	[0 0 0 1 0 0 0 0 0 0 0 0]	[0 0 1 0 0 0]	[0 0 0 0 0 1]
2	0.050382401794195175	8.949214935302734	2.5410642623901367	2.5516793727874756	1.9312021732330322	1.9252687692642212	False	[0 0 0 0 0 0 0 0 0 0 0 0]	[0 0 0 0 0 0 0 0 0 0 0 0]	[0 0 1 0 1 0]	[0 0 1 0 0 1]
3	0.5515176653862	8.809460639953613	2.5246784687042236	2.510585069656372	1.8633191585540771	1.9108779430389404	False	[0 0 0 0 0 0 1 0 0 0 0 0]	[0 0 0 0 0 1 0 0 0 0 0 0]	[0 0 0 0 0 1]	[0 0 0 1 0 0]
3	0.44269314408302307	8.949655532836914	2.5470492839813232	2.554363965988159	1.9153947830200195	1.9328479766845703	False	[0 0 0 0 0 0 0 0 0 0 0 0]	[0 0 0 0 0 1 0 1 0 0 0 0]	[0 0 0 0 1 1]	[0 0 1 1 0 0]
3	0.4587912857532501	8.935470581054688	2.5460667610168457	2.5497827529907227	1.908246636390686	1.9313745498657227	False	[0 0 0 0 0 0 1 0 0 0 0 0]	[0 0 0 0 0 1 0 0 0 0 0 0]	[0 0 0 0 1 0]	[0 0 0 1 0 0]
3	0.42667466402053833	8.93592643737793	2.5453622341156006	2.5497512817382812	1.9090263843536377	1.931786060333252	False	[0 0 0 0 0 0 0 0 0 0 0 0]	[0 0 0 0 0 1 0 1 0 0 0 0]	[0 0 0 0 1 1]	[0 0 1 1 0 0]
3	0.463558554649353	8.935930252075195	2.5460660457611084	2.549988269805908	1.9084198474884033	1.9314563274383545	False	[0 0 0 0 0 0 1 0 0 0 0 0]	[0 0 0 0 0 1 0 0 0 0 0 0]	[0 0 0 0 1 0]	[0 0 0 1 0 0]
3	-0.5	8.935638427734375	2.5455174446105957	2.550046443939209	1.9085146188735962	1.9315595626831055	False	[0 0 0 0 0 0 0 0 0 0 0 0]	[0 0 0 0 0 1 0 1 0 0 0 0]	[0 0 0 0 0 0]	[0 0 1 1 0 0]
3	0.5242922902107239	8.91881275177002	2.5429420471191406	2.5449836254119873	1.9012569189071655	1.929630160331726	False	[0 0 0 0 0 0 1 0 0 0 0 0]	[0 0 0 0 0 1 0 0 0 0 0 0]	[0 0 0 0 0 1]	[0 0 0 1 0 0]
3	0.41341686248779297	8.949685096740723	2.547447681427002	2.554215431213379	1.915124535560608	1.932897925376892	False	[0 0 0 0 0 0 0 0 0 0 0 0]	[0 0 0 0 0 1 0 1 0 0 0 0]	[0 0 0 0 1 1]	[0 0 1 1 0 0]
3	0.4335135221481323	8.935153007507324	2.5456953048706055	2.5498082637786865	1.9082696437835693	1.9313790798187256	False	[0 0 0 0 0 0 1 0 0 0 0 0]	[0 0 0 0 0 1 0 0 0 0 0 0]	[0 0 0 0 1 0]	[0 0 0 1 0 0]
3	0.3803132474422455	8.936299324035645	2.5454933643341064	2.550161361694336	1.9089857339859009	1.9316595792770386	False	[0 0 0 0 0 0 0 0 0 0 0 0]	[0 0 0 0 0 1 0 1 0 0 0 0]	[0 0 0 0 1 1]	[0 0 1 1 0 0]
3	0.4185313880443573	8.936861038208008	2.546379327774048	2.550022602081299	1.9087128639221191	1.9317457675933838	False	[0 0 0 0 0 0 1 0 0 0 0 0]	[0 0 0 0 0 1 0 0 0 0 0 0]	[0 0 0 0 1 0]	[0 0 0 1 0 0]
3	0.434497207403183	8.93547248840332	2.5453085899353027	2.550201416015625	1.9085439443588257	1.9314188957214355	False	[0 0 0 0 0 0 0 0 0 0 0 0]	[0 0 0 0 0 1 0 1 0 0 0 0]	[0 0 0 0 1 1]	[0 0 1 1 0 0]
3	0.3929712772369385	8.935012817382812	2.5456855297088623	2.549877882003784	1.9081628322601318	1.9312869310379028	False	[0 0 0 0 0 0 1 0 0 0 0 0]	[0 0 0 0 0 1 0 0 0 0 0 0]	[0 0 0 0 1 0]	[0 0 0 1 0 0]
3	0.41198253631591797	8.93622875213623	2.545652151107788	2.55007266998291	1.9086787700653076	1.9318245649337769	False	[0 0 0 0 0 0 0 0 0 0 0 0]	[0 0 0 0 0 1 0 1 0 0 0 0]	[0 0 0 0 1 1]	[0 0 1 1 0 0]
3	0.42390769720077515	8.936230659484863	2.5458240509033203	2.5499587059020996	1.9089587926864624	1.931489109992981	False	[0 0 0 0 0 0 1 0 0 0 0 0]	[0 0 0 0 0 1 0 0 0 0 0 0]	[0 0 0 0 1 0]	[0 0 0 1 0 0]
3	0.41433143615722656	8.936741828918457	2.5457849502563477	2.549668312072754	1.9092282056808472	1.9320601224899292	False	[0 0 0 0 0 0 0 0 0 0 0 0]	[0 0 0 0 0 1 0 1 0 0 0 0]	[0 0 0 0 1 1]	[0 0 1 1 0 0]
3	0.4358297288417816	8.935436248779297	2.5458946228027344	2.549576759338379	1.9082744121551514	1.931689739227295	False	[0 0 0 0 0 0 1 0 0 0 0 0]	[0 0 0 0 0 1 0 0 0 0 0 0]	[0 0 0 0 1 0]	[0 0 0 1 0 0]
3	0.40126344561576843	8.93606948852539	2.5455992221832275	2.5500199794769287	1.908945083618164	1.9315050840377808	False	[0 0 0 0 0 0 0 0 0 0 0 0]	[0 0 0 0 0 1 0 1 0 0 0 0]	[0 0 0 0 1 1]	[0 0 1 1 0 0]
3	0.445258229970932	8.936631202697754	2.5460808277130127	2.5505640506744385	1.908470869064331	1.9315153360366821	False	[0 0 0 0 0 0 1 0 0 0 0 0]	[0 0 0 0 0 1 0 0 0 0 0 0]	[0 0 0 0 1 0]	[0 0 0 1 0 0]
3	0.41622522473335266	8.935084342956543	2.5454306602478027	2.5499539375305176	1.9083693027496338	1.931330919265747	False	[0 0 0 0 0 0 0 0 0 0 0 0]	[0 0 0 0 0 1 0 1 0 0 0 0]	[0 0 0 0 1 1]	[0 0 1 1 0 0]
3	0.43508145213127136	8.935430526733398	2.5460941791534424	2.54948353767395	1.9083434343338013	1.9315091371536255	False	[0 0 0 0 0 0 1 0 0 0 0 0]	[0 0 0 0 0 1 0 0 0 0 0 0]	[0 0 0 0 1 0]	[0 0 0 1 0 0]
3	0.4096902012825012	8.936590194702148	2.5457165241241455	2.5502564907073975	1.908859133720398	1.9317576885223389	False	[0 0 0 0 0 0 0 0 0 0 0 0]	[0 0 0 0 0 1 0 1 0 0 0 0]	[0 0 0 0 1 1]	[0 0 1 1 0 0]
3	0.424670934677124	8.933877944946289	2.5457887649536133	2.5493929386138916	1.9075284004211426	1.9311678409576416	False	[0 0 0 0 0 0 1 0 0 0 0 0]	[0 0 0 0 0 1 0 0 0 0 0 0]	[0 0 0 0 1 0]	[0 0 0 1 0 0]
3	0.3874414563179016	8.935964584350586	2.546147108078003	2.549891948699951	1.9084219932556152	1.9315037727355957	False	[0 0 0 0 0 0 0 0 0 0 0 0]	[0 0 0 0 0 1 0 1 0 0 0 0]	[0 0 0 0 1 1]	[0 0 1 1 0 0]
3	0.4374525845050812	8.934310913085938	2.545971155166626	2.549736261367798	1.9074896574020386	1.9311139583587646	False	[0 0 0 0 0 0 1 0 0 0 0 0]	[0 0 0 0 0 1 0 0 0 0 0 0]	[0 0 0 0 1 0]	[0 0 0 1 0 0]
3	0.4184151887893677	8.936305046081543	2.5454630851745605	2.5500261783599854	1.9092854261398315	1.9315301179885864	False	[0 0 0 0 0 0 0 0 0 0 0 0]	[0 0 0 0 0 1 0 1 0 0 0 0]	[0 0 0 0 1 1]	[0 0 1 1 0 0]
3	0.4226078689098358	8.934660911560059	2.5454189777374268	2.5501272678375244	1.9078172445297241	1.9312971830368042	False	[0 0 0 0 0 0 1 0 0 0 0 0]	[0 0 0 0 0 1 0 0 0 0 0 0]	[0 0 0 0 1 0]	[0 0 0 1 0 0]
3	0.4170013666152954	8.937664031982422	2.5454628467559814	2.5503971576690674	1.909803867340088	1.931999921798706	False	[0 0 0 0 0 0 0 0 0 0 0 0]	[0 0 0 0 0 1 0 1 0 0 0 0]	[0 0 0 0 1 1]	[0 0 1 1 0 0]
3	0.3944559693336487	8.934950828552246	2.545836925506592	2.5496459007263184	1.9080897569656372	1.9313786029815674	False	[0 0 0 0 0 0 1 0 0 0 0 0]	[0 0 0 0 0 1 0 0 0 0 0 0]	[0 0 0 0 1 0]	[0 0 0 1 0 0]
3	-0.5	8.93702220916748	2.545837879180908	2.550349235534668	1.9092159271240234	1.9316190481185913	False	[0 0 0 0 0 0 0 0 0 0 0 0]	[0 0 0 0 0 1 0 1 0 0 0 0]	[0 0 0 0 0 0]	[0 0 1 1 0 0]
4	0.33365297317504883	8.846035957336426	2.503427267074585	2.5280768871307373	1.904397964477539	1.9101338386535645	False	[0 0 0 0 0 1 0 0 0 0 0 0]	[1 0 0 0 0 0 0 0 0 0 0 0]	[0 0 0 0 0 1]	[0 0 1 0 0 0]
4	-1.0	8.935506820678711	2.535305976867676	2.5469717979431152	1.9218453168869019	1.9313840866088867	False	[0 0 0 0 0 0 0 0 0 0 0 0]	[0 0 0 0 0 0 0 0 0 0 0 0]	[0 0 0 0 0 0]	[0 0 0 0 0 0]
4	0.33388441801071167	8.851153373718262	2.5057125091552734	2.5289692878723145	1.9050999879837036	1.9113717079162598	False	[0 0 0 0 0 1 0 0 0 0 0 0]	[1 0 0 0 0 0 0 0 0 0 0 0]	[0 0 0 0 0 1]	[0 0 1 0 0 0]
4	-1.0	8.932029724121094	2.534046173095703	2.546666145324707	1.9208273887634277	1.930490255355835	False	[0 0 0 0 0 0 0 0 0 0 0 0]	[0 0 0 0 0 0 0 0 0 0 0 0]	[0 0 0 0 0 0]	[0 0 0 0 0 0]
4	0.3031667172908783	8.849238395690918	2.505112409591675	2.5286619663238525	1.9045995473861694	1.9108641147613525	False	[0 0 0 0 0 1 0 0 0 0 0 0]	[1 0 0 0 0 0 0 0 0 0 0 0]	[0 0 0 0 0 1]	[0 0 1 0 0 0]
4	-1.0	8.931668281555176	2.5341238975524902	2.5463974475860596	1.9205191135406494	1.930627465248108	False	[0 0 0 0 0 0 0 0 0 0 0 0]	[0 0 0 0 0 0 0 0 0 0 0 0]	[0 0 0 0 0 0]	[0 0 0 0 0 0]
4	0.3099871277809143	8.850756645202637	2.506347179412842	2.5286591053009033	1.9047999382019043	1.9109503030776978	False	[0 0 0 0 0 1 0 0 0 0 0 0]	[1 0 0 0 0 0 0 0 0 0 0 0]	[0 0 0 0 0 1]	[0 0 1 0 0 0]
4	-1.0	8.93253231048584	2.534217357635498	2.5465915203094482	1.9210481643676758	1.9306752681732178	False	[0 0 0 0 0 0 0 0 0 0 0 0]	[0 0 0 0 0 0 0 0 0 0 0 0]	[0 0 0 0 0 0]	[0 0 0 0 0 0]
4	0.3333067297935486	8.844193458557129	2.502614974975586	2.5281007289886475	1.90382719039917	1.9096505641937256	False	[0 0 0 0 0 1 0 0 0 0 0 0]	[1 0 0 0 0 0 0 0 0 0 0 0]	[0 0 0 0 0 1]	[0 0 1 0 0 0]
4	-1.0	8.931151390075684	2.5338032245635986	2.546494960784912	1.9205909967422485	1.9302624464035034	False	[0 0 0 0 0 0 0 0 0 0 0 0]	[0 0 0 0 0 0 0 0 0 0 0 0]	[0 0 0 0 0 0]	[0 0 0 0 0 0]
4	0.3448340594768524	8.84979248046875	2.505249261856079	2.5288166999816895	1.9046785831451416	1.9110479354858398	False	[0 0 0 0 0 1 0 0 0 0 0 0]	[1 0 0 0 0 0 0 0 0 0 0 0]	[0 0 0 0 0 1]	[0 0 1 0 0 0]
4	-1.0	8.93333911895752	2.5348527431488037	2.5468428134918213	1.9209915399551392	1.9306522607803345	False	[0 0 0 0 0 0 0 0 0 0 0 0]	[0 0 0 0 0 0 0 0 0 0 0 0]	[0 0 0 0 0 0]	[0 0 0 0 0 0]
4	0.3330015242099762	8.850234985351562	2.5057373046875	2.528810739517212	1.9046196937561035	1.911067247390747	False	[0 0 0 0 0 1 0 0 0 0 0 0]	[1 0 0 0 0 0 0 0 0 0 0 0]	[0 0 0 0 0 1]	[0 0 1 0 0 0]
4	-1.0	8.932282447814941	2.53434157371521	2.546638011932373	1.9207501411437988	1.9305530786514282	False	[0 0 0 0 0 0 0 0 0 0 0 0]	[0 0 0 0 0 0 0 0 0 0 0 0]	[0 0 0 0 0 0]	[0 0 0 0 0 0]
4	0.31251364946365356	8.847857475280762	2.5045528411865234	2.528078556060791	1.9044263362884521	1.9107996225357056	False	[0 0 0 0 0 1 0 0 0 0 0 0]	[1 0 0 0 0 0 0 0 0 0 0 0]	[0 0 0 0 0 1]	[0 0 1 0 0 0]
4	-1.0	8.92994213104248	2.5332982540130615	2.5461349487304688	1.9203319549560547	1.930177092552185	False	[0 0 0 0 0 0 0 0 0 0 0 0]	[0 0 0 0 0 0 0 0 0 0 0 0]	[0 0 0 0 0 0]	[0 0 0 0 0 0]
4	0.351478636264801	8.846055030822754	2.5035598278045654	2.5281624794006348	1.904143214225769	1.9101893901824951	False	[0 0 0 0 0 1 0 0 0 0 0 0]	[1 0 0 0 0 0 0 0 0 0 0 0]	[0 0 0 0 0 1]	[0 0 1 0 0 0]
4	-1.0	8.933443069458008	2.5347838401794434	2.546628952026367	1.9211760759353638	1.9308542013168335	False	[0 0 0 0 0 0 0 0 0 0 0 0]	[0 0 0 0 0 0 0 0 0 0 0 0]	[0 0 0 0 0 0]	[0 0 0 0 0 0]
4	0.32488110661506653	8.850431442260742	2.5057811737060547	2.5290567874908447	1.9046753644943237	1.9109184741973877	False	[0 0 0 0 0 1 0 0 0 0 0 0]	[1 0 0 0 0 0 0 0 0 0 0 0]	[0 0 0 0 0 1]	[0 0 1 0 0 0]
4	-1.0	8.93191146850586	2.534233808517456	2.546440839767456	1.9207308292388916	1.9305059909820557	False	[0 0 0 0 0 0 0 0 0 0 0 0]	[0 0 0 0 0 0 0 0 0 0 0 0]	[0 0 0 0 0 0]	[0 0 0 0 0 0]
4	0.3264361023902893	8.847700119018555	2.504394054412842	2.5285136699676514	1.9041893482208252	1.9106035232543945	False	[0 0 0 0 0 1 0 0 0 0 0 0]	[1 0 0 0 0 0 0 0 0 0 0 0]	[0 0 0 0 0 1]	[0 0 1 0 0 0]
4	-1.0	8.930355072021484	2.5330045223236084	2.5462698936462402	1.9205831289291382	1.930497407913208	False	[0 0 0 0 0 0 0 0 0 0 0 0]	[0 0 0 0 0 0 0 0 0 0 0 0]	[0 0 0 0 0 0]	[0 0 0 0 0 0]
4	0.3177483379840851	8.849836349487305	2.5055675506591797	2.5287327766418457	1.9048081636428833	1.9107277393341064	False	[0 0 0 0 0 1 0 0 0 0 0 0]	[1 0 0 0 0 0 0 0 0 0 0 0]	[0 0 0 0 0 1]	[0 0 1 0 0 0]
4	-1.0	8.932195663452148	2.53393816947937	2.5465035438537598	1.9208993911743164	1.93085515499115	False	[0 0 0 0 0 0 0 0 0 0 0 0]	[0 0 0 0 0 0 0 0 0 0 0 0]	[0 0 0 0 0 0]	[0 0 0 0 0 0]
4	0.3110175132751465	8.848339080810547	2.5048656463623047	2.528371810913086	1.9046188592910767	1.9104832410812378	False	[0 0 0 0 0 1 0 0 0 0 0 0]	[1 0 0 0 0 0 0 0 0 0 0 0]	[0 0 0 0 0 1]	[0 0 1 0 0 0]
4	-1.0	8.933549880981445	2.534632444381714	2.5467753410339355	1.921128511428833	1.9310145378112793	False	[0 0 0 0 0 0 0 0 0 0 0 0]	[0 0 0 0 0 0 0 0 0 0 0 0]	[0 0 0 0 0 0]	[0 0 0 0 0 0]
4	0.34238484501838684	8.850362777709961	2.5054032802581787	2.529071807861328	1.9048497676849365	1.9110376834869385	False	[0 0 0 0 0 1 0 0 0 0 0 0]	[1 0 0 0 0 0 0 0 0 0 0 0]	[0 0 0 0 0 1]	[0 0 1 0 0 0]
4	-1.0	8.93090534210205	2.53346586227417	2.546517848968506	1.9203375577926636	1.9305837154388428	False	[0 0 0 0 0 0 0 0 0 0 0 0]	[0 0 0 0 0 0 0 0 0 0 0 0]	[0 0 0 0 0 0]	[0 0 0 0 0 0]
4	0.32176142930984497	8.850704193115234	2.5055556297302246	2.5287396907806396	1.905275821685791	1.9111337661743164	False	[0 0 0 0 0 1 0 0 0 0 0 0]	[1 0 0 0 0 0 0 0 0 0 0 0]	[0 0 0 0 0 1]	[0 0 1 0 0 0]
4	-1.0	8.934800148010254	2.5353238582611084	2.5467357635498047	1.921657681465149	1.9310827255249023	False	[0 0 0 0 0 0 0 0 0 0 0 0]	[0 0 0 0 0 0 0 0 0 0 0 0]	[0 0 0 0 0 0]	[0 0 0 0 0 0]
5	0.3484232723712921	8.950128555297852	2.5359926223754883	2.5443546772003174	1.9354338645935059	1.9343472719192505	False	[0 0 0 0 0 0 0 0 0 1 0 0]	[0 0 0 0 0 0 0 0 0 0 0 1]	[0 0 0 0 0 1]	[0 0 0 0 0 1]
5	-0.5	8.96780014038086	2.5473885536193848	2.5517213344573975	1.935516357421875	1.9331746101379395	False	[0 0 0 0 0 0 0 0 0 0 0 0]	[0 0 0 0 0 0 0 0 0 0 0 0]	[0 0 0 0 0 0]	[0 0 0 0 1 1]
5	0.5556683540344238	8.964805603027344	2.5437211990356445	2.5496397018432617	1.9369981288909912	1.934445858001709	False	[0 0 0 0 0 0 0 0 0 1 0 0]	[0 0 0 0 0 0 0 0 0 0 0 1]	[0 0 0 0 0 1]	[0 0 0 0 1 0]
5	-1.0	8.965843200683594	2.5472781658172607	2.551867723464966	1.9343211650848389	1.9323761463165283	False	[0 0 0 0 0 0 0 0 0 0 0 0]	[0 0 0 0 0 0 0 0 0 0 0 0]	[0 0 0 0 0 0]	[0 0 0 0 0 0]
5	0.3620728850364685	8.950374603271484	2.536212921142578	2.544356107711792	1.9353337287902832	1.9344719648361206	False	[0 0 0 0 0 0 0 0 0 1 0 0]	[0 0 0 0 0 0 0 0 0 0 0 1]	[0 0 0 0 0 1]	[0 0 0 0 0 1]
5	-0.5	8.968055725097656	2.5475826263427734	2.552048444747925	1.9352408647537231	1.9331841468811035	False	[0 0 0 0 0 0 0 0 0 0 0 0]	[0 0 0 0 0 0 0 0 0 0 0 0]	[0 0 0 0 0 0]	[0 0 0 0 1 1]
5	0.5649586915969849	8.963936805725098	2.5434794425964355	2.5496180057525635	1.936732292175293	1.9341068267822266	False	[0 0 0 0 0 0 0 0 0 1 0 0]	[0 0 0 0 0 0 0 0 0 0 0 1]	[0 0 0 0 0 1]	[0 0 0 0 1 0]
5	-1.0	8.967129707336426	2.547635078430176	2.5521810054779053	1.9346897602081299	1.9326239824295044	False	[0 0 0 0 0 0 0 0 0 0 0 0]	[0 0 0 0 0 0 0 0 0 0 0 0]	[0 0 0 0 0 0]	[0 0 0 0 0 0]
5	0.38735535740852356	8.949365615844727	2.5358235836029053	2.544253349304199	1.934996485710144	1.9342917203903198	False	[0 0 0 0 0 0 0 0 0 1 0 0]	[0 0 0 0 0 0 0 0 0 0 0 1]	[0 0 0 0 0 1]	[0 0 0 0 0 1]
5	-0.5	8.967331886291504	2.5472829341888428	2.551764488220215	1.9352524280548096	1.9330320358276367	False	[0 0 0 0 0 0 0 0 0 0 0 0]	[0 0 0 0 0 0 0 0 0 0 0 0]	[0 0 0 0 0 0]	[0 0 0 0 1 1]
5	0.5740240812301636	8.963940620422363	2.5436418056488037	2.5495107173919678	1.9366798400878906	1.9341083765029907	False	[0 0 0 0 0 0 0 0 0 1 0 0]	[0 0 0 0 0 0 0 0 0 0 0 1]	[0 0 0 0 0 1]	[0 0 0 0 1 0]
5	-1.0	8.966987609863281	2.5473759174346924	2.5522236824035645	1.934725284576416	1.9326624870300293	False	[0 0 0 0 0 0 0 0 0 0 0 0]	[0 0 0 0 0 0 0 0 0 0 0 0]	[0 0 0 0 0 0]	[0 0 0 0 0 0]
5	0.39141058921813965	8.949082374572754	2.5358684062957764	2.5440173149108887	1.935102105140686	1.9340952634811401	False	[0 0 0 0 0 0 0 0 0 1 0 0]	[0 0 0 0 0 0 0 0 0 0 0 1]	[0 0 0 0 0 1]	[0 0 0 0 0 1]
5	-0.5	8.96959114074707	2.5477285385131836	2.5523581504821777	1.9358718395233154	1.9336333274841309	False	[0 0 0 0 0 0 0 0 0 0 0 0]	[0 0 0 0 0 0 0 0 0 0 0 0]	[0 0 0 0 0 0]	[0 0 0 0 1 1]
5	0.40629252791404724	8.96535873413086	2.544296979904175	2.54988694190979	1.9366644620895386	1.934510350227356	False	[0 0 0 0 0 0 0 0 0 1 0 0]	[0 0 0 0 0 0 0 0 0 0 0 1]	[0 0 0 0 0 1]	[0 0 1 0 1 1]
5	-0.5	8.969191551208496	2.5478765964508057	2.5522043704986572	1.9355088472366333	1.9336014986038208	False	[0 0 0 0 0 0 0 0 0 0 0 0]	[0 0 0 0 0 0 0 0 0 0 0 0]	[0 0 0 0 0 0]	[0 0 1 0 0 1]
5	0.5522423386573792	8.955132484436035	2.539039134979248	2.546273708343506	1.935831069946289	1.933988332748413	False	[0 0 0 0 0 0 0 0 0 1 0 0]	[0 0 0 0 0 0 0 0 0 0 0 1]	[0 0 0 0 0 1]	[0 0 1 0 0 0]
5	-0.5	8.967201232910156	2.5480263233184814	2.5521833896636963	1.9343541860580444	1.9326374530792236	False	[0 0 0 0 0 0 0 0 0 0 0 0]	[0 0 0 0 0 0 0 0 0 0 0 0]	[0 0 0 0 0 0]	[0 0 1 0 1 0]
5	0.404269814491272	8.961614608764648	2.5421228408813477	2.5483312606811523	1.9363784790039062	1.934781789779663	False	[0 0 0 0 0 0 0 0 0 1 0 0]	[0 0 0 0 0 0 0 0 0 0 0 1]	[0 0 0 0 0 1]	[0 0 1 0 1 1]
5	-0.5	8.96839714050293	2.5475707054138184	2.5520730018615723	1.935253381729126	1.933499813079834	False	[0 0 0 0 0 0 0 0 0 0 0 0]	[0 0 0 0 0 0 0 0 0 0 0 0]	[0 0 0 0 0 0]	[0 0 0 0 1 1]
5	0.5389226675033569	8.964601516723633	2.5437095165252686	2.5496456623077393	1.93678617477417	1.9344606399536133	False	[0 0 0 0 0 0 0 0 0 1 0 0]	[0 0 0 0 0 0 0 0 0 0 0 1]	[0 0 0 0 0 1]	[0 0 0 0 1 0]
5	-1.0	8.966241836547852	2.5474705696105957	2.5520005226135254	1.9344627857208252	1.932308316230774	False	[0 0 0 0 0 0 0 0 0 0 0 0]	[0 0 0 0 0 0 0 0 0 0 0 0]	[0 0 0 0 0 0]	[0 0 0 0 0 0]
5	0.4054129123687744	8.949660301208496	2.5360753536224365	2.544288158416748	1.9348758459091187	1.9344213008880615	False	[0 0 0 0 0 0 0 0 0 1 0 0]	[0 0 0 0 0 0 0 0 0 0 0 1]	[0 0 0 0 0 1]	[0 0 0 0 0 1]
5	-0.5	8.968274116516113	2.547297716140747	2.5520355701446533	1.9356095790863037	1.9333312511444092	False	[0 0 0 0 0 0 0 0 0 0 0 0]	[0 0 0 0 0 0 0 0 0 0 0 0]	[0 0 0 0 0 0]	[0 0 0 0 1 1]
5	0.38366344571113586	8.966346740722656	2.5445730686187744	2.5501766204833984	1.936887502670288	1.9347093105316162	False	[0 0 0 0 0 0 0 0 0 1 0 0]	[0 0 0 0 0 0 0 0 0 0 0 1]	[0 0 0 0 0 1]	[0 0 1 0 1 1]
5	-0.5	8.969468116760254	2.5480356216430664	2.5523111820220947	1.9354889392852783	1.9336329698562622	False	[0 0 0 0 0 0 0 0 0 0 0 0]	[0 0 0 0 0 0 0 0 0 0 0 0]	[0 0 0 0 0 0]	[0 0 1 0 0 1]
5	0.5414498448371887	8.9578275680542	2.5398402214050293	2.547051191329956	1.9360612630844116	1.9348750114440918	False	[0 0 0 0 0 0 0 0 0 1 0 0]	[0 0 0 0 0 0 0 0 0 0 0 1]	[0 0 0 0 0 1]	[0 0 1 0 0 0]
5	-0.5	8.9657564163208	2.5473382472991943	2.551840305328369	1.9342331886291504	1.9323447942733765	False	[0 0 0 0 0 0 0 0 0 0 0 0]	[0 0 0 0 0 0 0 0 0 0 0 0]	[0 0 0 0 0 0]	[0 0 1 0 1 0]
5	0.396241694688797	8.962236404418945	2.5420022010803223	2.5481760501861572	1.9371336698532104	1.9349244832992554	False	[0 0 0 0 0 0 0 0 0 1 0 0]	[0 0 0 0 0 0 0 0 0 0 0 1]	[0 0 0 0 0 1]	[0 0 1 0 1 1]
5	-0.5	8.96849536895752	2.547799825668335	2.5520286560058594	1.9353705644607544	1.9332959651947021	False	[0 0 0 0 0 0 0 0 0 0 0 0]	[0 0 0 0 0 0 0 0 0 0 0 0]	[0 0 0 0 0 0]	[0 0 1 0 0 1]
6	0.35454946756362915	8.933734893798828	2.54364013671875	2.5252161026000977	1.929368019104004	1.935510277748108	False	[0 0 0 0 0 0 0 1 0 0 0 0]	[0 0 0 0 0 0 0 1 0 0 0 0]	[0 0 1 0 0 0]	[0 0 0 0 1 0]
6	0.0558953732252121	8.965706825256348	2.549562931060791	2.54376482963562	1.9368561506271362	1.9355229139328003	False	[0 0 0 0 0 0 0 0 0 0 0 0]	[0 0 0 0 0 0 0 0 0 0 0 0]	[0 0 1 0 0 1]	[0 0 1 0 1 0]
6	0.2228410392999649	8.957600593566895	2.5492568016052246	2.537339687347412	1.9336333274841309	1.937371015548706	False	[0 0 0 0 0 0 0 1 0 0 0 0]	[0 0 0 0 0 0 0 1 0 0 0 0]	[0 0 0 0 0 1]	[0 0 1 0 0 0]
6	-1.0	8.96619987487793	2.5503737926483154	2.5433340072631836	1.935929298400879	1.936562418937683	False	[0 0 0 0 0 0 0 0 0 0 0 0]	[0 0 0 0 0 0 0 0 0 0 0 0]	[0 0 0 0 0 0]	[0 0 0 0 0 0]
6	0.3962230980396271	8.933347702026367	2.5427863597869873	2.524186134338379	1.9306726455688477	1.9357020854949951	False	[0 0 0 0 0 0 0 1 0 0 0 0]	[0 0 0 0 0 0 0 1 0 0 0 0]	[0 0 1 0 0 0]	[0 0 0 0 1 0]
6	0.03724709898233414	8.963308334350586	2.5489182472229004	2.5429110527038574	1.936387300491333	1.9350916147232056	False	[0 0 0 0 0 0 0 0 0 0 0 0]	[0 0 0 0 0 0 0 0 0 0 0 0]	[0 0 1 0 0 1]	[0 0 1 0 1 0]
6	0.22116801142692566	8.959060668945312	2.549881935119629	2.5381298065185547	1.9333844184875488	1.937664270401001	False	[0 0 0 0 0 0 0 1 0 0 0 0]	[0 0 0 0 0 0 0 1 0 0 0 0]	[0 0 0 0 0 1]	[0 0 1 0 0 0]
6	-1.0	8.964174270629883	2.549095869064331	2.5422585010528564	1.936600923538208	1.9362192153930664	False	[0 0 0 0 0 0 0 0 0 0 0 0]	[0 0 0 0 0 0 0 0 0 0 0 0]	[0 0 0 0 0 0]	[0 0 0 0 0 0]
6	0.40037643909454346	8.933778762817383	2.543686866760254	2.525218963623047	1.9294426441192627	1.935430884361267	False	[0 0 0 0 0 0 0 1 0 0 0 0]	[0 0 0 0 0 0 0 1 0 0 0 0]	[0 0 1 0 0 0]	[0 0 0 0 1 0]
6	0.043848730623722076	8.965536117553711	2.5497686862945557	2.543916702270508	1.9362322092056274	1.9356186389923096	False	[0 0 0 0 0 0 0 0 0 0 0 0]	[0 0 0 0 0 0 0 0 0 0 0 0]	[0 0 1 0 0 1]	[0 0 1 0 1 0]
6	0.2276013344526291	8.957475662231445	2.549497127532959	2.5372824668884277	1.9335830211639404	1.9371131658554077	False	[0 0 0 0 0 0 0 1 0 0 0 0]	[0 0 0 0 0 0 0 1 0 0 0 0]	[0 0 0 0 0 1]	[0 0 1 0 0 0]
6	-1.0	8.963749885559082	2.548980474472046	2.54207444190979	1.9364567995071411	1.936238169670105	False	[0 0 0 0 0 0 0 0 0 0 0 0]	[0 0 0 0 0 0 0 0 0 0 0 0]	[0 0 0 0 0 0]	[0 0 0 0 0 0]
6	0.4027631878852844	8.93333625793457	2.543339252471924	2.524707555770874	1.9299330711364746	1.935356616973877	False	[0 0 0 0 0 0 0 1 0 0 0 0]	[0 0 0 0 0 0 0 1 0 0 0 0]	[0 0 1 0 0 0]	[0 0 0 0 1 0]
6	0.057169802486896515	8.964704513549805	2.5496115684509277	2.543578624725342	1.936078429222107	1.9354362487792969	False	[0 0 0 0 0 0 0 0 0 0 0 0]	[0 0 0 0 0 0 0 0 0 0 0 0]	[0 0 1 0 0 1]	[0 0 1 0 1 0]
6	0.23192152380943298	8.957810401916504	2.5489540100097656	2.537242889404297	1.9339978694915771	1.9376157522201538	False	[0 0 0 0 0 0 0 1 0 0 0 0]	[0 0 0 0 0 0 0 1 0 0 0 0]	[0 0 0 0 0 1]	[0 0 1 0 0 0]
6	-1.0	8.966086387634277	2.550165891647339	2.5432205200195312	1.9363033771514893	1.9363969564437866	False	[0 0 0 0 0 0 0 0 0 0 0 0]	[0 0 0 0 0 0 0 0 0 0 0 0]	[0 0 0 0 0 0]	[0 0 0 0 0 0]
6	0.39399972558021545	8.93433952331543	2.543555974960327	2.524909257888794	1.9302089214324951	1.9356653690338135	False	[0 0 0 0 0 0 0 1 0 0 0 0]	[0 0 0 0 0 0 0 1 0 0 0 0]	[0 0 1 0 0 0]	[0 0 0 0 1 0]
6	0.037164267152547836	8.965716361999512	2.549783229827881	2.5439178943634033	1.936429738998413	1.9355846643447876	False	[0 0 0 0 0 0 0 0 0 0 0 0]	[0 0 0 0 0 0 0 0 0 0 0 0]	[0 0 1 0 0 1]	[0 0 1 0 1 0]
6	0.2222594916820526	8.958016395568848	2.5491318702697754	2.5372021198272705	1.934012770652771	1.937669277191162	False	[0 0 0 0 0 0 0 1 0 0 0 0]	[0 0 0 0 0 0 0 1 0 0 0 0]	[0 0 0 0 0 1]	[0 0 1 0 0 0]
6	-1.0	8.964479446411133	2.5494039058685303	2.5424487590789795	1.9364699125289917	1.9361567497253418	False	[0 0 0 0 0 0 0 0 0 0 0 0]	[0 0 0 0 0 0 0 0 0 0 0 0]	[0 0 0 0 0 0]	[0 0 0 0 0 0]
6	0.36480334401130676	8.931878089904785	2.542625665664673	2.523852825164795	1.9299942255020142	1.9354053735733032	False	[0 0 0 0 0 0 0 1 0 0 0 0]	[0 0 0 0 0 0 0 1 0 0 0 0]	[0 0 1 0 0 0]	[0 0 0 0 1 0]
6	0.04282991960644722	8.96474552154541	2.549368381500244	2.5434508323669434	1.9365742206573486	1.9353522062301636	False	[0 0 0 0 0 0 0 0 0 0 0 0]	[0 0 0 0 0 0 0 0 0 0 0 0]	[0 0 1 0 0 1]	[0 0 1 0 1 0]
6	0.24327558279037476	8.957388877868652	2.549025058746338	2.5370140075683594	1.9341521263122559	1.9371979236602783	False	[0 0 0 0 0 0 0 1 0 0 0 0]	[0 0 0 0 0 0 0 1 0 0 0 0]	[0 0 0 0 0 1]	[0 0 1 0 0 0]
6	-1.0	8.96449089050293	2.549475908279419	2.5424604415893555	1.9363689422607422	1.936185598373413	False	[0 0 0 0 0 0 0 0 0 0 0 0]	[0 0 0 0 0 0 0 0 0 0 0 0]	[0 0 0 0 0 0]	[0 0 0 0 0 0]
6	0.40027451515197754	8.933382034301758	2.5426278114318848	2.524167060852051	1.9306535720825195	1.935933232307434	False	[0 0 0 0 0 0 0 1 0 0 0 0]	[0 0 0 0 0 0 0 1 0 0 0 0]	[0 0 1 0 0 0]	[0 0 0 0 1 0]
6	0.04475979506969452	8.964881896972656	2.549474000930786	2.5434744358062744	1.9365360736846924	1.9353976249694824	False	[0 0 0 0 0 0 0 0 0 0 0 0]	[0 0 0 0 0 0 0 0 0 0 0 0]	[0 0 1 0 0 1]	[0 0 1 0 1 0]
6	0.22140160202980042	8.957757949829102	2.549166202545166	2.5374205112457275	1.9337183237075806	1.937452793121338	False	[0 0 0 0 0 0 0 1 0 0 0 0]	[0 0 0 0 0 0 0 1 0 0 0 0]	[0 0 0 0 0 1]	[0 0 1 0 0 0]
6	-1.0	8.965862274169922	2.5501983165740967	2.5430984497070312	1.93614661693573	1.936418890953064	False	[0 0 0 0 0 0 0 0 0 0 0 0]	[0 0 0 0 0 0 0 0 0 0 0 0]	[0 0 0 0 0 0]	[0 0 0 0 0 0]
6	0.3549807369709015	8.932579040527344	2.5428662300109863	2.524257183074951	1.9300415515899658	1.9354146718978882	False	[0 0 0 0 0 0 0 1 0 0 0 0]	[0 0 0 0 0 0 0 1 0 0 0 0]	[0 0 1 0 0 0]	[0 0 0 0 1 0]
6	0.05070043355226517	8.964271545410156	2.549136161804199	2.543409585952759	1.9364315271377563	1.9352947473526	False	[0 0 0 0 0 0 0 0 0 0 0 0]	[0 0 0 0 0 0 0 0 0 0 0 0]	[0 0 1 0 0 1]	[0 0 1 0 1 0]
7	0.3820362985134125	8.898772239685059	2.5363893508911133	2.5123438835144043	1.9354345798492432	1.9146041870117188	False	[0 0 0 0 0 0 0 1 0 0 0 0]	[0 0 0 0 0 0 0 1 0 0 0 0]	[1 0 0 0 0 0]	[0 0 0 0 1 0]
7	-0.5	8.938880920410156	2.543704032897949	2.5363564491271973	1.9363350868225098	1.9224849939346313	False	[0 0 0 0 0 0 0 0 0 0 0 0]	[0 0 0 0 0 0 0 0 0 0 0 0]	[1 0 0 0 0 1]	[0 0 0 0 0 0]
7	0.38320192694664	8.928045272827148	2.5433402061462402	2.5281131267547607	1.9366190433502197	1.9199730157852173	False	[0 0 0 0 0 0 0 1 0 0 0 0]	[0 0 0 0 0 0 0 1 0 0 0 0]	[1 0 0 0 0 0]	[0 0 0 0 1 0]
7	-0.5	8.940549850463867	2.544565200805664	2.5373098850250244	1.9361332654953003	1.9225411415100098	False	[0 0 0 0 0 0 0 0 0 0 0 0]	[0 0 0 0 0 0 0 0 0 0 0 0]	[1 0 0 0 0 1]	[0 0 0 0 0 0]
7	0.38878417015075684	8.923943519592285	2.5416736602783203	2.526301383972168	1.9365917444229126	1.9193766117095947	False	[0 0 0 0 0 0 0 1 0 0 0 0]	[0 0 0 0 0 0 0 1 0 0 0 0]	[1 0 0 0 0 0]	[0 0 0 0 1 0]
7	-0.5	8.9373140335083	2.5433743000030518	2.53583025932312	1.9360711574554443	1.9220384359359741	False	[0 0 0 0 0 0 0 0 0 0 0 0]	[0 0 0 0 0 0 0 0 0 0 0 0]	[1 0 0 0 0 1]	[0 0 0 0 0 0]
7	0.37813490629196167	8.928531646728516	2.5432887077331543	2.5284171104431152	1.9367945194244385	1.9200314283370972	False	[0 0 0 0 0 0 0 1 0 0 0 0]	[0 0 0 0 0 0 0 1 0 0 0 0]	[1 0 0 0 0 0]	[0 0 0 0 1 0]
7	-0.5	8.940657615661621	2.5447778701782227	2.5373804569244385	1.9360909461975098	1.9224083423614502	False	[0 0 0 0 0 0 0 0 0 0 0 0]	[0 0 0 0 0 0 0 0 0 0 0 0]	[1 0 0 0 0 1]	[0 0 0 0 0 0]
7	0.35982176661491394	8.92658805847168	2.542947292327881	2.52758526802063	1.9364160299301147	1.919639229774475	False	[0 0 0 0 0 0 0 1 0 0 0 0]	[0 0 0 0 0 0 0 1 0 0 0 0]	[1 0 0 0 0 0]	[0 0 0 0 1 0]
7	-0.5	8.937089920043945	2.543332099914551	2.5358574390411377	1.935935378074646	1.9219646453857422	False	[0 0 0 0 0 0 0 0 0 0 0 0]	[0 0 0 0 0 0 0 0 0 0 0 0]	[1 0 0 0 0 1]	[0 0 0 0 0 0]
7	0.3751506507396698	8.925786972045898	2.5427920818328857	2.5271899700164795	1.9364356994628906	1.9193694591522217	False	[0 0 0 0 0 0 0 1 0 0 0 0]	[0 0 0 0 0 0 0 1 0 0 0 0]	[1 0 0 0 0 0]	[0 0 0 0 1 0]
7	-0.5	8.940353393554688	2.5445713996887207	2.5376505851745605	1.9358453750610352	1.922285556793213	False	[0 0 0 0 0 0 0 0 0 0 0 0]	[0 0 0 0 0 0 0 0 0 0 0 0]	[1 0 0 0 0 1]	[0 0 0 0 0 0]
7	0.395475298166275	8.92758560180664	2.542848587036133	2.5281312465667725	1.9366741180419922	1.9199309349060059	False	[0 0 0 0 0 0 0 1 0 0 0 0]	[0 0 0 0 0 0 0 1 0 0 0 0]	[1 0 0 0 0 0]	[0 0 0 0 1 0]
7	-0.5	8.940998077392578	2.544447422027588	2.537567138671875	1.9363993406295776	1.9225839376449585	False	[0 0 0 0 0 0 0 0 0 0 0 0]	[0 0 0 0 0 0 0 0 0 0 0 0]	[1 0 0 0 0 1]	[0 0 0 0 0 0]
7	0.371642142534256	8.928218841552734	2.54292631149292	2.528496026992798	1.9366192817687988	1.9201765060424805	False	[0 0 0 0 0 0 0 1 0 0 0 0]	[0 0 0 0 0 0 0 1 0 0 0 0]	[1 0 0 0 0 0]	[0 0 0 0 1 0]
7	-0.5	8.940545082092285	2.5443572998046875	2.5379459857940674	1.935960292816162	1.9222818613052368	False	[0 0 0 0 0 0 0 0 0 0 0 0]	[0 0 0 0 0 0 0 0 0 0 0 0]	[1 0 0 0 0 1]	[0 0 0 0 0 0]
7	0.37402257323265076	8.931926727294922	2.5441226959228516	2.5302295684814453	1.9370336532592773	1.9205405712127686	False	[0 0 0 0 0 0 0 1 0 0 0 0]	[0 0 0 0 0 0 0 1 0 0 0 0]	[1 0 0 0 0 0]	[0 0 0 0 1 0]
7	-0.5	8.941097259521484	2.5447332859039307	2.5374343395233154	1.9363431930541992	1.9225865602493286	False	[0 0 0 0 0 0 0 0 0 0 0 0]	[0 0 0 0 0 0 0 0 0 0 0 0]	[1 0 0 0 0 1]	[0 0 0 0 0 0]
7	0.5502064228057861	8.92562198638916	2.5423636436462402	2.5271456241607666	1.936525821685791	1.919586420059204	False	[0 0 0 0 0 0 0 1 0 0 0 0]	[0 0 0 0 0 0 0 1 0 0 0 0]	[0 0 0 0 0 1]	[0 0 0 0 1 0]
7	-0.5	8.940577507019043	2.543536901473999	2.5382401943206787	1.9359016418457031	1.9228988885879517	False	[0 0 0 0 0 0 0 0 0 0 0 0]	[0 0 0 0 0 0 0 1 0 0 0 1]	[0 0 0 0 0 0]	[0 0 0 0 0 0]
7	0.36659589409828186	8.919947624206543	2.5417330265045166	2.5234580039978027	1.936553955078125	1.91820228099823	False	[0 0 0 0 0 0 0 1 0 0 0 0]	[0 0 0 0 0 0 0 0 0 0 0 1]	[1 0 0 0 0 0]	[0 0 0 0 1 0]
7	0.32511407136917114	8.938282012939453	2.5434281826019287	2.536041736602783	1.9364653825759888	1.9223475456237793	False	[0 0 0 0 0 0 0 0 0 0 0 0]	[0 0 0 0 0 0 0 1 0 0 0 1]	[1 0 0 0 0 1]	[0 0 0 0 0 0]
7	0.38547438383102417	8.939091682434082	2.5453109741210938	2.535266399383545	1.936640739440918	1.9218733310699463	False	[0 0 0 0 0 0 0 1 0 0 0 0]	[0 0 0 0 0 0 0 0 0 0 0 1]	[1 0 0 0 0 0]	[0 0 0 0 1 0]
7	0.3412892818450928	8.941292762756348	2.5451762676239014	2.5376510620117188	1.935939073562622	1.9225265979766846	False	[0 0 0 0 0 0 0 0 0 0 0 0]	[0 0 0 0 0 0 0 1 0 0 0 1]	[1 0 0 0 0 1]	[0 0 0 0 0 0]
7	0.38617196679115295	8.937590599060059	2.5443320274353027	2.5350072383880615	1.936544418334961	1.921707272529602	False	[0 0 0 0 0 0 0 1 0 0 0 0]	[0 0 0 0 0 0 0 0 0 0 0 1]	[1 0 0 0 0 0]	[0 0 0 0 1 0]
7	0.33613282442092896	8.938857078552246	2.5439705848693848	2.536489248275757	1.9361836910247803	1.9222133159637451	False	[0 0 0 0 0 0 0 0 0 0 0 0]	[0 0 0 0 0 0 0 1 0 0 0 1]	[1 0 0 0 0 1]	[0 0 0 0 0 0]
7	0.38231024146080017	8.935833930969238	2.5441906452178955	2.5340330600738525	1.9362220764160156	1.9213882684707642	False	[0 0 0 0 0 0 0 1 0 0 0 0]	[0 0 0 0 0 0 0 0 0 0 0 1]	[1 0 0 0 0 0]	[0 0 0 0 1 0]
7	0.35208800435066223	8.939752578735352	2.543943405151367	2.5369274616241455	1.9363694190979004	1.922512412071228	False	[0 0 0 0 0 0 0 0 0 0 0 0]	[0 0 0 0 0 0 0 1 0 0 0 1]	[1 0 0 0 0 1]	[0 0 0 0 0 0]
7	0.3939816653728485	8.937435150146484	2.544844627380371	2.5345799922943115	1.9364829063415527	1.9215272665023804	False	[0 0 0 0 0 0 0 1 0 0 0 0]	[0 0 0 0 0 0 0 0 0 0 0 1]	[1 0 0 0 0 0]	[0 0 0 0 1 0]
7	0.3422088027000427	8.939471244812012	2.544339179992676	2.5368306636810303	1.936069369316101	1.9222313165664673	False	[0 0 0 0 0 0 0 0 0 0 0 0]	[0 0 0 0 0 0 0 1 0 0 0 1]	[1 0 0 0 0 1]	[0 0 0 0 0 0]
8	0.36519575119018555	8.940074920654297	2.548943042755127	2.54225492477417	1.9286643266677856	1.9202125072479248	False	[0 0 0 0 0 0 0 1 0 0 0 0]	[0 0 0 0 0 0 0 1 0 0 0 0]	[1 0 0 0 0 0]	[0 0 1 0 0 0]
8	0.2897784411907196	8.92125129699707	2.5361568927764893	2.545579195022583	1.929997205734253	1.9095178842544556	False	[0 0 0 0 0 0 0 1 0 0 0 1]	[0 0 0 0 0 0 0 1 0 0 0 1]	[1 1 0 0 0 0]	[0 0 1 1 0 0]
8	0.4058232605457306	8.938826560974121	2.543994665145874	2.548034429550171	1.9315704107284546	1.9152271747589111	False	[0 0 0 0 0 0 0 1 0 0 0 0]	[0 0 0 0 0 0 0 1 0 0 0 0]	[1 0 0 0 0 0]	[0 0 1 0 0 0]
8	0.3015497028827667	8.92090892791748	2.536276340484619	2.5454154014587402	1.9295438528060913	1.9096730947494507	False	[0 0 0 0 0 0 0 1 0 0 0 1]	[0 0 0 0 0 0 0 1 0 0 0 1]	[1 1 0 0 0 0]	[0 0 1 1 0 0]
8	0.38144296407699585	8.940813064575195	2.545074224472046	2.548610210418701	1.9313277006149292	1.915800929069519	False	[0 0 0 0 0 0 0 1 0 0 0 0]	[0 0 0 0 0 0 0 1 0 0 0 0]	[1 0 0 0 0 0]	[0 0 1 0 0 0]
8	0.31734687089920044	8.919817924499512	2.535318374633789	2.5456016063690186	1.929738998413086	1.9091583490371704	False	[0 0 0 0 0 0 0 1 0 0 0 1]	[0 0 0 0 0 0 0 1 0 0 0 1]	[1 1 0 0 0 0]	[0 0 1 1 0 0]
8	0.3912668228149414	8.940223693847656	2.544703483581543	2.5484092235565186	1.9314215183258057	1.915689468383789	False	[0 0 0 0 0 0 0 1 0 0 0 0]	[0 0 0 0 0 0 0 1 0 0 0 0]	[1 0 0 0 0 0]	[0 0 1 0 0 0]
8	0.3183935582637787	8.92137336730957	2.5357067584991455	2.545511484146118	1.9303094148635864	1.9098458290100098	False	[0 0 0 0 0 0 0 1 0 0 0 1]	[0 0 0 0 0 0 0 1 0 0 0 1]	[1 1 0 0 0 0]	[0 0 1 1 0 0]
8	0.3697022497653961	8.942452430725098	2.5452969074249268	2.5489633083343506	1.932037353515625	1.9161545038223267	False	[0 0 0 0 0 0 0 1 0 0 0 0]	[0 0 0 0 0 0 0 1 0 0 0 0]	[1 0 0 0 0 0]	[0 0 1 0 0 0]
8	0.2979944348335266	8.919845581054688	2.53498911857605	2.545325756072998	1.9301397800445557	1.9093915224075317	False	[0 0 0 0 0 0 0 1 0 0 0 1]	[0 0 0 0 0 0 0 1 0 0 0 1]	[1 1 0 0 0 0]	[0 0 1 1 0 0]
8	0.3759893476963043	8.93964672088623	2.5440449714660645	2.5483551025390625	1.9319592714309692	1.9152871370315552	False	[0 0 0 0 0 0 0 1 0 0 0 0]	[0 0 0 0 0 0 0 1 0 0 0 0]	[1 0 0 0 0 0]	[0 0 1 0 0 0]
8	0.29708799719810486	8.9210786819458	2.5354652404785156	2.5455081462860107	1.9302184581756592	1.9098862409591675	False	[0 0 0 0 0 0 0 1 0 0 0 1]	[0 0 0 0 0 0 0 1 0 0 0 1]	[1 1 0 0 0 0]	[0 0 1 1 0 0]
8	0.3717772364616394	8.942865371704102	2.5457468032836914	2.549076557159424	1.931714653968811	1.9163269996643066	False	[0 0 0 0 0 0 0 1 0 0 0 0]	[0 0 0 0 0 0 0 1 0 0 0 0]	[1 0 0 0 0 0]	[0 0 1 0 0 0]
8	0.3001880943775177	8.918620109558105	2.535001039505005	2.545074462890625	1.929596185684204	1.9089490175247192	False	[0 0 0 0 0 0 0 1 0 0 0 1]	[0 0 0 0 0 0 0 1 0 0 0 1]	[1 1 0 0 0 0]	[0 0 1 1 0 0]
8	0.39528217911720276	8.940435409545898	2.544983148574829	2.548449993133545	1.9314199686050415	1.915582299232483	False	[0 0 0 0 0 0 0 1 0 0 0 0]	[0 0 0 0 0 0 0 1 0 0 0 0]	[1 0 0 0 0 0]	[0 0 1 0 0 0]
8	0.3174959421157837	8.919767379760742	2.5352554321289062	2.545241355895996	1.9299800395965576	1.9092907905578613	False	[0 0 0 0 0 0 0 1 0 0 0 1]	[0 0 0 0 0 0 0 1 0 0 0 1]	[1 1 0 0 0 0]	[0 0 1 1 0 0]
8	0.39571595191955566	8.940685272216797	2.5450003147125244	2.5486080646514893	1.9314618110656738	1.9156155586242676	False	[0 0 0 0 0 0 0 1 0 0 0 0]	[0 0 0 0 0 0 0 1 0 0 0 0]	[1 0 0 0 0 0]	[0 0 1 0 0 0]
8	0.3190739154815674	8.921351432800293	2.5360970497131348	2.545536994934082	1.9296625852584839	1.910054326057434	False	[0 0 0 0 0 0 0 1 0 0 0 1]	[0 0 0 0 0 0 0 1 0 0 0 1]	[1 1 0 0 0 0]	[0 0 1 1 0 0]
8	0.4060434401035309	8.940750122070312	2.5445258617401123	2.548266649246216	1.9320119619369507	1.9159451723098755	False	[0 0 0 0 0 0 0 1 0 0 0 0]	[0 0 0 0 0 0 0 1 0 0 0 0]	[1 0 0 0 0 0]	[0 0 1 0 0 0]
8	0.3025956451892853	8.921220779418945	2.5365347862243652	2.5455310344696045	1.9296271800994873	1.9095275402069092	False	[0 0 0 0 0 0 0 1 0 0 0 1]	[0 0 0 0 0 0 0 1 0 0 0 1]	[1 1 0 0 0 0]	[0 0 1 1 0 0]
8	0.3752198815345764	8.941365242004395	2.5452983379364014	2.5486764907836914	1.9315810203552246	1.915808916091919	False	[0 0 0 0 0 0 0 1 0 0 0 0]	[0 0 0 0 0 0 0 1 0 0 0 0]	[1 0 0 0 0 0]	[0 0 1 0 0 0]
8	0.30539408326148987	8.918922424316406	2.535057306289673	2.5452966690063477	1.929709553718567	1.9088587760925293	False	[0 0 0 0 0 0 0 1 0 0 0 1]	[0 0 0 0 0 0 0 1 0 0 0 1]	[1 1 0 0 0 0]	[0 0 1 1 0 0]
8	0.3747777044773102	8.940589904785156	2.5446176528930664	2.5483880043029785	1.9316333532333374	1.9159505367279053	False	[0 0 0 0 0 0 0 1 0 0 0 0]	[0 0 0 0 0 0 0 1 0 0 0 0]	[1 0 0 0 0 0]	[0 0 1 0 0 0]
8	0.29915034770965576	8.91982364654541	2.535426139831543	2.5452632904052734	1.929810643196106	1.9093233346939087	False	[0 0 0 0 0 0 0 1 0 0 0 1]	[0 0 0 0 0 0 0 1 0 0 0 1]	[1 1 0 0 0 0]	[0 0 1 1 0 0]
8	0.37196412682533264	8.940925598144531	2.544768810272217	2.5484368801116943	1.9318454265594482	1.9158740043640137	False	[0 0 0 0 0 0 0 1 0 0 0 0]	[0 0 0 0 0 0 0 1 0 0 0 0]	[1 0 0 0 0 0]	[0 0 1 0 0 0]
8	0.2937798798084259	8.923213958740234	2.537061929702759	2.545985698699951	1.9299315214157104	1.9102344512939453	False	[0 0 0 0 0 0 0 1 0 0 0 1]	[0 0 0 0 0 0 0 1 0 0 0 1]	[1 1 0 0 0 0]	[0 0 1 1 0 0]
8	0.3531728684902191	8.942059516906738	2.545675277709961	2.5486855506896973	1.9315333366394043	1.9161653518676758	False	[0 0 0 0 0 0 0 1 0 0 0 0]	[0 0 0 0 0 0 0 1 0 0 0 0]	[1 0 0 0 0 0]	[0 0 1 0 0 0]
8	0.32004404067993164	8.917608261108398	2.534257173538208	2.545175075531006	1.9297176599502563	1.9084579944610596	False	[0 0 0 0 0 0 0 1 0 0 0 1]	[0 0 0 0 0 0 0 1 0 0 0 1]	[1 1 0 0 0 0]	[0 0 1 1 0 0]
8	0.3792053759098053	8.940888404846191	2.5447845458984375	2.548288345336914	1.9319249391555786	1.9158908128738403	False	[0 0 0 0 0 0 0 1 0 0 0 0]	[0 0 0 0 0 0 0 1 0 0 0 0]	[1 0 0 0 0 0]	[0 0 1 0 0 0]
8	0.30659541487693787	8.917609214782715	2.534566879272461	2.5449678897857666	1.929656982421875	1.9084174633026123	False	[0 0 0 0 0 0 0 1 0 0 0 1]	[0 0 0 0 0 0 0 1 0 0 0 1]	[1 1 0 0 0 0]	[0 0 1 1 0 0]
9	-0.5	8.91704273223877	2.514925003051758	2.540518045425415	1.9409117698669434	1.9206881523132324	False	[0 0 1 0 0 0 0 0 0 0 0 0]	[1 0 0 0 0 0 0 0 0 0 0 0]	[0 1 0 0 0 0]	[1 0 0 0 0 0]
9	-0.5	8.936295509338379	2.5282671451568604	2.547370195388794	1.9405735731124878	1.9200847148895264	False	[0 0 0 0 0 0 0 0 0 0 0 0]	[0 0 0 0 0 0 0 0 0 0 0 0]	[0 1 0 0 0 1]	[0 0 0 0 0 0]
9	-0.5	8.939265251159668	2.526798963546753	2.5466597080230713	1.9425346851348877	1.9232720136642456	False	[0 0 1 0 0 0 0 0 0 0 0 0]	[1 0 0 0 0 0 0 0 0 0 0 0]	[0 0 0 0 0 1]	[1 0 0 0 0 0]
9	-1.0	8.938237190246582	2.5297741889953613	2.547651529312134	1.9399895668029785	1.9208216667175293	False	[0 0 0 0 0 0 0 0 0 0 0 0]	[0 0 0 0 0 0 0 0 0 0 0 0]	[0 0 0 0 0 0]	[0 0 0 0 0 0]
9	-0.5	8.913269996643066	2.513180732727051	2.5397284030914307	1.9405561685562134	1.9198050498962402	False	[0 0 1 0 0 0 0 0 0 0 0 0]	[1 0 0 0 0 0 0 0 0 0 0 0]	[0 1 0 0 0 0]	[1 0 0 0 0 0]
9	-0.5	8.941940307617188	2.5319111347198486	2.548677444458008	1.9393562078475952	1.9219956398010254	False	[0 0 1 0 0 0 0 1 0 0 0 0]	[0 0 0 0 0 0 0 0 0 0 0 0]	[0 1 0 0 0 1]	[0 0 0 0 0 0]
9	-0.5	8.932191848754883	2.527789354324341	2.546717882156372	1.9393532276153564	1.9183311462402344	False	[0 0 1 0 0 0 0 0 0 0 0 0]	[1 0 0 0 0 0 0 0 0 0 0 0]	[0 1 0 0 0 0]	[1 0 0 0 0 0]
9	-0.5	8.939990043640137	2.5309414863586426	2.5479896068573	1.9398140907287598	1.9212449789047241	False	[0 0 1 0 0 0 0 1 0 0 0 0]	[0 0 0 0 0 0 0 0 0 0 0 0]	[0 1 0 0 0 1]	[0 0 0 0 0 0]
9	-0.5	8.934977531433105	2.529096841812134	2.5473906993865967	1.9394330978393555	1.9190571308135986	False	[0 0 0 0 0 0 0 1 0 0 0 0]	[1 0 0 0 0 0 0 0 0 0 0 0]	[0 1 0 0 0 0]	[1 0 0 0 0 0]
9	-0.5	8.930693626403809	2.5305840969085693	2.547395706176758	1.9357354640960693	1.916977882385254	False	[0 0 0 0 0 0 0 0 0 0 0 0]	[0 0 0 0 0 0 0 0 0 0 0 0]	[0 1 0 0 0 1]	[0 0 0 0 0 0]
9	-0.5	8.93454360961914	2.524397611618042	2.5457422733306885	1.9425655603408813	1.9218387603759766	False	[0 0 1 0 0 0 0 0 0 0 0 0]	[1 0 0 0 0 0 0 0 0 0 0 0]	[0 0 0 0 0 1]	[1 0 0 0 0 0]
9	-0.5	8.939802169799805	2.530872106552124	2.5479257106781006	1.9400112628936768	1.9209930896759033	False	[0 0 1 0 0 0 0 1 0 0 0 0]	[0 0 0 0 0 0 0 0 0 0 0 0]	[0 0 0 0 0 0]	[0 0 0 0 0 0]
9	-0.5	8.924517631530762	2.5268445014953613	2.5460174083709717	1.937281608581543	1.9143739938735962	False	[0 0 1 0 0 0 0 0 0 0 0 0]	[1 0 0 0 0 0 0 0 0 0 0 0]	[0 0 0 0 0 1]	[1 0 0 0 0 0]
9	-0.5	8.9391508102417	2.530229091644287	2.5478339195251465	1.9399693012237549	1.9211184978485107	False	[0 0 1 0 0 0 0 1 0 0 0 0]	[0 0 0 0 0 0 0 0 0 0 0 0]	[0 0 0 0 0 0]	[0 0 0 0 0 0]
9	-0.5	8.92565631866455	2.5273032188415527	2.5461204051971436	1.937200903892517	1.915032148361206	False	[0 0 1 0 0 0 0 0 0 0 0 0]	[1 0 0 0 0 0 0 0 0 0 0 0]	[0 0 0 0 0 1]	[1 0 0 0 0 0]
9	-0.5	8.939279556274414	2.5306077003479004	2.5480685234069824	1.9397228956222534	1.9208807945251465	False	[0 0 1 0 0 0 0 1 0 0 0 0]	[0 0 0 0 0 0 0 0 0 0 0 0]	[0 0 0 0 0 0]	[0 0 0 0 0 0]
9	-0.5	8.922917366027832	2.5259783267974854	2.5456974506378174	1.9376568794250488	1.913584589958191	False	[0 0 1 0 0 0 0 0 0 0 0 0]	[1 0 0 0 0 0 0 0 0 0 0 0]	[0 0 0 0 0 1]	[1 0 0 0 0 0]
9	-0.5	8.938060760498047	2.5299251079559326	2.5479185581207275	1.939936637878418	1.9202804565429688	False	[0 0 1 0 0 0 0 1 0 0 0 0]	[0 0 0 0 0 0 0 0 0 0 0 0]	[0 0 0 0 0 0]	[0 0 0 0 0 0]
9	-0.5	8.923858642578125	2.52628493309021	2.545677661895752	1.9378453493118286	1.914050579071045	False	[0 0 1 0 0 0 0 0 0 0 0 0]	[1 0 0 0 0 0 0 0 0 0 0 0]	[0 0 0 0 0 1]	[1 0 0 0 0 0]
9	-1.0	8.943055152893066	2.5324552059173584	2.5485568046569824	1.9393229484558105	1.9227203130722046	False	[0 0 0 0 0 0 0 0 0 0 0 0]	[0 0 0 0 0 0 0 0 0 0 0 0]	[0 0 0 0 0 0]	[0 0 0 0 0 0]
9	-0.5	8.915373802185059	2.514035701751709	2.540010929107666	1.9408525228500366	1.920474648475647	False	[0 0 1 0 0 0 0 0 0 0 0 0]	[1 0 0 0 0 0 0 0 0 0 0 0]	[0 0 0 0 0 0]	[1 0 0 0 0 0]
9	-1.0	8.896512031555176	2.5126614570617676	2.5357449054718018	1.9108725786209106	1.9372328519821167	False	[0 0 1 0 0 0 0 0 0 0 0 0]	[0 0 0 0 0 0 0 0 0 0 0 0]	[0 0 0 0 0 0]	[1 0 0 1 0 0]
9	-0.5	8.900104522705078	2.514108896255493	2.5367345809936523	1.9117932319641113	1.93746817111969	False	[0 0 1 0 0 0 0 0 0 0 0 0]	[1 0 0 0 0 0 0 0 0 0 0 0]	[0 0 0 0 0 0]	[1 0 0 0 0 0]
9	-1.0	8.90017318725586	2.514225482940674	2.5362789630889893	1.912536382675171	1.9371315240859985	False	[0 0 1 0 0 0 0 0 0 0 0 0]	[0 0 0 0 0 0 0 0 0 0 0 0]	[0 0 0 0 0 0]	[1 0 0 1 0 0]
9	-0.5	8.891167640686035	2.5109221935272217	2.5339794158935547	1.90919029712677	1.9370754957199097	False	[0 0 1 0 0 0 0 0 0 0 0 0]	[1 0 0 0 0 0 0 0 0 0 0 0]	[0 0 0 0 0 0]	[1 0 0 0 0 0]
9	-1.0	8.898821830749512	2.513432741165161	2.53633713722229	1.911795973777771	1.9372559785842896	False	[0 0 1 0 0 0 0 0 0 0 0 0]	[0 0 0 0 0 0 0 0 0 0 0 0]	[0 0 0 0 0 0]	[1 0 0 1 0 0]
9	-0.5	8.894428253173828	2.512078046798706	2.5353214740753174	1.9097671508789062	1.9372620582580566	False	[0 0 1 0 0 0 0 0 0 0 0 0]	[1 0 0 0 0 0 0 0 0 0 0 0]	[0 0 0 0 0 0]	[1 0 0 0 0 0]
9	-1.0	8.898807525634766	2.513406276702881	2.5359017848968506	1.912327766418457	1.9371716976165771	False	[0 0 1 0 0 0 0 0 0 0 0 0]	[0 0 0 0 0 0 0 0 0 0 0 0]	[0 0 0 0 0 0]	[1 0 0 1 0 0]
9	-0.5	8.8899564743042	2.509833812713623	2.533933162689209	1.9093797206878662	1.9368093013763428	False	[0 0 1 0 0 0 0 0 0 0 0 0]	[1 0 0 0 0 0 0 0 0 0 0 0]	[0 0 0 0 0 0]	[1 0 0 0 0 0]
9	-1.0	8.899554252624512	2.5135254859924316	2.536403179168701	1.9122649431228638	1.9373610019683838	False	[0 0 1 0 0 0 0 0 0 0 0 0]	[0 0 0 0 0 0 0 0 0 0 0 0]	[0 0 0 0 0 0]	[1 0 0 1 0 0]
10	-0.5	8.872365951538086	2.5222270488739014	2.522810459136963	1.90872061252594	1.9186077117919922	False	[0 0 0 0 0 0 0 0 0 0 0 0]	[1 0 0 0 0 0 0 0 0 0 0 0]	[0 0 0 0 0 0]	[0 0 0 0 0 0]
10	-1.0	8.882970809936523	2.5050299167633057	2.5406460762023926	1.9234846830368042	1.9138092994689941	False	[0 0 0 0 0 0 0 0 0 0 0 0]	[0 0 0 0 0 0 0 0 0 0 0 0]	[0 0 0 0 0 0]	[0 0 0 0 0 0]
10	-0.5	8.878031730651855	2.5266332626342773	2.5240938663482666	1.907862901687622	1.9194421768188477	False	[0 0 0 0 0 0 0 0 0 0 0 0]	[1 0 0 0 0 0 0 0 0 0 0 0]	[0 0 0 0 0 0]	[0 0 0 0 0 0]
10	-1.0	8.888052940368652	2.5080881118774414	2.541039228439331	1.924135446548462	1.9147902727127075	False	[0 0 0 0 0 0 0 0 0 0 0 0]	[0 0 0 0 0 0 0 0 0 0 0 0]	[0 0 0 0 0 0]	[0 0 0 0 0 0]
10	-0.5	8.874804496765137	2.5248613357543945	2.5230793952941895	1.9078747034072876	1.9189894199371338	False	[0 0 0 0 0 0 0 0 0 0 0 0]	[1 0 0 0 0 0 0 0 0 0 0 0]	[0 0 0 0 0 0]	[0 0 0 0 0 0]
10	-1.0	8.883355140686035	2.5045688152313232	2.540719747543335	1.9244464635849	1.9136196374893188	False	[0 0 0 0 0 0 0 0 0 0 0 0]	[0 0 0 0 0 0 0 0 0 0 0 0]	[0 0 0 0 0 0]	[0 0 0 0 0 0]
10	-0.5	8.876391410827637	2.5252199172973633	2.523098945617676	1.9087462425231934	1.9193263053894043	False	[0 0 0 0 0 0 0 0 0 0 0 0]	[1 0 0 0 0 0 0 0 0 0 0 0]	[0 0 0 0 0 0]	[0 0 0 0 0 0]
10	-1.0	8.8854341506958	2.5062005519866943	2.540933609008789	1.92385995388031	1.9144399166107178	False	[0 0 0 0 0 0 0 0 0 0 0 0]	[0 0 0 0 0 0 0 0 0 0 0 0]	[0 0 0 0 0 0]	[0 0 0 0 0 0]
10	-0.5	8.874920845031738	2.524224042892456	2.522920608520508	1.9083298444747925	1.9194456338882446	False	[0 0 0 0 0 0 0 0 0 0 0 0]	[1 0 0 0 0 0 0 0 0 0 0 0]	[0 0 0 0 0 0]	[0 0 0 0 0 0]
10	-1.0	8.888747215270996	2.5075559616088867	2.5411770343780518	1.924541711807251	1.9154729843139648	False	[0 0 0 0 0 0 0 0 0 0 0 0]	[0 0 0 0 0 0 0 0 0 0 0 0]	[0 0 0 0 0 0]	[0 0 0 0 0 0]
10	-0.5	8.882169723510742	2.5277857780456543	2.524775505065918	1.9092918634414673	1.920316219329834	False	[0 0 0 0 0 0 0 0 0 0 0 0]	[1 0 0 0 0 0 0 0 0 0 0 0]	[0 0 0 0 0 0]	[0 0 0 0 0 0]
10	-1.0	8.88744068145752	2.5077099800109863	2.541044235229492	1.9239623546600342	1.914724588394165	False	[0 0 0 0 0 0 0 0 0 0 0 0]	[0 0 0 0 0 0 0 0 0 0 0 0]	[0 0 0 0 0 0]	[0 0 0 0 0 0]
10	-0.5	8.868915557861328	2.521785259246826	2.5219287872314453	1.9076532125473022	1.9175485372543335	False	[0 0 0 0 0 0 0 0 0 0 0 0]	[1 0 0 0 0 0 0 0 0 0 0 0]	[0 0 0 0 0 0]	[0 0 0 0 0 0]
10	-1.0	8.88542366027832	2.506324291229248	2.540696859359741	1.924167275428772	1.9142358303070068	False	[0 0 0 0 0 0 0 0 0 0 0 0]	[0 0 0 0 0 0 0 0 0 0 0 0]	[0 0 0 0 0 0]	[0 0 0 0 0 0]
10	-0.5	8.880014419555664	2.5283520221710205	2.5240132808685303	1.9077714681625366	1.9198778867721558	False	[0 0 0 0 0 0 0 0 0 0 0 0]	[1 0 0 0 0 0 0 0 0 0 0 0]	[0 0 0 0 0 0]	[0 0 0 0 0 0]
10	-1.0	8.886946678161621	2.5074799060821533	2.541353464126587	1.923416018486023	1.9146969318389893	False	[0 0 0 0 0 0 0 0 0 0 0 0]	[0 0 0 0 0 0 0 0 0 0 0 0]	[0 0 0 0 0 0]	[0 0 0 0 0 0]
10	-0.5	8.867501258850098	2.520435094833374	2.522181987762451	1.9079570770263672	1.9169275760650635	False	[0 0 0 0 0 0 0 0 0 0 0 0]	[1 0 0 0 0 0 0 0 0 0 0 0]	[0 0 0 0 0 0]	[0 0 0 0 0 0]
10	-1.0	8.890485763549805	2.508925199508667	2.5416603088378906	1.9245963096618652	1.9153032302856445	False	[0 0 0 0 0 0 0 0 0 0 0 0]	[0 0 0 0 0 0 0 0 0 0 0 0]	[0 0 0 0 0 0]	[0 0 0 0 0 0]
10	-0.5	8.87800407409668	2.5258777141571045	2.5235705375671387	1.908838152885437	1.9197180271148682	False	[0 0 0 0 0 0 0 0 0 0 0 0]	[1 0 0 0 0 0 0 0 0 0 0 0]	[0 0 0 0 0 0]	[0 0 0 0 0 0]
10	-1.0	8.893290519714355	2.510690450668335	2.5421855449676514	1.924696683883667	1.9157181978225708	False	[0 0 0 0 0 0 0 0 0 0 0 0]	[0 0 0 0 0 0 0 0 0 0 0 0]	[0 0 0 0 0 0]	[0 0 0 0 0 0]
10	-0.5	8.870973587036133	2.5217745304107666	2.522772789001465	1.9081296920776367	1.9182968139648438	False	[0 0 0 0 0 0 0 0 0 0 0 0]	[1 0 0 0 0 0 0 0 0 0 0 0]	[0 0 0 0 0 0]	[0 0 0 0 0 0]
10	-1.0	8.891168594360352	2.5083158016204834	2.5414724349975586	1.9253149032592773	1.916064977645874	False	[0 0 0 0 0 0 0 0 0 0 0 0]	[0 0 0 0 0 0 0 0 0 0 0 0]	[0 0 0 0 0 0]	[0 0 0 0 0 0]
10	-0.5	8.880273818969727	2.52785325050354	2.52398419380188	1.9081796407699585	1.9202561378479004	False	[0 0 0 0 0 0 0 0 0 0 0 0]	[1 0 0 0 0 0 0 0 0 0 0 0]	[0 0 0 0 0 0]	[0 0 0 0 0 0]
10	-1.0	8.887773513793945	2.5078296661376953	2.540902614593506	1.9244030714035034	1.9146382808685303	False	[0 0 0 0 0 0 0 0 0 0 0 0]	[0 0 0 0 0 0 0 0 0 0 0 0]	[0 0 0 0 0 0]	[0 0 0 0 0 0]
10	-0.5	8.876468658447266	2.5263569355010986	2.5234930515289307	1.907408356666565	1.9192107915878296	False	[0 0 0 0 0 0 0 0 0 0 0 0]	[1 0 0 0 0 0 0 0 0 0 0 0]	[0 0 0 0 0 0]	[0 0 0 0 0 0]
10	-1.0	8.885558128356934	2.5063726902008057	2.5406785011291504	1.9245408773422241	1.9139658212661743	False	[0 0 0 0 0 0 0 0 0 0 0 0]	[0 0 0 0 0 0 0 0 0 0 0 0]	[0 0 0 0 0 0]	[0 0 0 0 0 0]
10	-0.5	8.874493598937988	2.523864507675171	2.5232198238372803	1.9086681604385376	1.9187414646148682	False	[0 0 0 0 0 0 0 0 0 0 0 0]	[1 0 0 0 0 0 0 0 0 0 0 0]	[0 0 0 0 0 0]	[0 0 0 0 0 0]
10	-1.0	8.88438606262207	2.5055387020111084	2.540761709213257	1.924592137336731	1.9134935140609741	False	[0 0 0 0 0 0 0 0 0 0 0 0]	[0 0 0 0 0 0 0 0 0 0 0 0]	[0 0 0 0 0 0]	[0 0 0 0 0 0]
10	-0.5	8.879899978637695	2.526218891143799	2.5240402221679688	1.909458875656128	1.9201821088790894	False	[0 0 0 0 0 0 0 0 0 0 0 0]	[1 0 0 0 0 0 0 0 0 0 0 0]	[0 0 0 0 0 0]	[0 0 0 0 0 0]
10	-1.0	8.890358924865723	2.508972406387329	2.541194438934326	1.9242721796035767	1.9159194231033325	False	[0 0 0 0 0 0 0 0 0 0 0 0]	[0 0 0 0 0 0 0 0 0 0 0 0]	[0 0 0 0 0 0]	[0 0 0 0 0 0]
