# num_workers = 11
# num_cells = 256
# seed_for_environment = 321132391
# lr = 0.0003
# max_grad_norm = 1.0
# eval_rollout_length = 30
# scaling_factor = 100
# frames_per_batch = 500
# sub_batch_size = 64
# num_epochs = 15
# clip_epsilon = 0.2
# gamma = 0.99
# lmbda = 0.95
# entropy_eps = 0.03
# env_reward_engineering = True
# env_minimum_number_of_qubits = 16
# log_name = experiment_21_18_seed_321132391.txt
# env_error_range = geometric5
# env_version = qecc/bbcode-ldpc-v0
# env_bit_flipping = True
# env_l = 21
# env_m = 18
# env_use_dict_observation = True
# env_number_of_decoder_iterations = 50
# env_number_of_samples = 50
# env_code_logging = False
# env_reset_type = random3
# env_max_step = 30
# env_max_decoding_usage = 1073741824
# model_architecture = hybrid
# model_surrogate_model_path = /vol/bitbucket/osella/rl-qecc-data//supervisedLearning/sweep2/g5_ground_anch_H6_s6000.pth
# model_use_pretrained_encoder = True
# index_to_unfreeze_encoder_updates = 20
# encoder_lr_factor = 0.1
# training_device = cpu
# Resolved arguments:
# Resolved_env_reward_engineering = True
# Resolved_env_bit_flipping = True
# Resolved_env_useDictObservation = True
# Resolved_env_code_logging = False
# Resolved_env_max_step = 30
# Resolved_env_max_decoding_usage = 1073741824
# Resolved_env_reset_type = random3
# Resolved_env_error_range = [np.float64(0.001), np.float64(0.003162), np.float64(0.01), np.float64(0.031623), np.float64(0.1)]
# Resolved_model_use_pretrained_encoder = True
# Resolved_trainingDevice = cpu
# Resolved_model_architecture = hybrid
# Just for information, not used in actual run: SLURM CPUS queried from os environment: 12
# Number of workers: 11
# Does torch identify cuda: True
evaluation number	time	reward	time	policy entropy	time	policy entropy aX	time	policy entropy bX	time	policy entropy aY	time	policy entropy bY	time	Encoder freeze	time	preAction_aX	time	preAction_bX	time	preAction_aY	time	preAction_bY	time	preAction_k	time	postAction_aX	time	postAction_bX	time	postAction_aY	time	postAction_bY	time	postAction_k	time
0	2026-08-11_20-03-19	-1.0	2026-08-11_20-03-19	12.021463394165039	2026-08-11_20-03-19	3.072299003601074	2026-08-11_20-03-19	3.0810773372650146	2026-08-11_20-03-19	2.9370224475860596	2026-08-11_20-03-19	2.9310643672943115	2026-08-11_20-03-19	True	2026-08-11_20-03-19	[0 0 1 0 0 0 0 0 0 0 0 0 0 0 0 0 0 0 1 0 0]	2026-08-11_20-03-19	[0 0 0 0 0 0 0 0 0 0 0 0 0 0 1 0 0 0 1 0 0]	2026-08-11_20-03-19	[0 0 0 1 0 0 0 0 0 0 0 0 0 0 0 0 0 0]	2026-08-11_20-03-19	[0 0 0 0 0 0 0 0 0 0 0 0 0 0 0 0 0 0]	2026-08-11_20-03-19	[0]	2026-08-11_20-03-19	[0 0 1 0 0 0 0 0 0 0 0 1 0 0 0 0 0 0 1 0 0]	2026-08-11_20-03-19	[0 0 0 0 0 0 0 0 0 0 0 0 0 0 1 0 0 0 0 0 0]	2026-08-11_20-03-19	[0 0 0 1 0 0 0 0 0 1 0 0 0 0 0 0 0 0]	2026-08-11_20-03-19	[0 0 0 0 0 0 0 0 0 0 0 0 0 0 0 1 0 0]	2026-08-11_20-03-19	[0]	2026-08-11_20-03-19
0	2026-08-11_20-03-19	-1.0	2026-08-11_20-03-19	11.99682331085205	2026-08-11_20-03-19	3.066283941268921	2026-08-11_20-03-19	3.0733935832977295	2026-08-11_20-03-19	2.93226957321167	2026-08-11_20-03-19	2.9248759746551514	2026-08-11_20-03-19	True	2026-08-11_20-03-19	[0 0 1 0 0 0 0 0 0 0 0 1 0 0 0 0 0 0 1 0 0]	2026-08-11_20-03-19	[0 0 0 0 0 0 0 0 0 0 0 0 0 0 1 0 0 0 0 0 0]	2026-08-11_20-03-19	[0 0 0 1 0 0 0 0 0 1 0 0 0 0 0 0 0 0]	2026-08-11_20-03-19	[0 0 0 0 0 0 0 0 0 0 0 0 0 0 0 1 0 0]	2026-08-11_20-03-19	[0]	2026-08-11_20-03-19	[0 0 0 0 0 0 0 0 0 0 0 1 0 0 0 0 0 0 1 0 0]	2026-08-11_20-03-19	[0 0 0 0 0 0 0 1 0 0 0 0 0 0 1 0 0 0 0 0 0]	2026-08-11_20-03-19	[0 0 0 1 0 0 0 1 0 1 0 0 0 0 0 0 0 0]	2026-08-11_20-03-19	[0 0 0 0 0 0 0 0 0 0 0 0 0 0 0 0 0 0]	2026-08-11_20-03-19	[0]	2026-08-11_20-03-19
0	2026-08-11_20-03-19	-1.0	2026-08-11_20-03-19	12.016352653503418	2026-08-11_20-03-19	3.069722890853882	2026-08-11_20-03-19	3.082174301147461	2026-08-11_20-03-19	2.936089277267456	2026-08-11_20-03-19	2.928365707397461	2026-08-11_20-03-19	True	2026-08-11_20-03-19	[0 0 0 0 0 0 0 0 0 0 0 1 0 0 0 0 0 0 1 0 0]	2026-08-11_20-03-19	[0 0 0 0 0 0 0 1 0 0 0 0 0 0 1 0 0 0 0 0 0]	2026-08-11_20-03-19	[0 0 0 1 0 0 0 1 0 1 0 0 0 0 0 0 0 0]	2026-08-11_20-03-19	[0 0 0 0 0 0 0 0 0 0 0 0 0 0 0 0 0 0]	2026-08-11_20-03-19	[0]	2026-08-11_20-03-19	[0 0 0 0 0 0 0 0 0 0 0 0 0 0 0 0 0 0 1 0 0]	2026-08-11_20-03-19	[0 0 0 0 0 0 0 1 0 0 0 0 0 0 1 0 0 0 1 0 0]	2026-08-11_20-03-19	[0 0 0 1 0 0 0 1 0 0 0 0 0 0 0 0 0 0]	2026-08-11_20-03-19	[0 0 0 0 0 0 0 0 0 0 0 0 0 0 0 1 0 0]	2026-08-11_20-03-19	[0]	2026-08-11_20-03-19
0	2026-08-11_20-03-19	-1.0	2026-08-11_20-03-19	11.989090919494629	2026-08-11_20-03-19	3.067317485809326	2026-08-11_20-03-19	3.0642151832580566	2026-08-11_20-03-19	2.932846784591675	2026-08-11_20-03-19	2.9247114658355713	2026-08-11_20-03-19	True	2026-08-11_20-03-19	[0 0 0 0 0 0 0 0 0 0 0 0 0 0 0 0 0 0 1 0 0]	2026-08-11_20-03-19	[0 0 0 0 0 0 0 1 0 0 0 0 0 0 1 0 0 0 1 0 0]	2026-08-11_20-03-19	[0 0 0 1 0 0 0 1 0 0 0 0 0 0 0 0 0 0]	2026-08-11_20-03-19	[0 0 0 0 0 0 0 0 0 0 0 0 0 0 0 1 0 0]	2026-08-11_20-03-19	[0]	2026-08-11_20-03-19	[0 0 1 0 0 0 0 0 0 0 0 0 0 0 0 0 0 0 1 0 0]	2026-08-11_20-03-19	[0 0 0 0 0 0 0 1 0 0 0 0 0 0 1 0 0 0 0 0 0]	2026-08-11_20-03-19	[0 0 0 1 0 0 0 1 0 1 0 0 0 0 0 0 0 0]	2026-08-11_20-03-19	[0 0 0 0 0 0 0 0 0 0 0 0 0 0 0 0 0 0]	2026-08-11_20-03-19	[0]	2026-08-11_20-03-19
0	2026-08-11_20-03-19	-1.0	2026-08-11_20-03-19	12.02308464050293	2026-08-11_20-03-19	3.0731866359710693	2026-08-11_20-03-19	3.083184242248535	2026-08-11_20-03-19	2.9370617866516113	2026-08-11_20-03-19	2.9296512603759766	2026-08-11_20-03-19	True	2026-08-11_20-03-19	[0 0 1 0 0 0 0 0 0 0 0 0 0 0 0 0 0 0 1 0 0]	2026-08-11_20-03-19	[0 0 0 0 0 0 0 1 0 0 0 0 0 0 1 0 0 0 0 0 0]	2026-08-11_20-03-19	[0 0 0 1 0 0 0 1 0 1 0 0 0 0 0 0 0 0]	2026-08-11_20-03-19	[0 0 0 0 0 0 0 0 0 0 0 0 0 0 0 0 0 0]	2026-08-11_20-03-19	[0]	2026-08-11_20-03-19	[0 0 1 0 0 0 0 0 0 0 0 1 0 0 0 0 0 0 1 0 0]	2026-08-11_20-03-19	[0 0 0 0 0 0 0 1 0 0 0 0 0 0 1 0 0 0 1 0 0]	2026-08-11_20-03-19	[0 0 0 0 0 0 0 1 0 1 0 0 0 0 0 0 0 0]	2026-08-11_20-03-19	[0 0 0 0 0 0 0 0 0 0 0 0 0 0 0 1 0 0]	2026-08-11_20-03-19	[0]	2026-08-11_20-03-19
0	2026-08-11_20-03-19	-1.0	2026-08-11_20-03-19	11.987653732299805	2026-08-11_20-03-19	3.064258337020874	2026-08-11_20-03-19	3.0672554969787598	2026-08-11_20-03-19	2.9315409660339355	2026-08-11_20-03-19	2.9245991706848145	2026-08-11_20-03-19	True	2026-08-11_20-03-19	[0 0 1 0 0 0 0 0 0 0 0 1 0 0 0 0 0 0 1 0 0]	2026-08-11_20-03-19	[0 0 0 0 0 0 0 1 0 0 0 0 0 0 1 0 0 0 1 0 0]	2026-08-11_20-03-19	[0 0 0 0 0 0 0 1 0 1 0 0 0 0 0 0 0 0]	2026-08-11_20-03-19	[0 0 0 0 0 0 0 0 0 0 0 0 0 0 0 1 0 0]	2026-08-11_20-03-19	[0]	2026-08-11_20-03-19	[0 0 0 0 0 0 0 0 0 0 0 1 0 0 0 0 0 0 1 0 0]	2026-08-11_20-03-19	[0 0 0 0 0 0 0 1 0 0 0 0 0 0 1 0 0 0 0 0 0]	2026-08-11_20-03-19	[0 0 0 0 0 0 0 1 0 0 0 0 0 0 0 0 0 0]	2026-08-11_20-03-19	[0 0 0 0 0 0 0 0 0 0 0 0 0 0 0 0 0 0]	2026-08-11_20-03-19	[0]	2026-08-11_20-03-19
0	2026-08-11_20-03-19	-1.0	2026-08-11_20-03-19	12.017114639282227	2026-08-11_20-03-19	3.0701050758361816	2026-08-11_20-03-19	3.0823426246643066	2026-08-11_20-03-19	2.9359054565429688	2026-08-11_20-03-19	2.9287612438201904	2026-08-11_20-03-19	True	2026-08-11_20-03-19	[0 0 0 0 0 0 0 0 0 0 0 1 0 0 0 0 0 0 1 0 0]	2026-08-11_20-03-19	[0 0 0 0 0 0 0 1 0 0 0 0 0 0 1 0 0 0 0 0 0]	2026-08-11_20-03-19	[0 0 0 0 0 0 0 1 0 0 0 0 0 0 0 0 0 0]	2026-08-11_20-03-19	[0 0 0 0 0 0 0 0 0 0 0 0 0 0 0 0 0 0]	2026-08-11_20-03-19	[0]	2026-08-11_20-03-19	[0 0 0 0 0 0 0 0 0 0 0 0 0 0 0 0 0 0 1 0 0]	2026-08-11_20-03-19	[0 0 0 0 0 0 0 1 0 0 0 0 0 0 1 0 0 0 1 0 0]	2026-08-11_20-03-19	[0 0 0 0 0 0 0 1 0 1 0 0 0 0 0 0 0 0]	2026-08-11_20-03-19	[0 0 0 0 0 0 0 0 0 0 0 0 0 0 0 1 0 0]	2026-08-11_20-03-19	[0]	2026-08-11_20-03-19
0	2026-08-11_20-03-19	-1.0	2026-08-11_20-03-19	11.988161087036133	2026-08-11_20-03-19	3.0679850578308105	2026-08-11_20-03-19	3.0647926330566406	2026-08-11_20-03-19	2.931792736053467	2026-08-11_20-03-19	2.9235901832580566	2026-08-11_20-03-19	True	2026-08-11_20-03-19	[0 0 0 0 0 0 0 0 0 0 0 0 0 0 0 0 0 0 1 0 0]	2026-08-11_20-03-19	[0 0 0 0 0 0 0 1 0 0 0 0 0 0 1 0 0 0 1 0 0]	2026-08-11_20-03-19	[0 0 0 0 0 0 0 1 0 1 0 0 0 0 0 0 0 0]	2026-08-11_20-03-19	[0 0 0 0 0 0 0 0 0 0 0 0 0 0 0 1 0 0]	2026-08-11_20-03-19	[0]	2026-08-11_20-03-19	[0 0 1 0 0 0 0 0 0 0 0 0 0 0 0 0 0 0 1 0 0]	2026-08-11_20-03-19	[0 0 0 0 0 0 0 1 0 0 0 0 0 0 1 0 0 0 0 0 0]	2026-08-11_20-03-19	[0 0 0 0 0 0 0 0 0 1 0 0 0 0 0 0 0 0]	2026-08-11_20-03-19	[0 0 0 0 0 0 0 0 0 0 0 0 0 0 0 0 0 0]	2026-08-11_20-03-19	[0]	2026-08-11_20-03-19
0	2026-08-11_20-03-19	-1.0	2026-08-11_20-03-19	12.025753021240234	2026-08-11_20-03-19	3.0749614238739014	2026-08-11_20-03-19	3.0811238288879395	2026-08-11_20-03-19	2.9362168312072754	2026-08-11_20-03-19	2.93345046043396	2026-08-11_20-03-19	True	2026-08-11_20-03-19	[0 0 1 0 0 0 0 0 0 0 0 0 0 0 0 0 0 0 1 0 0]	2026-08-11_20-03-19	[0 0 0 0 0 0 0 1 0 0 0 0 0 0 1 0 0 0 0 0 0]	2026-08-11_20-03-19	[0 0 0 0 0 0 0 0 0 1 0 0 0 0 0 0 0 0]	2026-08-11_20-03-19	[0 0 0 0 0 0 0 0 0 0 0 0 0 0 0 0 0 0]	2026-08-11_20-03-19	[0]	2026-08-11_20-03-19	[0 0 1 0 0 0 0 0 0 0 0 0 0 0 0 1 0 0 1 0 0]	2026-08-11_20-03-19	[0 0 0 0 0 0 0 1 0 0 0 0 0 0 1 0 0 0 1 0 0]	2026-08-11_20-03-19	[0 0 0 0 0 0 1 0 0 1 0 0 0 0 0 0 0 0]	2026-08-11_20-03-19	[0 0 0 0 0 0 0 0 0 0 0 0 0 0 0 1 0 0]	2026-08-11_20-03-19	[0]	2026-08-11_20-03-19
0	2026-08-11_20-03-19	-1.0	2026-08-11_20-03-19	11.992071151733398	2026-08-11_20-03-19	3.0665526390075684	2026-08-11_20-03-19	3.0688440799713135	2026-08-11_20-03-19	2.932023763656616	2026-08-11_20-03-19	2.9246506690979004	2026-08-11_20-03-19	True	2026-08-11_20-03-19	[0 0 1 0 0 0 0 0 0 0 0 0 0 0 0 1 0 0 1 0 0]	2026-08-11_20-03-19	[0 0 0 0 0 0 0 1 0 0 0 0 0 0 1 0 0 0 1 0 0]	2026-08-11_20-03-19	[0 0 0 0 0 0 1 0 0 1 0 0 0 0 0 0 0 0]	2026-08-11_20-03-19	[0 0 0 0 0 0 0 0 0 0 0 0 0 0 0 1 0 0]	2026-08-11_20-03-19	[0]	2026-08-11_20-03-19	[0 0 0 0 0 0 0 0 0 0 0 0 0 0 0 1 0 0 1 0 0]	2026-08-11_20-03-19	[0 0 0 0 0 0 0 1 0 0 0 0 0 0 1 0 0 0 0 0 0]	2026-08-11_20-03-19	[0 0 0 0 0 0 1 1 0 1 0 0 0 0 0 0 0 0]	2026-08-11_20-03-19	[0 0 0 0 0 0 0 0 0 0 0 0 0 0 0 0 0 0]	2026-08-11_20-03-19	[0]	2026-08-11_20-03-19
0	2026-08-11_20-03-19	-1.0	2026-08-11_20-03-19	12.011983871459961	2026-08-11_20-03-19	3.0672037601470947	2026-08-11_20-03-19	3.0800161361694336	2026-08-11_20-03-19	2.9368059635162354	2026-08-11_20-03-19	2.9279584884643555	2026-08-11_20-03-19	True	2026-08-11_20-03-19	[0 0 0 0 0 0 0 0 0 0 0 0 0 0 0 1 0 0 1 0 0]	2026-08-11_20-03-19	[0 0 0 0 0 0 0 1 0 0 0 0 0 0 1 0 0 0 0 0 0]	2026-08-11_20-03-19	[0 0 0 0 0 0 1 1 0 1 0 0 0 0 0 0 0 0]	2026-08-11_20-03-19	[0 0 0 0 0 0 0 0 0 0 0 0 0 0 0 0 0 0]	2026-08-11_20-03-19	[0]	2026-08-11_20-03-19	[0 0 1 0 0 0 0 0 0 0 0 0 0 0 0 1 0 0 1 0 0]	2026-08-11_20-03-19	[0 0 0 0 0 0 0 1 0 0 0 0 0 0 1 0 0 0 1 0 0]	2026-08-11_20-03-19	[1 0 0 0 0 0 1 1 0 1 0 0 0 0 0 0 0 0]	2026-08-11_20-03-19	[0 0 0 0 0 0 0 0 0 0 0 0 0 0 0 1 0 0]	2026-08-11_20-03-19	[0]	2026-08-11_20-03-19
0	2026-08-11_20-03-19	-0.75	2026-08-11_20-03-19	11.993343353271484	2026-08-11_20-03-19	3.0692570209503174	2026-08-11_20-03-19	3.066410541534424	2026-08-11_20-03-19	2.9321365356445312	2026-08-11_20-03-19	2.925539255142212	2026-08-11_20-03-19	True	2026-08-11_20-03-19	[0 0 1 0 0 0 0 0 0 0 0 0 0 0 0 1 0 0 1 0 0]	2026-08-11_20-03-19	[0 0 0 0 0 0 0 1 0 0 0 0 0 0 1 0 0 0 1 0 0]	2026-08-11_20-03-19	[1 0 0 0 0 0 1 1 0 1 0 0 0 0 0 0 0 0]	2026-08-11_20-03-19	[0 0 0 0 0 0 0 0 0 0 0 0 0 0 0 1 0 0]	2026-08-11_20-03-19	[0]	2026-08-11_20-03-19	[0 0 0 0 0 0 0 0 0 0 0 0 0 0 0 1 0 0 1 0 0]	2026-08-11_20-03-19	[0 0 0 0 0 0 0 1 0 0 0 0 0 0 1 0 0 0 0 0 0]	2026-08-11_20-03-19	[1 0 1 0 0 0 1 1 0 1 0 0 0 0 0 0 0 0]	2026-08-11_20-03-19	[0 0 0 0 0 0 0 0 0 0 0 0 0 0 0 0 0 0]	2026-08-11_20-03-19	[4]	2026-08-11_20-03-19
0	2026-08-11_20-03-19	-0.75	2026-08-11_20-03-19	12.015117645263672	2026-08-11_20-03-19	3.068538188934326	2026-08-11_20-03-19	3.0801496505737305	2026-08-11_20-03-19	2.93583345413208	2026-08-11_20-03-19	2.930595874786377	2026-08-11_20-03-19	True	2026-08-11_20-03-19	[0 0 0 0 0 0 0 0 0 0 0 0 0 0 0 1 0 0 1 0 0]	2026-08-11_20-03-19	[0 0 0 0 0 0 0 1 0 0 0 0 0 0 1 0 0 0 0 0 0]	2026-08-11_20-03-19	[1 0 1 0 0 0 1 1 0 1 0 0 0 0 0 0 0 0]	2026-08-11_20-03-19	[0 0 0 0 0 0 0 0 0 0 0 0 0 0 0 0 0 0]	2026-08-11_20-03-19	[4]	2026-08-11_20-03-19	[0 0 0 0 0 0 0 0 0 0 0 1 0 0 0 1 0 0 1 0 0]	2026-08-11_20-03-19	[0 0 0 0 0 0 0 1 0 0 0 0 0 0 1 0 0 0 1 0 0]	2026-08-11_20-03-19	[1 0 1 0 0 0 0 1 0 1 0 0 0 0 0 0 0 0]	2026-08-11_20-03-19	[0 0 0 0 0 0 0 0 0 0 0 0 0 0 0 1 0 0]	2026-08-11_20-03-19	[4]	2026-08-11_20-03-19
0	2026-08-11_20-03-19	-1.0	2026-08-11_20-03-19	11.99017333984375	2026-08-11_20-03-19	3.0618534088134766	2026-08-11_20-03-19	3.0692412853240967	2026-08-11_20-03-19	2.9336936473846436	2026-08-11_20-03-19	2.925384759902954	2026-08-11_20-03-19	True	2026-08-11_20-03-19	[0 0 0 0 0 0 0 0 0 0 0 1 0 0 0 1 0 0 1 0 0]	2026-08-11_20-03-19	[0 0 0 0 0 0 0 1 0 0 0 0 0 0 1 0 0 0 1 0 0]	2026-08-11_20-03-19	[1 0 1 0 0 0 0 1 0 1 0 0 0 0 0 0 0 0]	2026-08-11_20-03-19	[0 0 0 0 0 0 0 0 0 0 0 0 0 0 0 1 0 0]	2026-08-11_20-03-19	[4]	2026-08-11_20-03-19	[0 0 1 0 0 0 0 0 0 0 0 1 0 0 0 1 0 0 1 0 0]	2026-08-11_20-03-19	[0 0 0 0 0 0 0 1 0 0 0 0 0 0 1 0 0 0 0 0 0]	2026-08-11_20-03-19	[1 0 0 0 0 0 0 1 0 1 0 0 0 0 0 0 0 0]	2026-08-11_20-03-19	[0 0 0 0 0 0 0 0 0 0 0 0 0 0 0 0 0 0]	2026-08-11_20-03-19	[0]	2026-08-11_20-03-19
0	2026-08-11_20-03-19	-1.0	2026-08-11_20-03-19	12.01293659210205	2026-08-11_20-03-19	3.065298080444336	2026-08-11_20-03-19	3.0816702842712402	2026-08-11_20-03-19	2.9367685317993164	2026-08-11_20-03-19	2.9291999340057373	2026-08-11_20-03-19	True	2026-08-11_20-03-19	[0 0 1 0 0 0 0 0 0 0 0 1 0 0 0 1 0 0 1 0 0]	2026-08-11_20-03-19	[0 0 0 0 0 0 0 1 0 0 0 0 0 0 1 0 0 0 0 0 0]	2026-08-11_20-03-19	[1 0 0 0 0 0 0 1 0 1 0 0 0 0 0 0 0 0]	2026-08-11_20-03-19	[0 0 0 0 0 0 0 0 0 0 0 0 0 0 0 0 0 0]	2026-08-11_20-03-19	[0]	2026-08-11_20-03-19	[0 0 0 0 0 0 0 0 0 0 0 1 0 0 0 1 0 0 1 0 0]	2026-08-11_20-03-19	[0 0 0 0 0 0 0 1 0 0 0 0 0 0 1 0 0 0 1 0 0]	2026-08-11_20-03-19	[1 0 0 0 0 0 0 1 0 0 0 0 0 0 0 0 0 0]	2026-08-11_20-03-19	[0 0 0 0 0 0 0 0 0 0 0 0 0 0 0 1 0 0]	2026-08-11_20-03-19	[0]	2026-08-11_20-03-19
0	2026-08-11_20-03-19	-0.75	2026-08-11_20-03-19	11.983920097351074	2026-08-11_20-03-19	3.0634355545043945	2026-08-11_20-03-19	3.0649032592773438	2026-08-11_20-03-19	2.9314582347869873	2026-08-11_20-03-19	2.9241230487823486	2026-08-11_20-03-19	True	2026-08-11_20-03-19	[0 0 0 0 0 0 0 0 0 0 0 1 0 0 0 1 0 0 1 0 0]	2026-08-11_20-03-19	[0 0 0 0 0 0 0 1 0 0 0 0 0 0 1 0 0 0 1 0 0]	2026-08-11_20-03-19	[1 0 0 0 0 0 0 1 0 0 0 0 0 0 0 0 0 0]	2026-08-11_20-03-19	[0 0 0 0 0 0 0 0 0 0 0 0 0 0 0 1 0 0]	2026-08-11_20-03-19	[0]	2026-08-11_20-03-19	[0 0 1 0 0 0 0 0 0 0 0 1 0 0 0 1 0 0 1 0 0]	2026-08-11_20-03-19	[0 0 0 0 0 0 0 1 0 0 0 0 0 0 1 0 0 0 0 0 0]	2026-08-11_20-03-19	[1 0 1 0 0 0 0 1 0 0 0 0 0 0 0 0 0 0]	2026-08-11_20-03-19	[0 0 0 0 0 0 0 0 0 0 0 0 0 0 0 0 0 0]	2026-08-11_20-03-19	[4]	2026-08-11_20-03-19
0	2026-08-11_20-03-19	-0.75	2026-08-11_20-03-19	12.01183795928955	2026-08-11_20-03-19	3.066135883331299	2026-08-11_20-03-19	3.0814340114593506	2026-08-11_20-03-19	2.935487985610962	2026-08-11_20-03-19	2.9287805557250977	2026-08-11_20-03-19	True	2026-08-11_20-03-19	[0 0 1 0 0 0 0 0 0 0 0 1 0 0 0 1 0 0 1 0 0]	2026-08-11_20-03-19	[0 0 0 0 0 0 0 1 0 0 0 0 0 0 1 0 0 0 0 0 0]	2026-08-11_20-03-19	[1 0 1 0 0 0 0 1 0 0 0 0 0 0 0 0 0 0]	2026-08-11_20-03-19	[0 0 0 0 0 0 0 0 0 0 0 0 0 0 0 0 0 0]	2026-08-11_20-03-19	[4]	2026-08-11_20-03-19	[0 0 1 0 0 0 0 0 0 0 0 0 0 0 0 1 0 0 1 0 0]	2026-08-11_20-03-19	[0 0 0 0 0 0 0 1 0 0 0 0 0 0 1 0 0 0 1 0 0]	2026-08-11_20-03-19	[1 0 1 0 0 0 1 1 0 0 0 0 0 0 0 0 0 0]	2026-08-11_20-03-19	[0 0 0 0 0 0 0 0 0 0 0 0 0 0 0 1 0 0]	2026-08-11_20-03-19	[4]	2026-08-11_20-03-19
0	2026-08-11_20-03-19	-1.0	2026-08-11_20-03-19	11.991296768188477	2026-08-11_20-03-19	3.0632197856903076	2026-08-11_20-03-19	3.0693745613098145	2026-08-11_20-03-19	2.932443618774414	2026-08-11_20-03-19	2.9262595176696777	2026-08-11_20-03-19	True	2026-08-11_20-03-19	[0 0 1 0 0 0 0 0 0 0 0 0 0 0 0 1 0 0 1 0 0]	2026-08-11_20-03-19	[0 0 0 0 0 0 0 1 0 0 0 0 0 0 1 0 0 0 1 0 0]	2026-08-11_20-03-19	[1 0 1 0 0 0 1 1 0 0 0 0 0 0 0 0 0 0]	2026-08-11_20-03-19	[0 0 0 0 0 0 0 0 0 0 0 0 0 0 0 1 0 0]	2026-08-11_20-03-19	[4]	2026-08-11_20-03-19	[0 0 0 0 0 0 0 0 0 0 0 0 0 0 0 1 0 0 1 0 0]	2026-08-11_20-03-19	[0 0 0 0 0 0 0 1 0 0 0 0 0 0 1 0 0 0 0 0 0]	2026-08-11_20-03-19	[1 0 0 0 0 0 1 1 0 0 0 0 0 0 0 0 0 0]	2026-08-11_20-03-19	[0 0 0 0 0 0 0 0 0 0 0 0 0 0 0 0 0 0]	2026-08-11_20-03-19	[0]	2026-08-11_20-03-19
0	2026-08-11_20-03-19	-1.0	2026-08-11_20-03-19	12.01992130279541	2026-08-11_20-03-19	3.0703771114349365	2026-08-11_20-03-19	3.0818593502044678	2026-08-11_20-03-19	2.9377169609069824	2026-08-11_20-03-19	2.9299678802490234	2026-08-11_20-03-19	True	2026-08-11_20-03-19	[0 0 0 0 0 0 0 0 0 0 0 0 0 0 0 1 0 0 1 0 0]	2026-08-11_20-03-19	[0 0 0 0 0 0 0 1 0 0 0 0 0 0 1 0 0 0 0 0 0]	2026-08-11_20-03-19	[1 0 0 0 0 0 1 1 0 0 0 0 0 0 0 0 0 0]	2026-08-11_20-03-19	[0 0 0 0 0 0 0 0 0 0 0 0 0 0 0 0 0 0]	2026-08-11_20-03-19	[0]	2026-08-11_20-03-19	[0 0 1 0 0 0 0 0 0 0 0 0 0 0 0 1 0 0 1 0 0]	2026-08-11_20-03-19	[0 0 0 0 0 0 0 1 0 0 0 0 0 0 1 0 0 0 1 0 0]	2026-08-11_20-03-19	[0 0 0 0 0 0 1 1 0 0 0 0 0 0 0 0 0 0]	2026-08-11_20-03-19	[0 0 0 0 0 0 0 0 0 0 0 0 0 0 0 1 0 0]	2026-08-11_20-03-19	[0]	2026-08-11_20-03-19
0	2026-08-11_20-03-19	-0.75	2026-08-11_20-03-19	11.999372482299805	2026-08-11_20-03-19	3.0707437992095947	2026-08-11_20-03-19	3.069200038909912	2026-08-11_20-03-19	2.933417320251465	2026-08-11_20-03-19	2.926011085510254	2026-08-11_20-03-19	True	2026-08-11_20-03-19	[0 0 1 0 0 0 0 0 0 0 0 0 0 0 0 1 0 0 1 0 0]	2026-08-11_20-03-19	[0 0 0 0 0 0 0 1 0 0 0 0 0 0 1 0 0 0 1 0 0]	2026-08-11_20-03-19	[0 0 0 0 0 0 1 1 0 0 0 0 0 0 0 0 0 0]	2026-08-11_20-03-19	[0 0 0 0 0 0 0 0 0 0 0 0 0 0 0 1 0 0]	2026-08-11_20-03-19	[0]	2026-08-11_20-03-19	[0 0 0 0 0 0 0 0 0 0 0 0 0 0 0 1 0 0 1 0 0]	2026-08-11_20-03-19	[0 0 0 0 0 0 0 1 0 0 0 0 0 0 1 0 0 0 0 0 0]	2026-08-11_20-03-19	[0 0 1 0 0 0 1 1 0 0 0 0 0 0 0 0 0 0]	2026-08-11_20-03-19	[0 0 0 0 0 0 0 0 0 0 0 0 0 0 0 0 0 0]	2026-08-11_20-03-19	[4]	2026-08-11_20-03-19
0	2026-08-11_20-03-19	-0.75	2026-08-11_20-03-19	12.012428283691406	2026-08-11_20-03-19	3.0664210319519043	2026-08-11_20-03-19	3.0813679695129395	2026-08-11_20-03-19	2.9365782737731934	2026-08-11_20-03-19	2.928060531616211	2026-08-11_20-03-19	True	2026-08-11_20-03-19	[0 0 0 0 0 0 0 0 0 0 0 0 0 0 0 1 0 0 1 0 0]	2026-08-11_20-03-19	[0 0 0 0 0 0 0 1 0 0 0 0 0 0 1 0 0 0 0 0 0]	2026-08-11_20-03-19	[0 0 1 0 0 0 1 1 0 0 0 0 0 0 0 0 0 0]	2026-08-11_20-03-19	[0 0 0 0 0 0 0 0 0 0 0 0 0 0 0 0 0 0]	2026-08-11_20-03-19	[4]	2026-08-11_20-03-19	[0 0 0 0 0 0 0 0 0 0 0 1 0 0 0 1 0 0 1 0 0]	2026-08-11_20-03-19	[0 0 0 0 0 0 0 1 0 0 0 0 0 0 1 0 0 0 1 0 0]	2026-08-11_20-03-19	[0 0 1 0 0 0 0 1 0 0 0 0 0 0 0 0 0 0]	2026-08-11_20-03-19	[0 0 0 0 0 0 0 0 0 0 0 0 0 0 0 1 0 0]	2026-08-11_20-03-19	[4]	2026-08-11_20-03-19
0	2026-08-11_20-03-19	-1.0	2026-08-11_20-03-19	11.995123863220215	2026-08-11_20-03-19	3.0662307739257812	2026-08-11_20-03-19	3.0682225227355957	2026-08-11_20-03-19	2.933413505554199	2026-08-11_20-03-19	2.9272563457489014	2026-08-11_20-03-19	True	2026-08-11_20-03-19	[0 0 0 0 0 0 0 0 0 0 0 1 0 0 0 1 0 0 1 0 0]	2026-08-11_20-03-19	[0 0 0 0 0 0 0 1 0 0 0 0 0 0 1 0 0 0 1 0 0]	2026-08-11_20-03-19	[0 0 1 0 0 0 0 1 0 0 0 0 0 0 0 0 0 0]	2026-08-11_20-03-19	[0 0 0 0 0 0 0 0 0 0 0 0 0 0 0 1 0 0]	2026-08-11_20-03-19	[4]	2026-08-11_20-03-19	[0 0 1 0 0 0 0 0 0 0 0 1 0 0 0 1 0 0 1 0 0]	2026-08-11_20-03-19	[0 0 0 0 0 0 0 1 0 0 0 0 0 0 1 0 0 0 0 0 0]	2026-08-11_20-03-19	[0 0 0 0 0 0 0 1 0 0 0 0 0 0 0 0 0 0]	2026-08-11_20-03-19	[0 0 0 0 0 0 0 0 0 0 0 0 0 0 0 0 0 0]	2026-08-11_20-03-19	[0]	2026-08-11_20-03-19
0	2026-08-11_20-03-19	-1.0	2026-08-11_20-03-19	12.015557289123535	2026-08-11_20-03-19	3.0680975914001465	2026-08-11_20-03-19	3.0813491344451904	2026-08-11_20-03-19	2.9367778301239014	2026-08-11_20-03-19	2.9293324947357178	2026-08-11_20-03-19	True	2026-08-11_20-03-19	[0 0 1 0 0 0 0 0 0 0 0 1 0 0 0 1 0 0 1 0 0]	2026-08-11_20-03-19	[0 0 0 0 0 0 0 1 0 0 0 0 0 0 1 0 0 0 0 0 0]	2026-08-11_20-03-19	[0 0 0 0 0 0 0 1 0 0 0 0 0 0 0 0 0 0]	2026-08-11_20-03-19	[0 0 0 0 0 0 0 0 0 0 0 0 0 0 0 0 0 0]	2026-08-11_20-03-19	[0]	2026-08-11_20-03-19	[0 0 0 0 0 0 0 0 0 0 0 1 0 0 0 1 0 0 1 0 0]	2026-08-11_20-03-19	[0 0 0 0 0 0 0 1 0 0 0 0 0 0 1 0 0 0 1 0 0]	2026-08-11_20-03-19	[0 0 0 0 0 0 0 1 0 1 0 0 0 0 0 0 0 0]	2026-08-11_20-03-19	[0 0 0 0 0 0 0 0 0 0 0 0 0 0 0 1 0 0]	2026-08-11_20-03-19	[0]	2026-08-11_20-03-19
0	2026-08-11_20-03-19	-0.75	2026-08-11_20-03-19	11.986490249633789	2026-08-11_20-03-19	3.064457416534424	2026-08-11_20-03-19	3.0663747787475586	2026-08-11_20-03-19	2.9304099082946777	2026-08-11_20-03-19	2.925248622894287	2026-08-11_20-03-19	True	2026-08-11_20-03-19	[0 0 0 0 0 0 0 0 0 0 0 1 0 0 0 1 0 0 1 0 0]	2026-08-11_20-03-19	[0 0 0 0 0 0 0 1 0 0 0 0 0 0 1 0 0 0 1 0 0]	2026-08-11_20-03-19	[0 0 0 0 0 0 0 1 0 1 0 0 0 0 0 0 0 0]	2026-08-11_20-03-19	[0 0 0 0 0 0 0 0 0 0 0 0 0 0 0 1 0 0]	2026-08-11_20-03-19	[0]	2026-08-11_20-03-19	[0 0 1 0 0 0 0 0 0 0 0 1 0 0 0 1 0 0 1 0 0]	2026-08-11_20-03-19	[0 0 0 0 0 0 0 1 0 0 0 0 0 0 1 0 0 0 0 0 0]	2026-08-11_20-03-19	[0 0 1 0 0 0 0 1 0 1 0 0 0 0 0 0 0 0]	2026-08-11_20-03-19	[0 0 0 0 0 0 0 0 0 0 0 0 0 0 0 0 0 0]	2026-08-11_20-03-19	[4]	2026-08-11_20-03-19
0	2026-08-11_20-03-19	-0.75	2026-08-11_20-03-19	12.013798713684082	2026-08-11_20-03-19	3.0674524307250977	2026-08-11_20-03-19	3.0815820693969727	2026-08-11_20-03-19	2.934755802154541	2026-08-11_20-03-19	2.93000864982605	2026-08-11_20-03-19	True	2026-08-11_20-03-19	[0 0 1 0 0 0 0 0 0 0 0 1 0 0 0 1 0 0 1 0 0]	2026-08-11_20-03-19	[0 0 0 0 0 0 0 1 0 0 0 0 0 0 1 0 0 0 0 0 0]	2026-08-11_20-03-19	[0 0 1 0 0 0 0 1 0 1 0 0 0 0 0 0 0 0]	2026-08-11_20-03-19	[0 0 0 0 0 0 0 0 0 0 0 0 0 0 0 0 0 0]	2026-08-11_20-03-19	[4]	2026-08-11_20-03-19	[0 0 1 0 0 0 0 0 0 0 0 0 0 0 0 1 0 0 1 0 0]	2026-08-11_20-03-19	[0 0 0 0 0 0 0 1 0 0 0 0 0 0 1 0 0 0 1 0 0]	2026-08-11_20-03-19	[0 0 1 0 0 0 1 1 0 1 0 0 0 0 0 0 0 0]	2026-08-11_20-03-19	[0 0 0 0 0 0 0 0 0 0 0 0 0 0 0 1 0 0]	2026-08-11_20-03-19	[4]	2026-08-11_20-03-19
0	2026-08-11_20-03-19	-1.0	2026-08-11_20-03-19	11.99243450164795	2026-08-11_20-03-19	3.061044692993164	2026-08-11_20-03-19	3.0706369876861572	2026-08-11_20-03-19	2.933612823486328	2026-08-11_20-03-19	2.9271399974823	2026-08-11_20-03-19	True	2026-08-11_20-03-19	[0 0 1 0 0 0 0 0 0 0 0 0 0 0 0 1 0 0 1 0 0]	2026-08-11_20-03-19	[0 0 0 0 0 0 0 1 0 0 0 0 0 0 1 0 0 0 1 0 0]	2026-08-11_20-03-19	[0 0 1 0 0 0 1 1 0 1 0 0 0 0 0 0 0 0]	2026-08-11_20-03-19	[0 0 0 0 0 0 0 0 0 0 0 0 0 0 0 1 0 0]	2026-08-11_20-03-19	[4]	2026-08-11_20-03-19	[0 0 0 0 0 0 0 0 0 0 0 0 0 0 0 1 0 0 1 0 0]	2026-08-11_20-03-19	[0 0 0 0 0 0 0 1 0 0 0 0 0 0 1 0 0 0 0 0 0]	2026-08-11_20-03-19	[0 0 0 0 0 0 1 1 0 1 0 0 0 0 0 0 0 0]	2026-08-11_20-03-19	[0 0 0 0 0 0 0 0 0 0 0 0 0 0 0 0 0 0]	2026-08-11_20-03-19	[0]	2026-08-11_20-03-19
0	2026-08-11_20-03-19	-0.625	2026-08-11_20-03-19	12.015978813171387	2026-08-11_20-03-19	3.067920684814453	2026-08-11_20-03-19	3.081636667251587	2026-08-11_20-03-19	2.9373598098754883	2026-08-11_20-03-19	2.9290621280670166	2026-08-11_20-03-19	True	2026-08-11_20-03-19	[0 0 0 0 0 0 0 0 0 0 0 0 0 0 0 1 0 0 1 0 0]	2026-08-11_20-03-19	[0 0 0 0 0 0 0 1 0 0 0 0 0 0 1 0 0 0 0 0 0]	2026-08-11_20-03-19	[0 0 0 0 0 0 1 1 0 1 0 0 0 0 0 0 0 0]	2026-08-11_20-03-19	[0 0 0 0 0 0 0 0 0 0 0 0 0 0 0 0 0 0]	2026-08-11_20-03-19	[0]	2026-08-11_20-03-19	[0 0 1 0 0 0 0 0 0 0 0 0 0 0 0 1 0 0 1 0 0]	2026-08-11_20-03-19	[0 0 0 0 0 0 0 1 0 0 0 0 0 0 0 0 0 0 0 0 0]	2026-08-11_20-03-19	[1 0 0 0 0 0 1 1 0 1 0 0 0 0 0 0 0 0]	2026-08-11_20-03-19	[0 0 0 0 0 0 0 0 0 0 0 0 0 0 0 1 0 0]	2026-08-11_20-03-19	[6]	2026-08-11_20-03-19
0	2026-08-11_20-03-19	-1.0	2026-08-11_20-03-19	11.989179611206055	2026-08-11_20-03-19	3.0591583251953125	2026-08-11_20-03-19	3.0739548206329346	2026-08-11_20-03-19	2.9307923316955566	2026-08-11_20-03-19	2.9252736568450928	2026-08-11_20-03-19	True	2026-08-11_20-03-19	[0 0 1 0 0 0 0 0 0 0 0 0 0 0 0 1 0 0 1 0 0]	2026-08-11_20-03-19	[0 0 0 0 0 0 0 1 0 0 0 0 0 0 0 0 0 0 0 0 0]	2026-08-11_20-03-19	[1 0 0 0 0 0 1 1 0 1 0 0 0 0 0 0 0 0]	2026-08-11_20-03-19	[0 0 0 0 0 0 0 0 0 0 0 0 0 0 0 1 0 0]	2026-08-11_20-03-19	[6]	2026-08-11_20-03-19	[0 0 0 0 0 0 0 0 0 0 0 0 0 0 0 1 0 0 1 0 0]	2026-08-11_20-03-19	[0 0 0 0 0 0 0 0 0 0 0 0 0 0 0 0 0 0 0 0 0]	2026-08-11_20-03-19	[1 0 0 0 0 0 1 0 0 1 0 0 0 0 0 0 0 0]	2026-08-11_20-03-19	[0 0 0 0 0 0 0 0 0 0 0 0 0 0 0 0 0 0]	2026-08-11_20-03-19	[0]	2026-08-11_20-03-19
0	2026-08-11_20-03-19	-1.0	2026-08-11_20-03-19	12.016960144042969	2026-08-11_20-03-19	3.0680127143859863	2026-08-11_20-03-19	3.081608295440674	2026-08-11_20-03-19	2.9359376430511475	2026-08-11_20-03-19	2.931400775909424	2026-08-11_20-03-19	True	2026-08-11_20-03-19	[0 0 0 0 0 0 0 0 0 0 0 0 0 0 0 1 0 0 1 0 0]	2026-08-11_20-03-19	[0 0 0 0 0 0 0 0 0 0 0 0 0 0 0 0 0 0 0 0 0]	2026-08-11_20-03-19	[1 0 0 0 0 0 1 0 0 1 0 0 0 0 0 0 0 0]	2026-08-11_20-03-19	[0 0 0 0 0 0 0 0 0 0 0 0 0 0 0 0 0 0]	2026-08-11_20-03-19	[0]	2026-08-11_20-03-19	[0 0 0 0 0 0 0 0 0 0 0 1 0 0 0 1 0 0 1 0 0]	2026-08-11_20-03-19	[0 0 0 0 0 0 0 0 0 0 0 0 0 0 0 0 0 0 1 0 0]	2026-08-11_20-03-19	[1 0 0 1 0 0 1 0 0 1 0 0 0 0 0 0 0 0]	2026-08-11_20-03-19	[0 0 0 0 0 0 0 0 0 0 0 0 0 0 0 1 0 0]	2026-08-11_20-03-19	[0]	2026-08-11_20-03-19
0	2026-08-11_20-03-19	0.006186419632285833	2026-08-11_20-03-19	11.997669219970703	2026-08-11_20-03-19	3.069167375564575	2026-08-11_20-03-19	3.0701828002929688	2026-08-11_20-03-19	2.9336299896240234	2026-08-11_20-03-19	2.9246888160705566	2026-08-11_20-03-19	True	2026-08-11_20-03-19	[0 0 0 0 0 0 0 0 0 0 0 1 0 0 0 1 0 0 1 0 0]	2026-08-11_20-03-19	[0 0 0 0 0 0 0 0 0 0 0 0 0 0 0 0 0 0 1 0 0]	2026-08-11_20-03-19	[1 0 0 1 0 0 1 0 0 1 0 0 0 0 0 0 0 0]	2026-08-11_20-03-19	[0 0 0 0 0 0 0 0 0 0 0 0 0 0 0 1 0 0]	2026-08-11_20-03-19	[0]	2026-08-11_20-03-19	[0 0 1 0 0 0 0 0 0 0 0 1 0 0 0 1 0 0 1 0 0]	2026-08-11_20-03-19	[0 0 0 0 0 0 0 0 0 0 0 0 0 0 0 0 0 0 0 0 0]	2026-08-11_20-03-19	[1 0 0 1 0 0 1 0 0 0 0 0 0 0 0 0 0 0]	2026-08-11_20-03-19	[0 0 0 0 0 0 0 0 0 0 0 0 0 0 0 0 0 0]	2026-08-11_20-03-19	[36]	2026-08-11_20-03-19
1	2026-08-12_20-26-06	-0.625	2026-08-12_20-26-06	11.853330612182617	2026-08-12_20-26-06	3.0204739570617676	2026-08-12_20-26-06	3.0502004623413086	2026-08-12_20-26-06	2.8951737880706787	2026-08-12_20-26-06	2.8874828815460205	2026-08-12_20-26-06	True	2026-08-12_20-26-06	[0 0 1 0 0 0 0 0 0 0 0 0 0 0 0 0 0 0 0 0 0]	2026-08-12_20-26-06	[0 0 0 0 0 0 0 0 0 0 0 0 0 0 0 0 0 0 0 0 0]	2026-08-12_20-26-06	[1 0 0 0 0 0 0 0 0 0 0 0 0 0 0 0 0 0]	2026-08-12_20-26-06	[0 1 0 0 0 0 0 0 0 1 0 0 0 0 0 0 0 0]	2026-08-12_20-26-06	[4]	2026-08-12_20-26-06	[0 0 1 0 0 0 0 0 0 1 0 0 0 0 0 0 0 0 0 0 0]	2026-08-12_20-26-06	[0 0 0 0 0 0 0 0 0 0 0 1 0 0 0 0 0 0 0 0 0]	2026-08-12_20-26-06	[1 0 0 0 0 0 0 0 0 0 0 0 0 0 0 0 1 0]	2026-08-12_20-26-06	[0 1 0 1 0 0 0 0 0 1 0 0 0 0 0 0 0 0]	2026-08-12_20-26-06	[6]	2026-08-12_20-26-06
1	2026-08-12_20-26-06	-0.625	2026-08-12_20-26-06	11.58703327178955	2026-08-12_20-26-06	2.93955135345459	2026-08-12_20-26-06	2.9864182472229004	2026-08-12_20-26-06	2.829637050628662	2026-08-12_20-26-06	2.8314268589019775	2026-08-12_20-26-06	True	2026-08-12_20-26-06	[0 0 1 0 0 0 0 0 0 1 0 0 0 0 0 0 0 0 0 0 0]	2026-08-12_20-26-06	[0 0 0 0 0 0 0 0 0 0 0 1 0 0 0 0 0 0 0 0 0]	2026-08-12_20-26-06	[1 0 0 0 0 0 0 0 0 0 0 0 0 0 0 0 1 0]	2026-08-12_20-26-06	[0 1 0 1 0 0 0 0 0 1 0 0 0 0 0 0 0 0]	2026-08-12_20-26-06	[6]	2026-08-12_20-26-06	[0 0 1 0 0 0 0 0 0 1 0 1 0 0 0 0 0 0 0 0 0]	2026-08-12_20-26-06	[0 0 0 0 0 0 0 0 0 0 0 1 1 0 0 0 0 0 0 0 0]	2026-08-12_20-26-06	[1 0 0 0 0 0 0 1 0 0 0 0 0 0 0 0 1 0]	2026-08-12_20-26-06	[0 1 0 0 0 0 0 0 0 1 0 0 0 0 0 0 0 0]	2026-08-12_20-26-06	[6]	2026-08-12_20-26-06
1	2026-08-12_20-26-06	-0.25	2026-08-12_20-26-06	11.719659805297852	2026-08-12_20-26-06	2.9885122776031494	2026-08-12_20-26-06	2.9982876777648926	2026-08-12_20-26-06	2.86702823638916	2026-08-12_20-26-06	2.8658313751220703	2026-08-12_20-26-06	True	2026-08-12_20-26-06	[0 0 1 0 0 0 0 0 0 1 0 1 0 0 0 0 0 0 0 0 0]	2026-08-12_20-26-06	[0 0 0 0 0 0 0 0 0 0 0 1 1 0 0 0 0 0 0 0 0]	2026-08-12_20-26-06	[1 0 0 0 0 0 0 1 0 0 0 0 0 0 0 0 1 0]	2026-08-12_20-26-06	[0 1 0 0 0 0 0 0 0 1 0 0 0 0 0 0 0 0]	2026-08-12_20-26-06	[6]	2026-08-12_20-26-06	[0 0 1 0 0 0 0 0 0 0 0 1 0 0 0 0 0 0 0 0 0]	2026-08-12_20-26-06	[0 0 0 0 0 1 0 0 0 0 0 1 1 0 0 0 0 0 0 0 0]	2026-08-12_20-26-06	[1 0 0 0 0 0 0 0 0 0 0 0 0 0 0 0 1 0]	2026-08-12_20-26-06	[0 1 0 0 0 0 0 0 1 1 0 0 0 0 0 0 0 0]	2026-08-12_20-26-06	[12]	2026-08-12_20-26-06
1	2026-08-12_20-26-06	-0.875	2026-08-12_20-26-06	11.65669059753418	2026-08-12_20-26-06	2.973905563354492	2026-08-12_20-26-06	2.999553918838501	2026-08-12_20-26-06	2.843473196029663	2026-08-12_20-26-06	2.8397574424743652	2026-08-12_20-26-06	True	2026-08-12_20-26-06	[0 0 1 0 0 0 0 0 0 0 0 1 0 0 0 0 0 0 0 0 0]	2026-08-12_20-26-06	[0 0 0 0 0 1 0 0 0 0 0 1 1 0 0 0 0 0 0 0 0]	2026-08-12_20-26-06	[1 0 0 0 0 0 0 0 0 0 0 0 0 0 0 0 1 0]	2026-08-12_20-26-06	[0 1 0 0 0 0 0 0 1 1 0 0 0 0 0 0 0 0]	2026-08-12_20-26-06	[12]	2026-08-12_20-26-06	[0 0 1 0 0 0 0 0 0 0 0 1 1 0 0 0 0 0 0 0 0]	2026-08-12_20-26-06	[0 1 0 0 0 1 0 0 0 0 0 1 1 0 0 0 0 0 0 0 0]	2026-08-12_20-26-06	[1 0 0 0 0 0 0 0 0 0 0 0 0 1 0 0 1 0]	2026-08-12_20-26-06	[0 1 0 0 0 0 0 0 1 1 0 0 1 0 0 0 0 0]	2026-08-12_20-26-06	[2]	2026-08-12_20-26-06
1	2026-08-12_20-26-06	-0.75	2026-08-12_20-26-06	11.742043495178223	2026-08-12_20-26-06	3.004911422729492	2026-08-12_20-26-06	3.033815383911133	2026-08-12_20-26-06	2.851783275604248	2026-08-12_20-26-06	2.8515331745147705	2026-08-12_20-26-06	True	2026-08-12_20-26-06	[0 0 1 0 0 0 0 0 0 0 0 1 1 0 0 0 0 0 0 0 0]	2026-08-12_20-26-06	[0 1 0 0 0 1 0 0 0 0 0 1 1 0 0 0 0 0 0 0 0]	2026-08-12_20-26-06	[1 0 0 0 0 0 0 0 0 0 0 0 0 1 0 0 1 0]	2026-08-12_20-26-06	[0 1 0 0 0 0 0 0 1 1 0 0 1 0 0 0 0 0]	2026-08-12_20-26-06	[2]	2026-08-12_20-26-06	[0 0 1 0 0 0 0 0 0 0 0 0 1 0 0 0 0 0 0 0 0]	2026-08-12_20-26-06	[0 1 0 0 0 1 0 0 0 0 0 1 0 0 0 0 0 0 0 0 0]	2026-08-12_20-26-06	[1 0 0 0 0 0 0 0 0 0 0 0 0 0 0 0 1 0]	2026-08-12_20-26-06	[0 1 0 0 0 0 0 0 1 1 0 0 0 0 0 0 0 0]	2026-08-12_20-26-06	[4]	2026-08-12_20-26-06
1	2026-08-12_20-26-06	-0.625	2026-08-12_20-26-06	11.666115760803223	2026-08-12_20-26-06	2.9747655391693115	2026-08-12_20-26-06	2.9899730682373047	2026-08-12_20-26-06	2.8409223556518555	2026-08-12_20-26-06	2.8604543209075928	2026-08-12_20-26-06	True	2026-08-12_20-26-06	[0 0 1 0 0 0 0 0 0 0 0 0 1 0 0 0 0 0 0 0 0]	2026-08-12_20-26-06	[0 1 0 0 0 1 0 0 0 0 0 1 0 0 0 0 0 0 0 0 0]	2026-08-12_20-26-06	[1 0 0 0 0 0 0 0 0 0 0 0 0 0 0 0 1 0]	2026-08-12_20-26-06	[0 1 0 0 0 0 0 0 1 1 0 0 0 0 0 0 0 0]	2026-08-12_20-26-06	[4]	2026-08-12_20-26-06	[0 0 1 0 0 0 0 0 0 0 0 1 1 0 0 0 0 0 0 0 0]	2026-08-12_20-26-06	[0 0 0 0 0 1 0 0 0 0 0 1 0 0 0 0 0 0 0 0 0]	2026-08-12_20-26-06	[1 0 0 0 0 0 0 1 0 0 0 0 0 0 0 0 1 0]	2026-08-12_20-26-06	[0 1 0 0 0 0 0 0 0 1 0 0 0 0 0 0 0 0]	2026-08-12_20-26-06	[6]	2026-08-12_20-26-06
1	2026-08-12_20-26-06	-0.75	2026-08-12_20-26-06	11.676101684570312	2026-08-12_20-26-06	2.9733781814575195	2026-08-12_20-26-06	2.982959508895874	2026-08-12_20-26-06	2.8541383743286133	2026-08-12_20-26-06	2.8656258583068848	2026-08-12_20-26-06	True	2026-08-12_20-26-06	[0 0 1 0 0 0 0 0 0 0 0 1 1 0 0 0 0 0 0 0 0]	2026-08-12_20-26-06	[0 0 0 0 0 1 0 0 0 0 0 1 0 0 0 0 0 0 0 0 0]	2026-08-12_20-26-06	[1 0 0 0 0 0 0 1 0 0 0 0 0 0 0 0 1 0]	2026-08-12_20-26-06	[0 1 0 0 0 0 0 0 0 1 0 0 0 0 0 0 0 0]	2026-08-12_20-26-06	[6]	2026-08-12_20-26-06	[0 0 1 0 0 0 0 0 0 0 0 1 0 0 0 0 0 0 0 0 0]	2026-08-12_20-26-06	[0 1 0 0 0 1 0 0 0 0 0 1 0 0 0 0 0 0 0 0 0]	2026-08-12_20-26-06	[1 0 0 0 0 0 0 0 0 0 0 0 0 0 0 0 1 0]	2026-08-12_20-26-06	[0 1 0 0 0 0 0 0 1 1 0 0 0 0 0 0 0 0]	2026-08-12_20-26-06	[4]	2026-08-12_20-26-06
1	2026-08-12_20-26-06	-0.875	2026-08-12_20-26-06	11.713835716247559	2026-08-12_20-26-06	2.987882375717163	2026-08-12_20-26-06	3.0179078578948975	2026-08-12_20-26-06	2.8457210063934326	2026-08-12_20-26-06	2.8623247146606445	2026-08-12_20-26-06	True	2026-08-12_20-26-06	[0 0 1 0 0 0 0 0 0 0 0 1 0 0 0 0 0 0 0 0 0]	2026-08-12_20-26-06	[0 1 0 0 0 1 0 0 0 0 0 1 0 0 0 0 0 0 0 0 0]	2026-08-12_20-26-06	[1 0 0 0 0 0 0 0 0 0 0 0 0 0 0 0 1 0]	2026-08-12_20-26-06	[0 1 0 0 0 0 0 0 1 1 0 0 0 0 0 0 0 0]	2026-08-12_20-26-06	[4]	2026-08-12_20-26-06	[0 0 1 0 0 0 0 0 0 0 0 0 0 0 0 0 0 0 0 0 0]	2026-08-12_20-26-06	[0 0 0 0 0 1 0 0 0 0 0 1 0 0 0 0 0 0 0 0 0]	2026-08-12_20-26-06	[1 0 0 0 0 0 0 1 0 0 0 0 0 0 0 0 1 0]	2026-08-12_20-26-06	[0 1 0 0 0 0 0 0 0 1 0 0 0 0 0 0 0 0]	2026-08-12_20-26-06	[2]	2026-08-12_20-26-06
1	2026-08-12_20-26-06	-0.75	2026-08-12_20-26-06	11.723588943481445	2026-08-12_20-26-06	2.9957499504089355	2026-08-12_20-26-06	3.0028626918792725	2026-08-12_20-26-06	2.8558156490325928	2026-08-12_20-26-06	2.8691601753234863	2026-08-12_20-26-06	True	2026-08-12_20-26-06	[0 0 1 0 0 0 0 0 0 0 0 0 0 0 0 0 0 0 0 0 0]	2026-08-12_20-26-06	[0 0 0 0 0 1 0 0 0 0 0 1 0 0 0 0 0 0 0 0 0]	2026-08-12_20-26-06	[1 0 0 0 0 0 0 1 0 0 0 0 0 0 0 0 1 0]	2026-08-12_20-26-06	[0 1 0 0 0 0 0 0 0 1 0 0 0 0 0 0 0 0]	2026-08-12_20-26-06	[2]	2026-08-12_20-26-06	[0 0 1 0 0 0 0 0 0 0 0 0 1 0 0 0 0 0 0 0 0]	2026-08-12_20-26-06	[0 1 0 0 0 1 0 0 0 0 0 1 0 0 0 0 0 0 0 0 0]	2026-08-12_20-26-06	[1 0 0 0 0 0 0 0 0 0 0 0 0 0 0 0 1 0]	2026-08-12_20-26-06	[0 1 0 0 0 0 0 0 1 1 0 0 0 0 0 0 0 0]	2026-08-12_20-26-06	[4]	2026-08-12_20-26-06
1	2026-08-12_20-26-06	-0.625	2026-08-12_20-26-06	11.709993362426758	2026-08-12_20-26-06	2.9872632026672363	2026-08-12_20-26-06	3.0026612281799316	2026-08-12_20-26-06	2.8530914783477783	2026-08-12_20-26-06	2.8669776916503906	2026-08-12_20-26-06	True	2026-08-12_20-26-06	[0 0 1 0 0 0 0 0 0 0 0 0 1 0 0 0 0 0 0 0 0]	2026-08-12_20-26-06	[0 1 0 0 0 1 0 0 0 0 0 1 0 0 0 0 0 0 0 0 0]	2026-08-12_20-26-06	[1 0 0 0 0 0 0 0 0 0 0 0 0 0 0 0 1 0]	2026-08-12_20-26-06	[0 1 0 0 0 0 0 0 1 1 0 0 0 0 0 0 0 0]	2026-08-12_20-26-06	[4]	2026-08-12_20-26-06	[0 0 1 0 0 0 0 0 0 0 0 1 1 0 0 0 0 0 0 0 0]	2026-08-12_20-26-06	[0 0 0 0 0 1 0 0 0 0 0 1 0 0 0 0 0 0 0 0 0]	2026-08-12_20-26-06	[1 0 0 0 0 0 0 0 0 0 0 0 0 1 0 0 1 0]	2026-08-12_20-26-06	[0 1 0 0 0 0 0 0 0 1 0 0 0 0 0 0 0 0]	2026-08-12_20-26-06	[6]	2026-08-12_20-26-06
1	2026-08-12_20-26-06	-0.75	2026-08-12_20-26-06	11.728923797607422	2026-08-12_20-26-06	2.9936132431030273	2026-08-12_20-26-06	2.9950037002563477	2026-08-12_20-26-06	2.870579957962036	2026-08-12_20-26-06	2.869727373123169	2026-08-12_20-26-06	True	2026-08-12_20-26-06	[0 0 1 0 0 0 0 0 0 0 0 1 1 0 0 0 0 0 0 0 0]	2026-08-12_20-26-06	[0 0 0 0 0 1 0 0 0 0 0 1 0 0 0 0 0 0 0 0 0]	2026-08-12_20-26-06	[1 0 0 0 0 0 0 0 0 0 0 0 0 1 0 0 1 0]	2026-08-12_20-26-06	[0 1 0 0 0 0 0 0 0 1 0 0 0 0 0 0 0 0]	2026-08-12_20-26-06	[6]	2026-08-12_20-26-06	[0 0 1 0 0 0 0 0 0 0 0 1 0 0 0 0 0 0 0 0 0]	2026-08-12_20-26-06	[0 0 0 0 0 0 0 0 0 0 0 1 0 0 0 0 0 0 0 0 0]	2026-08-12_20-26-06	[1 0 0 0 0 0 0 1 0 0 0 0 0 1 0 0 1 0]	2026-08-12_20-26-06	[0 1 0 0 0 0 0 0 1 1 0 0 0 0 0 0 0 0]	2026-08-12_20-26-06	[4]	2026-08-12_20-26-06
1	2026-08-12_20-26-06	-0.875	2026-08-12_20-26-06	11.612808227539062	2026-08-12_20-26-06	2.958625078201294	2026-08-12_20-26-06	3.005091667175293	2026-08-12_20-26-06	2.845536231994629	2026-08-12_20-26-06	2.803555488586426	2026-08-12_20-26-06	True	2026-08-12_20-26-06	[0 0 1 0 0 0 0 0 0 0 0 1 0 0 0 0 0 0 0 0 0]	2026-08-12_20-26-06	[0 0 0 0 0 0 0 0 0 0 0 1 0 0 0 0 0 0 0 0 0]	2026-08-12_20-26-06	[1 0 0 0 0 0 0 1 0 0 0 0 0 1 0 0 1 0]	2026-08-12_20-26-06	[0 1 0 0 0 0 0 0 1 1 0 0 0 0 0 0 0 0]	2026-08-12_20-26-06	[4]	2026-08-12_20-26-06	[0 0 1 0 0 0 0 0 0 0 0 0 0 0 0 0 0 0 0 0 0]	2026-08-12_20-26-06	[0 1 0 0 0 0 0 0 0 0 0 1 0 0 0 0 0 0 0 0 0]	2026-08-12_20-26-06	[1 0 0 0 0 0 0 0 0 0 0 0 0 1 0 0 1 0]	2026-08-12_20-26-06	[0 1 0 0 0 0 0 0 1 1 0 0 1 0 0 0 0 0]	2026-08-12_20-26-06	[2]	2026-08-12_20-26-06
1	2026-08-12_20-26-06	-0.75	2026-08-12_20-26-06	11.667972564697266	2026-08-12_20-26-06	2.984684944152832	2026-08-12_20-26-06	3.0272388458251953	2026-08-12_20-26-06	2.8556182384490967	2026-08-12_20-26-06	2.8004298210144043	2026-08-12_20-26-06	True	2026-08-12_20-26-06	[0 0 1 0 0 0 0 0 0 0 0 0 0 0 0 0 0 0 0 0 0]	2026-08-12_20-26-06	[0 1 0 0 0 0 0 0 0 0 0 1 0 0 0 0 0 0 0 0 0]	2026-08-12_20-26-06	[1 0 0 0 0 0 0 0 0 0 0 0 0 1 0 0 1 0]	2026-08-12_20-26-06	[0 1 0 0 0 0 0 0 1 1 0 0 1 0 0 0 0 0]	2026-08-12_20-26-06	[2]	2026-08-12_20-26-06	[0 0 1 0 0 0 0 0 0 0 0 1 0 0 0 0 0 0 0 0 0]	2026-08-12_20-26-06	[0 1 1 0 0 0 0 0 0 0 0 1 0 0 0 0 0 0 0 0 0]	2026-08-12_20-26-06	[1 0 0 0 0 0 0 0 0 0 0 0 0 0 0 0 1 0]	2026-08-12_20-26-06	[0 1 0 0 0 0 0 0 1 1 0 0 0 0 0 0 0 0]	2026-08-12_20-26-06	[4]	2026-08-12_20-26-06
1	2026-08-12_20-26-06	-0.875	2026-08-12_20-26-06	11.653403282165527	2026-08-12_20-26-06	2.976569890975952	2026-08-12_20-26-06	3.001615524291992	2026-08-12_20-26-06	2.8379459381103516	2026-08-12_20-26-06	2.8372714519500732	2026-08-12_20-26-06	True	2026-08-12_20-26-06	[0 0 1 0 0 0 0 0 0 0 0 1 0 0 0 0 0 0 0 0 0]	2026-08-12_20-26-06	[0 1 1 0 0 0 0 0 0 0 0 1 0 0 0 0 0 0 0 0 0]	2026-08-12_20-26-06	[1 0 0 0 0 0 0 0 0 0 0 0 0 0 0 0 1 0]	2026-08-12_20-26-06	[0 1 0 0 0 0 0 0 1 1 0 0 0 0 0 0 0 0]	2026-08-12_20-26-06	[4]	2026-08-12_20-26-06	[0 0 1 0 0 0 0 0 0 0 0 0 0 0 0 0 0 0 0 0 0]	2026-08-12_20-26-06	[0 0 1 0 0 0 0 0 0 0 0 1 0 0 0 0 0 0 0 0 0]	2026-08-12_20-26-06	[1 0 0 0 0 0 0 1 0 0 0 0 0 0 0 0 1 0]	2026-08-12_20-26-06	[0 1 0 0 0 0 0 0 0 1 0 0 0 0 0 0 0 0]	2026-08-12_20-26-06	[2]	2026-08-12_20-26-06
1	2026-08-12_20-26-06	-0.75	2026-08-12_20-26-06	11.716136932373047	2026-08-12_20-26-06	2.994441032409668	2026-08-12_20-26-06	3.005613327026367	2026-08-12_20-26-06	2.85034441947937	2026-08-12_20-26-06	2.8657379150390625	2026-08-12_20-26-06	True	2026-08-12_20-26-06	[0 0 1 0 0 0 0 0 0 0 0 0 0 0 0 0 0 0 0 0 0]	2026-08-12_20-26-06	[0 0 1 0 0 0 0 0 0 0 0 1 0 0 0 0 0 0 0 0 0]	2026-08-12_20-26-06	[1 0 0 0 0 0 0 1 0 0 0 0 0 0 0 0 1 0]	2026-08-12_20-26-06	[0 1 0 0 0 0 0 0 0 1 0 0 0 0 0 0 0 0]	2026-08-12_20-26-06	[2]	2026-08-12_20-26-06	[0 0 1 0 0 0 0 0 0 0 0 1 0 0 0 0 0 0 0 0 0]	2026-08-12_20-26-06	[0 1 1 0 0 0 0 0 0 0 0 1 0 0 0 0 0 0 0 0 0]	2026-08-12_20-26-06	[1 0 0 0 0 0 0 0 0 0 0 0 0 0 0 0 1 0]	2026-08-12_20-26-06	[0 1 0 0 0 0 0 0 1 1 0 0 0 0 0 0 0 0]	2026-08-12_20-26-06	[4]	2026-08-12_20-26-06
1	2026-08-12_20-26-06	-0.875	2026-08-12_20-26-06	11.710519790649414	2026-08-12_20-26-06	2.9903457164764404	2026-08-12_20-26-06	3.013504981994629	2026-08-12_20-26-06	2.8516273498535156	2026-08-12_20-26-06	2.855041027069092	2026-08-12_20-26-06	True	2026-08-12_20-26-06	[0 0 1 0 0 0 0 0 0 0 0 1 0 0 0 0 0 0 0 0 0]	2026-08-12_20-26-06	[0 1 1 0 0 0 0 0 0 0 0 1 0 0 0 0 0 0 0 0 0]	2026-08-12_20-26-06	[1 0 0 0 0 0 0 0 0 0 0 0 0 0 0 0 1 0]	2026-08-12_20-26-06	[0 1 0 0 0 0 0 0 1 1 0 0 0 0 0 0 0 0]	2026-08-12_20-26-06	[4]	2026-08-12_20-26-06	[0 0 1 0 0 0 0 0 0 0 0 0 0 0 0 0 0 0 0 0 0]	2026-08-12_20-26-06	[0 0 1 0 0 0 0 0 0 0 0 1 0 0 0 0 0 0 0 0 0]	2026-08-12_20-26-06	[1 0 0 0 0 0 0 1 0 0 0 0 0 0 0 0 1 0]	2026-08-12_20-26-06	[0 1 0 0 0 0 0 0 0 1 0 0 0 0 0 0 0 0]	2026-08-12_20-26-06	[2]	2026-08-12_20-26-06
1	2026-08-12_20-26-06	-0.75	2026-08-12_20-26-06	11.685832977294922	2026-08-12_20-26-06	2.9903581142425537	2026-08-12_20-26-06	2.9924354553222656	2026-08-12_20-26-06	2.8399603366851807	2026-08-12_20-26-06	2.8630788326263428	2026-08-12_20-26-06	True	2026-08-12_20-26-06	[0 0 1 0 0 0 0 0 0 0 0 0 0 0 0 0 0 0 0 0 0]	2026-08-12_20-26-06	[0 0 1 0 0 0 0 0 0 0 0 1 0 0 0 0 0 0 0 0 0]	2026-08-12_20-26-06	[1 0 0 0 0 0 0 1 0 0 0 0 0 0 0 0 1 0]	2026-08-12_20-26-06	[0 1 0 0 0 0 0 0 0 1 0 0 0 0 0 0 0 0]	2026-08-12_20-26-06	[2]	2026-08-12_20-26-06	[0 0 1 0 0 0 0 0 0 0 0 1 0 0 0 0 0 0 0 0 0]	2026-08-12_20-26-06	[0 1 1 0 0 0 0 0 0 0 0 1 0 0 0 0 0 0 0 0 0]	2026-08-12_20-26-06	[1 0 0 0 0 0 0 0 0 0 0 0 0 0 0 0 1 0]	2026-08-12_20-26-06	[0 1 0 0 0 0 0 0 1 1 0 0 0 0 0 0 0 0]	2026-08-12_20-26-06	[4]	2026-08-12_20-26-06
1	2026-08-12_20-26-06	-0.875	2026-08-12_20-26-06	11.693029403686523	2026-08-12_20-26-06	2.986030340194702	2026-08-12_20-26-06	3.010050058364868	2026-08-12_20-26-06	2.8508071899414062	2026-08-12_20-26-06	2.8461413383483887	2026-08-12_20-26-06	True	2026-08-12_20-26-06	[0 0 1 0 0 0 0 0 0 0 0 1 0 0 0 0 0 0 0 0 0]	2026-08-12_20-26-06	[0 1 1 0 0 0 0 0 0 0 0 1 0 0 0 0 0 0 0 0 0]	2026-08-12_20-26-06	[1 0 0 0 0 0 0 0 0 0 0 0 0 0 0 0 1 0]	2026-08-12_20-26-06	[0 1 0 0 0 0 0 0 1 1 0 0 0 0 0 0 0 0]	2026-08-12_20-26-06	[4]	2026-08-12_20-26-06	[0 0 1 0 0 0 0 0 0 0 0 0 0 0 0 0 0 0 0 0 0]	2026-08-12_20-26-06	[0 0 1 0 0 0 0 0 0 0 0 1 0 0 0 0 0 0 0 0 0]	2026-08-12_20-26-06	[1 0 0 0 0 0 0 1 0 0 0 0 0 0 0 0 1 0]	2026-08-12_20-26-06	[0 1 0 0 0 0 0 0 1 1 0 0 1 0 0 0 0 0]	2026-08-12_20-26-06	[2]	2026-08-12_20-26-06
1	2026-08-12_20-26-06	-0.75	2026-08-12_20-26-06	11.730222702026367	2026-08-12_20-26-06	2.9978737831115723	2026-08-12_20-26-06	3.0220751762390137	2026-08-12_20-26-06	2.856964111328125	2026-08-12_20-26-06	2.853309154510498	2026-08-12_20-26-06	True	2026-08-12_20-26-06	[0 0 1 0 0 0 0 0 0 0 0 0 0 0 0 0 0 0 0 0 0]	2026-08-12_20-26-06	[0 0 1 0 0 0 0 0 0 0 0 1 0 0 0 0 0 0 0 0 0]	2026-08-12_20-26-06	[1 0 0 0 0 0 0 1 0 0 0 0 0 0 0 0 1 0]	2026-08-12_20-26-06	[0 1 0 0 0 0 0 0 1 1 0 0 1 0 0 0 0 0]	2026-08-12_20-26-06	[2]	2026-08-12_20-26-06	[0 0 1 0 0 0 0 0 0 0 0 1 0 0 0 0 0 0 0 0 0]	2026-08-12_20-26-06	[0 1 1 0 0 0 0 0 0 0 0 1 0 0 0 0 0 0 0 0 0]	2026-08-12_20-26-06	[1 0 0 0 0 0 0 1 0 0 0 0 0 1 0 0 1 0]	2026-08-12_20-26-06	[0 1 0 0 0 0 0 0 1 1 0 0 0 0 0 0 0 0]	2026-08-12_20-26-06	[4]	2026-08-12_20-26-06
1	2026-08-12_20-26-06	-0.625	2026-08-12_20-26-06	11.712552070617676	2026-08-12_20-26-06	2.992587089538574	2026-08-12_20-26-06	3.0059216022491455	2026-08-12_20-26-06	2.862029790878296	2026-08-12_20-26-06	2.852013349533081	2026-08-12_20-26-06	True	2026-08-12_20-26-06	[0 0 1 0 0 0 0 0 0 0 0 1 0 0 0 0 0 0 0 0 0]	2026-08-12_20-26-06	[0 1 1 0 0 0 0 0 0 0 0 1 0 0 0 0 0 0 0 0 0]	2026-08-12_20-26-06	[1 0 0 0 0 0 0 1 0 0 0 0 0 1 0 0 1 0]	2026-08-12_20-26-06	[0 1 0 0 0 0 0 0 1 1 0 0 0 0 0 0 0 0]	2026-08-12_20-26-06	[4]	2026-08-12_20-26-06	[0 0 1 0 0 0 0 0 0 1 0 1 0 0 0 0 0 0 0 0 0]	2026-08-12_20-26-06	[0 0 1 0 0 0 0 0 0 0 0 1 0 0 0 0 0 0 0 0 0]	2026-08-12_20-26-06	[1 0 0 0 0 0 0 0 0 0 0 0 0 1 0 0 1 0]	2026-08-12_20-26-06	[0 1 0 0 0 0 0 0 1 1 0 0 1 0 0 0 0 0]	2026-08-12_20-26-06	[6]	2026-08-12_20-26-06
1	2026-08-12_20-26-06	-0.25	2026-08-12_20-26-06	11.693434715270996	2026-08-12_20-26-06	2.9937238693237305	2026-08-12_20-26-06	3.026826858520508	2026-08-12_20-26-06	2.8427670001983643	2026-08-12_20-26-06	2.8301172256469727	2026-08-12_20-26-06	True	2026-08-12_20-26-06	[0 0 1 0 0 0 0 0 0 1 0 1 0 0 0 0 0 0 0 0 0]	2026-08-12_20-26-06	[0 0 1 0 0 0 0 0 0 0 0 1 0 0 0 0 0 0 0 0 0]	2026-08-12_20-26-06	[1 0 0 0 0 0 0 0 0 0 0 0 0 1 0 0 1 0]	2026-08-12_20-26-06	[0 1 0 0 0 0 0 0 1 1 0 0 1 0 0 0 0 0]	2026-08-12_20-26-06	[6]	2026-08-12_20-26-06	[0 0 1 0 0 0 0 0 0 1 0 1 1 0 0 0 0 0 0 0 0]	2026-08-12_20-26-06	[0 0 1 0 0 0 0 0 0 0 0 1 1 0 0 0 0 0 0 0 0]	2026-08-12_20-26-06	[1 0 0 0 0 0 0 0 0 0 0 0 0 0 0 0 1 0]	2026-08-12_20-26-06	[0 1 0 0 0 0 0 0 1 1 0 0 0 0 0 0 0 0]	2026-08-12_20-26-06	[12]	2026-08-12_20-26-06
1	2026-08-12_20-26-06	-0.625	2026-08-12_20-26-06	11.651830673217773	2026-08-12_20-26-06	2.975975513458252	2026-08-12_20-26-06	3.0040295124053955	2026-08-12_20-26-06	2.8279361724853516	2026-08-12_20-26-06	2.843888998031616	2026-08-12_20-26-06	True	2026-08-12_20-26-06	[0 0 1 0 0 0 0 0 0 1 0 1 1 0 0 0 0 0 0 0 0]	2026-08-12_20-26-06	[0 0 1 0 0 0 0 0 0 0 0 1 1 0 0 0 0 0 0 0 0]	2026-08-12_20-26-06	[1 0 0 0 0 0 0 0 0 0 0 0 0 0 0 0 1 0]	2026-08-12_20-26-06	[0 1 0 0 0 0 0 0 1 1 0 0 0 0 0 0 0 0]	2026-08-12_20-26-06	[12]	2026-08-12_20-26-06	[0 0 1 0 0 0 0 0 0 1 0 1 0 0 0 0 0 0 0 0 0]	2026-08-12_20-26-06	[0 0 1 0 0 0 0 0 0 0 0 1 0 0 0 0 0 0 0 0 0]	2026-08-12_20-26-06	[1 0 0 0 0 0 0 0 0 0 0 0 0 1 0 0 1 0]	2026-08-12_20-26-06	[0 1 0 0 0 0 0 0 1 1 0 0 1 0 0 0 0 0]	2026-08-12_20-26-06	[6]	2026-08-12_20-26-06
1	2026-08-12_20-26-06	-0.25	2026-08-12_20-26-06	11.694095611572266	2026-08-12_20-26-06	2.993544816970825	2026-08-12_20-26-06	3.028860092163086	2026-08-12_20-26-06	2.8356142044067383	2026-08-12_20-26-06	2.8360767364501953	2026-08-12_20-26-06	True	2026-08-12_20-26-06	[0 0 1 0 0 0 0 0 0 1 0 1 0 0 0 0 0 0 0 0 0]	2026-08-12_20-26-06	[0 0 1 0 0 0 0 0 0 0 0 1 0 0 0 0 0 0 0 0 0]	2026-08-12_20-26-06	[1 0 0 0 0 0 0 0 0 0 0 0 0 1 0 0 1 0]	2026-08-12_20-26-06	[0 1 0 0 0 0 0 0 1 1 0 0 1 0 0 0 0 0]	2026-08-12_20-26-06	[6]	2026-08-12_20-26-06	[0 0 1 0 0 0 0 0 0 1 0 1 1 0 0 0 0 0 0 0 0]	2026-08-12_20-26-06	[0 0 1 0 0 0 0 0 0 0 0 1 1 0 0 0 0 0 0 0 0]	2026-08-12_20-26-06	[1 0 0 0 0 0 0 0 0 0 0 0 0 0 0 0 1 0]	2026-08-12_20-26-06	[0 1 0 0 0 0 0 0 1 1 0 0 0 0 0 0 0 0]	2026-08-12_20-26-06	[12]	2026-08-12_20-26-06
1	2026-08-12_20-26-06	-0.875	2026-08-12_20-26-06	11.658027648925781	2026-08-12_20-26-06	2.9737253189086914	2026-08-12_20-26-06	3.0017683506011963	2026-08-12_20-26-06	2.8331358432769775	2026-08-12_20-26-06	2.849398374557495	2026-08-12_20-26-06	True	2026-08-12_20-26-06	[0 0 1 0 0 0 0 0 0 1 0 1 1 0 0 0 0 0 0 0 0]	2026-08-12_20-26-06	[0 0 1 0 0 0 0 0 0 0 0 1 1 0 0 0 0 0 0 0 0]	2026-08-12_20-26-06	[1 0 0 0 0 0 0 0 0 0 0 0 0 0 0 0 1 0]	2026-08-12_20-26-06	[0 1 0 0 0 0 0 0 1 1 0 0 0 0 0 0 0 0]	2026-08-12_20-26-06	[12]	2026-08-12_20-26-06	[0 0 1 0 0 0 0 0 0 1 0 1 1 0 0 0 0 0 1 0 0]	2026-08-12_20-26-06	[0 1 1 0 0 0 0 0 0 0 0 1 1 0 0 0 0 0 0 0 0]	2026-08-12_20-26-06	[1 0 0 0 0 0 0 0 0 0 0 0 0 1 0 0 1 0]	2026-08-12_20-26-06	[0 1 0 0 0 0 0 0 1 1 0 0 1 0 0 0 0 0]	2026-08-12_20-26-06	[2]	2026-08-12_20-26-06
1	2026-08-12_20-26-06	-0.75	2026-08-12_20-26-06	11.720834732055664	2026-08-12_20-26-06	3.0037307739257812	2026-08-12_20-26-06	3.035797357559204	2026-08-12_20-26-06	2.8272485733032227	2026-08-12_20-26-06	2.854058265686035	2026-08-12_20-26-06	True	2026-08-12_20-26-06	[0 0 1 0 0 0 0 0 0 1 0 1 1 0 0 0 0 0 1 0 0]	2026-08-12_20-26-06	[0 1 1 0 0 0 0 0 0 0 0 1 1 0 0 0 0 0 0 0 0]	2026-08-12_20-26-06	[1 0 0 0 0 0 0 0 0 0 0 0 0 1 0 0 1 0]	2026-08-12_20-26-06	[0 1 0 0 0 0 0 0 1 1 0 0 1 0 0 0 0 0]	2026-08-12_20-26-06	[2]	2026-08-12_20-26-06	[0 0 1 0 0 0 0 0 0 1 0 0 1 0 0 0 0 0 1 0 0]	2026-08-12_20-26-06	[0 1 1 0 0 0 0 0 0 0 0 1 0 0 0 0 0 0 0 0 0]	2026-08-12_20-26-06	[1 0 0 0 0 0 0 0 0 0 0 0 0 0 0 0 1 0]	2026-08-12_20-26-06	[0 1 0 0 0 0 0 0 1 1 0 0 0 0 0 0 0 0]	2026-08-12_20-26-06	[4]	2026-08-12_20-26-06
1	2026-08-12_20-26-06	-0.625	2026-08-12_20-26-06	11.728092193603516	2026-08-12_20-26-06	2.9975478649139404	2026-08-12_20-26-06	3.018714427947998	2026-08-12_20-26-06	2.8467624187469482	2026-08-12_20-26-06	2.865067958831787	2026-08-12_20-26-06	True	2026-08-12_20-26-06	[0 0 1 0 0 0 0 0 0 1 0 0 1 0 0 0 0 0 1 0 0]	2026-08-12_20-26-06	[0 1 1 0 0 0 0 0 0 0 0 1 0 0 0 0 0 0 0 0 0]	2026-08-12_20-26-06	[1 0 0 0 0 0 0 0 0 0 0 0 0 0 0 0 1 0]	2026-08-12_20-26-06	[0 1 0 0 0 0 0 0 1 1 0 0 0 0 0 0 0 0]	2026-08-12_20-26-06	[4]	2026-08-12_20-26-06	[0 0 1 0 0 0 0 0 0 1 0 1 1 0 0 0 0 0 1 0 0]	2026-08-12_20-26-06	[0 0 1 0 0 0 0 0 0 0 0 1 0 0 0 0 0 0 0 0 0]	2026-08-12_20-26-06	[1 0 0 0 0 0 0 0 0 0 0 0 0 1 0 0 1 0]	2026-08-12_20-26-06	[0 1 0 0 0 0 0 0 0 1 0 0 0 0 0 0 0 0]	2026-08-12_20-26-06	[6]	2026-08-12_20-26-06
1	2026-08-12_20-26-06	-0.75	2026-08-12_20-26-06	11.768194198608398	2026-08-12_20-26-06	3.0128750801086426	2026-08-12_20-26-06	3.0016212463378906	2026-08-12_20-26-06	2.8703227043151855	2026-08-12_20-26-06	2.8833751678466797	2026-08-12_20-26-06	True	2026-08-12_20-26-06	[0 0 1 0 0 0 0 0 0 1 0 1 1 0 0 0 0 0 1 0 0]	2026-08-12_20-26-06	[0 0 1 0 0 0 0 0 0 0 0 1 0 0 0 0 0 0 0 0 0]	2026-08-12_20-26-06	[1 0 0 0 0 0 0 0 0 0 0 0 0 1 0 0 1 0]	2026-08-12_20-26-06	[0 1 0 0 0 0 0 0 0 1 0 0 0 0 0 0 0 0]	2026-08-12_20-26-06	[6]	2026-08-12_20-26-06	[0 0 1 0 0 0 0 0 0 1 0 1 1 0 0 0 0 0 0 0 0]	2026-08-12_20-26-06	[0 1 1 0 0 0 0 0 0 0 0 1 0 0 0 0 0 0 0 0 0]	2026-08-12_20-26-06	[1 0 0 0 0 0 0 1 0 0 0 0 0 1 0 0 1 0]	2026-08-12_20-26-06	[0 1 0 0 0 0 0 0 1 1 0 0 0 0 0 0 0 0]	2026-08-12_20-26-06	[4]	2026-08-12_20-26-06
1	2026-08-12_20-26-06	-0.875	2026-08-12_20-26-06	11.755489349365234	2026-08-12_20-26-06	3.0020334720611572	2026-08-12_20-26-06	3.014596939086914	2026-08-12_20-26-06	2.8650307655334473	2026-08-12_20-26-06	2.8738293647766113	2026-08-12_20-26-06	True	2026-08-12_20-26-06	[0 0 1 0 0 0 0 0 0 1 0 1 1 0 0 0 0 0 0 0 0]	2026-08-12_20-26-06	[0 1 1 0 0 0 0 0 0 0 0 1 0 0 0 0 0 0 0 0 0]	2026-08-12_20-26-06	[1 0 0 0 0 0 0 1 0 0 0 0 0 1 0 0 1 0]	2026-08-12_20-26-06	[0 1 0 0 0 0 0 0 1 1 0 0 0 0 0 0 0 0]	2026-08-12_20-26-06	[4]	2026-08-12_20-26-06	[0 0 1 0 0 0 0 0 0 1 0 0 1 0 0 0 0 0 0 0 0]	2026-08-12_20-26-06	[0 0 1 0 0 0 0 0 0 0 0 1 0 0 0 0 0 0 0 0 0]	2026-08-12_20-26-06	[1 0 0 0 0 0 0 1 0 0 0 0 0 0 0 0 1 0]	2026-08-12_20-26-06	[0 1 0 0 0 0 0 0 0 1 0 0 0 0 0 0 0 0]	2026-08-12_20-26-06	[2]	2026-08-12_20-26-06
1	2026-08-12_20-26-06	-0.75	2026-08-12_20-26-06	11.759613037109375	2026-08-12_20-26-06	3.0064778327941895	2026-08-12_20-26-06	3.0074081420898438	2026-08-12_20-26-06	2.866219997406006	2026-08-12_20-26-06	2.879507541656494	2026-08-12_20-26-06	True	2026-08-12_20-26-06	[0 0 1 0 0 0 0 0 0 1 0 0 1 0 0 0 0 0 0 0 0]	2026-08-12_20-26-06	[0 0 1 0 0 0 0 0 0 0 0 1 0 0 0 0 0 0 0 0 0]	2026-08-12_20-26-06	[1 0 0 0 0 0 0 1 0 0 0 0 0 0 0 0 1 0]	2026-08-12_20-26-06	[0 1 0 0 0 0 0 0 0 1 0 0 0 0 0 0 0 0]	2026-08-12_20-26-06	[2]	2026-08-12_20-26-06	[0 0 1 0 0 0 0 0 0 1 0 1 1 0 0 0 0 0 0 0 0]	2026-08-12_20-26-06	[0 1 1 0 0 0 0 0 0 0 0 1 0 0 0 0 0 0 0 0 0]	2026-08-12_20-26-06	[1 0 0 0 0 0 0 0 0 0 0 0 0 0 0 0 1 0]	2026-08-12_20-26-06	[0 1 0 0 0 0 0 0 1 1 0 0 0 0 0 0 0 0]	2026-08-12_20-26-06	[4]	2026-08-12_20-26-06
1	2026-08-12_20-26-06	-0.875	2026-08-12_20-26-06	11.71325969696045	2026-08-12_20-26-06	2.988680124282837	2026-08-12_20-26-06	3.0138285160064697	2026-08-12_20-26-06	2.845388412475586	2026-08-12_20-26-06	2.8653628826141357	2026-08-12_20-26-06	True	2026-08-12_20-26-06	[0 0 1 0 0 0 0 0 0 1 0 1 1 0 0 0 0 0 0 0 0]	2026-08-12_20-26-06	[0 1 1 0 0 0 0 0 0 0 0 1 0 0 0 0 0 0 0 0 0]	2026-08-12_20-26-06	[1 0 0 0 0 0 0 0 0 0 0 0 0 0 0 0 1 0]	2026-08-12_20-26-06	[0 1 0 0 0 0 0 0 1 1 0 0 0 0 0 0 0 0]	2026-08-12_20-26-06	[4]	2026-08-12_20-26-06	[0 0 1 0 0 0 0 0 0 1 0 0 1 0 0 0 0 0 0 0 0]	2026-08-12_20-26-06	[0 0 1 0 0 0 0 0 0 0 0 1 0 0 0 0 0 0 0 0 0]	2026-08-12_20-26-06	[1 0 0 0 0 0 0 0 0 0 0 0 0 1 0 0 1 0]	2026-08-12_20-26-06	[0 1 0 0 0 0 0 0 0 1 0 0 0 0 0 0 0 0]	2026-08-12_20-26-06	[2]	2026-08-12_20-26-06
2	2026-08-13_18-08-34	-1.0	2026-08-13_18-08-34	11.357126235961914	2026-08-13_18-08-34	2.889972448348999	2026-08-13_18-08-34	2.9078845977783203	2026-08-13_18-08-34	2.827969551086426	2026-08-13_18-08-34	2.73129940032959	2026-08-13_18-08-34	False	2026-08-13_18-08-34	[0 0 0 0 0 0 0 0 0 0 0 0 0 0 0 0 0 0 0 0 0]	2026-08-13_18-08-34	[0 0 0 0 0 0 0 0 0 0 1 0 0 1 0 0 0 1 0 0 0]	2026-08-13_18-08-34	[0 0 0 0 0 0 0 0 1 0 0 0 0 0 0 0 0 0]	2026-08-13_18-08-34	[0 0 0 0 0 0 0 0 0 0 0 0 0 0 0 0 0 0]	2026-08-13_18-08-34	[0]	2026-08-13_18-08-34	[0 0 0 0 0 0 0 0 0 0 0 0 0 0 0 0 0 0 0 0 0]	2026-08-13_18-08-34	[0 0 0 0 0 0 0 0 0 0 1 0 0 1 0 0 0 1 0 0 1]	2026-08-13_18-08-34	[0 0 0 0 0 0 0 1 1 0 0 0 0 0 0 0 0 0]	2026-08-13_18-08-34	[0 0 0 0 0 0 0 0 1 0 0 0 0 0 0 0 0 0]	2026-08-13_18-08-34	[0]	2026-08-13_18-08-34
2	2026-08-13_18-08-34	-1.0	2026-08-13_18-08-34	10.814671516418457	2026-08-13_18-08-34	2.5117807388305664	2026-08-13_18-08-34	2.83306622505188	2026-08-13_18-08-34	2.786708354949951	2026-08-13_18-08-34	2.6831157207489014	2026-08-13_18-08-34	False	2026-08-13_18-08-34	[0 0 0 0 0 0 0 0 0 0 0 0 0 0 0 0 0 0 0 0 0]	2026-08-13_18-08-34	[0 0 0 0 0 0 0 0 0 0 1 0 0 1 0 0 0 1 0 0 1]	2026-08-13_18-08-34	[0 0 0 0 0 0 0 1 1 0 0 0 0 0 0 0 0 0]	2026-08-13_18-08-34	[0 0 0 0 0 0 0 0 1 0 0 0 0 0 0 0 0 0]	2026-08-13_18-08-34	[0]	2026-08-13_18-08-34	[0 0 0 0 0 0 0 0 0 0 0 0 0 0 0 0 0 0 0 0 0]	2026-08-13_18-08-34	[0 0 0 0 0 0 0 0 0 0 1 0 0 1 0 0 0 1 0 0 0]	2026-08-13_18-08-34	[0 0 0 0 0 0 0 0 1 0 0 0 0 0 0 0 0 0]	2026-08-13_18-08-34	[0 0 0 0 0 0 0 0 1 0 0 0 0 0 0 0 0 0]	2026-08-13_18-08-34	[0]	2026-08-13_18-08-34
2	2026-08-13_18-08-34	-1.0	2026-08-13_18-08-34	11.082563400268555	2026-08-13_18-08-34	2.7335243225097656	2026-08-13_18-08-34	2.848299980163574	2026-08-13_18-08-34	2.78910756111145	2026-08-13_18-08-34	2.711632251739502	2026-08-13_18-08-34	False	2026-08-13_18-08-34	[0 0 0 0 0 0 0 0 0 0 0 0 0 0 0 0 0 0 0 0 0]	2026-08-13_18-08-34	[0 0 0 0 0 0 0 0 0 0 1 0 0 1 0 0 0 1 0 0 0]	2026-08-13_18-08-34	[0 0 0 0 0 0 0 0 1 0 0 0 0 0 0 0 0 0]	2026-08-13_18-08-34	[0 0 0 0 0 0 0 0 1 0 0 0 0 0 0 0 0 0]	2026-08-13_18-08-34	[0]	2026-08-13_18-08-34	[0 0 0 0 0 0 0 0 0 0 0 0 0 0 0 0 0 0 0 0 0]	2026-08-13_18-08-34	[0 0 0 0 0 0 0 0 0 0 1 0 0 1 0 0 0 1 0 0 1]	2026-08-13_18-08-34	[0 0 0 0 0 0 0 1 1 0 0 0 0 0 0 0 0 0]	2026-08-13_18-08-34	[0 0 0 0 0 0 0 0 1 0 0 0 0 0 0 0 0 0]	2026-08-13_18-08-34	[0]	2026-08-13_18-08-34
2	2026-08-13_18-08-34	-1.0	2026-08-13_18-08-34	10.93846607208252	2026-08-13_18-08-34	2.6122887134552	2026-08-13_18-08-34	2.8414361476898193	2026-08-13_18-08-34	2.7812795639038086	2026-08-13_18-08-34	2.7034614086151123	2026-08-13_18-08-34	False	2026-08-13_18-08-34	[0 0 0 0 0 0 0 0 0 0 0 0 0 0 0 0 0 0 0 0 0]	2026-08-13_18-08-34	[0 0 0 0 0 0 0 0 0 0 1 0 0 1 0 0 0 1 0 0 1]	2026-08-13_18-08-34	[0 0 0 0 0 0 0 1 1 0 0 0 0 0 0 0 0 0]	2026-08-13_18-08-34	[0 0 0 0 0 0 0 0 1 0 0 0 0 0 0 0 0 0]	2026-08-13_18-08-34	[0]	2026-08-13_18-08-34	[0 0 0 0 0 0 0 0 0 0 0 0 0 0 0 0 0 0 0 0 0]	2026-08-13_18-08-34	[0 0 0 0 0 0 0 0 0 0 1 0 0 1 0 0 0 1 0 0 0]	2026-08-13_18-08-34	[0 0 0 0 0 0 0 0 1 0 0 0 0 0 0 0 0 0]	2026-08-13_18-08-34	[0 0 0 0 0 0 0 0 1 0 0 0 0 0 0 0 0 0]	2026-08-13_18-08-34	[0]	2026-08-13_18-08-34
2	2026-08-13_18-08-34	-1.0	2026-08-13_18-08-34	11.183890342712402	2026-08-13_18-08-34	2.812656879425049	2026-08-13_18-08-34	2.876154899597168	2026-08-13_18-08-34	2.790261745452881	2026-08-13_18-08-34	2.7048168182373047	2026-08-13_18-08-34	False	2026-08-13_18-08-34	[0 0 0 0 0 0 0 0 0 0 0 0 0 0 0 0 0 0 0 0 0]	2026-08-13_18-08-34	[0 0 0 0 0 0 0 0 0 0 1 0 0 1 0 0 0 1 0 0 0]	2026-08-13_18-08-34	[0 0 0 0 0 0 0 0 1 0 0 0 0 0 0 0 0 0]	2026-08-13_18-08-34	[0 0 0 0 0 0 0 0 1 0 0 0 0 0 0 0 0 0]	2026-08-13_18-08-34	[0]	2026-08-13_18-08-34	[0 0 0 0 0 0 0 0 0 0 0 0 0 0 0 0 0 0 0 0 0]	2026-08-13_18-08-34	[0 0 0 0 0 0 0 0 0 0 1 0 0 1 0 0 0 1 0 0 1]	2026-08-13_18-08-34	[0 0 0 0 0 0 0 1 1 0 0 0 0 0 0 0 0 0]	2026-08-13_18-08-34	[0 0 0 0 0 0 0 0 1 0 0 0 0 0 0 0 0 0]	2026-08-13_18-08-34	[0]	2026-08-13_18-08-34
2	2026-08-13_18-08-34	-1.0	2026-08-13_18-08-34	10.97111988067627	2026-08-13_18-08-34	2.6094393730163574	2026-08-13_18-08-34	2.8529114723205566	2026-08-13_18-08-34	2.805739164352417	2026-08-13_18-08-34	2.7030296325683594	2026-08-13_18-08-34	False	2026-08-13_18-08-34	[0 0 0 0 0 0 0 0 0 0 0 0 0 0 0 0 0 0 0 0 0]	2026-08-13_18-08-34	[0 0 0 0 0 0 0 0 0 0 1 0 0 1 0 0 0 1 0 0 1]	2026-08-13_18-08-34	[0 0 0 0 0 0 0 1 1 0 0 0 0 0 0 0 0 0]	2026-08-13_18-08-34	[0 0 0 0 0 0 0 0 1 0 0 0 0 0 0 0 0 0]	2026-08-13_18-08-34	[0]	2026-08-13_18-08-34	[0 0 0 0 0 0 0 0 0 0 0 0 0 0 0 0 0 0 0 0 0]	2026-08-13_18-08-34	[0 0 0 0 0 0 0 0 0 0 1 0 0 1 0 0 0 1 0 0 0]	2026-08-13_18-08-34	[0 0 0 0 0 0 0 0 1 0 0 0 0 0 0 0 0 0]	2026-08-13_18-08-34	[0 0 0 0 0 0 0 0 1 0 0 0 0 0 0 0 0 0]	2026-08-13_18-08-34	[0]	2026-08-13_18-08-34
2	2026-08-13_18-08-34	-1.0	2026-08-13_18-08-34	11.193367004394531	2026-08-13_18-08-34	2.806398391723633	2026-08-13_18-08-34	2.871171474456787	2026-08-13_18-08-34	2.80067777633667	2026-08-13_18-08-34	2.7151198387145996	2026-08-13_18-08-34	False	2026-08-13_18-08-34	[0 0 0 0 0 0 0 0 0 0 0 0 0 0 0 0 0 0 0 0 0]	2026-08-13_18-08-34	[0 0 0 0 0 0 0 0 0 0 1 0 0 1 0 0 0 1 0 0 0]	2026-08-13_18-08-34	[0 0 0 0 0 0 0 0 1 0 0 0 0 0 0 0 0 0]	2026-08-13_18-08-34	[0 0 0 0 0 0 0 0 1 0 0 0 0 0 0 0 0 0]	2026-08-13_18-08-34	[0]	2026-08-13_18-08-34	[0 0 0 0 0 0 0 0 0 0 0 0 0 0 0 0 0 0 0 0 0]	2026-08-13_18-08-34	[0 0 0 0 0 0 0 0 0 0 1 0 0 1 0 0 0 1 0 0 1]	2026-08-13_18-08-34	[0 0 0 0 0 0 0 1 1 0 0 0 0 0 0 0 0 0]	2026-08-13_18-08-34	[0 0 0 0 0 0 0 0 1 0 0 0 0 0 0 0 0 0]	2026-08-13_18-08-34	[0]	2026-08-13_18-08-34
2	2026-08-13_18-08-34	-1.0	2026-08-13_18-08-34	10.778829574584961	2026-08-13_18-08-34	2.494366407394409	2026-08-13_18-08-34	2.8119523525238037	2026-08-13_18-08-34	2.7882397174835205	2026-08-13_18-08-34	2.6842703819274902	2026-08-13_18-08-34	False	2026-08-13_18-08-34	[0 0 0 0 0 0 0 0 0 0 0 0 0 0 0 0 0 0 0 0 0]	2026-08-13_18-08-34	[0 0 0 0 0 0 0 0 0 0 1 0 0 1 0 0 0 1 0 0 1]	2026-08-13_18-08-34	[0 0 0 0 0 0 0 1 1 0 0 0 0 0 0 0 0 0]	2026-08-13_18-08-34	[0 0 0 0 0 0 0 0 1 0 0 0 0 0 0 0 0 0]	2026-08-13_18-08-34	[0]	2026-08-13_18-08-34	[0 0 0 0 0 0 0 0 0 0 0 0 0 0 0 0 0 0 0 0 0]	2026-08-13_18-08-34	[0 0 0 0 0 0 0 0 0 0 1 0 0 1 0 0 0 1 0 0 0]	2026-08-13_18-08-34	[0 0 0 0 0 0 0 0 1 0 0 0 0 0 0 0 0 0]	2026-08-13_18-08-34	[0 0 0 0 0 0 0 0 1 0 0 0 0 0 0 0 0 0]	2026-08-13_18-08-34	[0]	2026-08-13_18-08-34
2	2026-08-13_18-08-34	0.18060548603534698	2026-08-13_18-08-34	11.096525192260742	2026-08-13_18-08-34	2.7786102294921875	2026-08-13_18-08-34	2.828780174255371	2026-08-13_18-08-34	2.7928473949432373	2026-08-13_18-08-34	2.6962873935699463	2026-08-13_18-08-34	False	2026-08-13_18-08-34	[0 0 0 0 0 0 0 0 0 0 0 0 0 0 0 0 0 0 0 0 0]	2026-08-13_18-08-34	[0 0 0 0 0 0 0 0 0 0 1 0 0 1 0 0 0 1 0 0 0]	2026-08-13_18-08-34	[0 0 0 0 0 0 0 0 1 0 0 0 0 0 0 0 0 0]	2026-08-13_18-08-34	[0 0 0 0 0 0 0 0 1 0 0 0 0 0 0 0 0 0]	2026-08-13_18-08-34	[0]	2026-08-13_18-08-34	[0 0 0 0 0 0 0 0 0 0 0 0 0 0 0 0 0 0 0 0 0]	2026-08-13_18-08-34	[0 0 0 0 0 0 0 0 0 0 1 0 0 1 0 0 0 1 0 0 1]	2026-08-13_18-08-34	[0 0 0 0 0 0 0 1 1 0 0 0 0 0 0 0 0 0]	2026-08-13_18-08-34	[0 0 0 0 0 0 0 0 0 0 0 0 0 0 0 0 0 0]	2026-08-13_18-08-34	[18]	2026-08-13_18-08-34
2	2026-08-13_18-08-34	-0.625	2026-08-13_18-08-34	11.2958345413208	2026-08-13_18-08-34	2.8124680519104004	2026-08-13_18-08-34	2.927967071533203	2026-08-13_18-08-34	2.84985089302063	2026-08-13_18-08-34	2.705548048019409	2026-08-13_18-08-34	False	2026-08-13_18-08-34	[0 0 0 0 0 0 0 0 0 0 0 0 0 0 0 0 0 0 0 0 0]	2026-08-13_18-08-34	[0 0 0 0 0 0 0 0 0 0 1 0 0 1 0 0 0 1 0 0 1]	2026-08-13_18-08-34	[0 0 0 0 0 0 0 1 1 0 0 0 0 0 0 0 0 0]	2026-08-13_18-08-34	[0 0 0 0 0 0 0 0 0 0 0 0 0 0 0 0 0 0]	2026-08-13_18-08-34	[18]	2026-08-13_18-08-34	[0 0 0 0 0 0 0 0 0 0 0 0 1 0 0 0 0 0 0 0 0]	2026-08-13_18-08-34	[0 0 0 0 0 0 0 0 0 0 1 0 1 1 0 0 0 1 0 0 1]	2026-08-13_18-08-34	[0 0 1 0 0 0 0 1 1 0 0 0 0 0 0 0 0 0]	2026-08-13_18-08-34	[0 0 0 1 0 0 0 0 0 0 0 0 0 0 0 0 0 0]	2026-08-13_18-08-34	[6]	2026-08-13_18-08-34
2	2026-08-13_18-08-34	-0.875	2026-08-13_18-08-34	11.151610374450684	2026-08-13_18-08-34	2.8850066661834717	2026-08-13_18-08-34	2.8176968097686768	2026-08-13_18-08-34	2.7715487480163574	2026-08-13_18-08-34	2.6773574352264404	2026-08-13_18-08-34	False	2026-08-13_18-08-34	[0 0 0 0 0 0 0 0 0 0 0 0 1 0 0 0 0 0 0 0 0]	2026-08-13_18-08-34	[0 0 0 0 0 0 0 0 0 0 1 0 1 1 0 0 0 1 0 0 1]	2026-08-13_18-08-34	[0 0 1 0 0 0 0 1 1 0 0 0 0 0 0 0 0 0]	2026-08-13_18-08-34	[0 0 0 1 0 0 0 0 0 0 0 0 0 0 0 0 0 0]	2026-08-13_18-08-34	[6]	2026-08-13_18-08-34	[1 0 0 0 0 0 0 0 0 0 0 0 1 0 0 0 0 0 0 0 0]	2026-08-13_18-08-34	[0 0 0 0 0 0 0 0 0 0 1 0 1 1 0 0 0 1 0 0 0]	2026-08-13_18-08-34	[0 0 1 0 0 0 0 1 1 0 0 0 0 0 1 0 0 0]	2026-08-13_18-08-34	[0 0 0 1 0 1 0 0 0 0 0 0 0 0 0 0 0 0]	2026-08-13_18-08-34	[2]	2026-08-13_18-08-34
2	2026-08-13_18-08-34	-1.0	2026-08-13_18-08-34	11.07050609588623	2026-08-13_18-08-34	2.877638816833496	2026-08-13_18-08-34	2.747795581817627	2026-08-13_18-08-34	2.777635097503662	2026-08-13_18-08-34	2.6674365997314453	2026-08-13_18-08-34	False	2026-08-13_18-08-34	[1 0 0 0 0 0 0 0 0 0 0 0 1 0 0 0 0 0 0 0 0]	2026-08-13_18-08-34	[0 0 0 0 0 0 0 0 0 0 1 0 1 1 0 0 0 1 0 0 0]	2026-08-13_18-08-34	[0 0 1 0 0 0 0 1 1 0 0 0 0 0 1 0 0 0]	2026-08-13_18-08-34	[0 0 0 1 0 1 0 0 0 0 0 0 0 0 0 0 0 0]	2026-08-13_18-08-34	[2]	2026-08-13_18-08-34	[1 0 0 0 0 0 0 0 0 0 0 0 1 0 0 0 0 0 0 0 0]	2026-08-13_18-08-34	[0 0 0 0 0 0 0 0 0 0 1 0 1 1 0 0 0 1 0 0 1]	2026-08-13_18-08-34	[0 0 1 0 0 0 0 1 1 0 0 0 0 0 0 0 0 0]	2026-08-13_18-08-34	[0 0 0 1 0 0 0 0 0 0 0 0 0 0 0 0 0 0]	2026-08-13_18-08-34	[0]	2026-08-13_18-08-34
2	2026-08-13_18-08-34	-0.5	2026-08-13_18-08-34	10.558687210083008	2026-08-13_18-08-34	2.4467663764953613	2026-08-13_18-08-34	2.709542751312256	2026-08-13_18-08-34	2.7762343883514404	2026-08-13_18-08-34	2.626143455505371	2026-08-13_18-08-34	False	2026-08-13_18-08-34	[1 0 0 0 0 0 0 0 0 0 0 0 1 0 0 0 0 0 0 0 0]	2026-08-13_18-08-34	[0 0 0 0 0 0 0 0 0 0 1 0 1 1 0 0 0 1 0 0 1]	2026-08-13_18-08-34	[0 0 1 0 0 0 0 1 1 0 0 0 0 0 0 0 0 0]	2026-08-13_18-08-34	[0 0 0 1 0 0 0 0 0 0 0 0 0 0 0 0 0 0]	2026-08-13_18-08-34	[0]	2026-08-13_18-08-34	[1 0 0 0 0 0 0 0 0 0 0 0 1 0 0 0 0 0 0 0 0]	2026-08-13_18-08-34	[0 0 0 0 0 0 0 0 0 0 1 0 1 1 0 0 0 1 0 0 0]	2026-08-13_18-08-34	[0 0 1 0 0 0 0 0 1 0 0 0 0 0 0 0 0 0]	2026-08-13_18-08-34	[0 0 0 1 0 1 0 0 0 0 0 0 0 0 0 0 0 0]	2026-08-13_18-08-34	[8]	2026-08-13_18-08-34
2	2026-08-13_18-08-34	-0.875	2026-08-13_18-08-34	11.298296928405762	2026-08-13_18-08-34	2.924529790878296	2026-08-13_18-08-34	2.8955702781677246	2026-08-13_18-08-34	2.7492542266845703	2026-08-13_18-08-34	2.72894287109375	2026-08-13_18-08-34	False	2026-08-13_18-08-34	[1 0 0 0 0 0 0 0 0 0 0 0 1 0 0 0 0 0 0 0 0]	2026-08-13_18-08-34	[0 0 0 0 0 0 0 0 0 0 1 0 1 1 0 0 0 1 0 0 0]	2026-08-13_18-08-34	[0 0 1 0 0 0 0 0 1 0 0 0 0 0 0 0 0 0]	2026-08-13_18-08-34	[0 0 0 1 0 1 0 0 0 0 0 0 0 0 0 0 0 0]	2026-08-13_18-08-34	[8]	2026-08-13_18-08-34	[1 0 0 0 0 0 0 0 0 0 0 0 1 0 0 0 0 0 1 0 0]	2026-08-13_18-08-34	[0 0 0 0 0 0 0 0 0 0 1 0 0 1 0 0 0 1 0 0 0]	2026-08-13_18-08-34	[0 0 1 0 0 0 0 0 1 0 0 0 0 1 0 0 0 0]	2026-08-13_18-08-34	[0 0 0 0 0 1 0 0 0 0 0 0 0 0 0 0 0 0]	2026-08-13_18-08-34	[2]	2026-08-13_18-08-34
2	2026-08-13_18-08-34	-1.0	2026-08-13_18-08-34	11.571982383728027	2026-08-13_18-08-34	2.9756839275360107	2026-08-13_18-08-34	2.964249849319458	2026-08-13_18-08-34	2.804090976715088	2026-08-13_18-08-34	2.827958345413208	2026-08-13_18-08-34	False	2026-08-13_18-08-34	[1 0 0 0 0 0 0 0 0 0 0 0 1 0 0 0 0 0 1 0 0]	2026-08-13_18-08-34	[0 0 0 0 0 0 0 0 0 0 1 0 0 1 0 0 0 1 0 0 0]	2026-08-13_18-08-34	[0 0 1 0 0 0 0 0 1 0 0 0 0 1 0 0 0 0]	2026-08-13_18-08-34	[0 0 0 0 0 1 0 0 0 0 0 0 0 0 0 0 0 0]	2026-08-13_18-08-34	[2]	2026-08-13_18-08-34	[1 0 0 0 0 0 0 0 0 0 0 0 1 0 0 0 0 0 1 0 0]	2026-08-13_18-08-34	[0 0 0 0 0 0 0 0 0 0 1 0 1 1 0 0 0 1 0 0 0]	2026-08-13_18-08-34	[0 0 1 0 0 0 0 1 1 0 0 0 0 1 0 0 0 0]	2026-08-13_18-08-34	[0 0 0 0 0 1 0 1 0 0 0 0 0 0 0 0 0 0]	2026-08-13_18-08-34	[0]	2026-08-13_18-08-34
2	2026-08-13_18-08-34	-1.0	2026-08-13_18-08-34	11.226765632629395	2026-08-13_18-08-34	2.7045390605926514	2026-08-13_18-08-34	2.944136142730713	2026-08-13_18-08-34	2.778061628341675	2026-08-13_18-08-34	2.8000285625457764	2026-08-13_18-08-34	False	2026-08-13_18-08-34	[1 0 0 0 0 0 0 0 0 0 0 0 1 0 0 0 0 0 1 0 0]	2026-08-13_18-08-34	[0 0 0 0 0 0 0 0 0 0 1 0 1 1 0 0 0 1 0 0 0]	2026-08-13_18-08-34	[0 0 1 0 0 0 0 1 1 0 0 0 0 1 0 0 0 0]	2026-08-13_18-08-34	[0 0 0 0 0 1 0 1 0 0 0 0 0 0 0 0 0 0]	2026-08-13_18-08-34	[0]	2026-08-13_18-08-34	[1 0 0 0 0 0 0 0 0 0 0 0 1 0 0 0 0 0 1 0 0]	2026-08-13_18-08-34	[0 0 0 0 0 0 0 0 0 0 1 0 1 1 0 0 0 1 0 0 1]	2026-08-13_18-08-34	[0 0 1 0 0 0 0 0 1 0 0 0 0 1 0 0 0 0]	2026-08-13_18-08-34	[0 0 0 0 0 1 0 1 0 0 0 0 0 0 0 0 0 0]	2026-08-13_18-08-34	[0]	2026-08-13_18-08-34
2	2026-08-13_18-08-34	-1.0	2026-08-13_18-08-34	11.291855812072754	2026-08-13_18-08-34	2.7461235523223877	2026-08-13_18-08-34	2.9521119594573975	2026-08-13_18-08-34	2.7911038398742676	2026-08-13_18-08-34	2.802516222000122	2026-08-13_18-08-34	False	2026-08-13_18-08-34	[1 0 0 0 0 0 0 0 0 0 0 0 1 0 0 0 0 0 1 0 0]	2026-08-13_18-08-34	[0 0 0 0 0 0 0 0 0 0 1 0 1 1 0 0 0 1 0 0 1]	2026-08-13_18-08-34	[0 0 1 0 0 0 0 0 1 0 0 0 0 1 0 0 0 0]	2026-08-13_18-08-34	[0 0 0 0 0 1 0 1 0 0 0 0 0 0 0 0 0 0]	2026-08-13_18-08-34	[0]	2026-08-13_18-08-34	[1 0 0 0 0 0 0 0 0 0 0 0 1 0 0 0 0 0 1 0 0]	2026-08-13_18-08-34	[0 0 0 0 0 0 0 0 0 0 1 0 1 1 0 0 0 1 0 0 0]	2026-08-13_18-08-34	[0 0 1 0 0 0 0 1 1 0 0 0 0 1 0 0 0 0]	2026-08-13_18-08-34	[0 0 0 0 0 1 0 1 0 0 0 0 0 0 0 0 0 0]	2026-08-13_18-08-34	[0]	2026-08-13_18-08-34
2	2026-08-13_18-08-34	-1.0	2026-08-13_18-08-34	11.294833183288574	2026-08-13_18-08-34	2.747255325317383	2026-08-13_18-08-34	2.9556565284729004	2026-08-13_18-08-34	2.7879936695098877	2026-08-13_18-08-34	2.803927421569824	2026-08-13_18-08-34	False	2026-08-13_18-08-34	[1 0 0 0 0 0 0 0 0 0 0 0 1 0 0 0 0 0 1 0 0]	2026-08-13_18-08-34	[0 0 0 0 0 0 0 0 0 0 1 0 1 1 0 0 0 1 0 0 0]	2026-08-13_18-08-34	[0 0 1 0 0 0 0 1 1 0 0 0 0 1 0 0 0 0]	2026-08-13_18-08-34	[0 0 0 0 0 1 0 1 0 0 0 0 0 0 0 0 0 0]	2026-08-13_18-08-34	[0]	2026-08-13_18-08-34	[1 0 0 0 0 0 0 0 0 0 0 0 1 0 0 0 0 0 1 0 0]	2026-08-13_18-08-34	[0 0 0 0 0 0 0 0 0 0 1 0 1 1 0 0 0 1 0 0 1]	2026-08-13_18-08-34	[0 0 1 0 0 0 0 0 1 0 0 0 0 1 0 0 0 0]	2026-08-13_18-08-34	[0 0 0 0 0 1 0 1 0 0 0 0 0 0 0 0 0 0]	2026-08-13_18-08-34	[0]	2026-08-13_18-08-34
2	2026-08-13_18-08-34	-1.0	2026-08-13_18-08-34	11.28758430480957	2026-08-13_18-08-34	2.73132061958313	2026-08-13_18-08-34	2.960092782974243	2026-08-13_18-08-34	2.781543731689453	2026-08-13_18-08-34	2.814627170562744	2026-08-13_18-08-34	False	2026-08-13_18-08-34	[1 0 0 0 0 0 0 0 0 0 0 0 1 0 0 0 0 0 1 0 0]	2026-08-13_18-08-34	[0 0 0 0 0 0 0 0 0 0 1 0 1 1 0 0 0 1 0 0 1]	2026-08-13_18-08-34	[0 0 1 0 0 0 0 0 1 0 0 0 0 1 0 0 0 0]	2026-08-13_18-08-34	[0 0 0 0 0 1 0 1 0 0 0 0 0 0 0 0 0 0]	2026-08-13_18-08-34	[0]	2026-08-13_18-08-34	[1 0 0 0 0 0 0 0 0 0 0 0 1 0 0 0 0 0 1 0 0]	2026-08-13_18-08-34	[0 0 0 0 0 0 0 0 0 0 1 0 1 1 0 0 0 1 0 0 0]	2026-08-13_18-08-34	[0 0 1 0 0 0 0 1 1 0 0 0 0 1 0 0 0 0]	2026-08-13_18-08-34	[0 1 0 0 0 1 0 1 0 0 0 0 0 0 0 0 0 0]	2026-08-13_18-08-34	[0]	2026-08-13_18-08-34
2	2026-08-13_18-08-34	-0.625	2026-08-13_18-08-34	11.257634162902832	2026-08-13_18-08-34	2.7141075134277344	2026-08-13_18-08-34	2.9531688690185547	2026-08-13_18-08-34	2.7809276580810547	2026-08-13_18-08-34	2.8094301223754883	2026-08-13_18-08-34	False	2026-08-13_18-08-34	[1 0 0 0 0 0 0 0 0 0 0 0 1 0 0 0 0 0 1 0 0]	2026-08-13_18-08-34	[0 0 0 0 0 0 0 0 0 0 1 0 1 1 0 0 0 1 0 0 0]	2026-08-13_18-08-34	[0 0 1 0 0 0 0 1 1 0 0 0 0 1 0 0 0 0]	2026-08-13_18-08-34	[0 1 0 0 0 1 0 1 0 0 0 0 0 0 0 0 0 0]	2026-08-13_18-08-34	[0]	2026-08-13_18-08-34	[1 0 0 0 0 0 0 0 0 0 0 0 1 0 0 0 0 0 1 0 0]	2026-08-13_18-08-34	[0 0 0 0 0 0 0 0 0 0 1 0 1 1 0 0 0 1 0 0 1]	2026-08-13_18-08-34	[0 0 1 0 0 0 0 0 1 0 0 0 0 1 0 0 0 0]	2026-08-13_18-08-34	[0 1 0 0 0 1 0 1 0 0 0 0 0 0 0 0 0 0]	2026-08-13_18-08-34	[6]	2026-08-13_18-08-34
2	2026-08-13_18-08-34	-0.75	2026-08-13_18-08-34	11.579266548156738	2026-08-13_18-08-34	2.9851748943328857	2026-08-13_18-08-34	2.9633901119232178	2026-08-13_18-08-34	2.81624174118042	2026-08-13_18-08-34	2.814459800720215	2026-08-13_18-08-34	False	2026-08-13_18-08-34	[1 0 0 0 0 0 0 0 0 0 0 0 1 0 0 0 0 0 1 0 0]	2026-08-13_18-08-34	[0 0 0 0 0 0 0 0 0 0 1 0 1 1 0 0 0 1 0 0 1]	2026-08-13_18-08-34	[0 0 1 0 0 0 0 0 1 0 0 0 0 1 0 0 0 0]	2026-08-13_18-08-34	[0 1 0 0 0 1 0 1 0 0 0 0 0 0 0 0 0 0]	2026-08-13_18-08-34	[6]	2026-08-13_18-08-34	[1 0 0 0 0 1 0 0 0 0 0 0 1 0 0 0 0 0 1 0 0]	2026-08-13_18-08-34	[0 0 0 0 0 0 0 0 0 0 1 0 0 1 0 0 0 1 0 0 1]	2026-08-13_18-08-34	[0 0 1 0 0 0 0 0 1 0 0 0 0 0 0 0 0 0]	2026-08-13_18-08-34	[0 1 0 0 0 1 0 0 0 0 0 0 0 0 0 0 0 0]	2026-08-13_18-08-34	[4]	2026-08-13_18-08-34
2	2026-08-13_18-08-34	-0.875	2026-08-13_18-08-34	11.449256896972656	2026-08-13_18-08-34	2.9926464557647705	2026-08-13_18-08-34	2.9476168155670166	2026-08-13_18-08-34	2.7465734481811523	2026-08-13_18-08-34	2.762420177459717	2026-08-13_18-08-34	False	2026-08-13_18-08-34	[1 0 0 0 0 1 0 0 0 0 0 0 1 0 0 0 0 0 1 0 0]	2026-08-13_18-08-34	[0 0 0 0 0 0 0 0 0 0 1 0 0 1 0 0 0 1 0 0 1]	2026-08-13_18-08-34	[0 0 1 0 0 0 0 0 1 0 0 0 0 0 0 0 0 0]	2026-08-13_18-08-34	[0 1 0 0 0 1 0 0 0 0 0 0 0 0 0 0 0 0]	2026-08-13_18-08-34	[4]	2026-08-13_18-08-34	[1 0 0 0 0 1 0 0 0 0 0 0 1 0 0 0 0 0 0 0 0]	2026-08-13_18-08-34	[0 0 0 0 0 0 0 0 0 0 1 0 1 1 0 0 0 1 0 0 1]	2026-08-13_18-08-34	[0 0 1 0 0 0 0 0 1 0 0 0 0 1 0 0 0 0]	2026-08-13_18-08-34	[0 1 0 0 0 1 0 1 0 0 0 0 0 0 0 0 0 0]	2026-08-13_18-08-34	[2]	2026-08-13_18-08-34
2	2026-08-13_18-08-34	-1.0	2026-08-13_18-08-34	11.52139949798584	2026-08-13_18-08-34	2.958526611328125	2026-08-13_18-08-34	2.942641258239746	2026-08-13_18-08-34	2.804628372192383	2026-08-13_18-08-34	2.815603494644165	2026-08-13_18-08-34	False	2026-08-13_18-08-34	[1 0 0 0 0 1 0 0 0 0 0 0 1 0 0 0 0 0 0 0 0]	2026-08-13_18-08-34	[0 0 0 0 0 0 0 0 0 0 1 0 1 1 0 0 0 1 0 0 1]	2026-08-13_18-08-34	[0 0 1 0 0 0 0 0 1 0 0 0 0 1 0 0 0 0]	2026-08-13_18-08-34	[0 1 0 0 0 1 0 1 0 0 0 0 0 0 0 0 0 0]	2026-08-13_18-08-34	[2]	2026-08-13_18-08-34	[1 0 0 0 0 1 0 0 0 0 0 0 1 0 0 0 0 0 0 0 0]	2026-08-13_18-08-34	[0 0 0 0 0 0 0 0 0 0 1 0 1 1 0 0 0 1 0 0 0]	2026-08-13_18-08-34	[0 0 1 0 0 0 0 1 1 0 0 0 0 1 0 0 0 0]	2026-08-13_18-08-34	[0 1 0 0 0 0 0 1 0 0 0 0 0 0 0 0 0 0]	2026-08-13_18-08-34	[0]	2026-08-13_18-08-34
2	2026-08-13_18-08-34	-0.875	2026-08-13_18-08-34	10.700718879699707	2026-08-13_18-08-34	2.461644172668457	2026-08-13_18-08-34	2.8261473178863525	2026-08-13_18-08-34	2.7639710903167725	2026-08-13_18-08-34	2.648956298828125	2026-08-13_18-08-34	False	2026-08-13_18-08-34	[1 0 0 0 0 1 0 0 0 0 0 0 1 0 0 0 0 0 0 0 0]	2026-08-13_18-08-34	[0 0 0 0 0 0 0 0 0 0 1 0 1 1 0 0 0 1 0 0 0]	2026-08-13_18-08-34	[0 0 1 0 0 0 0 1 1 0 0 0 0 1 0 0 0 0]	2026-08-13_18-08-34	[0 1 0 0 0 0 0 1 0 0 0 0 0 0 0 0 0 0]	2026-08-13_18-08-34	[0]	2026-08-13_18-08-34	[1 0 0 0 0 1 0 0 0 0 0 0 1 0 0 0 0 0 0 0 0]	2026-08-13_18-08-34	[0 0 0 0 0 0 0 0 0 0 1 0 1 1 0 0 0 1 0 0 1]	2026-08-13_18-08-34	[0 0 1 0 0 0 0 0 1 0 0 0 0 1 0 0 0 0]	2026-08-13_18-08-34	[0 1 0 0 0 1 0 1 0 0 0 0 0 0 0 0 0 0]	2026-08-13_18-08-34	[2]	2026-08-13_18-08-34
2	2026-08-13_18-08-34	-1.0	2026-08-13_18-08-34	11.544482231140137	2026-08-13_18-08-34	2.9656684398651123	2026-08-13_18-08-34	2.9575486183166504	2026-08-13_18-08-34	2.7991955280303955	2026-08-13_18-08-34	2.8220698833465576	2026-08-13_18-08-34	False	2026-08-13_18-08-34	[1 0 0 0 0 1 0 0 0 0 0 0 1 0 0 0 0 0 0 0 0]	2026-08-13_18-08-34	[0 0 0 0 0 0 0 0 0 0 1 0 1 1 0 0 0 1 0 0 1]	2026-08-13_18-08-34	[0 0 1 0 0 0 0 0 1 0 0 0 0 1 0 0 0 0]	2026-08-13_18-08-34	[0 1 0 0 0 1 0 1 0 0 0 0 0 0 0 0 0 0]	2026-08-13_18-08-34	[2]	2026-08-13_18-08-34	[1 0 0 0 0 1 0 0 0 0 0 0 1 0 0 0 0 0 0 0 0]	2026-08-13_18-08-34	[0 0 0 0 0 0 0 0 0 0 1 0 1 1 0 0 0 1 0 0 0]	2026-08-13_18-08-34	[0 0 1 0 0 0 0 0 1 0 0 0 0 0 0 0 0 0]	2026-08-13_18-08-34	[0 1 0 0 0 0 0 1 0 0 0 0 0 0 0 0 0 0]	2026-08-13_18-08-34	[0]	2026-08-13_18-08-34
2	2026-08-13_18-08-34	-0.875	2026-08-13_18-08-34	10.595682144165039	2026-08-13_18-08-34	2.3775134086608887	2026-08-13_18-08-34	2.823119878768921	2026-08-13_18-08-34	2.7402594089508057	2026-08-13_18-08-34	2.6547904014587402	2026-08-13_18-08-34	False	2026-08-13_18-08-34	[1 0 0 0 0 1 0 0 0 0 0 0 1 0 0 0 0 0 0 0 0]	2026-08-13_18-08-34	[0 0 0 0 0 0 0 0 0 0 1 0 1 1 0 0 0 1 0 0 0]	2026-08-13_18-08-34	[0 0 1 0 0 0 0 0 1 0 0 0 0 0 0 0 0 0]	2026-08-13_18-08-34	[0 1 0 0 0 0 0 1 0 0 0 0 0 0 0 0 0 0]	2026-08-13_18-08-34	[0]	2026-08-13_18-08-34	[1 0 0 0 0 1 0 0 0 0 0 0 1 0 0 0 0 0 0 0 0]	2026-08-13_18-08-34	[0 0 0 0 0 0 0 0 0 0 1 0 1 1 0 0 0 1 0 0 1]	2026-08-13_18-08-34	[0 0 1 0 0 0 0 1 1 0 0 0 0 0 0 0 0 0]	2026-08-13_18-08-34	[0 1 0 0 0 1 0 1 0 0 0 0 0 0 0 0 0 0]	2026-08-13_18-08-34	[2]	2026-08-13_18-08-34
2	2026-08-13_18-08-34	-1.0	2026-08-13_18-08-34	11.537284851074219	2026-08-13_18-08-34	2.9475626945495605	2026-08-13_18-08-34	2.9633867740631104	2026-08-13_18-08-34	2.8233730792999268	2026-08-13_18-08-34	2.802961826324463	2026-08-13_18-08-34	False	2026-08-13_18-08-34	[1 0 0 0 0 1 0 0 0 0 0 0 1 0 0 0 0 0 0 0 0]	2026-08-13_18-08-34	[0 0 0 0 0 0 0 0 0 0 1 0 1 1 0 0 0 1 0 0 1]	2026-08-13_18-08-34	[0 0 1 0 0 0 0 1 1 0 0 0 0 0 0 0 0 0]	2026-08-13_18-08-34	[0 1 0 0 0 1 0 1 0 0 0 0 0 0 0 0 0 0]	2026-08-13_18-08-34	[2]	2026-08-13_18-08-34	[1 0 0 0 0 1 0 0 0 0 0 0 1 0 0 0 0 0 0 0 0]	2026-08-13_18-08-34	[0 0 0 0 0 0 0 0 0 0 1 0 1 1 0 0 0 1 0 0 0]	2026-08-13_18-08-34	[0 0 1 0 0 0 0 0 1 0 0 0 0 0 0 0 0 0]	2026-08-13_18-08-34	[0 0 0 0 0 1 0 1 0 0 0 0 0 0 0 0 0 0]	2026-08-13_18-08-34	[0]	2026-08-13_18-08-34
2	2026-08-13_18-08-34	-0.75	2026-08-13_18-08-34	10.965295791625977	2026-08-13_18-08-34	2.568763494491577	2026-08-13_18-08-34	2.902585029602051	2026-08-13_18-08-34	2.741558790206909	2026-08-13_18-08-34	2.7523884773254395	2026-08-13_18-08-34	False	2026-08-13_18-08-34	[1 0 0 0 0 1 0 0 0 0 0 0 1 0 0 0 0 0 0 0 0]	2026-08-13_18-08-34	[0 0 0 0 0 0 0 0 0 0 1 0 1 1 0 0 0 1 0 0 0]	2026-08-13_18-08-34	[0 0 1 0 0 0 0 0 1 0 0 0 0 0 0 0 0 0]	2026-08-13_18-08-34	[0 0 0 0 0 1 0 1 0 0 0 0 0 0 0 0 0 0]	2026-08-13_18-08-34	[0]	2026-08-13_18-08-34	[1 0 0 0 0 1 0 0 0 0 0 0 1 0 0 0 0 0 0 0 0]	2026-08-13_18-08-34	[0 0 1 0 0 0 0 0 0 0 1 0 1 1 0 0 0 1 0 0 0]	2026-08-13_18-08-34	[0 0 1 0 0 0 0 1 1 0 0 0 0 0 0 0 0 0]	2026-08-13_18-08-34	[0 0 0 0 0 1 0 1 0 0 0 0 0 0 0 0 0 0]	2026-08-13_18-08-34	[4]	2026-08-13_18-08-34
2	2026-08-13_18-08-34	-1.0	2026-08-13_18-08-34	11.493385314941406	2026-08-13_18-08-34	2.961116075515747	2026-08-13_18-08-34	2.957516670227051	2026-08-13_18-08-34	2.782470703125	2026-08-13_18-08-34	2.7922821044921875	2026-08-13_18-08-34	False	2026-08-13_18-08-34	[1 0 0 0 0 1 0 0 0 0 0 0 1 0 0 0 0 0 0 0 0]	2026-08-13_18-08-34	[0 0 1 0 0 0 0 0 0 0 1 0 1 1 0 0 0 1 0 0 0]	2026-08-13_18-08-34	[0 0 1 0 0 0 0 1 1 0 0 0 0 0 0 0 0 0]	2026-08-13_18-08-34	[0 0 0 0 0 1 0 1 0 0 0 0 0 0 0 0 0 0]	2026-08-13_18-08-34	[4]	2026-08-13_18-08-34	[1 0 0 0 0 0 0 0 0 0 0 0 1 0 0 0 0 0 0 0 0]	2026-08-13_18-08-34	[0 0 1 0 0 0 0 0 0 0 1 0 0 1 0 0 0 1 0 0 0]	2026-08-13_18-08-34	[0 0 1 0 0 0 0 1 1 0 0 0 0 1 0 0 0 0]	2026-08-13_18-08-34	[0 0 0 0 0 1 0 0 0 0 0 0 0 0 0 0 0 0]	2026-08-13_18-08-34	[0]	2026-08-13_18-08-34
2	2026-08-13_18-08-34	-1.0	2026-08-13_18-08-34	10.931312561035156	2026-08-13_18-08-34	2.5671355724334717	2026-08-13_18-08-34	2.864295482635498	2026-08-13_18-08-34	2.761458396911621	2026-08-13_18-08-34	2.7384235858917236	2026-08-13_18-08-34	False	2026-08-13_18-08-34	[1 0 0 0 0 0 0 0 0 0 0 0 1 0 0 0 0 0 0 0 0]	2026-08-13_18-08-34	[0 0 1 0 0 0 0 0 0 0 1 0 0 1 0 0 0 1 0 0 0]	2026-08-13_18-08-34	[0 0 1 0 0 0 0 1 1 0 0 0 0 1 0 0 0 0]	2026-08-13_18-08-34	[0 0 0 0 0 1 0 0 0 0 0 0 0 0 0 0 0 0]	2026-08-13_18-08-34	[0]	2026-08-13_18-08-34	[1 0 0 0 0 0 0 0 0 0 0 0 1 0 0 0 0 0 0 0 0]	2026-08-13_18-08-34	[0 0 1 0 0 0 0 0 0 0 1 0 0 1 0 0 0 1 0 0 1]	2026-08-13_18-08-34	[0 0 1 0 0 0 0 0 1 0 0 0 0 1 0 0 0 0]	2026-08-13_18-08-34	[0 0 0 0 0 1 0 0 0 0 0 0 0 0 0 0 0 0]	2026-08-13_18-08-34	[0]	2026-08-13_18-08-34
