# num_workers = 7
# num_cells = 256
# seed_for_environment = 3316624
# lr = 0.0003
# max_grad_norm = 1.0
# eval_rollout_length = 30
# scaling_factor = 1000
# frames_per_batch = 500
# sub_batch_size = 64
# num_epochs = 15
# clip_epsilon = 0.2
# gamma = 0.99
# lmbda = 0.95
# entropy_eps = 0.003
# env_reward_engineering = True
# env_minimum_number_of_qubits = 8
# log_name = search_9_6_seed_3316624
# env_error_range = linear5
# env_version = qecc/bbcode-ldpc-v0
# env_bit_flipping = True
# env_l = 9
# env_m = 6
# env_use_dict_observation = True
# env_number_of_decoder_iterations = 50
# env_number_of_samples = 50
# env_code_logging = False
# model_architecture = hybrid
# model_surrogate_model_path = /vol/bitbucket/osella/rl-qecc-data//supervisedLearning/2026-07-12_20-18-32/surrogate_6x6.pth
# model_use_pretrained_encoder = True
# index_to_unfreeze_encoder_updates = 10
# encoder_lr_factor = 0.1
# training_device = cpu
# Resolved arguments:
# Resolved_env_reward_engineering = True
# Resolved_env_bit_flipping = True
# Resolved_env_useDictObservation = True
# Resolved_env_code_logging = False
# Resolved_env_error_range = [np.float64(0.0001), np.float64(0.025075), np.float64(0.05005), np.float64(0.075025), np.float64(0.1)]
# Resolved_model_use_pretrained_encoder = True
# Resolved_trainingDevice = cpu
# Resolved_model_architecture = hybrid
# Just for information, not used in actual run: SLURM CPUS queried from os environment: 96
# Number of workers: 7
# Does torch identify cuda: False
evaluation number	reward	policy entropy	policy entropy aX	policy entropy bX	policy entropy aY	policy entropy bY	Encoder freeze	postAction_aX	postAction_bX	postAction_aY	postAction_bY
0	-1.0	8.386083602905273	2.2756495475769043	2.2417588233947754	1.9248096942901611	1.9438656568527222	True	[1 0 0 0 0 0 0 0 0]	[0 0 0 0 0 1 0 0 0]	[0 0 0 0 0 0]	[1 0 0 0 0 0]
0	0.20000000298023224	8.407074928283691	2.2794833183288574	2.264824867248535	1.9256558418273926	1.9371109008789062	True	[1 0 0 1 0 0 0 0 0]	[0 1 0 0 0 1 0 0 0]	[0 0 0 0 0 0]	[0 0 0 0 0 0]
0	-1.0	8.414162635803223	2.2760651111602783	2.2692370414733887	1.9278080463409424	1.9410521984100342	True	[1 0 0 0 0 0 0 0 0]	[0 0 0 0 0 1 0 0 0]	[0 0 0 0 0 0]	[1 0 0 0 0 0]
0	0.2150000035762787	8.413455963134766	2.2798168659210205	2.266918420791626	1.9280829429626465	1.9386377334594727	True	[1 0 0 1 0 0 0 0 0]	[0 1 0 0 0 1 0 0 0]	[0 0 0 0 0 0]	[0 0 0 0 0 0]
0	-1.0	8.418177604675293	2.2751917839050293	2.2715651988983154	1.9315564632415771	1.9398645162582397	True	[1 0 0 0 0 0 0 0 0]	[0 1 0 0 0 1 0 0 1]	[0 0 0 0 0 0]	[1 0 0 0 0 0]
0	0.13500000536441803	8.414087295532227	2.283658266067505	2.2633438110351562	1.930704951286316	1.9363805055618286	True	[1 0 0 1 0 0 0 0 0]	[0 0 0 0 0 1 0 0 1]	[0 0 0 0 0 0]	[0 0 0 0 0 0]
0	-1.0	8.412075996398926	2.2653748989105225	2.2730553150177	1.9331488609313965	1.940496802330017	True	[1 0 0 0 0 0 0 0 0]	[0 0 0 0 0 1 0 0 0]	[0 0 0 0 0 0]	[1 0 0 0 0 0]
0	0.25	8.409709930419922	2.2835710048675537	2.263099193572998	1.924564242362976	1.9384751319885254	True	[1 0 0 1 0 0 0 0 0]	[0 1 0 0 0 1 0 0 0]	[0 0 0 0 0 0]	[0 0 0 0 0 0]
0	-1.0	8.418458938598633	2.275392770767212	2.270594835281372	1.9320096969604492	1.9404611587524414	True	[1 0 0 0 0 0 0 0 0]	[0 0 0 0 0 1 0 0 0]	[0 0 0 0 0 0]	[1 0 0 0 0 0]
0	0.22499999403953552	8.407732009887695	2.278191328048706	2.26434588432312	1.9288008213043213	1.9363932609558105	True	[1 0 0 1 0 0 0 0 0]	[0 1 0 0 0 1 0 0 0]	[0 0 0 0 0 0]	[0 0 0 0 0 0]
0	-1.0	8.41214656829834	2.27018404006958	2.270740270614624	1.9315763711929321	1.9396462440490723	True	[1 0 0 0 0 0 0 0 0]	[0 0 0 0 0 1 0 0 0]	[0 0 0 0 0 0]	[1 0 0 0 0 0]
0	0.23000000417232513	8.410861015319824	2.2756545543670654	2.26825213432312	1.9297665357589722	1.9371873140335083	True	[1 0 0 1 0 0 0 0 0]	[0 1 0 0 0 1 0 0 0]	[0 0 0 0 0 0]	[0 0 0 0 0 0]
0	-1.0	8.412859916687012	2.27287220954895	2.268986225128174	1.9306957721710205	1.9403057098388672	True	[1 0 0 0 0 0 0 0 0]	[0 0 0 0 0 1 0 0 0]	[0 0 0 0 0 0]	[1 0 0 0 0 0]
0	0.25999999046325684	8.405534744262695	2.2820849418640137	2.258809804916382	1.926733374595642	1.9379065036773682	True	[1 0 0 1 0 0 0 0 0]	[0 1 0 0 0 1 0 0 0]	[0 0 0 0 0 0]	[0 0 0 0 0 0]
0	-1.0	8.411689758300781	2.273951292037964	2.2685658931732178	1.9285476207733154	1.9406256675720215	True	[1 0 0 0 0 0 0 0 0]	[0 0 0 0 0 1 0 0 0]	[0 0 0 0 0 0]	[1 0 0 0 0 0]
0	0.27000001072883606	8.411500930786133	2.281423330307007	2.264461040496826	1.9268620014190674	1.938754916191101	True	[1 0 0 1 0 0 0 0 0]	[0 1 0 0 0 1 0 0 0]	[0 0 0 0 0 0]	[0 0 0 0 0 0]
0	-1.0	8.409248352050781	2.2700488567352295	2.270251750946045	1.929934024810791	1.939013957977295	True	[1 0 0 0 0 0 0 0 0]	[0 1 0 0 0 1 0 0 1]	[0 0 0 0 0 0]	[1 0 0 0 0 0]
0	0.125	8.418427467346191	2.2817978858947754	2.2687602043151855	1.9312158823013306	1.9366534948349	True	[1 0 0 1 0 0 0 0 0]	[0 0 0 0 0 1 0 0 1]	[0 0 0 0 0 0]	[0 0 0 0 0 0]
0	-1.0	8.416378021240234	2.2634570598602295	2.277007579803467	1.936544418334961	1.9393694400787354	True	[1 0 0 0 0 0 0 0 0]	[0 0 0 0 0 1 0 0 0]	[0 0 0 0 0 0]	[1 0 0 0 0 0]
0	0.2199999988079071	8.403526306152344	2.2811949253082275	2.260990858078003	1.9237228631973267	1.9376176595687866	True	[1 0 0 1 0 0 0 0 0]	[0 1 0 0 0 1 0 0 0]	[0 0 0 0 0 0]	[0 0 0 0 0 0]
0	-1.0	8.415067672729492	2.2728638648986816	2.2699413299560547	1.9307830333709717	1.941479206085205	True	[1 0 0 0 0 0 0 0 0]	[0 1 0 0 0 1 0 0 1]	[0 0 0 0 0 0]	[1 0 0 0 0 0]
0	0.125	8.419273376464844	2.282247543334961	2.2662551403045654	1.9318089485168457	1.9389610290527344	True	[1 0 0 1 0 0 0 0 0]	[0 0 0 0 0 1 0 0 1]	[0 0 0 0 0 0]	[0 0 0 0 0 0]
0	-1.0	8.414915084838867	2.2687129974365234	2.2722508907318115	1.9346513748168945	1.9392999410629272	True	[1 0 0 0 0 0 0 0 0]	[0 0 0 0 0 1 0 0 0]	[0 0 0 0 0 0]	[1 0 0 0 0 0]
0	0.2549999952316284	8.402679443359375	2.2800118923187256	2.259860038757324	1.9258726835250854	1.9369345903396606	True	[1 0 0 1 0 0 0 0 0]	[0 1 0 0 0 1 0 0 0]	[0 0 0 0 0 0]	[0 0 0 0 0 0]
0	-1.0	8.411544799804688	2.2746849060058594	2.2686922550201416	1.9284193515777588	1.9397485256195068	True	[1 0 0 0 0 0 0 0 0]	[0 1 0 0 0 1 0 0 1]	[0 0 0 0 0 0]	[1 0 0 0 0 0]
0	0.11749999970197678	8.42053508758545	2.2808032035827637	2.2701544761657715	1.932314157485962	1.9372632503509521	True	[1 0 0 1 0 0 0 0 0]	[0 0 0 0 0 1 0 0 1]	[0 0 0 0 0 0]	[0 0 0 0 0 0]
0	-1.0	8.41096305847168	2.2608842849731445	2.2749831676483154	1.9361087083816528	1.9389866590499878	True	[1 0 0 0 0 0 0 0 0]	[0 0 0 0 0 1 0 0 0]	[0 0 0 0 0 0]	[1 0 0 0 0 0]
0	0.2199999988079071	8.412440299987793	2.280587673187256	2.267449378967285	1.9261527061462402	1.9382508993148804	True	[1 0 0 1 0 0 0 0 0]	[0 1 0 0 0 1 0 0 0]	[0 0 0 0 0 0]	[0 0 0 0 0 0]
0	-1.0	8.414359092712402	2.2733938694000244	2.2686638832092285	1.932734727859497	1.939566731452942	True	[1 0 0 0 0 0 0 0 0]	[0 0 0 0 0 1 0 0 0]	[0 0 0 0 0 0]	[1 0 0 0 0 0]
0	0.23499999940395355	8.404922485351562	2.281266450881958	2.261176109313965	1.9251999855041504	1.9372800588607788	True	[1 0 0 1 0 0 0 0 0]	[0 1 0 0 0 1 0 0 0]	[0 0 0 0 0 0]	[0 0 0 0 0 0]
