# num_workers = 18
# num_cells = 256
# seed_for_environment = 777001
# lr = 0.0003
# max_grad_norm = 1.0
# eval_rollout_length = 30
# scaling_factor = 1000
# frames_per_batch = 500
# sub_batch_size = 64
# num_epochs = 15
# clip_epsilon = 0.2
# gamma = 0.99
# lmbda = 0.95
# entropy_eps = 0.003
# env_reward_engineering = True
# env_minimum_number_of_qubits = 8
# log_name = None
# env_version = qecc/bbcode-ldpc-v0
# env_bit_flipping = True
# env_l = 21
# env_m = 18
# env_use_dict_observation = True
# env_number_of_decoder_iterations = 50
# env_number_of_samples = 50
# env_code_logging = True
# model_architecture = hybrid
# model_surrogate_model_path = /vol/bitbucket/osella/rl-qecc-data//supervisedLearning/grounding/mixed66-96_seed1.pth
# model_use_pretrained_encoder = True
# index_to_unfreeze_encoder_updates = 10
# encoder_lr_factor = 0.1
# training_device = cuda
# Resolved arguments:
# Resolved_env_reward_engineering = True
# Resolved_env_bit_flipping = True
# Resolved_env_useDictObservation = True
# Resolved_env_code_logging = True
# Resolved_model_use_pretrained_encoder = True
# Resolved_trainingDevice = cuda
# Resolved_model_architecture = hybrid
# Just for information, not used in actual run: SLURM CPUS queried from os environment: 6
# Number of workers: 18
# Does torch identify cuda: True
evaluation number	reward	policy entropy	policy entropy aX	policy entropy bX	policy entropy aY	policy entropy bY	Encoder freeze	postAction_aX	postAction_bX	postAction_aY	postAction_bY
0	-0.75	11.883963584899902	3.0489282608032227	3.036404848098755	2.8993542194366455	2.8992767333984375	True	[0 0 0 0 0 0 1 0 0 0 0 0 0 0 0 0 0 0 0 0 0]	[0 1 0 0 0 0 0 0 0 0 0 0 0 0 0 0 0 0 0 0 0]	[0 0 0 0 0 0 0 1 0 0 0 0 0 0 0 0 0 0]	[0 0 0 0 0 0 0 1 0 0 0 0 0 0 0 0 0 0]
0	0.17499999701976776	11.938577651977539	3.0608015060424805	3.044462203979492	2.9126274585723877	2.9206862449645996	True	[0 0 0 0 0 0 1 0 0 0 0 0 0 0 0 0 1 0 0 0 0]	[0 1 0 0 0 0 0 0 0 0 0 0 0 0 0 0 0 0 1 0 0]	[0 0 0 0 0 0 0 0 0 0 0 0 0 0 0 0 0 0]	[0 0 0 0 0 0 0 0 0 0 0 0 0 0 0 0 0 0]
0	-0.75	11.931386947631836	3.0618951320648193	3.047883987426758	2.9074974060058594	2.9141106605529785	True	[0 0 0 0 0 0 1 0 1 0 0 0 0 0 0 0 1 0 0 0 0]	[0 1 0 0 0 0 0 0 0 0 0 0 0 0 0 0 0 0 0 0 0]	[0 0 0 0 0 0 0 1 0 0 0 0 0 0 0 0 0 0]	[0 0 0 0 0 0 0 1 0 0 0 0 0 0 0 0 0 0]
0	0.12999999523162842	11.94818115234375	3.062730312347412	3.0479068756103516	2.91475510597229	2.922788143157959	True	[0 0 0 0 0 0 1 0 1 0 0 0 0 0 0 0 0 0 0 0 0]	[0 1 0 0 0 0 0 0 0 0 0 0 0 0 0 0 0 0 1 0 0]	[0 0 0 0 0 0 0 0 0 0 0 0 0 0 0 0 0 0]	[0 0 0 0 0 0 0 0 0 0 0 0 0 0 0 0 0 0]
0	-0.75	11.932061195373535	3.0624160766601562	3.0478522777557373	2.907078981399536	2.9147143363952637	True	[0 0 0 0 0 0 1 0 0 0 0 0 0 0 0 0 0 0 0 0 0]	[0 1 0 0 0 0 0 0 0 0 0 0 0 0 0 0 0 0 0 0 0]	[0 0 0 0 0 0 0 1 0 0 0 0 0 0 0 0 0 0]	[0 0 0 0 0 0 0 1 0 0 0 0 0 0 0 0 0 0]
0	0.16500000655651093	11.93997573852539	3.0609521865844727	3.0445146560668945	2.9128434658050537	2.921665668487549	True	[0 0 0 0 0 0 1 0 0 0 0 0 0 0 0 0 1 0 0 0 0]	[0 1 0 0 0 0 0 0 0 0 0 0 0 0 0 0 0 0 1 0 0]	[0 0 0 0 0 0 0 0 0 0 0 0 0 0 0 0 0 0]	[0 0 0 0 0 0 0 0 0 0 0 0 0 0 0 0 0 0]
0	-0.75	11.931920051574707	3.061933994293213	3.0473837852478027	2.907677173614502	2.9149248600006104	True	[0 0 0 0 0 0 1 0 1 0 0 0 0 0 0 0 1 0 0 0 0]	[0 1 0 0 0 0 0 0 0 0 0 0 0 0 0 0 0 0 0 0 0]	[0 0 0 0 0 0 0 1 0 0 0 0 0 0 0 0 0 0]	[0 0 0 0 0 0 0 1 0 0 0 0 0 0 0 0 0 0]
0	0.125	11.947037696838379	3.0622544288635254	3.047886848449707	2.914809226989746	2.9220871925354004	True	[0 0 0 0 0 0 1 0 1 0 0 0 0 0 0 0 0 0 0 0 0]	[0 1 0 0 0 0 0 0 0 0 0 0 0 0 0 0 0 0 1 0 0]	[0 0 0 0 0 0 0 0 0 0 0 0 0 0 0 0 0 0]	[0 0 0 0 0 0 0 0 0 0 0 0 0 0 0 0 0 0]
0	-0.75	11.929330825805664	3.0618503093719482	3.0471487045288086	2.906588554382324	2.913743019104004	True	[0 0 0 0 0 0 1 0 0 0 0 0 0 0 0 0 0 0 0 0 0]	[0 1 0 0 0 0 0 0 0 0 0 0 0 0 0 0 0 0 0 0 0]	[0 0 0 0 0 0 0 1 0 0 0 0 0 0 0 0 0 0]	[0 0 0 0 0 0 0 1 0 0 0 0 0 0 0 0 0 0]
0	0.17000000178813934	11.941990852355957	3.0610079765319824	3.045895576477051	2.913285255432129	2.921802043914795	True	[0 0 0 0 0 0 1 0 0 0 0 0 0 0 0 0 1 0 0 0 0]	[0 1 0 0 0 0 0 0 0 0 0 0 0 0 0 0 0 0 1 0 0]	[0 0 0 0 0 0 0 0 0 0 0 0 0 0 0 0 0 0]	[0 0 0 0 0 0 0 0 0 0 0 0 0 0 0 0 0 0]
0	-0.75	11.931998252868652	3.0616326332092285	3.0485963821411133	2.9077506065368652	2.914018392562866	True	[0 0 0 0 0 0 1 0 1 0 0 0 0 0 0 0 1 0 0 0 0]	[0 1 0 0 0 0 0 0 0 0 0 0 0 0 0 0 0 0 0 0 0]	[0 0 0 0 0 0 0 1 0 0 0 0 0 0 0 0 0 0]	[0 0 0 0 0 0 0 1 0 0 0 0 0 0 0 0 0 0]
0	0.12999999523162842	11.94688606262207	3.0623574256896973	3.0479698181152344	2.9145002365112305	2.922058582305908	True	[0 0 0 0 0 0 1 0 1 0 0 0 0 0 0 0 0 0 0 0 0]	[0 1 0 0 0 0 0 0 0 0 0 0 0 0 0 0 0 0 1 0 0]	[0 0 0 0 0 0 0 0 0 0 0 0 0 0 0 0 0 0]	[0 0 0 0 0 0 0 0 0 0 0 0 0 0 0 0 0 0]
0	-0.75	11.930744171142578	3.062045097351074	3.0477797985076904	2.9071550369262695	2.913763999938965	True	[0 0 0 0 0 0 1 0 0 0 0 0 0 0 0 0 0 0 0 0 0]	[0 1 0 0 0 0 0 0 0 0 0 0 0 0 0 0 0 0 0 0 0]	[0 0 0 0 0 0 0 1 0 0 0 0 0 0 0 0 0 0]	[0 0 0 0 0 0 0 1 0 0 0 0 0 0 0 0 0 0]
0	0.15000000596046448	11.942459106445312	3.061552047729492	3.0451457500457764	2.91367244720459	2.922088861465454	True	[0 0 0 0 0 0 1 0 0 0 0 0 0 0 0 0 1 0 0 0 0]	[0 1 0 0 0 0 0 0 0 0 0 0 0 0 0 0 0 0 1 0 0]	[0 0 0 0 0 0 0 0 0 0 0 0 0 0 0 0 0 0]	[0 0 0 0 0 0 0 0 0 0 0 0 0 0 0 0 0 0]
0	-0.25	11.933375358581543	3.0623836517333984	3.04831600189209	2.90769100189209	2.914984703063965	True	[0 0 0 0 0 0 0 0 0 0 0 0 0 0 0 0 1 0 0 0 0]	[0 1 0 0 0 0 0 0 0 0 0 0 0 0 0 0 0 0 0 0 0]	[0 0 0 0 0 0 0 1 0 0 0 0 0 0 0 0 0 0]	[0 0 0 0 0 0 0 1 0 0 0 0 0 0 0 0 0 0]
0	0.11500000208616257	11.940330505371094	3.062154769897461	3.0456795692443848	2.912323474884033	2.920173168182373	True	[0 0 0 0 0 0 0 0 0 0 0 0 0 0 0 0 0 0 0 0 0]	[0 1 0 0 0 0 0 0 0 0 0 0 0 0 0 0 0 0 1 0 0]	[0 0 0 0 0 0 0 0 0 0 0 0 0 0 0 0 0 0]	[0 0 0 0 0 0 0 0 0 0 0 0 0 0 0 0 0 0]
0	-0.75	11.925582885742188	3.061049699783325	3.0447657108306885	2.9059247970581055	2.9138431549072266	True	[0 0 0 0 0 0 1 0 0 0 0 0 0 0 0 0 0 0 0 0 0]	[0 1 0 0 0 0 0 0 0 0 0 0 0 0 0 0 0 0 0 0 0]	[0 0 0 0 0 0 0 1 0 0 0 0 0 0 0 0 0 0]	[0 0 0 0 0 0 0 1 0 0 0 0 0 0 0 0 0 0]
0	0.1550000011920929	11.942087173461914	3.0612776279449463	3.045675754547119	2.913437843322754	2.9216957092285156	True	[0 0 0 0 0 0 1 0 0 0 0 0 0 0 0 0 1 0 0 0 0]	[0 1 0 0 0 0 0 0 0 0 0 0 0 0 0 0 0 0 1 0 0]	[0 0 0 0 0 0 0 0 0 0 0 0 0 0 0 0 0 0]	[0 0 0 0 0 0 0 0 0 0 0 0 0 0 0 0 0 0]
0	-0.75	11.930753707885742	3.061692237854004	3.0479016304016113	2.9067673683166504	2.9143924713134766	True	[0 0 0 0 0 0 1 0 1 0 0 0 0 0 0 0 1 0 0 0 0]	[0 1 0 0 0 0 0 0 0 0 0 0 0 0 0 0 0 0 0 0 0]	[0 0 0 0 0 0 0 1 0 0 0 0 0 0 0 0 0 0]	[0 0 0 0 0 0 0 1 0 0 0 0 0 0 0 0 0 0]
0	0.125	11.948026657104492	3.0620548725128174	3.048309326171875	2.9148736000061035	2.9227888584136963	True	[0 0 0 0 0 0 1 0 1 0 0 0 0 0 0 0 0 0 0 0 0]	[0 1 0 0 0 0 0 0 0 0 0 0 0 0 0 0 0 0 1 0 0]	[0 0 0 0 0 0 0 0 0 0 0 0 0 0 0 0 0 0]	[0 0 0 0 0 0 0 0 0 0 0 0 0 0 0 0 0 0]
0	-0.75	11.931596755981445	3.062082529067993	3.0481364727020264	2.90740704536438	2.9139699935913086	True	[0 0 0 0 0 0 1 0 0 0 0 0 0 0 0 0 0 0 0 0 0]	[0 1 0 0 0 0 0 0 0 0 0 0 0 0 0 0 0 0 0 0 0]	[0 0 0 0 0 0 0 1 0 0 0 0 0 0 0 0 0 0]	[0 0 0 0 0 0 0 1 0 0 0 0 0 0 0 0 0 0]
0	0.1599999964237213	11.937365531921387	3.0599043369293213	3.0439999103546143	2.9129180908203125	2.9205431938171387	True	[0 0 0 0 0 0 1 0 0 0 0 0 0 0 0 0 1 0 0 0 0]	[0 1 0 0 0 0 0 0 0 0 0 0 0 0 0 0 0 0 1 0 0]	[0 0 0 0 0 0 0 0 0 0 0 0 0 0 0 0 0 0]	[0 0 0 0 0 0 0 0 0 0 0 0 0 0 0 0 0 0]
0	-0.75	11.935548782348633	3.0624217987060547	3.050126075744629	2.9081614017486572	2.9148402214050293	True	[0 0 0 0 0 0 1 0 1 0 0 0 0 0 0 0 1 0 0 0 0]	[0 1 0 0 0 0 0 0 0 0 0 0 0 0 0 0 0 0 0 0 0]	[0 0 0 0 0 0 0 1 0 0 0 0 0 0 0 0 0 0]	[0 0 0 0 0 0 0 1 0 0 0 0 0 0 0 0 0 0]
0	0.125	11.948326110839844	3.063096046447754	3.0479896068573	2.914499044418335	2.922740936279297	True	[0 0 0 0 0 0 1 0 1 0 0 0 0 0 0 0 0 0 0 0 0]	[0 1 0 0 0 0 0 0 0 0 0 0 0 0 0 0 0 0 1 0 0]	[0 0 0 0 0 0 0 0 0 0 0 0 0 0 0 0 0 0]	[0 0 0 0 0 0 0 0 0 0 0 0 0 0 0 0 0 0]
0	-0.75	11.93150520324707	3.0621070861816406	3.0478811264038086	2.9072864055633545	2.9142298698425293	True	[0 0 0 0 0 0 1 0 0 0 0 0 0 0 0 0 0 0 0 0 0]	[0 1 0 0 0 0 0 0 0 0 0 0 0 0 0 0 0 0 0 0 0]	[0 0 0 0 0 0 0 1 0 0 0 0 0 0 0 0 0 0]	[0 0 0 0 0 0 0 1 0 0 0 0 0 0 0 0 0 0]
0	0.18000000715255737	11.935619354248047	3.059584856033325	3.043600559234619	2.9118380546569824	2.920595169067383	True	[0 0 0 0 0 0 1 0 0 0 0 0 0 0 0 0 1 0 0 0 0]	[0 1 0 0 0 0 0 0 0 0 0 0 0 0 0 0 0 0 1 0 0]	[0 0 0 0 0 0 0 0 0 0 0 0 0 0 0 0 0 0]	[0 0 0 0 0 0 0 0 0 0 0 0 0 0 0 0 0 0]
0	-0.25	11.933262825012207	3.0617194175720215	3.048431634902954	2.907863140106201	2.915248394012451	True	[0 0 0 0 0 0 0 0 0 0 0 0 0 0 0 0 1 0 0 0 0]	[0 1 0 0 0 0 0 0 0 0 0 0 0 0 0 0 0 0 0 0 0]	[0 0 0 0 0 0 0 1 0 0 0 0 0 0 0 0 0 0]	[0 0 0 0 0 0 0 1 0 0 0 0 0 0 0 0 0 0]
0	0.11249999701976776	11.940937995910645	3.0614521503448486	3.0457146167755127	2.913179397583008	2.9205918312072754	True	[0 0 0 0 0 0 0 0 0 0 0 0 0 0 0 0 0 0 0 0 0]	[0 1 0 0 0 0 0 0 0 0 0 0 0 0 0 0 0 0 1 0 0]	[0 0 0 0 0 0 0 0 0 0 0 0 0 0 0 0 0 0]	[0 0 0 0 0 0 0 0 0 0 0 0 0 0 0 0 0 0]
0	-0.75	11.926676750183105	3.06101655960083	3.0459237098693848	2.9057252407073975	2.9140117168426514	True	[0 0 0 0 0 0 1 0 0 0 0 0 0 0 0 0 0 0 0 0 0]	[0 1 0 0 0 0 0 0 0 0 0 0 0 0 0 0 0 0 0 0 0]	[0 0 0 0 0 0 0 1 0 0 0 0 0 0 0 0 0 0]	[0 0 0 0 0 0 0 1 0 0 0 0 0 0 0 0 0 0]
0	0.18000000715255737	11.936919212341309	3.0602755546569824	3.043403387069702	2.91264009475708	2.920599937438965	True	[0 0 0 0 0 0 1 0 0 0 0 0 0 0 0 0 1 0 0 0 0]	[0 1 0 0 0 0 0 0 0 0 0 0 0 0 0 0 0 0 1 0 0]	[0 0 0 0 0 0 0 0 0 0 0 0 0 0 0 0 0 0]	[0 0 0 0 0 0 0 0 0 0 0 0 0 0 0 0 0 0]
