# num_workers = 7
# num_cells = 256
# seed_for_environment = 1732050
# lr = 0.0003
# max_grad_norm = 1.0
# eval_rollout_length = 30
# scaling_factor = 1000
# frames_per_batch = 500
# sub_batch_size = 64
# num_epochs = 15
# clip_epsilon = 0.2
# gamma = 0.99
# lmbda = 0.95
# entropy_eps = 0.003
# env_reward_engineering = True
# env_minimum_number_of_qubits = 8
# log_name = search_9_6_seed_1732050
# env_error_range = linear5
# env_version = qecc/bbcode-ldpc-v0
# env_bit_flipping = True
# env_l = 9
# env_m = 6
# env_use_dict_observation = True
# env_number_of_decoder_iterations = 50
# env_number_of_samples = 50
# env_code_logging = False
# model_architecture = hybrid
# model_surrogate_model_path = /vol/bitbucket/osella/rl-qecc-data//supervisedLearning/2026-07-12_20-18-32/surrogate_6x6.pth
# model_use_pretrained_encoder = True
# index_to_unfreeze_encoder_updates = 10
# encoder_lr_factor = 0.1
# training_device = cpu
# Resolved arguments:
# Resolved_env_reward_engineering = True
# Resolved_env_bit_flipping = True
# Resolved_env_useDictObservation = True
# Resolved_env_code_logging = False
# Resolved_env_error_range = [np.float64(0.0001), np.float64(0.025075), np.float64(0.05005), np.float64(0.075025), np.float64(0.1)]
# Resolved_model_use_pretrained_encoder = True
# Resolved_trainingDevice = cpu
# Resolved_model_architecture = hybrid
# Just for information, not used in actual run: SLURM CPUS queried from os environment: 96
# Number of workers: 7
# Does torch identify cuda: False
evaluation number	reward	policy entropy	policy entropy aX	policy entropy bX	policy entropy aY	policy entropy bY	Encoder freeze	postAction_aX	postAction_bX	postAction_aY	postAction_bY
0	-0.75	8.324811935424805	2.2377493381500244	2.2917020320892334	1.8947489261627197	1.9006123542785645	True	[0 0 0 0 0 0 0 1 0]	[0 0 0 0 0 0 0 1 0]	[0 0 0 1 0 0]	[0 1 0 0 0 0]
0	-0.5	8.439701080322266	2.286409378051758	2.2916359901428223	1.9206743240356445	1.9409816265106201	True	[0 0 0 1 0 0 0 1 0]	[0 0 0 0 0 1 0 1 0]	[0 0 0 0 0 0]	[0 1 0 0 0 1]
0	-1.0	8.40861988067627	2.283700466156006	2.2965431213378906	1.9139751195907593	1.9144012928009033	True	[0 0 0 0 0 0 0 1 0]	[0 1 0 0 0 1 0 1 0]	[0 0 0 0 1 0]	[0 1 0 0 0 1]
0	-1.0	8.457576751708984	2.288475513458252	2.296245574951172	1.9297826290130615	1.9430735111236572	True	[0 0 0 0 0 0 0 1 0]	[0 1 0 0 0 0 0 1 0]	[0 1 0 0 1 0]	[0 1 0 0 0 1]
0	-0.5	8.455323219299316	2.288844347000122	2.2957615852355957	1.9294627904891968	1.9412541389465332	True	[0 0 0 0 0 0 0 1 0]	[0 1 0 0 0 1 0 1 0]	[0 1 0 1 1 0]	[0 1 0 0 0 1]
0	-1.0	8.454479217529297	2.2940499782562256	2.2964134216308594	1.9218848943710327	1.9421308040618896	True	[0 0 0 0 0 0 0 1 0]	[0 1 0 0 0 0 0 1 0]	[0 1 0 1 0 0]	[0 1 0 0 0 1]
0	-0.5	8.459979057312012	2.2897939682006836	2.2992959022521973	1.9278852939605713	1.9430038928985596	True	[0 0 0 0 0 0 0 1 0]	[0 1 0 0 0 1 0 1 0]	[0 1 0 1 1 0]	[0 1 0 0 0 1]
0	-1.0	8.45829963684082	2.2953710556030273	2.2979259490966797	1.9227287769317627	1.9422744512557983	True	[0 0 0 0 0 0 0 1 0]	[0 1 0 0 0 0 0 1 0]	[0 1 0 1 0 0]	[0 1 0 0 0 1]
0	-1.0	8.462926864624023	2.2897887229919434	2.2978644371032715	1.9311236143112183	1.9441497325897217	True	[0 0 0 0 0 0 0 1 0]	[0 1 0 0 0 1 0 1 0]	[0 1 0 0 0 0]	[0 1 0 0 0 1]
0	-1.0	8.449552536010742	2.286090850830078	2.2946789264678955	1.9272758960723877	1.9415072202682495	True	[0 0 0 0 0 0 0 1 0]	[0 1 0 0 0 0 0 1 0]	[0 0 0 0 0 0]	[0 1 0 0 0 0]
0	-1.0	8.433063507080078	2.2851264476776123	2.289180040359497	1.9195265769958496	1.939229965209961	True	[0 0 0 0 0 0 0 1 0]	[0 1 0 0 0 1 0 1 0]	[0 1 0 0 0 0]	[0 1 0 0 0 1]
0	-1.0	8.450326919555664	2.286177158355713	2.295685291290283	1.926619052886963	1.9418458938598633	True	[0 0 0 0 0 0 0 1 0]	[0 1 0 0 0 0 0 1 0]	[0 0 0 0 0 0]	[0 1 0 0 1 1]
0	-1.0	8.453604698181152	2.2871360778808594	2.2959439754486084	1.9286030530929565	1.9419211149215698	True	[0 0 0 0 0 0 0 1 0]	[0 1 0 0 0 1 0 1 0]	[0 1 0 0 0 0]	[0 0 0 0 1 1]
0	-1.0	8.45547866821289	2.2880313396453857	2.2967002391815186	1.9278541803359985	1.942893147468567	True	[0 0 0 0 0 0 0 1 0]	[0 1 0 0 0 0 0 1 0]	[0 0 0 0 0 0]	[0 0 0 0 1 0]
0	-0.75	8.435532569885254	2.283421516418457	2.2887465953826904	1.923075556755066	1.940288782119751	True	[0 0 0 0 0 0 0 1 0]	[0 1 0 0 0 1 0 1 0]	[0 0 0 1 0 0]	[0 0 0 0 1 0]
0	-1.0	8.446671485900879	2.28820538520813	2.293297052383423	1.9230153560638428	1.942153811454773	True	[0 0 0 0 0 0 0 1 0]	[0 1 0 0 0 0 0 1 0]	[0 0 0 0 0 0]	[0 0 0 0 1 0]
0	-1.0	8.442728042602539	2.2862422466278076	2.2904105186462402	1.9238433837890625	1.942232370376587	True	[0 0 0 0 0 0 0 1 0]	[0 1 0 0 0 1 0 1 0]	[0 1 0 0 0 0]	[0 0 0 0 1 1]
0	-1.0	8.450989723205566	2.2879490852355957	2.2937448024749756	1.927897334098816	1.9413988590240479	True	[0 0 0 0 0 0 0 1 0]	[0 1 0 0 0 0 0 1 0]	[0 0 0 0 0 0]	[0 0 0 0 0 1]
0	-0.25	8.431404113769531	2.2855606079101562	2.2886390686035156	1.9205291271209717	1.9366755485534668	True	[0 0 0 0 0 0 0 1 0]	[0 1 0 0 0 1 0 1 0]	[0 1 0 0 0 0]	[0 0 0 0 0 1]
0	-1.0	8.437231063842773	2.2883286476135254	2.2894763946533203	1.9184448719024658	1.940981388092041	True	[0 0 0 0 0 0 0 1 0]	[0 1 0 0 0 0 0 1 0]	[0 1 0 0 1 0]	[0 0 0 0 0 0]
0	-1.0	8.448725700378418	2.2913670539855957	2.2947747707366943	1.925639271736145	1.9369451999664307	True	[0 0 0 1 0 0 0 1 0]	[0 1 0 0 0 1 0 1 0]	[0 1 0 1 1 0]	[0 0 0 0 0 0]
0	-1.0	8.455352783203125	2.2949817180633545	2.2975707054138184	1.929677963256836	1.933122158050537	True	[0 1 0 1 0 0 0 1 0]	[0 0 0 0 0 1 0 1 0]	[0 1 0 1 0 0]	[0 0 0 0 0 0]
0	-1.0	8.473979949951172	2.2958123683929443	2.298508882522583	1.936961054801941	1.9426980018615723	True	[0 1 0 0 0 0 0 1 0]	[0 0 0 0 0 0 0 1 0]	[0 0 0 1 0 0]	[0 0 0 0 0 0]
0	-1.0	8.457756996154785	2.2939608097076416	2.2951500415802	1.9262256622314453	1.9424208402633667	True	[0 1 0 1 0 0 0 1 0]	[0 0 0 0 0 1 0 1 0]	[0 0 0 0 0 0]	[0 0 0 0 0 0]
0	-1.0	8.442729949951172	2.293163776397705	2.2972965240478516	1.9272584915161133	1.9250115156173706	True	[0 1 0 0 0 0 0 1 0]	[0 0 0 0 0 1 0 0 0]	[0 0 0 1 0 0]	[0 0 0 0 0 0]
0	-1.0	8.411928176879883	2.281315803527832	2.295769214630127	1.914557695388794	1.9202849864959717	True	[0 1 0 0 0 0 0 0 0]	[0 1 0 0 0 1 0 0 0]	[0 0 0 0 0 0]	[0 0 0 0 0 0]
0	-1.0	8.403509140014648	2.2826976776123047	2.2966911792755127	1.9133448600769043	1.910775899887085	True	[0 1 0 0 0 0 0 1 0]	[0 0 0 0 0 1 0 0 0]	[0 0 0 1 0 0]	[0 0 0 0 0 0]
0	-1.0	8.414785385131836	2.284072160720825	2.297168731689453	1.9135475158691406	1.919997215270996	True	[0 1 0 0 0 0 0 0 0]	[0 1 0 0 0 1 0 0 0]	[0 0 0 0 0 0]	[0 0 0 0 0 0]
0	-1.0	8.396387100219727	2.278712034225464	2.294668436050415	1.9163490533828735	1.9066581726074219	True	[0 1 0 0 0 0 0 1 0]	[0 0 0 0 0 1 0 0 0]	[0 0 0 1 0 0]	[0 0 0 0 0 0]
0	-1.0	8.420611381530762	2.2854583263397217	2.2970988750457764	1.9161916971206665	1.9218627214431763	True	[0 1 0 0 0 0 0 0 0]	[0 1 0 0 0 1 0 0 0]	[0 0 0 0 0 0]	[0 0 0 0 0 0]
1	-0.25	7.438938140869141	2.109487533569336	1.7913872003555298	1.7205137014389038	1.8175499439239502	False	[0 0 0 0 0 0 0 1 0]	[0 0 0 0 1 0 0 0 0]	[0 0 0 0 0 1]	[0 0 1 0 0 0]
1	-0.5	7.347009181976318	1.841926097869873	2.129960536956787	1.6173957586288452	1.7577266693115234	False	[0 0 0 0 0 1 0 1 0]	[0 0 0 0 1 0 0 0 1]	[0 1 0 0 0 1]	[0 0 0 0 0 0]
1	-0.75	8.227625846862793	2.2218356132507324	2.173961639404297	1.9166150093078613	1.915213942527771	False	[0 0 1 0 0 1 0 1 0]	[0 0 0 0 1 0 1 0 1]	[0 1 0 0 0 0]	[1 0 0 0 0 0]
1	-0.75	8.120231628417969	2.172107696533203	2.2735061645507812	1.756280541419983	1.918337345123291	False	[0 0 0 0 0 1 0 1 0]	[0 0 0 1 1 0 1 0 1]	[0 0 0 0 0 0]	[1 1 0 0 0 0]
1	-0.5	8.143658638000488	2.1785004138946533	2.262160062789917	1.7733566761016846	1.9296413660049438	False	[0 0 1 0 0 1 0 1 0]	[0 0 0 1 1 0 0 0 1]	[0 0 0 0 1 0]	[1 0 0 0 0 0]
1	-0.75	8.187943458557129	2.178523540496826	2.2634902000427246	1.8472285270690918	1.8987010717391968	False	[0 0 0 0 0 1 0 1 0]	[0 0 0 1 1 0 1 0 1]	[0 0 0 0 0 0]	[1 1 0 0 0 0]
1	-0.75	8.141803741455078	2.1931843757629395	2.254119396209717	1.7672858238220215	1.9272141456604004	False	[0 0 1 0 0 1 0 1 0]	[0 0 0 1 1 0 0 0 1]	[0 1 0 0 0 0]	[1 0 0 0 0 0]
1	-0.75	8.149848937988281	2.176708459854126	2.262033462524414	1.8118895292282104	1.8992173671722412	False	[0 0 1 0 0 0 0 1 0]	[0 0 0 0 1 0 0 0 1]	[0 1 0 0 1 0]	[1 1 0 0 0 0]
1	-0.5	8.133808135986328	2.137098550796509	2.2751870155334473	1.8091542720794678	1.9123680591583252	False	[0 0 0 0 0 0 0 1 0]	[0 0 0 1 1 0 0 0 1]	[0 0 0 0 1 0]	[1 0 0 0 0 0]
1	-0.75	8.020814895629883	2.1622769832611084	2.2320103645324707	1.7476794719696045	1.8788478374481201	False	[0 0 0 1 0 0 0 1 0]	[0 0 0 1 1 0 1 0 1]	[0 0 0 0 0 0]	[1 1 0 0 0 0]
1	-0.75	8.282599449157715	2.220832109451294	2.212265968322754	1.918774962425232	1.9307265281677246	False	[0 0 1 1 0 0 0 1 0]	[0 0 0 1 1 0 0 0 1]	[0 1 0 0 0 0]	[1 1 0 0 1 0]
1	-0.75	8.077686309814453	2.131990909576416	2.2684056758880615	1.7734997272491455	1.9037904739379883	False	[0 0 0 1 0 0 0 1 0]	[0 0 0 0 1 0 0 0 1]	[0 1 0 0 1 0]	[1 0 0 0 1 0]
1	-0.75	8.208528518676758	2.163327217102051	2.2686002254486084	1.8751431703567505	1.90145742893219	False	[0 0 0 0 0 0 0 1 0]	[0 0 0 0 1 0 1 0 1]	[0 0 0 0 1 0]	[1 1 0 0 1 0]
1	-0.75	8.10471248626709	2.118832588195801	2.260704755783081	1.8270188570022583	1.898155927658081	False	[0 0 0 0 0 1 0 1 0]	[0 0 0 1 1 0 1 0 1]	[0 1 0 0 1 0]	[1 0 0 0 1 0]
1	-0.75	8.108078002929688	2.137683153152466	2.268437147140503	1.7858489751815796	1.9161088466644287	False	[0 0 1 0 0 1 0 1 0]	[0 0 0 0 1 0 1 0 1]	[0 1 0 0 0 0]	[1 1 0 0 1 0]
1	-0.5	8.11581039428711	2.1275742053985596	2.2764732837677	1.7930524349212646	1.9187110662460327	False	[0 0 0 0 0 1 0 1 0]	[0 0 0 1 1 0 1 0 1]	[0 0 0 0 0 0]	[1 0 0 0 1 0]
1	-0.75	8.139262199401855	2.1531054973602295	2.252081871032715	1.8125207424163818	1.921553373336792	False	[0 0 1 0 0 1 0 1 0]	[0 0 0 1 1 0 0 0 1]	[0 0 0 0 1 0]	[1 1 0 0 1 0]
1	-0.75	7.986243724822998	2.0938713550567627	2.2444241046905518	1.75361168384552	1.8943367004394531	False	[0 0 1 0 0 0 0 1 0]	[0 0 0 0 1 0 0 0 1]	[0 1 0 0 1 0]	[1 0 0 0 1 0]
1	-0.75	8.113351821899414	2.1534347534179688	2.2721006870269775	1.7854517698287964	1.902364730834961	False	[0 0 1 0 0 1 0 1 0]	[0 0 0 1 1 0 0 0 1]	[0 1 0 0 0 0]	[1 1 0 0 1 0]
1	-0.75	8.151396751403809	2.1346137523651123	2.266589403152466	1.8356126546859741	1.9145805835723877	False	[0 0 0 0 0 1 0 1 0]	[0 0 0 0 1 0 0 0 1]	[0 1 0 0 1 0]	[1 0 0 0 1 0]
1	-0.75	8.132307052612305	2.1513242721557617	2.261181354522705	1.8171100616455078	1.9026916027069092	False	[0 0 1 0 0 1 0 1 0]	[0 0 0 0 1 0 1 0 1]	[0 1 0 0 0 0]	[1 1 0 0 1 0]
1	-0.5	8.156259536743164	2.13212251663208	2.2740113735198975	1.8307230472564697	1.919403314590454	False	[0 0 0 0 0 1 0 1 0]	[0 0 0 1 1 0 1 0 1]	[0 0 0 0 0 0]	[1 0 0 0 1 0]
1	0.25	8.125778198242188	2.172790050506592	2.2376859188079834	1.786077857017517	1.929224967956543	False	[0 0 0 0 0 0 0 1 0]	[0 0 0 1 1 0 0 0 1]	[0 0 0 0 1 0]	[1 0 1 0 1 0]
1	-0.5	7.916306495666504	2.0689146518707275	2.2003538608551025	1.804006814956665	1.8430309295654297	False	[0 0 0 0 0 1 0 1 0]	[0 0 0 1 1 0 1 0 1]	[0 0 0 0 0 0]	[1 0 0 0 1 0]
1	-0.75	8.146540641784668	2.159435987472534	2.254493474960327	1.8116353750228882	1.9209758043289185	False	[0 0 1 0 0 1 0 1 0]	[0 0 0 1 1 0 0 0 1]	[0 1 0 0 0 0]	[1 1 0 0 1 0]
1	-0.75	8.155895233154297	2.1473560333251953	2.273270845413208	1.8187580108642578	1.9165101051330566	False	[0 0 1 0 0 0 0 1 0]	[0 0 0 0 1 0 0 0 1]	[0 1 0 0 1 0]	[1 0 0 0 1 0]
1	-0.75	8.096078872680664	2.1236748695373535	2.264857053756714	1.8087447881698608	1.8988027572631836	False	[0 0 1 0 0 1 0 1 0]	[0 0 0 1 1 0 0 0 1]	[0 1 0 0 0 0]	[1 1 0 0 1 0]
1	-0.5	8.121671676635742	2.140071153640747	2.271266460418701	1.7997714281082153	1.910562515258789	False	[0 0 1 0 0 0 0 1 0]	[0 0 0 0 1 0 0 0 1]	[0 0 0 0 0 0]	[1 0 0 0 1 0]
1	-0.25	8.047768592834473	2.156128406524658	2.2309932708740234	1.7619850635528564	1.898661494255066	False	[0 0 1 0 0 1 0 1 0]	[0 0 0 1 1 0 0 0 1]	[0 1 0 0 0 0]	[1 0 1 0 1 0]
1	-0.75	8.036886215209961	2.0928680896759033	2.2560410499572754	1.7957638502120972	1.8922131061553955	False	[0 0 1 0 0 0 0 1 0]	[0 0 0 0 1 0 0 0 1]	[0 1 0 0 1 0]	[1 0 0 0 1 0]
2	-0.25	6.117921829223633	1.8715834617614746	0.7669346332550049	1.7639530897140503	1.7154507637023926	False	[0 0 0 0 0 0 0 0 1]	[0 0 0 0 1 0 0 0 0]	[0 0 0 0 0 1]	[0 0 0 0 1 0]
2	-0.75	7.6090545654296875	2.130157709121704	2.130329132080078	1.7669594287872314	1.581608772277832	False	[0 0 0 0 0 1 0 0 1]	[0 0 0 0 1 0 1 0 0]	[0 0 0 0 1 1]	[0 0 1 0 1 0]
2	-0.75	7.9862213134765625	2.185209035873413	2.257875680923462	1.781237006187439	1.761899709701538	False	[0 0 0 0 0 0 0 0 1]	[0 0 0 0 1 0 1 1 0]	[0 0 1 0 1 1]	[0 0 0 0 1 0]
2	-0.75	7.901844024658203	2.194169044494629	2.2300524711608887	1.7604072093963623	1.7172157764434814	False	[0 0 0 1 0 0 0 0 1]	[0 0 1 0 1 0 1 1 0]	[0 0 1 0 0 1]	[0 0 1 0 1 0]
2	-0.5	7.872743606567383	2.0938007831573486	2.1476173400878906	1.8255561590194702	1.8057692050933838	False	[0 0 0 0 0 0 0 0 1]	[0 0 0 0 1 0 1 1 0]	[0 0 1 1 0 1]	[0 0 0 0 1 0]
2	0.3100000023841858	8.04907512664795	2.227191209793091	2.22605562210083	1.7995959520339966	1.7962322235107422	False	[0 0 0 0 0 0 1 0 1]	[0 0 0 0 1 0 0 1 0]	[0 0 1 1 1 1]	[0 0 0 0 0 0]
2	-0.5	7.4829206466674805	2.1352734565734863	1.7373878955841064	1.8267371654510498	1.7835218906402588	False	[0 0 0 0 0 0 0 0 1]	[0 0 0 0 0 0 0 1 0]	[0 0 1 1 0 1]	[0 0 1 0 0 0]
2	-0.5	7.993719100952148	2.1667747497558594	2.212096691131592	1.8352618217468262	1.7795857191085815	False	[0 0 0 1 0 0 0 0 1]	[0 0 0 0 0 0 1 1 0]	[0 0 1 1 1 1]	[0 0 0 0 0 0]
2	-0.5	7.858582496643066	2.224560499191284	2.2311923503875732	1.7242282629013062	1.6786012649536133	False	[0 0 0 1 0 0 1 0 1]	[0 0 0 0 0 0 0 1 0]	[0 0 1 1 0 1]	[0 0 1 0 0 0]
2	-0.5	7.726766586303711	2.1235437393188477	2.1586668491363525	1.776155948638916	1.6684001684188843	False	[0 0 0 0 0 0 1 0 1]	[0 0 0 0 0 0 1 1 0]	[0 0 1 1 1 1]	[0 0 0 0 0 0]
2	-0.5	7.806052207946777	2.2082326412200928	2.2419815063476562	1.7159035205841064	1.6399345397949219	False	[0 0 0 1 0 0 1 0 1]	[0 0 0 0 0 0 0 1 0]	[0 0 1 1 0 1]	[0 0 1 0 0 0]
2	-0.5	7.817676544189453	2.131246566772461	2.125192642211914	1.8083559274673462	1.7528812885284424	False	[0 0 0 0 0 0 1 0 1]	[0 0 1 0 0 0 0 1 0]	[0 0 1 1 1 1]	[0 0 0 0 0 0]
2	-0.5	8.026592254638672	2.217761993408203	2.2166528701782227	1.8175522089004517	1.774625301361084	False	[0 0 0 1 0 0 1 0 1]	[0 0 1 0 0 0 1 1 0]	[0 0 1 1 0 1]	[0 0 1 0 0 0]
2	-0.5	7.813846111297607	2.090020179748535	2.200296640396118	1.804532766342163	1.7189966440200806	False	[0 0 1 1 0 0 1 0 1]	[0 0 0 0 0 0 1 1 0]	[0 0 1 1 1 1]	[0 0 0 0 0 0]
2	-0.5	7.89885950088501	2.1900436878204346	2.22805118560791	1.778097152709961	1.7026677131652832	False	[0 0 0 1 0 0 1 0 1]	[0 0 0 0 0 0 0 1 0]	[0 0 1 1 0 1]	[0 0 1 0 0 0]
2	-0.5	7.816107749938965	2.139850616455078	2.142577648162842	1.8040533065795898	1.7296264171600342	False	[0 0 0 0 0 0 1 0 1]	[0 0 0 0 0 0 1 1 0]	[0 0 1 1 1 1]	[0 0 0 0 0 0]
2	0.3700000047683716	7.900465488433838	2.225424289703369	2.2352383136749268	1.7460575103759766	1.6937450170516968	False	[0 0 1 0 0 0 1 0 1]	[0 0 0 0 0 0 0 1 0]	[0 0 1 1 0 1]	[0 0 1 0 0 0]
2	-0.5	7.558859825134277	2.0189435482025146	2.1569881439208984	1.8236641883850098	1.5592634677886963	False	[0 0 1 1 0 0 1 0 1]	[0 0 0 0 0 0 1 1 0]	[0 0 1 1 1 1]	[0 0 0 0 0 0]
2	-0.5	7.910999774932861	2.1810574531555176	2.2305707931518555	1.7914015054702759	1.7079702615737915	False	[0 0 0 1 0 0 1 0 1]	[0 0 0 0 0 0 0 1 0]	[0 0 1 1 0 1]	[0 0 1 0 0 0]
2	-0.5	7.774921417236328	2.1138620376586914	2.133880138397217	1.806767463684082	1.720412015914917	False	[0 0 0 0 0 0 1 0 1]	[0 0 0 1 0 0 0 1 0]	[0 0 1 1 1 1]	[0 0 0 0 0 0]
2	-0.25	7.889621734619141	2.1367177963256836	2.037646770477295	1.8855905532836914	1.8296667337417603	False	[0 0 0 0 0 0 1 0 0]	[0 0 0 1 1 0 0 1 0]	[0 0 1 1 1 0]	[0 0 0 0 1 0]
2	-0.25	7.768788814544678	2.1927506923675537	2.1965980529785156	1.7251262664794922	1.6543134450912476	False	[0 0 0 1 0 0 1 0 0]	[0 0 0 1 1 0 1 1 0]	[0 0 1 1 0 0]	[0 0 1 0 1 0]
2	-0.25	7.742532730102539	2.092945098876953	2.1433069705963135	1.8104212284088135	1.695859670639038	False	[0 0 0 0 0 0 1 0 0]	[0 0 0 1 1 0 0 1 0]	[0 0 0 1 0 0]	[0 0 0 0 1 0]
2	-0.25	7.892568588256836	2.123762369155884	2.2046830654144287	1.821872353553772	1.7422508001327515	False	[0 0 0 1 0 0 1 0 0]	[0 0 0 1 1 0 1 1 0]	[0 0 0 1 1 0]	[0 0 1 0 1 0]
2	-0.25	7.710076808929443	2.0738255977630615	2.171721935272217	1.8031208515167236	1.6614089012145996	False	[0 0 0 0 0 0 1 0 0]	[0 0 0 1 1 0 0 1 0]	[0 0 1 1 1 0]	[0 0 0 0 1 0]
2	-0.25	7.771708011627197	2.1680619716644287	2.1879591941833496	1.7466015815734863	1.6690856218338013	False	[0 0 0 1 0 0 1 0 0]	[0 0 0 1 1 0 1 1 0]	[0 0 1 1 0 0]	[0 0 1 0 1 0]
2	-0.25	7.64134407043457	2.055922746658325	2.1353323459625244	1.801452875137329	1.6486358642578125	False	[0 0 0 0 0 0 1 0 0]	[0 0 0 1 1 0 0 1 0]	[0 0 1 1 1 0]	[0 0 0 0 1 0]
2	-0.25	7.756343841552734	2.1684181690216064	2.1724798679351807	1.7463288307189941	1.669116735458374	False	[0 0 0 1 0 0 1 0 0]	[0 0 0 1 1 0 1 1 0]	[0 0 1 1 0 0]	[0 0 1 0 1 0]
2	-0.25	7.7429399490356445	2.1000051498413086	2.144258975982666	1.8144654035568237	1.6842105388641357	False	[0 0 0 0 0 0 1 0 0]	[0 0 0 1 1 0 0 1 0]	[0 0 1 1 1 0]	[0 0 0 0 1 0]
2	-0.25	7.773193359375	2.187300682067871	2.178584098815918	1.731290340423584	1.676018476486206	False	[0 0 0 1 0 0 1 0 0]	[0 0 0 1 1 0 1 1 0]	[0 0 1 1 0 0]	[0 0 1 0 1 0]
3	-0.75	5.416436195373535	1.9505497217178345	0.6518703103065491	1.494520902633667	1.319495439529419	False	[1 0 0 0 0 0 0 0 0]	[0 0 0 0 1 0 0 0 0]	[0 0 0 0 0 1]	[0 0 1 0 0 0]
3	-0.5	6.542483329772949	1.9696056842803955	1.6959335803985596	1.599057912826538	1.2778866291046143	False	[1 0 0 1 0 0 0 0 0]	[0 0 0 0 1 0 1 0 0]	[0 1 0 0 0 1]	[0 0 0 0 0 0]
3	-0.5	6.19632625579834	1.9101941585540771	1.6013821363449097	1.6085835695266724	1.0761666297912598	False	[1 0 0 0 0 0 0 0 0]	[0 0 0 0 1 0 0 0 0]	[0 1 0 0 1 1]	[0 0 1 0 0 0]
3	-0.75	6.383473873138428	1.8392274379730225	1.679806113243103	1.6081329584121704	1.256307601928711	False	[1 0 0 1 0 0 0 0 0]	[0 0 0 0 1 0 1 0 0]	[0 0 0 0 1 1]	[0 0 0 0 0 0]
3	-0.75	6.440690040588379	1.9547792673110962	1.7251741886138916	1.6208776235580444	1.1398587226867676	False	[1 0 0 0 0 0 0 0 0]	[0 0 0 0 1 0 0 0 0]	[0 0 0 0 0 1]	[0 0 1 0 0 0]
3	-0.5	6.633910179138184	1.9299932718276978	1.7490438222885132	1.642539381980896	1.3123334646224976	False	[1 0 0 1 0 0 0 0 0]	[0 0 0 0 1 0 1 0 0]	[0 1 0 0 0 1]	[0 0 0 0 0 0]
3	-0.5	6.133235931396484	1.8851805925369263	1.6066617965698242	1.612755537033081	1.0286380052566528	False	[1 0 0 1 0 0 1 0 0]	[0 0 0 0 1 0 0 0 0]	[0 1 0 0 1 1]	[0 0 1 0 0 0]
3	-0.5	6.1556806564331055	1.8579624891281128	1.5845023393630981	1.607926845550537	1.1052887439727783	False	[1 0 0 1 0 0 0 0 0]	[0 0 0 0 1 0 1 0 0]	[0 1 0 0 0 1]	[0 0 0 0 0 0]
3	-0.5	6.308388710021973	1.8067092895507812	1.6360323429107666	1.6896966695785522	1.175950288772583	False	[1 0 0 1 0 0 1 0 0]	[0 0 0 0 1 0 0 0 0]	[0 1 0 0 1 1]	[0 0 1 0 0 0]
3	-0.5	6.240035057067871	1.8726881742477417	1.6160883903503418	1.6181838512420654	1.1330747604370117	False	[1 0 0 1 0 0 0 0 0]	[0 0 0 0 1 0 1 0 0]	[0 1 0 0 0 1]	[0 0 0 0 0 0]
3	-0.5	6.104192733764648	1.8933343887329102	1.5791245698928833	1.6004399061203003	1.0312939882278442	False	[1 0 0 1 0 0 1 0 0]	[0 0 0 0 1 0 0 0 0]	[0 1 0 0 1 1]	[0 0 1 0 0 0]
3	-0.5	6.188226222991943	1.8961713314056396	1.6085546016693115	1.593177080154419	1.0903228521347046	False	[1 0 0 1 0 0 0 0 0]	[0 0 0 0 1 0 1 0 0]	[0 1 0 0 0 1]	[0 0 0 0 0 0]
3	-0.5	6.244353294372559	1.8393794298171997	1.6279007196426392	1.6690226793289185	1.1080505847930908	False	[1 0 0 1 0 0 1 0 0]	[0 0 0 0 1 0 0 0 0]	[0 1 0 0 1 1]	[0 0 1 0 0 0]
3	-0.5	6.243860721588135	1.887773871421814	1.6380796432495117	1.6364703178405762	1.081536889076233	False	[1 0 0 1 0 0 0 0 0]	[0 0 0 0 1 0 1 0 0]	[0 1 0 0 0 1]	[0 0 0 0 0 0]
3	-0.5	6.202142715454102	1.9083876609802246	1.591353178024292	1.621303915977478	1.0810980796813965	False	[1 0 0 1 0 0 1 0 0]	[0 0 0 0 1 0 0 0 0]	[0 1 0 0 1 1]	[0 0 1 0 0 0]
3	-0.5	6.244622707366943	1.9064013957977295	1.6509464979171753	1.608311653137207	1.0789631605148315	False	[1 0 0 1 0 0 0 0 0]	[0 0 0 0 1 0 1 0 0]	[0 1 0 0 0 1]	[0 0 0 0 0 0]
3	-0.5	6.089156150817871	1.91342031955719	1.5811331272125244	1.5844615697860718	1.0101408958435059	False	[1 0 0 1 0 0 1 0 0]	[0 0 0 0 1 0 0 0 0]	[0 1 0 0 1 1]	[0 0 1 0 0 0]
3	-0.5	6.236336708068848	1.8701549768447876	1.6122779846191406	1.616521954536438	1.137381911277771	False	[1 0 0 1 0 0 0 0 0]	[0 0 0 0 1 0 1 0 0]	[0 1 0 0 0 1]	[0 0 0 0 0 0]
3	-0.5	6.193387031555176	1.9284297227859497	1.602256178855896	1.615059733390808	1.047641396522522	False	[1 0 0 1 0 0 1 0 0]	[0 0 0 0 1 0 0 0 0]	[0 1 0 0 1 1]	[0 0 1 0 0 0]
3	-0.5	6.293064117431641	1.9149852991104126	1.6658947467803955	1.6193848848342896	1.0927989482879639	False	[1 0 0 1 0 0 0 0 0]	[0 0 0 0 1 0 1 0 0]	[0 1 0 0 0 1]	[0 0 0 0 0 0]
3	-0.5	6.260558128356934	1.9002392292022705	1.6248921155929565	1.6367124319076538	1.0987143516540527	False	[1 0 0 1 0 0 1 0 0]	[0 0 0 0 1 0 0 0 0]	[0 1 0 0 1 1]	[0 0 1 0 0 0]
3	-0.5	6.187142372131348	1.8741341829299927	1.617469310760498	1.6129413843154907	1.0825976133346558	False	[1 0 0 1 0 0 0 0 0]	[0 0 0 0 1 0 1 0 0]	[0 1 0 0 0 1]	[0 0 0 0 0 0]
3	-0.5	6.165227890014648	1.9042024612426758	1.6097677946090698	1.6167969703674316	1.0344607830047607	False	[1 0 0 1 0 0 1 0 0]	[0 0 0 0 1 0 0 0 0]	[0 1 0 0 1 1]	[0 0 1 0 0 0]
3	-0.5	6.195871353149414	1.8995132446289062	1.603261947631836	1.6001266241073608	1.0929694175720215	False	[1 0 0 1 0 0 0 0 0]	[0 0 0 0 1 0 1 0 0]	[0 1 0 0 0 1]	[0 0 0 0 0 0]
3	-0.5	6.159584045410156	1.9047518968582153	1.5975501537322998	1.6097602844238281	1.0475218296051025	False	[1 0 0 1 0 0 1 0 0]	[0 0 0 0 1 0 0 0 0]	[0 1 0 0 1 1]	[0 0 1 0 0 0]
3	-0.5	6.223993301391602	1.8856327533721924	1.6126673221588135	1.610404372215271	1.1152889728546143	False	[1 0 0 1 0 0 0 0 0]	[0 0 0 0 1 0 1 0 0]	[0 1 0 0 0 1]	[0 0 0 0 0 0]
3	-0.5	6.1980133056640625	1.8791823387145996	1.6073297262191772	1.6203171014785767	1.0911842584609985	False	[1 0 0 1 0 0 1 0 0]	[0 0 0 0 1 0 0 0 0]	[0 1 0 0 1 1]	[0 0 1 0 0 0]
3	-0.5	6.231157302856445	1.8552947044372559	1.5881162881851196	1.6237053871154785	1.16404128074646	False	[1 0 0 1 0 0 0 0 0]	[0 0 0 0 1 0 1 0 0]	[0 1 0 0 0 1]	[0 0 0 0 0 0]
3	-0.5	6.2178521156311035	1.8948614597320557	1.6218236684799194	1.6262799501419067	1.0748872756958008	False	[1 0 0 0 0 0 0 0 0]	[0 0 0 0 1 0 0 0 0]	[0 1 0 0 1 1]	[0 0 1 0 0 0]
3	-0.75	6.379489898681641	1.8479576110839844	1.662819504737854	1.6000406742095947	1.268672227859497	False	[1 0 0 1 0 0 0 0 0]	[0 0 0 0 1 0 1 0 0]	[0 0 0 0 1 1]	[0 0 0 0 0 0]
4	0.17499999701976776	5.654629707336426	1.7216053009033203	1.1786493062973022	1.5090845823287964	1.2452900409698486	False	[0 0 0 0 0 0 1 0 0]	[0 0 0 1 0 0 0 0 0]	[1 0 0 0 0 0]	[0 0 0 1 0 0]
4	-0.75	5.4712443351745605	1.7998319864273071	1.0937680006027222	1.5252958536148071	1.0523487329483032	False	[0 0 1 0 0 0 1 0 0]	[0 0 0 0 0 0 0 0 0]	[0 0 0 0 0 0]	[0 0 1 1 0 0]
4	-0.25	7.249330997467041	2.074953556060791	1.9594935178756714	1.7160630226135254	1.4988209009170532	False	[0 0 0 0 0 0 1 0 0]	[0 0 0 0 0 0 1 0 0]	[0 0 0 0 1 0]	[0 0 0 1 0 0]
4	-0.75	6.2193145751953125	1.922694444656372	1.6067827939987183	1.453660011291504	1.2361775636672974	False	[0 0 1 0 0 0 1 0 0]	[0 0 0 1 0 0 1 0 0]	[0 0 0 0 0 0]	[0 0 1 1 0 0]
4	-0.75	7.234540939331055	2.0454812049865723	1.723702311515808	1.8185150623321533	1.6468417644500732	False	[0 0 1 0 0 0 1 1 0]	[0 0 0 1 0 0 0 0 0]	[0 0 0 0 1 0]	[0 0 0 1 0 0]
4	-0.75	6.492804050445557	2.003312826156616	1.7639307975769043	1.4139130115509033	1.3116475343704224	False	[0 0 0 0 0 0 1 1 0]	[0 0 0 1 0 0 1 0 0]	[0 0 0 0 0 0]	[0 0 1 1 0 0]
4	-0.75	6.547354698181152	1.9655663967132568	1.8399728536605835	1.4637045860290527	1.2781108617782593	False	[0 0 1 0 0 0 1 1 0]	[0 0 0 1 0 0 0 0 0]	[0 0 0 0 1 0]	[0 0 0 1 0 0]
4	-0.75	6.429396629333496	1.9653549194335938	1.7994585037231445	1.3985092639923096	1.2660739421844482	False	[0 0 0 0 0 0 1 1 0]	[0 0 0 0 0 0 0 0 0]	[0 0 0 0 0 0]	[0 0 1 1 0 0]
4	-0.75	6.367527008056641	1.9260163307189941	1.8731284141540527	1.4443647861480713	1.1240179538726807	False	[0 0 1 0 0 0 1 1 0]	[0 0 0 0 0 0 1 0 0]	[0 1 0 0 0 0]	[0 0 0 1 0 0]
4	-0.75	6.690898895263672	2.024608612060547	1.791147232055664	1.4439291954040527	1.4312140941619873	False	[0 0 0 0 0 0 1 1 0]	[0 0 0 1 0 0 1 0 0]	[0 1 0 0 1 0]	[0 0 1 1 0 0]
4	-0.75	6.737555503845215	1.9621241092681885	1.836374282836914	1.4717742204666138	1.4672825336456299	False	[0 0 1 0 0 0 1 1 0]	[0 0 0 0 0 0 1 0 0]	[0 1 0 0 0 0]	[0 0 0 1 0 0]
4	-0.75	6.521173477172852	2.0077388286590576	1.6919485330581665	1.4315967559814453	1.3898893594741821	False	[0 0 0 0 0 0 1 1 0]	[0 0 0 1 0 0 1 0 0]	[0 1 0 0 1 0]	[0 0 1 1 0 0]
4	-0.75	6.776968955993652	1.9487439393997192	1.8634769916534424	1.4779850244522095	1.4867631196975708	False	[0 0 1 0 0 0 1 1 0]	[0 0 0 0 0 0 1 0 0]	[0 1 0 0 0 0]	[0 0 0 1 0 0]
4	-0.75	6.575756072998047	2.0129337310791016	1.7554253339767456	1.432659387588501	1.3747379779815674	False	[0 0 0 0 0 0 1 1 0]	[0 0 0 1 0 0 1 0 0]	[0 1 0 0 1 0]	[0 0 1 1 0 0]
4	-0.75	6.715480804443359	1.9480020999908447	1.853877067565918	1.4420130252838135	1.4715887308120728	False	[0 0 1 0 0 0 1 1 0]	[0 0 0 1 0 0 0 0 0]	[0 1 0 0 0 0]	[0 0 0 1 0 0]
4	-0.75	6.522833824157715	2.0777928829193115	1.6453965902328491	1.4262725114822388	1.373371958732605	False	[0 0 0 0 0 0 1 1 0]	[0 0 0 0 0 0 0 0 0]	[0 1 0 0 1 0]	[0 0 1 1 0 0]
4	-0.75	6.6642303466796875	2.0131208896636963	1.8381915092468262	1.493636965751648	1.3192812204360962	False	[0 0 1 0 0 0 1 1 0]	[0 0 0 0 0 0 1 0 0]	[0 1 0 0 0 0]	[0 0 0 1 0 0]
4	-0.75	6.555499076843262	2.0208256244659424	1.7161065340042114	1.4283249378204346	1.3902417421340942	False	[0 0 0 0 0 0 1 1 0]	[0 0 0 1 0 0 1 0 0]	[0 1 0 0 1 0]	[0 0 1 1 0 0]
4	-0.75	6.824634075164795	1.973685383796692	1.854026436805725	1.483223795890808	1.5136985778808594	False	[0 0 1 0 0 0 1 1 0]	[0 0 0 0 0 0 1 0 0]	[0 1 0 0 0 0]	[0 0 0 1 0 0]
4	-0.75	6.691437244415283	2.0315020084381104	1.763814926147461	1.4391624927520752	1.4569576978683472	False	[0 0 0 0 0 0 1 1 0]	[0 0 0 1 0 0 1 0 0]	[0 1 0 0 1 0]	[0 0 1 1 0 0]
4	-0.75	6.83619499206543	1.955780267715454	1.8993782997131348	1.5020582675933838	1.478977918624878	False	[0 0 1 0 0 0 1 1 0]	[0 0 0 0 0 0 1 0 0]	[0 1 0 0 0 0]	[0 0 0 1 0 0]
4	-0.75	6.677265167236328	2.023287534713745	1.7515170574188232	1.4388935565948486	1.463566780090332	False	[0 0 0 0 0 0 1 1 0]	[0 0 0 1 0 0 1 0 0]	[0 1 0 0 1 0]	[0 0 1 1 0 0]
4	-0.75	6.7850470542907715	1.942984938621521	1.8649983406066895	1.4836145639419556	1.493449330329895	False	[0 0 1 0 0 0 1 1 0]	[0 0 0 0 0 0 1 0 0]	[0 1 0 0 0 0]	[0 0 0 1 0 0]
4	-0.75	6.573305130004883	2.0127992630004883	1.7422971725463867	1.4288361072540283	1.3893725872039795	False	[0 0 0 0 0 0 1 1 0]	[0 0 0 1 0 0 1 0 0]	[0 1 0 0 1 0]	[0 0 1 1 0 0]
4	-0.75	6.745857238769531	1.9656044244766235	1.8204447031021118	1.482788324356079	1.4770195484161377	False	[0 0 1 0 0 0 1 1 0]	[0 0 0 0 0 0 1 0 0]	[0 1 0 0 0 0]	[0 0 0 1 0 0]
4	-0.75	6.6007819175720215	2.019378662109375	1.7498598098754883	1.4219528436660767	1.4095906019210815	False	[0 0 0 0 0 0 1 1 0]	[0 0 0 1 0 0 1 0 0]	[0 1 0 0 1 0]	[0 0 1 1 0 0]
4	-0.75	6.771769046783447	1.9548851251602173	1.8351432085037231	1.4850714206695557	1.4966694116592407	False	[0 0 1 0 0 0 1 1 0]	[0 0 0 0 0 0 1 0 0]	[0 1 0 0 0 0]	[0 0 0 1 0 0]
4	-0.75	6.579543113708496	2.0209107398986816	1.7482609748840332	1.4263169765472412	1.3840543031692505	False	[0 0 0 0 0 0 1 1 0]	[0 0 0 1 0 0 1 0 0]	[0 1 0 0 1 0]	[0 0 1 1 0 0]
4	-0.75	6.726667404174805	1.9400273561477661	1.8906508684158325	1.459291696548462	1.436697244644165	False	[0 0 1 0 0 0 1 1 0]	[0 0 0 0 0 0 1 0 0]	[0 1 0 0 0 0]	[0 0 0 1 0 0]
4	-0.75	6.613672256469727	2.0161705017089844	1.7340657711029053	1.4218297004699707	1.4416065216064453	False	[0 0 0 0 0 0 1 1 0]	[0 0 0 1 0 0 1 0 0]	[0 1 0 0 1 0]	[0 0 1 1 0 0]
5	0.23499999940395355	4.412777900695801	1.4205201864242554	0.44929513335227966	1.2273656129837036	1.3155970573425293	False	[0 0 0 0 0 0 1 0 0]	[0 0 0 1 0 0 0 0 0]	[0 0 0 0 1 0]	[0 0 0 0 1 0]
5	-0.5	4.498423099517822	1.6924577951431274	0.39466047286987305	1.1467570066452026	1.2645479440689087	False	[0 0 0 0 0 0 0 0 0]	[0 0 0 0 0 0 0 0 0]	[0 0 0 0 0 0]	[0 0 1 0 1 0]
5	-0.25	4.1690497398376465	1.361324667930603	0.4346412122249603	0.9868249893188477	1.386258840560913	False	[0 0 0 0 0 0 1 0 0]	[0 0 0 1 0 0 0 0 0]	[1 0 0 0 0 0]	[0 0 1 1 1 0]
5	-0.75	5.035396099090576	1.720615267753601	0.47150006890296936	1.415548324584961	1.4277324676513672	False	[0 0 0 0 0 0 1 1 0]	[0 0 0 0 0 0 0 0 0]	[1 0 0 0 1 0]	[0 0 0 1 1 0]
5	-0.25	5.453305721282959	1.7225682735443115	0.977944016456604	1.2718815803527832	1.4809116125106812	False	[0 0 0 0 0 0 1 0 0]	[0 0 0 1 0 0 0 0 0]	[1 0 0 0 0 0]	[0 0 1 1 1 0]
5	-0.75	5.063019752502441	1.7535637617111206	0.48604461550712585	1.4152302742004395	1.408181071281433	False	[0 0 0 0 0 0 1 1 0]	[0 0 0 0 0 0 0 0 0]	[1 0 0 0 1 0]	[0 0 0 1 1 0]
5	-0.25	5.455483436584473	1.7338058948516846	0.9801293015480042	1.2521241903305054	1.489424467086792	False	[0 0 0 0 0 0 1 0 0]	[0 0 0 1 0 0 0 0 0]	[1 0 0 0 0 0]	[0 0 1 1 1 0]
5	-0.75	5.184530258178711	1.7616273164749146	0.5556749105453491	1.421689510345459	1.4455385208129883	False	[0 0 0 0 0 0 1 1 0]	[0 0 0 0 0 0 0 0 0]	[1 0 0 0 1 0]	[0 0 0 1 1 0]
5	-0.25	5.535029888153076	1.7388100624084473	1.0234440565109253	1.270463228225708	1.502312183380127	False	[0 0 0 0 0 0 1 0 0]	[0 0 0 1 0 0 0 0 0]	[1 0 0 0 0 0]	[0 0 1 1 1 0]
5	-0.75	4.878296852111816	1.7269490957260132	0.44736912846565247	1.3910714387893677	1.3129072189331055	False	[0 0 0 0 0 0 1 1 0]	[0 0 0 0 0 0 0 0 0]	[1 0 0 0 1 0]	[0 0 0 1 1 0]
5	-0.25	5.577113151550293	1.7227234840393066	1.079223871231079	1.2686043977737427	1.506561517715454	False	[0 0 0 0 0 0 1 0 0]	[0 0 0 1 0 0 0 0 0]	[1 0 0 0 0 0]	[0 0 1 1 1 0]
5	-0.75	5.044483661651611	1.7405678033828735	0.5039052367210388	1.4116811752319336	1.3883295059204102	False	[0 0 0 0 0 0 1 1 0]	[0 0 0 0 0 0 0 0 0]	[1 0 0 0 1 0]	[0 0 0 1 1 0]
5	-0.25	5.467184066772461	1.745631217956543	0.9730671644210815	1.2606556415557861	1.4878300428390503	False	[0 0 0 0 0 0 1 0 0]	[0 0 0 1 0 0 0 0 0]	[1 0 0 0 0 0]	[0 0 1 1 1 0]
5	-0.75	5.097911834716797	1.7722578048706055	0.503118634223938	1.4073492288589478	1.4151862859725952	False	[0 0 0 0 0 0 1 1 0]	[0 0 0 0 0 0 0 0 0]	[1 0 0 0 1 0]	[0 0 0 1 1 0]
5	-0.25	5.383669853210449	1.7628217935562134	0.9488423466682434	1.2515908479690552	1.4204151630401611	False	[0 0 0 0 0 0 1 0 0]	[0 0 0 1 0 0 0 0 0]	[1 0 0 0 0 0]	[0 0 1 1 1 0]
5	-0.75	5.1618733406066895	1.7349278926849365	0.5401344299316406	1.424356460571289	1.4624546766281128	False	[0 0 0 0 0 0 1 1 0]	[0 0 0 0 0 0 0 0 0]	[1 0 0 0 1 0]	[0 0 0 1 1 0]
5	-0.25	5.519711494445801	1.7333242893218994	1.0397582054138184	1.2743219137191772	1.4723070859909058	False	[0 0 0 0 0 0 1 0 0]	[0 0 0 1 0 0 0 0 0]	[1 0 0 0 0 0]	[0 0 1 1 1 0]
5	-0.75	5.039266109466553	1.6821445226669312	0.4951133131980896	1.426459550857544	1.4355486631393433	False	[0 0 0 0 0 0 1 1 0]	[0 0 0 0 0 0 0 0 0]	[1 0 0 0 1 0]	[0 0 0 1 1 0]
5	-0.25	5.464697360992432	1.7474223375320435	0.9476640224456787	1.2832070589065552	1.4864039421081543	False	[0 0 0 0 0 0 1 0 0]	[0 0 0 1 0 0 0 0 0]	[1 0 0 0 0 0]	[0 0 1 1 1 0]
5	-0.75	5.082581520080566	1.7450248003005981	0.5004225373268127	1.4212052822113037	1.415928840637207	False	[0 0 0 0 0 0 1 1 0]	[0 0 0 0 0 0 0 0 0]	[1 0 0 0 1 0]	[0 0 0 1 1 0]
5	-0.25	5.490554332733154	1.7826285362243652	0.9705455899238586	1.2595323324203491	1.4778480529785156	False	[0 0 0 0 0 0 1 0 0]	[0 0 0 1 0 0 0 0 0]	[1 0 0 0 0 0]	[0 0 1 1 1 0]
5	-0.75	4.966547012329102	1.69987952709198	0.46679943799972534	1.4080954790115356	1.391772985458374	False	[0 0 0 0 0 0 1 1 0]	[0 0 0 0 0 0 0 0 0]	[1 0 0 0 1 0]	[0 0 0 1 1 0]
5	-0.25	5.434704780578613	1.740384578704834	0.9442388415336609	1.2669713497161865	1.483109712600708	False	[0 0 0 0 0 0 1 0 0]	[0 0 0 1 0 0 0 0 0]	[1 0 0 0 0 0]	[0 0 1 1 1 0]
5	-0.75	4.91522741317749	1.6762497425079346	0.44747477769851685	1.4075853824615479	1.3839175701141357	False	[0 0 0 0 0 0 1 1 0]	[0 0 0 0 0 0 0 0 0]	[1 0 0 0 1 0]	[0 0 0 1 1 0]
5	-0.25	5.385499477386475	1.7450612783432007	0.961105465888977	1.2211252450942993	1.4582074880599976	False	[0 0 0 0 0 0 1 0 0]	[0 0 0 1 0 0 0 0 0]	[1 0 0 0 0 0]	[0 0 1 1 1 0]
5	-0.75	5.08504581451416	1.7655757665634155	0.5038524270057678	1.4002004861831665	1.4154170751571655	False	[0 0 0 0 0 0 1 1 0]	[0 0 0 0 0 0 0 0 0]	[1 0 0 0 1 0]	[0 0 0 1 1 0]
5	-0.25	5.422821044921875	1.7273838520050049	0.9360136985778809	1.2662550210952759	1.4931683540344238	False	[0 0 0 0 0 0 1 0 0]	[0 0 0 1 0 0 0 0 0]	[1 0 0 0 0 0]	[0 0 1 1 1 0]
5	-0.75	5.055863857269287	1.6873424053192139	0.4866703152656555	1.4327377080917358	1.4491132497787476	False	[0 0 0 0 0 0 1 1 0]	[0 0 0 0 0 0 0 0 0]	[1 0 0 0 1 0]	[0 0 0 1 1 0]
5	-0.25	5.466968536376953	1.7356499433517456	0.9746888279914856	1.271783709526062	1.4848463535308838	False	[0 0 0 0 0 0 1 0 0]	[0 0 0 1 0 0 0 0 0]	[1 0 0 0 0 0]	[0 0 1 1 1 0]
5	-0.75	4.993584632873535	1.7055416107177734	0.47827309370040894	1.4157193899154663	1.3940508365631104	False	[0 0 0 0 0 0 1 1 0]	[0 0 0 0 0 0 0 0 0]	[1 0 0 0 1 0]	[0 0 0 1 1 0]
6	0.19499999284744263	3.6187539100646973	1.0199886560440063	0.3482778072357178	0.9861887693405151	1.2642985582351685	False	[0 0 0 0 0 0 1 0 0]	[0 0 0 1 0 0 0 0 0]	[1 0 0 0 0 0]	[0 0 0 1 0 0]
6	-0.5	3.907095432281494	1.2427078485488892	0.3615856468677521	1.0094661712646484	1.2933357954025269	False	[0 0 0 0 0 0 0 0 0]	[0 0 0 0 0 0 0 0 0]	[0 0 0 0 0 0]	[0 0 1 1 0 0]
6	0.2549999952316284	3.899836540222168	1.1791281700134277	0.49456068873405457	0.8121565580368042	1.4139909744262695	False	[0 0 0 0 0 0 1 0 0]	[0 0 0 1 0 0 0 0 0]	[1 0 0 0 0 0]	[0 0 1 0 0 0]
6	-1.0	4.227031707763672	1.5548596382141113	0.4465605616569519	1.0845509767532349	1.141060471534729	False	[0 0 0 0 0 0 0 0 0]	[0 0 0 0 0 0 0 0 0]	[0 0 0 0 0 0]	[0 0 0 0 0 0]
6	0.18000000715255737	3.6247758865356445	1.0157043933868408	0.38867709040641785	0.9971888661384583	1.2232054471969604	False	[0 0 0 0 0 0 1 0 0]	[0 0 0 1 0 0 0 0 0]	[1 0 0 0 0 0]	[0 0 0 1 0 0]
6	-0.5	3.9174087047576904	1.2524524927139282	0.3471934497356415	0.9977068901062012	1.3200557231903076	False	[0 0 0 0 0 0 0 0 0]	[0 0 0 0 0 0 0 0 0]	[0 0 0 0 0 0]	[0 0 1 1 0 0]
6	0.25	3.8934741020202637	1.2090815305709839	0.47178512811660767	0.8301772475242615	1.382430076599121	False	[0 0 0 0 0 0 1 0 0]	[0 0 0 1 0 0 0 0 0]	[1 0 0 0 0 0]	[0 0 1 0 0 0]
6	-1.0	4.408937454223633	1.5538736581802368	0.46478280425071716	1.1445696353912354	1.245711326599121	False	[0 0 0 0 0 0 0 0 0]	[0 0 0 0 0 0 0 0 0]	[0 0 0 0 0 0]	[0 0 0 0 0 0]
6	0.2199999988079071	3.6425421237945557	1.0052342414855957	0.3562428057193756	1.0158941745758057	1.2651708126068115	False	[0 0 0 0 0 0 1 0 0]	[0 0 0 1 0 0 0 0 0]	[1 0 0 0 0 0]	[0 0 0 1 0 0]
6	-0.5	4.0703558921813965	1.3445961475372314	0.40982189774513245	1.0123788118362427	1.3035589456558228	False	[0 0 0 0 0 0 0 0 0]	[0 0 0 0 0 0 0 0 0]	[0 0 0 0 0 0]	[0 0 1 1 0 0]
6	0.26499998569488525	3.8963584899902344	1.2059143781661987	0.5140162110328674	0.8278432488441467	1.3485846519470215	False	[0 0 0 0 0 0 1 0 0]	[0 0 0 1 0 0 0 0 0]	[1 0 0 0 0 0]	[0 0 1 0 0 0]
6	-1.0	4.5031609535217285	1.6439656019210815	0.5299408435821533	1.1066840887069702	1.2225703001022339	False	[0 0 0 0 0 0 0 0 0]	[0 0 0 0 0 0 0 0 0]	[0 0 0 0 0 0]	[0 0 0 0 0 0]
6	0.1899999976158142	3.618652820587158	1.0185152292251587	0.3780267834663391	0.982839822769165	1.2392709255218506	False	[0 0 0 0 0 0 1 0 0]	[0 0 0 1 0 0 0 0 0]	[1 0 0 0 0 0]	[0 0 0 1 0 0]
6	-0.5	3.9569334983825684	1.3359646797180176	0.3565075397491455	1.0114821195602417	1.2529791593551636	False	[0 0 0 0 0 0 0 0 0]	[0 0 0 0 0 0 0 0 0]	[0 0 0 0 0 0]	[0 0 1 1 0 0]
6	0.24500000476837158	3.8290724754333496	1.1633893251419067	0.48194119334220886	0.8190950155258179	1.3646470308303833	False	[0 0 0 0 0 0 1 0 0]	[0 0 0 1 0 0 0 0 0]	[1 0 0 0 0 0]	[0 0 1 0 0 0]
6	-1.0	4.507026195526123	1.5803781747817993	0.5132100582122803	1.133918046951294	1.27951979637146	False	[0 0 0 0 0 0 0 0 0]	[0 0 0 0 0 0 0 0 0]	[0 0 0 0 0 0]	[0 0 0 0 0 0]
6	0.20999999344348907	3.661059856414795	1.0270882844924927	0.3679174780845642	1.0393646955490112	1.2266892194747925	False	[0 0 0 0 0 0 1 0 0]	[0 0 0 1 0 0 0 0 0]	[1 0 0 0 0 0]	[0 0 0 1 0 0]
6	-0.5	3.886143684387207	1.2885408401489258	0.3634922206401825	1.0020771026611328	1.232033371925354	False	[0 0 0 0 0 0 0 0 0]	[0 0 0 0 0 0 0 0 0]	[0 0 0 0 0 0]	[0 0 1 1 0 0]
6	0.24500000476837158	3.9329357147216797	1.2417347431182861	0.4608629047870636	0.8501872420310974	1.3801506757736206	False	[0 0 0 0 0 0 1 0 0]	[0 0 0 1 0 0 0 0 0]	[1 0 0 0 0 0]	[0 0 1 0 0 0]
6	-1.0	4.509916305541992	1.6332722902297974	0.4976755976676941	1.1485258340835571	1.230442762374878	False	[0 0 0 0 0 0 0 0 0]	[0 0 0 0 0 0 0 0 0]	[0 0 0 0 0 0]	[0 0 0 0 0 0]
6	0.1899999976158142	3.597118616104126	1.013363003730774	0.35389915108680725	0.9763423204421997	1.253514051437378	False	[0 0 0 0 0 0 1 0 0]	[0 0 0 1 0 0 0 0 0]	[1 0 0 0 0 0]	[0 0 0 1 0 0]
6	-0.5	3.9054455757141113	1.3099992275238037	0.3370427191257477	1.012895941734314	1.245507836341858	False	[0 0 0 0 0 0 0 0 0]	[0 0 0 0 0 0 0 0 0]	[0 0 0 0 0 0]	[0 0 1 1 0 0]
6	0.2849999964237213	3.962405204772949	1.2264184951782227	0.5165507197380066	0.823270857334137	1.3961650133132935	False	[0 0 0 0 0 0 1 0 0]	[0 0 0 1 0 0 0 0 0]	[1 0 0 0 0 0]	[0 0 1 0 0 0]
6	-1.0	4.497208118438721	1.5731995105743408	0.49356818199157715	1.1284834146499634	1.301957130432129	False	[0 0 0 0 0 0 0 0 0]	[0 0 0 0 0 0 0 0 0]	[0 0 0 0 0 0]	[0 0 0 0 0 0]
6	0.2199999988079071	3.5966720581054688	0.9981635808944702	0.38118892908096313	1.0142911672592163	1.2030282020568848	False	[0 0 0 0 0 0 1 0 0]	[0 0 0 1 0 0 0 0 0]	[1 0 0 0 0 0]	[0 0 0 1 0 0]
6	-0.5	3.9900975227355957	1.3556751012802124	0.37116003036499023	1.0133503675460815	1.249911904335022	False	[0 0 0 0 0 0 0 0 0]	[0 0 0 0 0 0 0 0 0]	[0 0 0 0 0 0]	[0 0 1 1 0 0]
6	0.23000000417232513	3.8680787086486816	1.1715333461761475	0.5535703301429749	0.7382614016532898	1.4047136306762695	False	[0 0 0 0 0 0 1 0 0]	[0 0 0 1 0 0 0 0 0]	[1 0 0 0 0 0]	[0 0 1 0 0 0]
6	-1.0	4.582021236419678	1.607994794845581	0.5137395858764648	1.1660691499710083	1.2942174673080444	False	[0 0 0 0 0 0 0 0 0]	[0 0 0 0 0 0 0 0 0]	[0 0 0 0 0 0]	[0 0 0 0 0 0]
6	0.20000000298023224	3.672135353088379	1.0403110980987549	0.38463783264160156	1.0381654500961304	1.2090212106704712	False	[0 0 0 0 0 0 1 0 0]	[0 0 0 1 0 0 0 0 0]	[1 0 0 0 0 0]	[0 0 0 1 0 0]
6	-0.5	4.052369594573975	1.3067271709442139	0.3891392946243286	1.0362906455993652	1.320212483406067	False	[0 0 0 0 0 0 0 0 0]	[0 0 0 0 0 0 0 0 0]	[0 0 0 0 0 0]	[0 0 1 1 0 0]
7	0.22499999403953552	1.9621663093566895	0.3224797546863556	0.1565524786710739	0.44691216945648193	1.036221981048584	False	[0 0 0 0 0 0 1 0 0]	[0 0 0 1 0 0 0 0 0]	[1 0 0 0 0 0]	[0 0 1 0 0 0]
7	-1.0	2.6256158351898193	0.7904943227767944	0.38768577575683594	0.48299640417099	0.9644393920898438	False	[0 0 0 0 0 0 0 0 0]	[0 0 0 0 0 0 0 0 0]	[0 0 0 0 0 0]	[0 0 0 0 0 0]
7	0.2849999964237213	2.004669427871704	0.34075257182121277	0.1661621630191803	0.4572405219078064	1.0405142307281494	False	[0 0 0 0 0 0 1 0 0]	[0 0 0 1 0 0 0 0 0]	[1 0 0 0 0 0]	[0 0 1 0 0 0]
7	-1.0	2.6137638092041016	0.7677361369132996	0.39414846897125244	0.5053269863128662	0.9465522170066833	False	[0 0 0 0 0 0 0 0 0]	[0 0 0 0 0 0 0 0 0]	[0 0 0 0 0 0]	[0 0 0 0 0 0]
7	0.27000001072883606	1.9789528846740723	0.34221982955932617	0.17173339426517487	0.4329190254211426	1.0320806503295898	False	[0 0 0 0 0 0 1 0 0]	[0 0 0 1 0 0 0 0 0]	[1 0 0 0 0 0]	[0 0 1 0 0 0]
7	-1.0	2.505737066268921	0.8564786911010742	0.34919431805610657	0.42220768332481384	0.8778563737869263	False	[0 0 0 0 0 0 0 0 0]	[0 0 0 0 0 0 0 0 0]	[0 0 0 0 0 0]	[0 0 0 0 0 0]
7	0.2750000059604645	1.9972678422927856	0.33230268955230713	0.16032715141773224	0.4636841416358948	1.0409538745880127	False	[0 0 0 0 0 0 1 0 0]	[0 0 0 1 0 0 0 0 0]	[1 0 0 0 0 0]	[0 0 1 0 0 0]
7	-1.0	2.2967967987060547	0.751901388168335	0.31577473878860474	0.41129767894744873	0.8178231120109558	False	[0 0 0 0 0 0 0 0 0]	[0 0 0 0 0 0 0 0 0]	[0 0 0 0 0 0]	[0 0 0 0 0 0]
7	0.28999999165534973	1.9955494403839111	0.3496816158294678	0.17469093203544617	0.4411467909812927	1.0300300121307373	False	[0 0 0 0 0 0 1 0 0]	[0 0 0 1 0 0 0 0 0]	[1 0 0 0 0 0]	[0 0 1 0 0 0]
7	-1.0	2.4370195865631104	0.7385878562927246	0.32416343688964844	0.4744666516780853	0.8998016715049744	False	[0 0 0 0 0 0 0 0 0]	[0 0 0 0 0 0 0 0 0]	[0 0 0 0 0 0]	[0 0 0 0 0 0]
7	0.28999999165534973	1.9930346012115479	0.3413957357406616	0.16928844153881073	0.446687787771225	1.0356626510620117	False	[0 0 0 0 0 0 1 0 0]	[0 0 0 1 0 0 0 0 0]	[1 0 0 0 0 0]	[0 0 1 0 0 0]
7	-1.0	2.6912975311279297	0.8831760287284851	0.3828109800815582	0.47477975487709045	0.9505306482315063	False	[0 0 0 0 0 0 0 0 0]	[0 0 0 0 0 0 0 0 0]	[0 0 0 0 0 0]	[0 0 0 0 0 0]
7	0.3050000071525574	1.967881202697754	0.3503367602825165	0.15869303047657013	0.4371340274810791	1.0217173099517822	False	[0 0 0 0 0 0 1 0 0]	[0 0 0 1 0 0 0 0 0]	[1 0 0 0 0 0]	[0 0 1 0 0 0]
7	-1.0	2.5168328285217285	0.7970142960548401	0.3670331537723541	0.4476540684700012	0.9051313996315002	False	[0 0 0 0 0 0 0 0 0]	[0 0 0 0 0 0 0 0 0]	[0 0 0 0 0 0]	[0 0 0 0 0 0]
7	0.29499998688697815	1.9712097644805908	0.34455129504203796	0.16750118136405945	0.431147038936615	1.0280102491378784	False	[0 0 0 0 0 0 1 0 0]	[0 0 0 1 0 0 0 0 0]	[1 0 0 0 0 0]	[0 0 1 0 0 0]
7	-1.0	2.410271167755127	0.7382972240447998	0.33098673820495605	0.4427523910999298	0.8982349038124084	False	[0 0 0 0 0 0 0 0 0]	[0 0 0 0 0 0 0 0 0]	[0 0 0 0 0 0]	[0 0 0 0 0 0]
7	0.20499999821186066	1.9498798847198486	0.32067441940307617	0.16566620767116547	0.4407879710197449	1.0227512121200562	False	[0 0 0 0 0 0 1 0 0]	[0 0 0 1 0 0 0 0 0]	[1 0 0 0 0 0]	[0 0 1 0 0 0]
7	-1.0	2.5118274688720703	0.7227646112442017	0.37479841709136963	0.4703163206577301	0.9439480900764465	False	[0 0 0 0 0 0 0 0 0]	[0 0 0 0 0 0 0 0 0]	[0 0 0 0 0 0]	[0 0 0 0 0 0]
7	0.2849999964237213	1.9704504013061523	0.32145068049430847	0.15270517766475677	0.47254204750061035	1.0237524509429932	False	[0 0 0 0 0 0 1 0 0]	[0 0 0 1 0 0 0 0 0]	[1 0 0 0 0 0]	[0 0 1 0 0 0]
7	-1.0	2.5722756385803223	0.8525604009628296	0.3666002154350281	0.4391462802886963	0.9139688014984131	False	[0 0 0 0 0 0 0 0 0]	[0 0 0 0 0 0 0 0 0]	[0 0 0 0 0 0]	[0 0 0 0 0 0]
7	0.30000001192092896	2.0003368854522705	0.3217499554157257	0.16162650287151337	0.480379581451416	1.0365809202194214	False	[0 0 0 0 0 0 1 0 0]	[0 0 0 1 0 0 0 0 0]	[1 0 0 0 0 0]	[0 0 1 0 0 0]
7	-1.0	2.558990955352783	0.823056697845459	0.35720548033714294	0.4625093340873718	0.9162194728851318	False	[0 0 0 0 0 0 0 0 0]	[0 0 0 0 0 0 0 0 0]	[0 0 0 0 0 0]	[0 0 0 0 0 0]
7	0.26499998569488525	2.001093626022339	0.33704841136932373	0.1688416451215744	0.46412280201911926	1.031080722808838	False	[0 0 0 0 0 0 1 0 0]	[0 0 0 1 0 0 0 0 0]	[1 0 0 0 0 0]	[0 0 1 0 0 0]
7	-1.0	2.4365158081054688	0.7446417212486267	0.34937483072280884	0.45885059237480164	0.8836485147476196	False	[0 0 0 0 0 0 0 0 0]	[0 0 0 0 0 0 0 0 0]	[0 0 0 0 0 0]	[0 0 0 0 0 0]
7	0.26499998569488525	1.9822630882263184	0.3493233919143677	0.1684316098690033	0.43996167182922363	1.0245463848114014	False	[0 0 0 0 0 0 1 0 0]	[0 0 0 1 0 0 0 0 0]	[1 0 0 0 0 0]	[0 0 1 0 0 0]
7	-1.0	2.3553836345672607	0.727215588092804	0.31717735528945923	0.43959811329841614	0.871392548084259	False	[0 0 0 0 0 0 0 0 0]	[0 0 0 0 0 0 0 0 0]	[0 0 0 0 0 0]	[0 0 0 0 0 0]
7	0.2549999952316284	1.998232364654541	0.3251257836818695	0.17117424309253693	0.4643968343734741	1.0375354290008545	False	[0 0 0 0 0 0 1 0 0]	[0 0 0 1 0 0 0 0 0]	[1 0 0 0 0 0]	[0 0 1 0 0 0]
7	-1.0	2.5565943717956543	0.7938516139984131	0.39000403881073	0.4534490406513214	0.9192895889282227	False	[0 0 0 0 0 0 0 0 0]	[0 0 0 0 0 0 0 0 0]	[0 0 0 0 0 0]	[0 0 0 0 0 0]
7	0.22499999403953552	1.957500696182251	0.3430628180503845	0.16889534890651703	0.43196287751197815	1.0135796070098877	False	[0 0 0 0 0 0 1 0 0]	[0 0 0 1 0 0 0 0 0]	[1 0 0 0 0 0]	[0 0 1 0 0 0]
7	-1.0	2.497291088104248	0.7700739502906799	0.32462021708488464	0.48840582370758057	0.9141910672187805	False	[0 0 0 0 0 0 0 0 0]	[0 0 0 0 0 0 0 0 0]	[0 0 0 0 0 0]	[0 0 0 0 0 0]
8	0.2750000059604645	1.5091475248336792	0.39503714442253113	0.1011141985654831	0.1754947006702423	0.8375015258789062	False	[0 0 0 0 0 0 1 0 0]	[0 0 0 1 0 0 0 0 0]	[1 0 0 0 0 0]	[0 0 1 0 0 0]
8	-1.0	2.5134353637695312	1.1052559614181519	0.5161795616149902	0.2639831006526947	0.6280168294906616	False	[0 0 0 0 0 0 0 0 0]	[0 0 0 0 0 0 0 0 0]	[0 0 0 0 0 0]	[0 0 0 0 0 0]
8	0.25999999046325684	1.5277588367462158	0.41111308336257935	0.10289067029953003	0.17710447311401367	0.8366506099700928	False	[0 0 0 0 0 0 1 0 0]	[0 0 0 1 0 0 0 0 0]	[1 0 0 0 0 0]	[0 0 1 0 0 0]
8	-1.0	2.6191771030426025	1.115721344947815	0.5815938115119934	0.2818921208381653	0.6399698853492737	False	[0 0 0 0 0 0 0 0 0]	[0 0 0 0 0 0 0 0 0]	[0 0 0 0 0 0]	[0 0 0 0 0 0]
8	0.26499998569488525	1.5409657955169678	0.43012186884880066	0.10583792626857758	0.17677785456180573	0.828228235244751	False	[0 0 0 0 0 0 1 0 0]	[0 0 0 1 0 0 0 0 0]	[1 0 0 0 0 0]	[0 0 1 0 0 0]
8	-1.0	2.7367091178894043	1.2046639919281006	0.6114431023597717	0.30574071407318115	0.6148616075515747	False	[0 0 0 0 0 0 0 0 0]	[0 0 0 0 0 0 0 0 0]	[0 0 0 0 0 0]	[0 0 0 0 0 0]
8	0.2549999952316284	1.5232501029968262	0.39771297574043274	0.10319120436906815	0.17952552437782288	0.842820405960083	False	[0 0 0 0 0 0 1 0 0]	[0 0 0 1 0 0 0 0 0]	[1 0 0 0 0 0]	[0 0 1 0 0 0]
8	-1.0	2.604450225830078	1.1026262044906616	0.5464039444923401	0.3013719916343689	0.6540480256080627	False	[0 0 0 0 0 0 0 0 0]	[0 0 0 0 0 0 0 0 0]	[0 0 0 0 0 0]	[0 0 0 0 0 0]
8	0.2199999988079071	1.5749999284744263	0.4495101869106293	0.10998710244894028	0.17120525240898132	0.8442974090576172	False	[0 0 0 0 0 0 1 0 0]	[0 0 0 1 0 0 0 0 0]	[1 0 0 0 0 0]	[0 0 1 0 0 0]
8	-1.0	2.5598888397216797	1.0701531171798706	0.5493167638778687	0.2820175290107727	0.658401370048523	False	[0 0 0 0 0 0 0 0 0]	[0 0 0 0 0 0 0 0 0]	[0 0 0 0 0 0]	[0 0 0 0 0 0]
8	0.25999999046325684	1.4880592823028564	0.3675592541694641	0.09680487960577011	0.1884135901927948	0.8352816104888916	False	[0 0 0 0 0 0 1 0 0]	[0 0 0 1 0 0 0 0 0]	[1 0 0 0 0 0]	[0 0 1 0 0 0]
8	-1.0	2.644012928009033	1.1231361627578735	0.5548539161682129	0.2934291362762451	0.6725938320159912	False	[0 0 0 0 0 0 0 0 0]	[0 0 0 0 0 0 0 0 0]	[0 0 0 0 0 0]	[0 0 0 0 0 0]
8	0.24500000476837158	1.511472463607788	0.3886539340019226	0.10085909068584442	0.17664684355258942	0.8453126549720764	False	[0 0 0 0 0 0 1 0 0]	[0 0 0 1 0 0 0 0 0]	[1 0 0 0 0 0]	[0 0 1 0 0 0]
8	-1.0	2.8033416271209717	1.219344139099121	0.6535696387290955	0.3127104341983795	0.6177172660827637	False	[0 0 0 0 0 0 0 0 0]	[0 0 0 0 0 0 0 0 0]	[0 0 0 0 0 0]	[0 0 0 0 0 0]
8	0.25999999046325684	1.50541090965271	0.4101276993751526	0.10389940440654755	0.16442559659481049	0.826958179473877	False	[0 0 0 0 0 0 1 0 0]	[0 0 0 1 0 0 0 0 0]	[1 0 0 0 0 0]	[0 0 1 0 0 0]
8	-1.0	2.611865997314453	1.1911206245422363	0.5676029324531555	0.2600494921207428	0.5930928587913513	False	[0 0 0 0 0 0 0 0 0]	[0 0 0 0 0 0 0 0 0]	[0 0 0 0 0 0]	[0 0 0 0 0 0]
8	0.25999999046325684	1.4938279390335083	0.38709455728530884	0.1010296642780304	0.17131878435611725	0.8343849182128906	False	[0 0 0 0 0 0 1 0 0]	[0 0 0 1 0 0 0 0 0]	[1 0 0 0 0 0]	[0 0 1 0 0 0]
8	-1.0	2.678995132446289	1.2102060317993164	0.585913896560669	0.28960564732551575	0.5932697057723999	False	[0 0 0 0 0 0 0 0 0]	[0 0 0 0 0 0 0 0 0]	[0 0 0 0 0 0]	[0 0 0 0 0 0]
8	0.27000001072883606	1.4844670295715332	0.3762168288230896	0.09526672214269638	0.1794445961713791	0.8335388898849487	False	[0 0 0 0 0 0 1 0 0]	[0 0 0 1 0 0 0 0 0]	[1 0 0 0 0 0]	[0 0 1 0 0 0]
8	-1.0	2.515730857849121	1.1401153802871704	0.5234280824661255	0.24246488511562347	0.6097224950790405	False	[0 0 0 0 0 0 0 0 0]	[0 0 0 0 0 0 0 0 0]	[0 0 0 0 0 0]	[0 0 0 0 0 0]
8	0.2549999952316284	1.5709657669067383	0.4383930265903473	0.11154097318649292	0.17470210790634155	0.8463296890258789	False	[0 0 0 0 0 0 1 0 0]	[0 0 0 1 0 0 0 0 0]	[1 0 0 0 0 0]	[0 0 1 0 0 0]
8	-1.0	3.1275107860565186	1.202021598815918	0.6907936930656433	0.46149131655693054	0.7732041478157043	False	[0 0 0 0 0 0 0 0 0]	[0 0 0 0 0 0 0 0 0]	[0 0 0 0 0 0]	[0 0 0 0 0 0]
8	0.2800000011920929	1.515307068824768	0.4090254604816437	0.10505164414644241	0.17360994219779968	0.8276200294494629	False	[0 0 0 0 0 0 1 0 0]	[0 0 0 1 0 0 0 0 0]	[1 0 0 0 0 0]	[0 0 1 0 0 0]
8	-1.0	2.5764143466949463	1.075198769569397	0.5210530757904053	0.2952040433883667	0.6849584579467773	False	[0 0 0 0 0 0 0 0 0]	[0 0 0 0 0 0 0 0 0]	[0 0 0 0 0 0]	[0 0 0 0 0 0]
8	0.25999999046325684	1.5482511520385742	0.39380064606666565	0.10354731231927872	0.18714317679405212	0.8637599945068359	False	[0 0 0 0 0 0 1 0 0]	[0 0 0 1 0 0 0 0 0]	[1 0 0 0 0 0]	[0 0 1 0 0 0]
8	-1.0	2.409742593765259	1.021790862083435	0.49198028445243835	0.24301493167877197	0.652956485748291	False	[0 0 0 0 0 0 0 0 0]	[0 0 0 0 0 0 0 0 0]	[0 0 0 0 0 0]	[0 0 0 0 0 0]
8	0.25	1.5790611505508423	0.43025723099708557	0.11412481963634491	0.18479551374912262	0.8498836159706116	False	[0 0 0 0 0 0 1 0 0]	[0 0 0 1 0 0 0 0 0]	[1 0 0 0 0 0]	[0 0 1 0 0 0]
8	-1.0	2.6414241790771484	1.125859022140503	0.5782897472381592	0.30160748958587646	0.6356678009033203	False	[0 0 0 0 0 0 0 0 0]	[0 0 0 0 0 0 0 0 0]	[0 0 0 0 0 0]	[0 0 0 0 0 0]
8	0.23999999463558197	1.5510165691375732	0.41193506121635437	0.10768687725067139	0.17841915786266327	0.8529753684997559	False	[0 0 0 0 0 0 1 0 0]	[0 0 0 1 0 0 0 0 0]	[1 0 0 0 0 0]	[0 0 1 0 0 0]
8	-1.0	2.511192798614502	1.102541208267212	0.5336877107620239	0.25650495290756226	0.6184589862823486	False	[0 0 0 0 0 0 0 0 0]	[0 0 0 0 0 0 0 0 0]	[0 0 0 0 0 0]	[0 0 0 0 0 0]
9	0.26499998569488525	1.4566231966018677	0.3669034242630005	0.032948896288871765	0.09605027735233307	0.9607205986976624	False	[0 0 0 0 0 0 1 0 0]	[0 0 0 1 0 0 0 0 0]	[1 0 0 0 0 0]	[0 0 0 0 1 0]
9	-0.5	2.0219051837921143	0.7549176812171936	0.16653135418891907	0.1813279539346695	0.9191281795501709	False	[0 0 0 0 0 0 0 0 0]	[0 0 0 0 0 0 0 0 0]	[0 0 0 0 0 0]	[0 0 1 0 1 0]
9	0.28999999165534973	1.4688140153884888	0.44913148880004883	0.05009658262133598	0.09912392497062683	0.8704620599746704	False	[0 0 0 0 0 0 1 0 0]	[0 0 0 1 0 0 0 0 0]	[1 0 0 0 0 0]	[0 0 1 0 0 0]
9	-1.0	2.1342625617980957	0.7793940901756287	0.16911238431930542	0.2574370801448822	0.9283188581466675	False	[0 0 0 0 0 0 0 0 0]	[0 0 0 0 0 0 0 0 0]	[0 0 0 0 0 0]	[0 0 0 0 0 0]
9	0.25999999046325684	1.3523533344268799	0.3334481418132782	0.029844114556908607	0.09193494915962219	0.8971261382102966	False	[0 0 0 0 0 0 1 0 0]	[0 0 0 1 0 0 0 0 0]	[1 0 0 0 0 0]	[0 0 0 0 1 0]
9	-0.5	2.123933792114258	0.7676262259483337	0.18472693860530853	0.2639980614185333	0.9075826406478882	False	[0 0 0 0 0 0 0 0 0]	[0 0 0 0 0 0 0 0 0]	[0 0 0 0 0 0]	[0 0 1 0 1 0]
9	0.25	1.2656975984573364	0.3504820466041565	0.0397283174097538	0.08595872670412064	0.789528489112854	False	[0 0 0 0 0 0 1 0 0]	[0 0 0 1 0 0 0 0 0]	[1 0 0 0 0 0]	[0 0 1 0 0 0]
9	-1.0	2.167614221572876	0.8247162103652954	0.1711558848619461	0.22271260619163513	0.9490295648574829	False	[0 0 0 0 0 0 0 0 0]	[0 0 0 0 0 0 0 0 0]	[0 0 0 0 0 0]	[0 0 0 0 0 0]
9	0.25999999046325684	1.3927383422851562	0.34882017970085144	0.03070889040827751	0.09279707819223404	0.9204122424125671	False	[0 0 0 0 0 0 1 0 0]	[0 0 0 1 0 0 0 0 0]	[1 0 0 0 0 0]	[0 0 0 0 1 0]
9	-0.5	2.256260871887207	0.7938339114189148	0.19312748312950134	0.2753400504589081	0.9939593076705933	False	[0 0 0 0 0 0 0 0 0]	[0 0 0 0 0 0 0 0 0]	[0 0 0 0 0 0]	[0 0 1 0 1 0]
9	0.2549999952316284	1.5906991958618164	0.48873603343963623	0.056676436215639114	0.11957604438066483	0.9257106781005859	False	[0 0 0 0 0 0 1 0 0]	[0 0 0 1 0 0 0 0 0]	[1 0 0 0 0 0]	[0 0 1 0 0 0]
9	-1.0	2.249238967895508	0.8147708177566528	0.19707167148590088	0.2580208480358124	0.9793755412101746	False	[0 0 0 0 0 0 0 0 0]	[0 0 0 0 0 0 0 0 0]	[0 0 0 0 0 0]	[0 0 0 0 0 0]
9	0.3050000071525574	1.298429012298584	0.3060036301612854	0.02868068963289261	0.08825182169675827	0.8754929304122925	False	[0 0 0 0 0 0 1 0 0]	[0 0 0 1 0 0 0 0 0]	[1 0 0 0 0 0]	[0 0 0 0 1 0]
9	-0.5	2.3551859855651855	0.8577844500541687	0.21923400461673737	0.27310657501220703	1.0050610303878784	False	[0 0 0 0 0 0 0 0 0]	[0 0 0 0 0 0 0 0 0]	[0 0 0 0 0 0]	[0 0 1 0 1 0]
9	0.2800000011920929	1.3482779264450073	0.3808170258998871	0.04239998385310173	0.0899185985326767	0.8351423144340515	False	[0 0 0 0 0 0 1 0 0]	[0 0 0 1 0 0 0 0 0]	[1 0 0 0 0 0]	[0 0 1 0 0 0]
9	-1.0	2.1625609397888184	0.8111300468444824	0.16631759703159332	0.20093804597854614	0.9841751456260681	False	[0 0 0 0 0 0 0 0 0]	[0 0 0 0 0 0 0 0 0]	[0 0 0 0 0 0]	[0 0 0 0 0 0]
9	0.29499998688697815	1.424039363861084	0.36032724380493164	0.033190082758665085	0.09612780809402466	0.9343942403793335	False	[0 0 0 0 0 0 1 0 0]	[0 0 0 1 0 0 0 0 0]	[1 0 0 0 0 0]	[0 0 0 0 1 0]
9	-0.5	1.9177422523498535	0.6891930103302002	0.13653351366519928	0.19760242104530334	0.8944132924079895	False	[0 0 0 0 0 0 0 0 0]	[0 0 0 0 0 0 0 0 0]	[0 0 0 0 0 0]	[0 0 1 0 1 0]
9	0.2750000059604645	1.4671180248260498	0.4446198344230652	0.050945982336997986	0.10554446280002594	0.8660078048706055	False	[0 0 0 0 0 0 1 0 0]	[0 0 0 1 0 0 0 0 0]	[1 0 0 0 0 0]	[0 0 1 0 0 0]
9	-1.0	2.154040813446045	0.7860392928123474	0.17884103953838348	0.26926174759864807	0.9198988676071167	False	[0 0 0 0 0 0 0 0 0]	[0 0 0 0 0 0 0 0 0]	[0 0 0 0 0 0]	[0 0 0 0 0 0]
9	0.2750000059604645	1.3349051475524902	0.32990771532058716	0.028397919610142708	0.0887233316898346	0.8878761529922485	False	[0 0 0 0 0 0 1 0 0]	[0 0 0 1 0 0 0 0 0]	[1 0 0 0 0 0]	[0 0 0 0 1 0]
9	-0.5	2.1768627166748047	0.8315669298171997	0.1900743991136551	0.22321771085262299	0.9320036172866821	False	[0 0 0 0 0 0 0 0 0]	[0 0 0 0 0 0 0 0 0]	[0 0 0 0 0 0]	[0 0 1 0 1 0]
9	0.2549999952316284	1.4248204231262207	0.41569608449935913	0.048427846282720566	0.1031082272529602	0.8575883507728577	False	[0 0 0 0 0 0 1 0 0]	[0 0 0 1 0 0 0 0 0]	[1 0 0 0 0 0]	[0 0 0 0 1 0]
9	-0.5	2.4706966876983643	0.886413037776947	0.2189539670944214	0.3514823317527771	1.0138473510742188	False	[0 0 0 0 0 0 0 0 0]	[0 0 0 0 0 0 0 0 0]	[0 0 0 0 0 0]	[0 0 1 0 1 0]
9	0.2800000011920929	1.4207017421722412	0.4198715090751648	0.049036554992198944	0.09268111735582352	0.8591125011444092	False	[0 0 0 0 0 0 1 0 0]	[0 0 0 1 0 0 0 0 0]	[1 0 0 0 0 0]	[0 0 1 0 0 0]
9	-1.0	2.0344812870025635	0.7503929138183594	0.15475258231163025	0.2304730862379074	0.8988627791404724	False	[0 0 0 0 0 0 0 0 0]	[0 0 0 0 0 0 0 0 0]	[0 0 0 0 0 0]	[0 0 0 0 0 0]
9	0.24500000476837158	1.3656187057495117	0.3349880278110504	0.028494942933321	0.09358535706996918	0.9085503816604614	False	[0 0 0 0 0 0 1 0 0]	[0 0 0 1 0 0 0 0 0]	[1 0 0 0 0 0]	[0 0 0 0 1 0]
9	-0.5	2.3750197887420654	0.8517638444900513	0.21711201965808868	0.3433890640735626	0.9627547860145569	False	[0 0 0 0 0 0 0 0 0]	[0 0 0 0 0 0 0 0 0]	[0 0 0 0 0 0]	[0 0 1 0 1 0]
9	0.25999999046325684	1.3662168979644775	0.369939386844635	0.044455692172050476	0.10633799433708191	0.8454837799072266	False	[0 0 0 0 0 0 1 0 0]	[0 0 0 1 0 0 0 0 0]	[1 0 0 0 0 0]	[0 0 1 0 0 0]
9	-1.0	2.091402530670166	0.7554883360862732	0.16568204760551453	0.255738765001297	0.9144935011863708	False	[0 0 0 0 0 0 0 0 0]	[0 0 0 0 0 0 0 0 0]	[0 0 0 0 0 0]	[0 0 0 0 0 0]
