# num_workers = 64
# num_cells = 256
# seed_for_environment = 314159
# lr = 0.0003
# max_grad_norm = 1.0
# eval_rollout_length = 30
# scaling_factor = 1000
# frames_per_batch = 500
# sub_batch_size = 64
# num_epochs = 15
# clip_epsilon = 0.2
# gamma = 0.99
# lmbda = 0.95
# entropy_eps = 0.01
# env_reward_engineering = True
# env_minimum_number_of_qubits = 6
# log_name = None
# env_version = qecc/bbcode-ldpc-v0
# env_bit_flipping = True
# env_l = 6
# env_m = 6
# env_use_dict_observation = True
# env_number_of_decoder_iterations = 50
# env_number_of_samples = 50
# env_code_logging = False
# model_architecture = hybrid
# model_surrogate_model_path = /vol/bitbucket/osella/rl-qecc-data//supervisedLearning/2026-07-12_20-18-32/surrogate_6x6.pth
# index_to_unfreeze_encoder_updates = 20
# encoder_lr_factor = 0.1
# Number of workers: 64
# Does torch identify cuda: False
evaluation number	reward	policy entropy	policy entropy aX	policy entropy bX	policy entropy aY	policy entropy bY	Encoder freeze
0	0.19499999284744263	7.659279823303223	1.9107924699783325	1.9314759969711304	1.9050962924957275	1.9119150638580322	True
0	0.14749999344348907	7.722522258758545	1.9312689304351807	1.942840576171875	1.9392499923706055	1.909162998199463	True
0	-0.6666666865348816	7.725337982177734	1.9312735795974731	1.9400947093963623	1.9288824796676636	1.9250867366790771	True
0	-1.0	7.747751235961914	1.9289097785949707	1.938610553741455	1.9415608644485474	1.93867027759552	True
0	-1.0	7.723153114318848	1.9332774877548218	1.9392513036727905	1.917293667793274	1.9333305358886719	True
0	0.12999999523162842	7.744935035705566	1.9419965744018555	1.9352219104766846	1.9394599199295044	1.9282562732696533	True
0	0.1850000023841858	7.688422203063965	1.922499656677246	1.9297302961349487	1.9170209169387817	1.9191712141036987	True
0	0.3400000035762787	7.743188381195068	1.9321749210357666	1.9424291849136353	1.9340317249298096	1.934552788734436	True
0	-1.0	7.75024938583374	1.9406402111053467	1.9391465187072754	1.9400107860565186	1.9304518699645996	True
0	-1.0	7.73484468460083	1.9356067180633545	1.9409185647964478	1.9322335720062256	1.9260859489440918	True
0	-0.3333333432674408	7.7423906326293945	1.9307502508163452	1.9372018575668335	1.9360431432724	1.9383952617645264	True
0	-1.0	7.756253242492676	1.9382976293563843	1.9383013248443604	1.9390708208084106	1.94058358669281	True
0	-0.6666666865348816	7.752579212188721	1.9381303787231445	1.9366811513900757	1.9398231506347656	1.9379445314407349	True
0	-1.0	7.753291606903076	1.9318337440490723	1.9379359483718872	1.9385305643081665	1.9449915885925293	True
0	-1.0	7.7323713302612305	1.9261382818222046	1.932324767112732	1.937766194343567	1.9361422061920166	True
0	-1.0	7.743403434753418	1.9318864345550537	1.937477946281433	1.934884786605835	1.9391547441482544	True
0	-0.3333333432674408	7.720123767852783	1.9180891513824463	1.9296256303787231	1.937454342842102	1.9349545240402222	True
0	-1.0	7.728381156921387	1.9151239395141602	1.9353668689727783	1.9416826963424683	1.936207890510559	True
0	-1.0	7.749070167541504	1.9355988502502441	1.935279369354248	1.9392130374908447	1.938979148864746	True
0	0.3149999976158142	7.744970798492432	1.9348589181900024	1.9327661991119385	1.9415417909622192	1.9358038902282715	True
0	-1.0	7.7562479972839355	1.941090703010559	1.9404304027557373	1.9375126361846924	1.9372142553329468	True
0	-1.0	7.7304229736328125	1.9249656200408936	1.9403510093688965	1.9375406503677368	1.927565336227417	True
0	-1.0	7.730792999267578	1.931713342666626	1.931396245956421	1.9376561641693115	1.9300267696380615	True
0	-1.0	7.726168632507324	1.9222183227539062	1.9413809776306152	1.9353556632995605	1.9272137880325317	True
0	-1.0	7.726819038391113	1.9280543327331543	1.9306232929229736	1.9381585121154785	1.929983139038086	True
0	-1.0	7.731138229370117	1.9232255220413208	1.939060926437378	1.937228798866272	1.9316232204437256	True
0	-1.0	7.735296726226807	1.9329428672790527	1.9334478378295898	1.938225269317627	1.9306808710098267	True
0	-1.0	7.726657867431641	1.9216514825820923	1.9401838779449463	1.9368056058883667	1.9280167818069458	True
0	-1.0	7.734634876251221	1.9329752922058105	1.9319698810577393	1.9363512992858887	1.9333385229110718	True
0	-1.0	7.683499336242676	1.9005753993988037	1.9350172281265259	1.9378427267074585	1.910063624382019	True
1	0.33000001311302185	6.207046031951904	1.7769787311553955	1.6924370527267456	1.0302420854568481	1.7073884010314941	True
1	-1.0	6.458611011505127	1.699500322341919	1.8005436658859253	1.1114133596420288	1.8471537828445435	True
1	-0.3333333432674408	7.193754196166992	1.859332799911499	1.9239357709884644	1.7109547853469849	1.6995313167572021	True
1	-0.3333333432674408	6.667725086212158	1.7031221389770508	1.8180205821990967	1.3604243993759155	1.7861582040786743	True
1	-0.3333333432674408	6.508194923400879	1.5788660049438477	1.7740345001220703	1.3933600187301636	1.7619340419769287	True
1	0.125	7.240777492523193	1.844680905342102	1.8649448156356812	1.7872138023376465	1.7439378499984741	True
1	0.2750000059604645	6.536785125732422	1.7267813682556152	1.6810216903686523	1.3951148986816406	1.7338669300079346	True
1	0.14249999821186066	7.292056560516357	1.8028450012207031	1.881011724472046	1.8029752969741821	1.8052242994308472	True
1	-1.0	6.592500686645508	1.5612632036209106	1.8304047584533691	1.393338680267334	1.8074941635131836	True
1	0.1599999964237213	7.170220851898193	1.7512010335922241	1.9016578197479248	1.8342013359069824	1.6831609010696411	True
1	-1.0	6.696496963500977	1.642845869064331	1.7273271083831787	1.5824202299118042	1.7439038753509521	True
1	-1.0	7.150717258453369	1.7026218175888062	1.9066194295883179	1.811687707901001	1.7297884225845337	True
1	-1.0	7.052751064300537	1.687901496887207	1.8976643085479736	1.7759007215499878	1.6912846565246582	True
1	-1.0	6.7512640953063965	1.7042357921600342	1.807076334953308	1.6031078100204468	1.6368441581726074	True
1	-0.3333333432674408	6.953369140625	1.7175719738006592	1.8574011325836182	1.7905701398849487	1.5878257751464844	True
1	-0.3333333432674408	6.6900153160095215	1.7091739177703857	1.7263493537902832	1.565481424331665	1.689010739326477	True
1	-0.3333333432674408	7.23939323425293	1.7728955745697021	1.9095525741577148	1.8343150615692139	1.7226297855377197	True
1	0.3449999988079071	6.828339099884033	1.7847586870193481	1.8258402347564697	1.5894064903259277	1.6283336877822876	True
1	-0.3333333432674408	7.031555652618408	1.8073158264160156	1.8414692878723145	1.7432804107666016	1.6394901275634766	True
1	0.27000001072883606	7.047163009643555	1.6798328161239624	1.8620061874389648	1.7772880792617798	1.7280356884002686	True
1	0.33500000834465027	6.891069412231445	1.7442677021026611	1.8168684244155884	1.5473315715789795	1.7826015949249268	True
1	-0.3333333432674408	6.865156173706055	1.8138827085494995	1.77846097946167	1.7286491394042969	1.5441631078720093	True
1	0.3149999976158142	6.896755695343018	1.7919608354568481	1.8215867280960083	1.6189301013946533	1.6642781496047974	True
1	0.3199999928474426	7.103126525878906	1.8141173124313354	1.8155601024627686	1.8003050088882446	1.6731441020965576	True
1	-0.3333333432674408	6.892637252807617	1.8326351642608643	1.8000200986862183	1.6744029521942139	1.5855787992477417	True
1	-0.3333333432674408	7.135326385498047	1.79948091506958	1.8173304796218872	1.793254017829895	1.7252609729766846	True
1	-0.3333333432674408	6.899032115936279	1.6897166967391968	1.7849253416061401	1.653169870376587	1.771220326423645	True
1	-0.3333333432674408	7.119053363800049	1.798250436782837	1.8363927602767944	1.7888679504394531	1.6955424547195435	True
1	-0.3333333432674408	6.89683198928833	1.6860601902008057	1.7875276803970337	1.6467159986495972	1.776527762413025	True
1	-0.3333333432674408	7.144946575164795	1.7908493280410767	1.8270858526229858	1.7993474006652832	1.7276641130447388	True
2	-0.3333333432674408	6.364195346832275	1.8000719547271729	1.6990898847579956	1.441437005996704	1.4235968589782715	False
2	-0.3333333432674408	6.2446465492248535	1.847647786140442	1.2262495756149292	1.6224488019943237	1.5483002662658691	False
2	0.1274999976158142	6.319873809814453	1.6383899450302124	1.335336685180664	1.7027798891067505	1.6433674097061157	False
2	-0.3333333432674408	6.374678134918213	1.61946439743042	1.656501293182373	1.4855059385299683	1.613206386566162	False
2	-0.3333333432674408	6.746215343475342	1.5816549062728882	1.811053991317749	1.6211713552474976	1.7323349714279175	False
2	-0.3333333432674408	6.251892566680908	1.2992093563079834	1.5828428268432617	1.7989511489868164	1.5708891153335571	False
2	0.3199999928474426	6.933762550354004	1.6440942287445068	1.795798897743225	1.712261438369751	1.7816076278686523	False
2	-0.3333333432674408	6.254750728607178	1.5109134912490845	1.5537424087524414	1.5374881029129028	1.6526070833206177	False
2	-0.3333333432674408	6.519756317138672	1.4318281412124634	1.8201565742492676	1.8211688995361328	1.446602702140808	False
2	0.2150000035762787	6.195296287536621	1.2522027492523193	1.736025333404541	1.7059515714645386	1.5011167526245117	False
2	0.25	6.198191165924072	1.564043641090393	1.6369593143463135	1.4761996269226074	1.5209883451461792	False
2	0.2800000011920929	6.347811222076416	1.6939940452575684	1.6477431058883667	1.4510751962661743	1.5549988746643066	False
2	0.30000001192092896	6.015655517578125	1.5159070491790771	1.5471084117889404	1.5204945802688599	1.432145595550537	False
2	0.24500000476837158	6.195362091064453	1.7290377616882324	1.491097092628479	1.6075586080551147	1.367668867111206	False
2	0.3149999976158142	6.0717034339904785	1.5134166479110718	1.5703879594802856	1.5190147161483765	1.468883991241455	False
2	0.2750000059604645	6.218684196472168	1.7174233198165894	1.5023698806762695	1.6093605756759644	1.3895299434661865	False
2	0.30000001192092896	6.02580451965332	1.502959966659546	1.54131019115448	1.538254976272583	1.4432792663574219	False
2	0.27000001072883606	6.216294765472412	1.7317171096801758	1.5082221031188965	1.6140707731246948	1.3622846603393555	False
2	0.32499998807907104	5.9988555908203125	1.4883054494857788	1.5359759330749512	1.5249701738357544	1.4496040344238281	False
2	0.22499999403953552	6.236196994781494	1.7158548831939697	1.507912516593933	1.5940310955047607	1.4183982610702515	False
2	0.2800000011920929	6.100697040557861	1.5308810472488403	1.5686389207839966	1.51823091506958	1.4829460382461548	False
2	0.2199999988079071	6.223801136016846	1.730309247970581	1.5016062259674072	1.6077032089233398	1.3841824531555176	False
2	0.2750000059604645	5.773641586303711	1.3599567413330078	1.6831469535827637	1.5242735147476196	1.2062642574310303	False
2	-0.3333333432674408	6.129010200500488	1.7062773704528809	1.6500189304351807	1.2536439895629883	1.5190696716308594	False
2	-0.3333333432674408	6.140438079833984	1.2383190393447876	1.7510366439819336	1.708675503730774	1.4424071311950684	False
2	-0.3333333432674408	6.445413589477539	1.6128690242767334	1.6626124382019043	1.6676994562149048	1.502232313156128	False
2	-0.3333333432674408	6.11894416809082	1.2025725841522217	1.7458667755126953	1.7033556699752808	1.467149019241333	False
2	-0.3333333432674408	6.442019462585449	1.6197868585586548	1.6678314208984375	1.6675324440002441	1.4868688583374023	False
2	-0.3333333432674408	6.127865791320801	1.2170891761779785	1.7482244968414307	1.6992309093475342	1.4633214473724365	False
2	-0.3333333432674408	6.428709506988525	1.604511022567749	1.659627914428711	1.6695728302001953	1.4949973821640015	False
3	0.3199999928474426	6.365782737731934	1.7225213050842285	1.4797959327697754	1.6429388523101807	1.520526647567749	False
3	0.2199999988079071	5.883630752563477	1.441890001296997	1.2472989559173584	1.5984928607940674	1.595949411392212	False
3	0.2750000059604645	5.605434417724609	1.2221906185150146	1.4941819906234741	1.5022250413894653	1.3868367671966553	False
3	-0.3333333432674408	6.075448036193848	1.4319796562194824	1.5093246698379517	1.5527424812316895	1.5814011096954346	False
3	-0.3333333432674408	6.071918487548828	1.3545091152191162	1.3756287097930908	1.738074541091919	1.6037063598632812	False
3	-0.6666666865348816	5.942224979400635	1.3248074054718018	1.4079647064208984	1.622853398323059	1.586599349975586	False
3	0.2800000011920929	5.976572036743164	1.3177728652954102	1.1740044355392456	1.8329204320907593	1.6518738269805908	False
3	-0.6666666865348816	5.462785720825195	1.203467607498169	1.5625550746917725	1.0817030668258667	1.6150598526000977	False
3	-0.3333333432674408	6.208729267120361	1.4274780750274658	1.7420847415924072	1.2740048170089722	1.7651615142822266	False
3	-0.6666666865348816	6.057496547698975	1.339174747467041	1.618957281112671	1.5344231128692627	1.5649415254592896	False
3	0.3050000071525574	5.907263278961182	1.3984763622283936	1.4261970520019531	1.7663099765777588	1.3162798881530762	False
3	-0.6666666865348816	5.586300849914551	1.1184806823730469	1.4739729166030884	1.4944146871566772	1.4994326829910278	False
3	-0.6666666865348816	5.958710670471191	1.3114553689956665	1.1772937774658203	1.836828589439392	1.6331329345703125	False
3	0.16249999403953552	5.315614223480225	1.0522165298461914	1.6609091758728027	1.103853464126587	1.4986350536346436	False
3	-0.6666666865348816	5.6735310554504395	1.4834750890731812	1.5257593393325806	1.2728710174560547	1.3914257287979126	False
3	0.33500000834465027	5.9208903312683105	1.4225709438323975	1.7092809677124023	1.5319085121154785	1.2571301460266113	False
3	-0.6666666865348816	5.351101398468018	1.4687368869781494	1.5415130853652954	0.8344820737838745	1.5063691139221191	False
3	-0.3333333432674408	6.020551681518555	1.330920934677124	1.6982368230819702	1.3354557752609253	1.6559381484985352	False
3	-0.6666666865348816	5.216026306152344	0.9990619421005249	1.5557255744934082	1.4279980659484863	1.2332404851913452	False
3	-0.6666666865348816	5.8719072341918945	1.265303373336792	1.36576247215271	1.785692811012268	1.455148458480835	False
3	-0.6666666865348816	5.869217872619629	1.202468752861023	1.4121463298797607	1.742260456085205	1.5123424530029297	False
3	0.3400000035762787	5.777207374572754	1.2045027017593384	1.686071753501892	1.353908658027649	1.532724380493164	False
3	0.3499999940395355	5.166257858276367	1.01876962184906	1.6251853704452515	1.0586339235305786	1.4636690616607666	False
3	-0.3333333432674408	5.252880096435547	1.313549280166626	1.5817744731903076	1.0994741916656494	1.2580822706222534	False
3	0.33000001311302185	5.453678607940674	1.2344461679458618	1.6903983354568481	1.3122531175613403	1.2165807485580444	False
3	-0.3333333432674408	5.458073616027832	1.390932321548462	1.5711703300476074	1.1704769134521484	1.3254938125610352	False
3	0.3449999988079071	5.750245094299316	1.248340129852295	1.7130283117294312	1.6083173751831055	1.1805591583251953	False
3	-0.3333333432674408	5.240533828735352	1.2924050092697144	1.5805164575576782	1.116820216178894	1.2507917881011963	False
3	0.3199999928474426	5.47690486907959	1.2665444612503052	1.6850441694259644	1.3251622915267944	1.2001538276672363	False
3	-0.3333333432674408	5.4663591384887695	1.3662806749343872	1.5736976861953735	1.1716684103012085	1.3547122478485107	False
4	0.28999999165534973	6.181304931640625	1.5569308996200562	1.5726284980773926	1.690234661102295	1.361510992050171	False
4	0.3700000047683716	6.2430033683776855	1.670980453491211	1.546303391456604	1.6279776096343994	1.397741675376892	False
4	0.2750000059604645	6.057135581970215	1.638525366783142	1.5861790180206299	1.5695513486862183	1.2628796100616455	False
4	-0.3333333432674408	6.083835124969482	1.561197280883789	1.7264894247055054	1.679762601852417	1.1163859367370605	False
4	0.33000001311302185	5.91495943069458	1.5801982879638672	1.6736292839050293	1.5700831413269043	1.0910488367080688	False
4	0.32749998569488525	5.944619178771973	1.6037899255752563	1.5995804071426392	1.7020998001098633	1.0391494035720825	False
4	0.13500000536441803	5.729052543640137	1.5452872514724731	1.509291410446167	1.5143376588821411	1.160136342048645	False
4	0.27000001072883606	5.229854583740234	0.9660011529922485	1.5014328956604004	1.5830304622650146	1.1793901920318604	False
4	-0.3333333432674408	6.016646385192871	1.628058671951294	1.4388866424560547	1.5713382959365845	1.3783625364303589	False
4	0.1274999976158142	6.388375282287598	1.7494232654571533	1.6220123767852783	1.5652958154678345	1.451643705368042	False
4	-0.6666666865348816	6.44465970993042	1.6836299896240234	1.636403203010559	1.5974491834640503	1.5271774530410767	False
4	0.3199999928474426	6.419390678405762	1.6786261796951294	1.3867683410644531	1.7262725830078125	1.6277236938476562	False
4	-0.3333333432674408	6.081536769866943	1.617412805557251	1.4764763116836548	1.6593449115753174	1.3283027410507202	False
4	0.33000001311302185	5.843538284301758	1.5066425800323486	1.5994865894317627	1.283384084701538	1.454025149345398	False
4	-0.6666666865348816	6.293650150299072	1.625820517539978	1.6780210733413696	1.5109341144561768	1.478874683380127	False
4	0.35249999165534973	6.511162757873535	1.7856218814849854	1.6241166591644287	1.6665691137313843	1.4348549842834473	False
4	-0.3333333432674408	5.77674674987793	1.466446876525879	1.3938570022583008	1.5080506801605225	1.4083921909332275	False
4	0.38999998569488525	6.385809898376465	1.679168462753296	1.6852730512619019	1.5709280967712402	1.4504406452178955	False
4	-0.6666666865348816	5.625655651092529	1.2281115055084229	1.549130916595459	1.4822587966918945	1.3661541938781738	False
4	0.32499998807907104	6.113379955291748	1.7218458652496338	1.6394702196121216	1.5645413398742676	1.1875224113464355	False
4	-0.3333333432674408	5.64949893951416	1.3765418529510498	1.6233704090118408	1.4084396362304688	1.2411472797393799	False
4	0.3499999940395355	6.370612621307373	1.6829582452774048	1.6849961280822754	1.5575282573699951	1.4451299905776978	False
4	-0.6666666865348816	5.659226417541504	1.2275274991989136	1.5556755065917969	1.476345181465149	1.399678111076355	False
4	0.3050000071525574	6.148893356323242	1.7109307050704956	1.6389926671981812	1.55231773853302	1.2466518878936768	False
4	-0.3333333432674408	5.673470973968506	1.3614795207977295	1.61894953250885	1.3931553363800049	1.2998863458633423	False
4	0.36500000953674316	6.377767086029053	1.6786996126174927	1.6912426948547363	1.5654878616333008	1.442336916923523	False
4	-0.6666666865348816	5.644951820373535	1.2245454788208008	1.559351921081543	1.4837639331817627	1.3772907257080078	False
4	0.27000001072883606	6.117962837219238	1.7042620182037354	1.6466906070709229	1.5495805740356445	1.2174293994903564	False
4	-0.3333333432674408	5.656527996063232	1.3730798959732056	1.622245192527771	1.4028987884521484	1.258304238319397	False
4	0.375	6.382884502410889	1.6814290285110474	1.695560336112976	1.5542325973510742	1.4516626596450806	False
5	0.33500000834465027	5.868172645568848	1.4481289386749268	1.5618577003479004	1.3941324949264526	1.464053750038147	False
5	-0.6666666865348816	5.349217414855957	0.9537472128868103	1.385718584060669	1.5882540941238403	1.4214973449707031	False
5	-0.3333333432674408	6.324005603790283	1.4308314323425293	1.6656917333602905	1.664508581161499	1.5629734992980957	False
5	0.28999999165534973	5.186941623687744	1.3964332342147827	1.3885871171951294	1.0320637226104736	1.3698575496673584	False
5	-0.3333333432674408	4.381833076477051	1.050554871559143	1.3132480382919312	1.0062222480773926	1.0118080377578735	False
5	0.2849999964237213	5.303354263305664	1.457778811454773	1.4176932573318481	1.0689740180969238	1.3589080572128296	False
5	-0.3333333432674408	4.437164306640625	1.0865851640701294	1.3100686073303223	1.0227279663085938	1.01778244972229	False
5	0.2750000059604645	5.273838043212891	1.4161890745162964	1.4317622184753418	1.0492706298828125	1.37661612033844	False
5	-0.3333333432674408	4.396397590637207	1.089590072631836	1.286324143409729	1.0142934322357178	1.0061899423599243	False
5	0.2750000059604645	5.2443742752075195	1.4136110544204712	1.4137938022613525	1.0427141189575195	1.3742554187774658	False
5	-0.3333333432674408	4.4398651123046875	1.1063909530639648	1.2858402729034424	1.002995252609253	1.0446383953094482	False
5	0.29499998688697815	5.209174156188965	1.3965623378753662	1.4065515995025635	1.048696756362915	1.3573635816574097	False
5	-0.3333333432674408	4.40443754196167	1.084620714187622	1.2881414890289307	1.0022883415222168	1.0293869972229004	False
5	0.26499998569488525	5.356236457824707	1.420694351196289	1.4619781970977783	1.0917134284973145	1.3818507194519043	False
5	-0.3333333432674408	4.443492889404297	1.0828309059143066	1.3065922260284424	1.028785228729248	1.025284767150879	False
5	0.3199999928474426	5.267043113708496	1.4366869926452637	1.4205303192138672	1.0405412912368774	1.3692843914031982	False
5	-0.3333333432674408	4.411763668060303	1.0838285684585571	1.3012597560882568	1.0232675075531006	1.0034078359603882	False
5	0.2800000011920929	5.320825576782227	1.4415351152420044	1.4178094863891602	1.0967345237731934	1.364746332168579	False
5	-0.3333333432674408	4.420261383056641	1.0635204315185547	1.3123600482940674	1.0207853317260742	1.0235955715179443	False
5	0.25999999046325684	5.248807907104492	1.4167320728302002	1.4278572797775269	1.0466363430023193	1.3575820922851562	False
5	-0.3333333432674408	4.418505668640137	1.085208773612976	1.2973873615264893	1.02284836769104	1.0130610466003418	False
5	0.2750000059604645	5.258216381072998	1.4268255233764648	1.4214283227920532	1.0481783151626587	1.3617843389511108	False
5	-0.3333333432674408	4.465397357940674	1.085866093635559	1.3087310791015625	1.022780179977417	1.0480200052261353	False
5	0.2800000011920929	5.228507041931152	1.4300708770751953	1.393174409866333	1.0582090616226196	1.3470524549484253	False
5	-0.3333333432674408	4.452788352966309	1.0906275510787964	1.3069684505462646	1.0297797918319702	1.025412678718567	False
5	0.2750000059604645	5.214632511138916	1.4096534252166748	1.4214510917663574	1.0415273904800415	1.3420004844665527	False
5	-0.3333333432674408	4.401932716369629	1.07332444190979	1.3108456134796143	1.0184415578842163	0.9993208646774292	False
5	0.28999999165534973	5.2084479331970215	1.3965181112289429	1.406205654144287	1.0184077024459839	1.3873162269592285	False
5	-0.3333333432674408	4.452881813049316	1.0917772054672241	1.3058415651321411	1.0266143083572388	1.0286486148834229	False
5	0.2800000011920929	5.267722129821777	1.421022653579712	1.4191691875457764	1.0552468299865723	1.3722832202911377	False
6	-0.3333333432674408	5.434798240661621	1.069486379623413	1.426733374595642	1.550892949104309	1.3876856565475464	False
6	-0.3333333432674408	6.0013580322265625	1.6035301685333252	1.5383331775665283	1.75839102268219	1.1011035442352295	False
6	-0.6666666865348816	4.625837326049805	1.4383816719055176	0.7833080291748047	0.9982859492301941	1.405861735343933	False
6	-0.6666666865348816	5.0731201171875	1.451568603515625	0.7865912318229675	1.4071110486984253	1.4278491735458374	False
6	-0.3333333432674408	4.906998634338379	1.5675041675567627	0.8965530395507812	1.0438549518585205	1.399086594581604	False
6	-0.6666666865348816	6.275615215301514	1.6216803789138794	1.5788501501083374	1.5761277675628662	1.4989572763442993	False
6	-0.6666666865348816	4.283021926879883	1.146883487701416	1.0995304584503174	0.5915293097496033	1.4450788497924805	False
6	-0.3333333432674408	5.643179893493652	1.6547163724899292	1.1400580406188965	1.2479760646820068	1.6004297733306885	False
6	0.3400000035762787	5.159676551818848	1.6581206321716309	0.9576666951179504	1.0971291065216064	1.4467604160308838	False
6	-0.3333333432674408	6.033857822418213	1.4981417655944824	1.61637282371521	1.4209985733032227	1.498344898223877	False
6	-0.6666666865348816	6.278899192810059	1.7160143852233887	1.5843496322631836	1.4192930459976196	1.5592420101165771	False
6	-0.3333333432674408	4.7563629150390625	1.597651720046997	1.0613995790481567	0.6368951201438904	1.460416316986084	False
6	-0.3333333432674408	5.0129714012146	1.514333963394165	1.0869065523147583	0.9295262098312378	1.4822043180465698	False
6	-0.3333333432674408	4.148569107055664	1.4453096389770508	0.6045997142791748	0.6079707145690918	1.4906892776489258	False
6	-0.3333333432674408	5.104009628295898	1.485134243965149	1.1314470767974854	0.9893737435340881	1.4980545043945312	False
6	-0.3333333432674408	4.171337127685547	1.4392039775848389	0.6230189800262451	0.6399474143981934	1.46916663646698	False
6	-0.3333333432674408	5.049025058746338	1.5074020624160767	1.098889708518982	0.9589195251464844	1.4838136434555054	False
6	-0.3333333432674408	4.146302223205566	1.4352186918258667	0.6054145097732544	0.6187791228294373	1.4868896007537842	False
6	-0.3333333432674408	5.136383533477783	1.531935214996338	1.110408067703247	0.9816142320632935	1.5124258995056152	False
6	-0.3333333432674408	4.149544715881348	1.428497314453125	0.603118896484375	0.6352797150611877	1.4826488494873047	False
6	-0.3333333432674408	5.062493324279785	1.5192177295684814	1.1013925075531006	0.9476457834243774	1.4942376613616943	False
6	-0.3333333432674408	4.112786293029785	1.4344815015792847	0.6088086366653442	0.5972763299942017	1.472219705581665	False
6	-0.3333333432674408	5.099250316619873	1.5067613124847412	1.131270408630371	0.9570599794387817	1.5041583776474	False
6	-0.3333333432674408	4.17451810836792	1.4416604042053223	0.5979767441749573	0.6423385143280029	1.4925423860549927	False
6	-0.3333333432674408	5.138420581817627	1.5085073709487915	1.1371225118637085	1.0041863918304443	1.4886044263839722	False
6	-0.3333333432674408	4.165194988250732	1.4421401023864746	0.6112698912620544	0.6159284710884094	1.4958564043045044	False
6	-0.3333333432674408	5.11368465423584	1.5109599828720093	1.1304295063018799	0.9833416938781738	1.4889538288116455	False
6	-0.3333333432674408	4.127866744995117	1.4376261234283447	0.6217748522758484	0.5909261703491211	1.4775395393371582	False
6	-0.3333333432674408	5.009209632873535	1.5078134536743164	1.0923110246658325	0.9209810495376587	1.4881043434143066	False
6	-0.3333333432674408	4.133298873901367	1.4285911321640015	0.6037709712982178	0.6065923571586609	1.494344711303711	False
7	0.23000000417232513	5.8387651443481445	1.3621289730072021	1.5620944499969482	1.558227777481079	1.356313943862915	False
7	-0.3333333432674408	5.372457981109619	1.4185056686401367	1.3149261474609375	1.2439526319503784	1.3950732946395874	False
7	-0.3333333432674408	5.441608428955078	1.6533534526824951	1.4053739309310913	1.1282631158828735	1.2546182870864868	False
7	-0.3333333432674408	5.400460243225098	1.4866653680801392	1.0919065475463867	1.5418155193328857	1.2800729274749756	False
7	-0.3333333432674408	5.459343433380127	1.6640894412994385	1.4076108932495117	1.1216909885406494	1.2659519910812378	False
7	-0.3333333432674408	5.357085704803467	1.465331792831421	1.0885145664215088	1.5438439846038818	1.2593951225280762	False
7	-0.3333333432674408	5.465760707855225	1.6618022918701172	1.390600562095642	1.134977102279663	1.2783808708190918	False
7	-0.3333333432674408	5.541045188903809	1.5228198766708374	1.1571109294891357	1.530612826347351	1.3305013179779053	False
7	-0.3333333432674408	5.490609169006348	1.6645694971084595	1.4212735891342163	1.1227682828903198	1.281997799873352	False
7	-0.3333333432674408	5.395321369171143	1.4712573289871216	1.1019957065582275	1.5454773902893066	1.2765908241271973	False
7	-0.6666666865348816	5.425910472869873	1.659536600112915	1.3792325258255005	1.150828242301941	1.236312747001648	False
7	-0.3333333432674408	5.201667308807373	1.6669342517852783	0.9528065919876099	1.4524221420288086	1.1295040845870972	False
7	-0.6666666865348816	5.58778715133667	1.6252042055130005	1.6159188747406006	1.0424354076385498	1.3042281866073608	False
7	0.2549999952316284	4.956008434295654	1.5561835765838623	1.1681017875671387	1.4368802309036255	0.7948428988456726	False
7	-0.3333333432674408	5.504460334777832	1.456053614616394	1.4269496202468872	1.2210133075714111	1.4004437923431396	False
7	0.26499998569488525	4.680515289306641	1.6242384910583496	1.3126835823059082	1.0859534740447998	0.6576393246650696	False
7	-0.6666666865348816	4.927451133728027	1.4716722965240479	1.344435453414917	0.801956057548523	1.3093873262405396	False
7	0.3050000071525574	5.216588497161865	1.5160000324249268	1.3111315965652466	1.391497015953064	0.9979596734046936	False
7	-0.3333333432674408	5.119015216827393	1.5396089553833008	1.2413171529769897	0.9819028377532959	1.3561862707138062	False
7	0.2750000059604645	4.773941993713379	1.6226383447647095	1.3614604473114014	1.0604747533798218	0.7293681502342224	False
7	-0.6666666865348816	4.954747200012207	1.5018415451049805	1.359212875366211	0.7899568676948547	1.3037359714508057	False
7	0.3199999928474426	5.177689075469971	1.4904638528823853	1.3043714761734009	1.379746913909912	1.0031064748764038	False
7	-0.3333333432674408	5.117753505706787	1.5402823686599731	1.2506173849105835	0.9693635702133179	1.3574901819229126	False
7	0.2750000059604645	4.675723075866699	1.632286787033081	1.2901750802993774	1.0774383544921875	0.6758225560188293	False
7	-0.6666666865348816	4.925226211547852	1.49245023727417	1.3188623189926147	0.8260086178779602	1.2879047393798828	False
7	0.3149999976158142	5.197629928588867	1.4837977886199951	1.3202086687088013	1.388559341430664	1.0050642490386963	False
7	-0.3333333432674408	5.154735565185547	1.5472103357315063	1.2431004047393799	1.0018867254257202	1.3625377416610718	False
7	0.27000001072883606	4.6677165031433105	1.612778902053833	1.3220124244689941	1.0711983442306519	0.6617268323898315	False
7	-0.6666666865348816	4.90960693359375	1.4796558618545532	1.3321062326431274	0.8008227944374084	1.2970223426818848	False
7	0.36500000953674316	5.150389194488525	1.4819302558898926	1.3119381666183472	1.3808786869049072	0.9756416082382202	False
8	-0.3333333432674408	5.041479110717773	1.343936562538147	1.4844096899032593	1.3849269151687622	0.828205943107605	False
8	-0.3333333432674408	4.9209699630737305	1.6438610553741455	1.1566293239593506	1.1666086912155151	0.953870952129364	False
8	-0.3333333432674408	5.999600887298584	1.7090563774108887	1.5163698196411133	1.423876404762268	1.3502984046936035	False
8	0.13249999284744263	4.34560489654541	1.471828579902649	1.3646512031555176	0.7888741493225098	0.7202511429786682	False
8	0.1274999976158142	6.2153472900390625	1.6412105560302734	1.438429832458496	1.7071447372436523	1.4285622835159302	False
8	-0.3333333432674408	5.599003791809082	1.471373200416565	1.5149784088134766	1.5840774774551392	1.0285751819610596	False
8	-0.3333333432674408	4.9008870124816895	1.6382012367248535	1.1477129459381104	1.179734706878662	0.935238242149353	False
8	-0.3333333432674408	5.971282958984375	1.7030847072601318	1.4968863725662231	1.434423804283142	1.3368875980377197	False
8	0.1274999976158142	4.364864349365234	1.5042459964752197	1.3547612428665161	0.8108593225479126	0.6949977874755859	False
8	0.2150000035762787	6.180301666259766	1.6179414987564087	1.419709324836731	1.7131264209747314	1.429524302482605	False
8	-0.6666666865348816	5.961457252502441	1.5038073062896729	1.5286829471588135	1.666957974433899	1.2620089054107666	False
8	-0.3333333432674408	5.84191370010376	1.6703424453735352	1.3328841924667358	1.5346041917800903	1.304082989692688	False
8	-0.3333333432674408	5.495743274688721	1.6321502923965454	1.42271089553833	1.1814122200012207	1.2594701051712036	False
8	0.2849999964237213	4.441868305206299	1.3949848413467407	1.3341984748840332	1.1779791116714478	0.5347062945365906	False
8	-0.3333333432674408	5.974671363830566	1.2587136030197144	1.7566355466842651	1.5297821760177612	1.4295403957366943	False
8	-0.3333333432674408	5.893957614898682	1.5185010433197021	1.572349190711975	1.3385287523269653	1.4645785093307495	False
8	0.3700000047683716	5.624068737030029	1.6014609336853027	1.6275854110717773	1.5444544553756714	0.8505678772926331	False
8	-0.3333333432674408	5.321805000305176	0.8915975093841553	1.524336338043213	1.1788051128387451	1.7270662784576416	False
8	-0.6666666865348816	5.476529121398926	0.9490828514099121	1.4442024230957031	1.38451087474823	1.6987329721450806	False
8	-0.3333333432674408	5.624286651611328	1.4415478706359863	1.354740023612976	1.6942720413208008	1.1337268352508545	False
8	0.26499998569488525	5.467200756072998	1.492037296295166	1.2816565036773682	1.3265353441238403	1.3669713735580444	False
8	-0.3333333432674408	5.0473833084106445	1.4008510112762451	1.079965591430664	1.558820366859436	1.0077462196350098	False
8	-0.3333333432674408	4.562103748321533	1.4310011863708496	1.0627464056015015	1.4124112129211426	0.6559449434280396	False
8	-0.6666666865348816	5.0557684898376465	1.510002851486206	1.0568265914916992	1.2727344036102295	1.2162045240402222	False
8	0.3100000023841858	4.98675012588501	1.1848411560058594	1.3821951150894165	1.7084548473358154	0.7112594246864319	False
8	-0.3333333432674408	5.086896896362305	1.390681505203247	1.0959081649780273	1.5708481073379517	1.0294588804244995	False
8	-0.3333333432674408	4.543753623962402	1.4399040937423706	1.0504578351974487	1.402282476425171	0.6511090397834778	False
8	-0.3333333432674408	5.089696884155273	1.5145467519760132	1.085008978843689	1.2545661926269531	1.2355749607086182	False
8	0.12250000238418579	5.113614082336426	1.3600244522094727	1.331244707107544	1.5386778116226196	0.8836668133735657	False
8	-0.6666666865348816	4.204075813293457	1.0690244436264038	0.6321026682853699	1.5045807361602783	0.9983681440353394	False
9	0.14249999821186066	4.990174293518066	1.6893515586853027	0.5495941638946533	1.6000266075134277	1.151201844215393	False
9	0.12999999523162842	4.457024574279785	1.4325348138809204	0.6039298176765442	1.3507411479949951	1.0698188543319702	False
9	0.1274999976158142	4.8242597579956055	1.5150351524353027	0.6084372401237488	1.626724362373352	1.0740629434585571	False
9	0.125	4.846624374389648	1.4427460432052612	0.5195420980453491	1.5477604866027832	1.336575984954834	False
9	0.12999999523162842	4.973217487335205	1.6859676837921143	0.5370959043502808	1.6143462657928467	1.135807752609253	False
9	0.11999999731779099	4.55447244644165	1.434592604637146	0.5883209705352783	1.3786633014678955	1.1528958082199097	False
9	0.1274999976158142	4.975318431854248	1.6816585063934326	0.5338413119316101	1.6245135068893433	1.1353048086166382	False
9	0.11999999731779099	4.656805038452148	1.4338898658752441	0.6503795981407166	1.3997876644134521	1.1727478504180908	False
9	0.14000000059604645	4.884825706481934	1.6895430088043213	0.47807419300079346	1.5952094793319702	1.1219985485076904	False
9	0.14249999821186066	4.744113445281982	1.428406834602356	0.6573058366775513	1.4428220987319946	1.2155784368515015	False
9	0.12999999523162842	4.749396800994873	1.5111359357833862	0.5665637254714966	1.6351218223571777	1.036575198173523	False
9	0.12250000238418579	4.950868606567383	1.4372079372406006	0.5433972477912903	1.6017273664474487	1.3685357570648193	False
9	0.13500000536441803	4.996354103088379	1.6799253225326538	0.5458428263664246	1.6224253177642822	1.1481605768203735	False
9	0.125	4.643178462982178	1.4342683553695679	0.6319965720176697	1.4070942401885986	1.1698192358016968	False
9	0.12999999523162842	4.8660712242126465	1.6887190341949463	0.5009472370147705	1.5850398540496826	1.091365098953247	False
9	0.14000000059604645	4.403647422790527	1.4265034198760986	0.5919531583786011	1.3289247751235962	1.0562663078308105	False
9	0.125	4.636528015136719	1.5134743452072144	0.5887420177459717	1.583191156387329	0.9511203765869141	False
9	0.125	4.897635459899902	1.4267206192016602	0.536506175994873	1.5808439254760742	1.3535648584365845	False
9	0.14249999821186066	4.959039211273193	1.6809290647506714	0.5120864510536194	1.6206730604171753	1.1453505754470825	False
9	0.12250000238418579	4.451308250427246	1.4321374893188477	0.5677892565727234	1.3767074346542358	1.0746742486953735	False
9	0.12999999523162842	4.793567657470703	1.5163960456848145	0.6283013224601746	1.6239056587219238	1.0249643325805664	False
9	0.125	5.161942958831787	1.4028419256210327	0.7352067232131958	1.6196112632751465	1.404283046722412	False
9	0.13750000298023224	4.900564193725586	1.6900460720062256	0.5109442472457886	1.5862191915512085	1.1133548021316528	False
9	0.1274999976158142	4.54154634475708	1.4303561449050903	0.6378332376480103	1.3509310483932495	1.1224260330200195	False
9	0.13249999284744263	4.980982303619385	1.6800462007522583	0.530432403087616	1.6165012121200562	1.1540026664733887	False
9	0.11249999701976776	4.466399669647217	1.4362781047821045	0.5897268056869507	1.3601735830307007	1.0802212953567505	False
9	0.13500000536441803	4.900773048400879	1.685925006866455	0.5106196403503418	1.5946286916732788	1.1095993518829346	False
9	0.13249999284744263	4.4947123527526855	1.4239680767059326	0.6189830303192139	1.3506888151168823	1.1010724306106567	False
9	0.12250000238418579	4.841127395629883	1.5251061916351318	0.6393252611160278	1.6331948041915894	1.0435007810592651	False
9	0.12250000238418579	4.831920146942139	1.439792513847351	0.5089331269264221	1.5654895305633545	1.3177049160003662	False
10	0.1525000035762787	2.8699045181274414	1.2486310005187988	0.4200865924358368	0.9232708811759949	0.2779160439968109	False
10	0.11999999731779099	2.7112371921539307	1.122605562210083	0.6044192910194397	0.8010941743850708	0.18311817944049835	False
10	0.1525000035762787	2.8868768215179443	1.2644636631011963	0.3993467092514038	0.9355454444885254	0.28752121329307556	False
10	0.11999999731779099	2.7056708335876465	1.104744791984558	0.6155509352684021	0.7876730561256409	0.1977020651102066	False
10	0.13500000536441803	2.784782886505127	1.2477822303771973	0.39036616683006287	0.8938339948654175	0.2528004050254822	False
10	0.12250000238418579	2.694984197616577	1.1151936054229736	0.6039142608642578	0.7814134359359741	0.19446295499801636	False
10	0.1574999988079071	2.857705593109131	1.2505956888198853	0.39062321186065674	0.9210434556007385	0.29544317722320557	False
10	0.12250000238418579	2.7602157592773438	1.116454005241394	0.6288936138153076	0.8078938722610474	0.20697420835494995	False
10	0.1599999964237213	2.895601749420166	1.2354555130004883	0.42222750186920166	0.9345641136169434	0.30335479974746704	False
10	0.125	2.745485544204712	1.0956979990005493	0.6524340510368347	0.7919530868530273	0.2054005116224289	False
10	0.16500000655651093	2.823870897293091	1.2377643585205078	0.42330312728881836	0.8926918506622314	0.27011147141456604	False
10	0.125	2.6478638648986816	1.1251699924468994	0.5782276391983032	0.7690215706825256	0.17544454336166382	False
10	0.1599999964237213	2.851870059967041	1.2605901956558228	0.38626980781555176	0.9213843941688538	0.28362566232681274	False
10	0.12250000238418579	2.704132318496704	1.1242434978485107	0.6140387058258057	0.784821629524231	0.1810285896062851	False
10	0.15000000596046448	2.832630157470703	1.2509100437164307	0.38901573419570923	0.9117501378059387	0.2809544801712036	False
10	0.125	2.7375128269195557	1.127114176750183	0.6094286441802979	0.807054340839386	0.19391551613807678	False
10	0.1550000011920929	2.8595316410064697	1.2636083364486694	0.39050304889678955	0.9267479181289673	0.27867239713668823	False
10	0.13249999284744263	2.7456655502319336	1.0936729907989502	0.6536726355552673	0.7871540188789368	0.21116581559181213	False
10	0.1550000011920929	2.784416437149048	1.2400084733963013	0.3792872130870819	0.8930681943893433	0.2720525562763214	False
10	0.1274999976158142	2.7394986152648926	1.0913622379302979	0.6478787064552307	0.787844717502594	0.2124129980802536	False
10	0.1599999964237213	2.8584089279174805	1.2406327724456787	0.4063401222229004	0.9206457138061523	0.29079023003578186	False
10	0.125	2.764112710952759	1.1018474102020264	0.6490097045898438	0.7992460131645203	0.21400943398475647	False
10	0.1550000011920929	2.811270236968994	1.25706148147583	0.38293248414993286	0.9115313291549683	0.25974518060684204	False
10	0.12250000238418579	2.72064471244812	1.111522912979126	0.6103664636611938	0.8024812936782837	0.19627411663532257	False
10	0.13249999284744263	2.8207530975341797	1.233453392982483	0.40307992696762085	0.8997215628623962	0.2844982147216797	False
10	0.125	2.6858067512512207	1.1071001291275024	0.6084325313568115	0.7938477993011475	0.17642630636692047	False
10	0.14499999582767487	2.839512586593628	1.2483760118484497	0.39875108003616333	0.9067685008049011	0.28561684489250183	False
10	0.12250000238418579	2.7427306175231934	1.1100103855133057	0.6248525381088257	0.8096110224723816	0.1982566863298416	False
10	0.12999999523162842	2.869112968444824	1.2619192600250244	0.39137619733810425	0.936814546585083	0.2790028750896454	False
10	0.1274999976158142	2.760207414627075	1.1063010692596436	0.6468150615692139	0.7958335280418396	0.211257666349411	False
11	0.14000000059604645	2.364881992340088	1.1966493129730225	0.49746590852737427	0.6205612421035767	0.050205767154693604	False
11	0.1274999976158142	2.264397382736206	0.8171873092651367	1.0076351165771484	0.3749074637889862	0.0646674633026123	False
11	0.14000000059604645	2.378366231918335	1.1984071731567383	0.5026439428329468	0.6272632479667664	0.05005201697349548	False
11	0.1274999976158142	2.2489683628082275	0.812229573726654	1.0053045749664307	0.3679540753364563	0.06348007917404175	False
11	0.1574999988079071	2.357206106185913	1.2053626775741577	0.5043191909790039	0.5985318422317505	0.04899231716990471	False
11	0.12250000238418579	2.2656710147857666	0.8002705574035645	1.0213559865951538	0.3738783597946167	0.0701662003993988	False
11	0.12999999523162842	2.3705530166625977	1.2037022113800049	0.4787661135196686	0.641828179359436	0.046256523579359055	False
11	0.12999999523162842	2.2431325912475586	0.760504961013794	1.0408406257629395	0.3690120577812195	0.0727749764919281	False
11	0.14000000059604645	2.359755754470825	1.212726354598999	0.48405641317367554	0.6182262897491455	0.04474665969610214	False
11	0.12250000238418579	2.2898244857788086	0.8086165189743042	1.0194997787475586	0.3886527419090271	0.07305538654327393	False
11	0.1550000011920929	2.3709020614624023	1.2022817134857178	0.4992469847202301	0.6211657524108887	0.04820774123072624	False
11	0.12250000238418579	2.2723569869995117	0.8138293623924255	1.000043272972107	0.38869166374206543	0.06979266554117203	False
11	0.14499999582767487	2.3628580570220947	1.1910219192504883	0.5179609060287476	0.6057384014129639	0.04813702031970024	False
11	0.125	2.2365450859069824	0.7596849799156189	1.0538510084152222	0.3490133285522461	0.07399582862854004	False
11	0.14749999344348907	2.366191864013672	1.1870431900024414	0.5122205018997192	0.6170028448104858	0.04992538318037987	False
11	0.12250000238418579	2.2481272220611572	0.7854491472244263	1.0292469263076782	0.36687034368515015	0.06656068563461304	False
11	0.14499999582767487	2.362283229827881	1.2041608095169067	0.5025030374526978	0.6075171232223511	0.048102378845214844	False
11	0.11999999731779099	2.2464487552642822	0.7897511124610901	1.0100380182266235	0.3806498348712921	0.06600972265005112	False
11	0.1574999988079071	2.358379364013672	1.1974881887435913	0.5051207542419434	0.6095134615898132	0.0462571382522583	False
11	0.12250000238418579	2.223679542541504	0.7539336085319519	1.046855092048645	0.35403886437416077	0.06885191053152084	False
11	0.17499999701976776	2.3902764320373535	1.1943364143371582	0.5321587920188904	0.6123707890510559	0.05141040310263634	False
11	0.11749999970197678	2.2216501235961914	0.7964569926261902	1.008181095123291	0.35197341442108154	0.06503856182098389	False
11	0.13249999284744263	2.3583264350891113	1.1737409830093384	0.5318261384963989	0.6032823324203491	0.04947705939412117	False
11	0.125	2.2516236305236816	0.7960772514343262	1.0134589672088623	0.3757244348526001	0.06636284291744232	False
11	0.15000000596046448	2.386194944381714	1.2000033855438232	0.512440025806427	0.6224391460418701	0.051312461495399475	False
11	0.11999999731779099	2.2755234241485596	0.8167482018470764	1.0087039470672607	0.3798675239086151	0.07020368427038193	False
11	0.13500000536441803	2.35408616065979	1.1746832132339478	0.5344238877296448	0.5941534042358398	0.05082568898797035	False
11	0.125	2.254215955734253	0.7784391641616821	1.0345230102539062	0.368988573551178	0.07226517796516418	False
11	0.14249999821186066	2.384735107421875	1.169936180114746	0.552452564239502	0.6089591979980469	0.05338714271783829	False
11	0.12999999523162842	2.2643749713897705	0.8117663264274597	1.0162115097045898	0.3698144555091858	0.06658275425434113	False
12	0.14499999582767487	2.2861080169677734	1.1991103887557983	0.6696499586105347	0.401623398065567	0.015724286437034607	False
12	0.12250000238418579	1.8909449577331543	0.5981721878051758	0.949667751789093	0.2955610752105713	0.047544024884700775	False
12	0.14499999582767487	2.289170503616333	1.1976187229156494	0.6645691394805908	0.41254904866218567	0.01443354319781065	False
12	0.12250000238418579	1.8983956575393677	0.614986777305603	0.9487910270690918	0.28374218940734863	0.05087566375732422	False
12	0.13500000536441803	2.2597086429595947	1.1623576879501343	0.6748846769332886	0.40623536705970764	0.01623084768652916	False
12	0.125	1.881500244140625	0.6442220211029053	0.9025524854660034	0.2864070236682892	0.0483187772333622	False
12	0.13500000536441803	2.2827813625335693	1.1914807558059692	0.6669029593467712	0.40940192341804504	0.014995727688074112	False
12	0.12250000238418579	1.8887865543365479	0.5935519337654114	0.9612497687339783	0.2797132134437561	0.05427170544862747	False
12	0.13750000298023224	2.2869138717651367	1.2047429084777832	0.6616044044494629	0.40609169006347656	0.01447497308254242	False
12	0.12999999523162842	1.8595869541168213	0.596869945526123	0.9300516247749329	0.2883363366127014	0.04432922601699829	False
12	0.1274999976158142	2.274369478225708	1.1812713146209717	0.6718547344207764	0.40552037954330444	0.015722882002592087	False
12	0.12999999523162842	1.8816046714782715	0.5933575630187988	0.950722336769104	0.29104143381118774	0.04648323357105255	False
12	0.14499999582767487	2.2841005325317383	1.2012085914611816	0.6618110537528992	0.40586549043655396	0.015215471386909485	False
12	0.125	1.8683477640151978	0.6087162494659424	0.9211321473121643	0.28970956802368164	0.048789866268634796	False
12	0.1599999964237213	2.299488067626953	1.210589051246643	0.6668771505355835	0.40686386823654175	0.015158042311668396	False
12	0.12250000238418579	1.8914926052093506	0.6040881276130676	0.9394953846931458	0.3008761703968048	0.04703301191329956	False
12	0.13500000536441803	2.2963876724243164	1.2202788591384888	0.653933048248291	0.4075065851211548	0.014669177122414112	False
12	0.125	1.8966792821884155	0.5759661793708801	0.9785911440849304	0.2916083037853241	0.05051364749670029	False
12	0.15000000596046448	2.301156997680664	1.1906213760375977	0.6692855358123779	0.4251164495944977	0.0161336250603199	False
12	0.125	1.8787864446640015	0.5749682784080505	0.9727096557617188	0.2822340428829193	0.048874348402023315	False
12	0.14000000059604645	2.2974321842193604	1.213886022567749	0.6586142778396606	0.41040822863578796	0.014523742720484734	False
12	0.12250000238418579	1.8788405656814575	0.5985634326934814	0.9566361904144287	0.2760040760040283	0.04763692244887352	False
12	0.13500000536441803	2.2825915813446045	1.1872751712799072	0.6726580858230591	0.40743374824523926	0.015224779024720192	False
12	0.125	1.8756722211837769	0.5659245252609253	0.9767898917198181	0.28378060460090637	0.049177274107933044	False
12	0.14749999344348907	2.288407564163208	1.17996346950531	0.6818612217903137	0.4104486405849457	0.01613432541489601	False
12	0.12999999523162842	1.8689765930175781	0.6187523007392883	0.9251008033752441	0.2788977324962616	0.04622582346200943	False
12	0.17000000178813934	2.280668020248413	1.1916961669921875	0.6641406416893005	0.40971434116363525	0.015116932801902294	False
12	0.12999999523162842	1.884774923324585	0.544470489025116	1.0141370296478271	0.276790589094162	0.0493767186999321	False
12	0.13500000536441803	2.282374143600464	1.2059530019760132	0.65860915184021	0.40295660495758057	0.014855310320854187	False
12	0.12250000238418579	1.8707067966461182	0.6269612312316895	0.9110805988311768	0.28632235527038574	0.04634266719222069	False
13	0.1599999964237213	2.9854254722595215	1.1674953699111938	0.6182115077972412	1.142852783203125	0.0568656362593174	False
13	0.12250000238418579	2.321092128753662	0.8650750517845154	0.8115848302841187	0.6007235050201416	0.04370880126953125	False
13	0.14000000059604645	2.9577293395996094	1.1580723524093628	0.6161102652549744	1.131672978401184	0.05187378451228142	False
13	0.11999999731779099	2.290557861328125	0.8846530914306641	0.7592131495475769	0.6069199442863464	0.0397716760635376	False
13	0.14749999344348907	2.997107744216919	1.1553850173950195	0.6291969418525696	1.1581181287765503	0.0544077605009079	False
13	0.12250000238418579	2.345741033554077	0.919166088104248	0.7815582752227783	0.599179208278656	0.045837320387363434	False
13	0.15000000596046448	2.9482033252716064	1.160151481628418	0.6094493865966797	1.1285176277160645	0.05008489266037941	False
13	0.12250000238418579	2.2999675273895264	0.8840277791023254	0.7824432253837585	0.5923799872398376	0.041116416454315186	False
13	0.15000000596046448	3.016301155090332	1.1740586757659912	0.6257429122924805	1.1627705097198486	0.05372905358672142	False
13	0.125	2.325985908508301	0.9167325496673584	0.7519654035568237	0.6125215888023376	0.0447663813829422	False
13	0.17499999701976776	2.9760921001434326	1.1550596952438354	0.6280015707015991	1.14018714427948	0.05284387618303299	False
13	0.11500000208616257	2.3306972980499268	0.9088870882987976	0.7953008413314819	0.5820364952087402	0.04447300359606743	False
13	0.1599999964237213	2.945061206817627	1.1352713108062744	0.6189789772033691	1.1399565935134888	0.05085417255759239	False
13	0.125	2.3412482738494873	0.909514844417572	0.8188422918319702	0.5678076148033142	0.045083414763212204	False
13	0.18000000715255737	2.969949245452881	1.1609838008880615	0.6158602833747864	1.138214111328125	0.054891183972358704	False
13	0.11999999731779099	2.3180091381073	0.8992917537689209	0.7901025414466858	0.5857914090156555	0.04282349720597267	False
13	0.17499999701976776	2.9720044136047363	1.1615663766860962	0.6078419089317322	1.148008108139038	0.05458798632025719	False
13	0.12250000238418579	2.3050901889801025	0.9055736064910889	0.7688640356063843	0.5877484083175659	0.0429040864109993	False
13	0.14000000059604645	2.9811558723449707	1.1594326496124268	0.6212189197540283	1.1457232236862183	0.05478105694055557	False
13	0.11999999731779099	2.3176286220550537	0.8994444608688354	0.7832690477371216	0.5943496227264404	0.0405656062066555	False
13	0.16249999403953552	2.9736013412475586	1.151757001876831	0.6263771057128906	1.1433053016662598	0.0521620437502861	False
13	0.12250000238418579	2.2989461421966553	0.8982962965965271	0.775907576084137	0.5828413963317871	0.04190085828304291	False
13	0.13500000536441803	2.949834108352661	1.1451201438903809	0.6173948049545288	1.1353118419647217	0.05200733616948128	False
13	0.125	2.303666114807129	0.8902484774589539	0.7777035236358643	0.5925973057746887	0.043116845190525055	False
13	0.1525000035762787	3.0324795246124268	1.1817764043807983	0.6358729600906372	1.158949613571167	0.05588044971227646	False
13	0.125	2.3116719722747803	0.8911066055297852	0.7928471565246582	0.5864476561546326	0.04127054288983345	False
13	0.14000000059604645	3.023287773132324	1.1770535707473755	0.6300585269927979	1.1594001054763794	0.05677565187215805	False
13	0.11500000208616257	2.322014570236206	0.9117369651794434	0.7486303448677063	0.6164945960044861	0.045152779668569565	False
13	0.14249999821186066	3.0559439659118652	1.1957454681396484	0.6475571393966675	1.1561840772628784	0.05645733326673508	False
13	0.12250000238418579	2.315272569656372	0.8915238380432129	0.783481240272522	0.595308780670166	0.04495891183614731	False
14	0.125	3.4833638668060303	1.424360752105713	0.7070327997207642	1.0319600105285645	0.3200104534626007	False
14	0.17249999940395355	3.312096357345581	1.3656576871871948	0.6483488082885742	1.0152900218963623	0.28279978036880493	False
14	0.14000000059604645	3.601168155670166	1.4484590291976929	0.7880367040634155	1.074669599533081	0.2900029420852661	False
14	0.16750000417232513	3.575878620147705	1.3490960597991943	0.7050237655639648	1.150023341178894	0.37173569202423096	False
14	0.13500000536441803	3.559781551361084	1.4139477014541626	0.7731860876083374	1.0769721269607544	0.29567575454711914	False
14	0.14749999344348907	3.563593864440918	1.3446601629257202	0.7070951461791992	1.1539318561553955	0.35790663957595825	False
14	0.14000000059604645	3.566469669342041	1.4210121631622314	0.7801060676574707	1.0795631408691406	0.2857884168624878	False
14	0.1850000023841858	3.563234806060791	1.344705581665039	0.7058966159820557	1.14786696434021	0.3647657632827759	False
14	0.1550000011920929	3.6354928016662598	1.444580316543579	0.7979342341423035	1.0895555019378662	0.3034226894378662	False
14	0.17499999701976776	3.556673288345337	1.3339495658874512	0.7056998610496521	1.1477365493774414	0.36928725242614746	False
14	0.13500000536441803	3.6086950302124023	1.4494367837905884	0.7910661697387695	1.0795778036117554	0.2886143624782562	False
14	0.18000000715255737	3.5899198055267334	1.3599134683609009	0.7069140672683716	1.1637247800827026	0.35936757922172546	False
14	0.14000000059604645	3.5512356758117676	1.4486069679260254	0.7541273832321167	1.0581412315368652	0.29035988450050354	False
14	0.1899999976158142	3.562443971633911	1.3385889530181885	0.7045857310295105	1.1438089609146118	0.37546035647392273	False
14	0.1525000035762787	3.562479019165039	1.4363127946853638	0.770354151725769	1.069626808166504	0.28618523478507996	False
14	0.18250000476837158	3.566141366958618	1.3405113220214844	0.7054896354675293	1.149003267288208	0.37113723158836365	False
14	0.1550000011920929	3.57769775390625	1.446958065032959	0.7662218809127808	1.0684936046600342	0.2960241138935089	False
14	0.17499999701976776	3.555708646774292	1.3378695249557495	0.704815685749054	1.14393949508667	0.36908382177352905	False
14	0.14000000059604645	3.588714599609375	1.4294519424438477	0.7820004224777222	1.0782763957977295	0.29898571968078613	False
14	0.1875	3.5662946701049805	1.3495780229568481	0.7049312591552734	1.1473870277404785	0.36439844965934753	False
14	0.14000000059604645	3.5737853050231934	1.4468876123428345	0.7722082734107971	1.0683929920196533	0.2862962782382965	False
14	0.17249999940395355	3.5672824382781982	1.3525995016098022	0.7042155265808105	1.143584966659546	0.3668822944164276	False
14	0.14499999582767487	3.553560972213745	1.442530632019043	0.7699949741363525	1.0648484230041504	0.2761869430541992	False
14	0.20250000059604645	3.5767667293548584	1.3493081331253052	0.7049316167831421	1.1472159624099731	0.37531113624572754	False
14	0.15000000596046448	3.5646398067474365	1.4398218393325806	0.7730991840362549	1.0701805353164673	0.281538188457489	False
14	0.14749999344348907	3.5702431201934814	1.3464341163635254	0.7056436538696289	1.1507611274719238	0.36740416288375854	False
14	0.13500000536441803	3.533046245574951	1.4224083423614502	0.7817874550819397	1.0688003301620483	0.26005035638809204	False
14	0.16500000655651093	3.5298242568969727	1.3294610977172852	0.7064802646636963	1.1456385850906372	0.3482441306114197	False
14	0.13249999284744263	3.620150089263916	1.4307947158813477	0.793584942817688	1.090494155883789	0.3052765130996704	False
14	0.17499999701976776	3.5283119678497314	1.3264551162719727	0.7065868377685547	1.1410205364227295	0.3542494475841522	False
15	0.20749999582767487	3.8191077709198	1.3209232091903687	0.6810908317565918	1.195845127105713	0.6212484836578369	False
15	0.125	3.5711684226989746	1.2182730436325073	0.619292140007019	1.0647180080413818	0.6688852310180664	False
15	0.2199999988079071	3.8238601684570312	1.332082986831665	0.6772876977920532	1.1918654441833496	0.6226238012313843	False
15	0.12250000238418579	3.509580135345459	1.205355167388916	0.6127381324768066	1.0388357639312744	0.6526511907577515	False
15	0.2150000035762787	3.785581111907959	1.3056085109710693	0.6804159283638	1.1938446760177612	0.6057120561599731	False
15	0.1274999976158142	3.5702431201934814	1.2327980995178223	0.6172451972961426	1.0477955341339111	0.6724042892456055	False
15	0.20000000298023224	3.8044912815093994	1.320586085319519	0.6791390180587769	1.189756989479065	0.615009069442749	False
15	0.11999999731779099	3.498878002166748	1.1885244846343994	0.6195330023765564	1.0626552104949951	0.6281652450561523	False
15	0.1899999976158142	3.748530864715576	1.2737962007522583	0.6864839792251587	1.201699137687683	0.5865515470504761	False
15	0.12250000238418579	3.5267207622528076	1.2153143882751465	0.6130034923553467	1.0405747890472412	0.6578280925750732	False
15	0.1899999976158142	3.8012778759002686	1.3231643438339233	0.6807719469070435	1.1847708225250244	0.6125708222389221	False
15	0.11749999970197678	3.480772018432617	1.1930491924285889	0.610284149646759	1.0426051616668701	0.6348336935043335	False
15	0.20000000298023224	3.8026280403137207	1.3199217319488525	0.6756452918052673	1.1899315118789673	0.6171292662620544	False
15	0.125	3.5670480728149414	1.2387731075286865	0.6042277812957764	1.044938325881958	0.6791087985038757	False
15	0.22499999403953552	3.8498122692108154	1.3394650220870972	0.6787294745445251	1.1944036483764648	0.6372141242027283	False
15	0.12250000238418579	3.5112953186035156	1.2101564407348633	0.6173859238624573	1.0556930303573608	0.6280598640441895	False
15	0.2199999988079071	3.7994518280029297	1.322249174118042	0.6796802282333374	1.1878645420074463	0.6096580028533936	False
15	0.11999999731779099	3.5176734924316406	1.2025145292282104	0.6178867220878601	1.0505075454711914	0.646764874458313	False
15	0.20499999821186066	3.815308094024658	1.310059666633606	0.685921847820282	1.2028292417526245	0.6164976358413696	False
15	0.11999999731779099	3.5501010417938232	1.2162141799926758	0.6162173748016357	1.0599075555801392	0.657761812210083	False
15	0.17000000178813934	3.83489990234375	1.3414201736450195	0.6766922473907471	1.1901953220367432	0.6265921592712402	False
15	0.125	3.5345473289489746	1.2122154235839844	0.6159199476242065	1.050574779510498	0.6558371782302856	False
15	0.2150000035762787	3.8224291801452637	1.3314590454101562	0.6782089471817017	1.1890758275985718	0.6236854195594788	False
15	0.11999999731779099	3.532374382019043	1.2039859294891357	0.6143335103988647	1.0653772354125977	0.6486777067184448	False
15	0.1875	3.8652169704437256	1.34994375705719	0.67740398645401	1.1971607208251953	0.6407084465026855	False
15	0.11999999731779099	3.5488529205322266	1.2253971099853516	0.614308774471283	1.0407090187072754	0.6684380769729614	False
15	0.16500000655651093	3.8553240299224854	1.3405003547668457	0.6789165735244751	1.196311116218567	0.6395962238311768	False
15	0.125	3.524653911590576	1.2085577249526978	0.6094021201133728	1.0417571067810059	0.6649370193481445	False
15	0.1899999976158142	3.7905001640319824	1.3133946657180786	0.6833785772323608	1.192579746246338	0.6011471748352051	False
15	0.125	3.5813663005828857	1.2559937238693237	0.6078281402587891	1.0396742820739746	0.6778700351715088	False
16	0.12250000238418579	3.3225371837615967	1.1804072856903076	0.5751637816429138	0.9897832870483398	0.5771828293800354	False
16	0.125	3.6251087188720703	1.3488675355911255	0.6975840330123901	1.0868427753448486	0.4918142855167389	False
16	0.125	3.3275115489959717	1.185770034790039	0.5677963495254517	0.9974639415740967	0.5764811038970947	False
16	0.12250000238418579	3.5975682735443115	1.3316653966903687	0.6976487040519714	1.090329647064209	0.47792449593544006	False
16	0.12999999523162842	3.3002500534057617	1.1798648834228516	0.5689620971679688	0.9938599467277527	0.557563066482544	False
16	0.12250000238418579	3.6001036167144775	1.3296631574630737	0.6973536014556885	1.0905641317367554	0.4825228154659271	False
16	0.14499999582767487	3.309241771697998	1.1816914081573486	0.5706425905227661	0.9934415817260742	0.5634660720825195	False
16	0.12250000238418579	3.6011905670166016	1.3364520072937012	0.6986510157585144	1.0940756797790527	0.4720117449760437	False
16	0.12250000238418579	3.304840564727783	1.1800123453140259	0.5665925741195679	0.9937840700149536	0.5644517540931702	False
16	0.11749999970197678	3.6226449012756348	1.3450980186462402	0.698261022567749	1.0928797721862793	0.4864060878753662	False
16	0.12999999523162842	3.340240001678467	1.1864769458770752	0.5729851722717285	0.9971107840538025	0.5836669206619263	False
16	0.12250000238418579	3.6197896003723145	1.3343684673309326	0.6949047446250916	1.0912736654281616	0.499242901802063	False
16	0.13500000536441803	3.3038196563720703	1.1840720176696777	0.574796736240387	0.9830165505409241	0.5619343519210815	False
16	0.11999999731779099	3.626694679260254	1.3377879858016968	0.6962193250656128	1.0910125970840454	0.5016745924949646	False
16	0.125	3.3293185234069824	1.1863234043121338	0.5721662044525146	0.9901856780052185	0.5806430578231812	False
16	0.125	3.6675803661346436	1.3609639406204224	0.6985962390899658	1.0940481424331665	0.5139720439910889	False
16	0.14000000059604645	3.3172831535339355	1.1829931735992432	0.5712504386901855	0.9936423897743225	0.5693972706794739	False
16	0.12250000238418579	3.5753471851348877	1.3160581588745117	0.6959866881370544	1.0853636264801025	0.47793859243392944	False
16	0.125	3.324000120162964	1.1822456121444702	0.5661985278129578	1.0017218589782715	0.5738341212272644	False
16	0.125	3.595532178878784	1.3291128873825073	0.6953320503234863	1.086625337600708	0.4844617545604706	False
16	0.13249999284744263	3.307269334793091	1.1843061447143555	0.5673227310180664	0.9924558997154236	0.5631844997406006	False
16	0.11999999731779099	3.589343786239624	1.3297898769378662	0.6972161531448364	1.0866026878356934	0.4757349491119385	False
16	0.12999999523162842	3.324716329574585	1.18318510055542	0.5729938745498657	0.99141526222229	0.5771219730377197	False
16	0.11999999731779099	3.6098897457122803	1.328261375427246	0.6971877217292786	1.085125207901001	0.499315470457077	False
16	0.13500000536441803	3.324416160583496	1.1825437545776367	0.5741835832595825	0.9894059896469116	0.5782827138900757	False
16	0.125	3.64136004447937	1.342336654663086	0.6962212324142456	1.0964070558547974	0.5063951015472412	False
16	0.1274999976158142	3.3184049129486084	1.182645559310913	0.5673559904098511	0.996170163154602	0.572233259677887	False
16	0.11999999731779099	3.643014430999756	1.3353595733642578	0.696601152420044	1.0922821760177612	0.518771767616272	False
16	0.12999999523162842	3.3032803535461426	1.1813730001449585	0.5731092691421509	0.9861926436424255	0.5626053810119629	False
16	0.11999999731779099	3.6164560317993164	1.3341970443725586	0.6964713335037231	1.092498540878296	0.49328935146331787	False
