# num_workers = 7
# num_cells = 256
# seed_for_environment = 2236067
# lr = 0.0003
# max_grad_norm = 1.0
# eval_rollout_length = 30
# scaling_factor = 1000
# frames_per_batch = 500
# sub_batch_size = 64
# num_epochs = 15
# clip_epsilon = 0.2
# gamma = 0.99
# lmbda = 0.95
# entropy_eps = 0.003
# env_reward_engineering = True
# env_minimum_number_of_qubits = 8
# log_name = search_9_6_seed_2236067
# env_error_range = linear5
# env_version = qecc/bbcode-ldpc-v0
# env_bit_flipping = True
# env_l = 9
# env_m = 6
# env_use_dict_observation = True
# env_number_of_decoder_iterations = 50
# env_number_of_samples = 50
# env_code_logging = False
# model_architecture = hybrid
# model_surrogate_model_path = /vol/bitbucket/osella/rl-qecc-data//supervisedLearning/2026-07-12_21-15-58/surrogate_6x6.pth
# model_use_pretrained_encoder = True
# index_to_unfreeze_encoder_updates = 10
# encoder_lr_factor = 0.1
# training_device = cpu
# Resolved arguments:
# Resolved_env_reward_engineering = True
# Resolved_env_bit_flipping = True
# Resolved_env_useDictObservation = True
# Resolved_env_code_logging = False
# Resolved_env_error_range = [np.float64(0.0001), np.float64(0.025075), np.float64(0.05005), np.float64(0.075025), np.float64(0.1)]
# Resolved_model_use_pretrained_encoder = True
# Resolved_trainingDevice = cpu
# Resolved_model_architecture = hybrid
# Just for information, not used in actual run: SLURM CPUS queried from os environment: 96
# Number of workers: 7
# Does torch identify cuda: False
evaluation number	reward	policy entropy	policy entropy aX	policy entropy bX	policy entropy aY	policy entropy bY	Encoder freeze	postAction_aX	postAction_bX	postAction_aY	postAction_bY
0	-1.0	8.333993911743164	2.2743418216705322	2.28068208694458	1.8802001476287842	1.8987689018249512	True	[0 0 0 0 0 0 0 1 0]	[0 1 0 0 0 0 0 0 0]	[0 0 0 0 0 0]	[0 0 0 1 0 0]
0	-0.5	8.435771942138672	2.2946271896362305	2.290276527404785	1.9250121116638184	1.925856351852417	True	[0 0 0 0 0 0 0 1 1]	[0 1 0 0 0 1 0 0 0]	[0 0 0 0 0 0]	[0 1 0 1 0 0]
0	0.32499998807907104	8.4542818069458	2.2943389415740967	2.2932989597320557	1.926555871963501	1.940088152885437	True	[0 0 0 0 0 0 0 0 1]	[1 1 0 0 0 1 0 0 0]	[1 0 0 0 0 0]	[0 1 0 1 1 0]
0	-0.5	8.44398021697998	2.289484977722168	2.2883496284484863	1.933133840560913	1.933011770248413	True	[0 0 0 0 0 0 0 1 1]	[1 1 0 0 0 0 0 0 0]	[1 0 0 0 0 0]	[0 1 1 1 1 0]
0	-1.0	8.463338851928711	2.2966084480285645	2.291182518005371	1.9322803020477295	1.943267822265625	True	[0 0 0 0 0 0 0 1 0]	[1 1 0 0 0 1 0 0 0]	[1 0 0 0 0 1]	[0 1 0 1 1 0]
0	-1.0	8.452850341796875	2.297328472137451	2.292815685272217	1.9258246421813965	1.9368810653686523	True	[0 0 0 0 0 0 0 1 1]	[1 1 0 0 0 0 0 0 0]	[0 0 0 0 0 1]	[0 0 0 1 1 0]
0	-0.5	8.446052551269531	2.293910026550293	2.293792247772217	1.9203145503997803	1.938036322593689	True	[0 0 0 0 0 0 0 1 0]	[1 1 0 0 0 1 0 0 0]	[1 0 0 0 0 1]	[0 0 0 1 1 1]
0	-1.0	8.447122573852539	2.293229103088379	2.2886788845062256	1.9268581867218018	1.9383561611175537	True	[0 0 0 0 0 0 0 0 0]	[1 1 0 0 0 0 0 0 0]	[0 0 0 0 0 1]	[0 0 0 1 0 1]
0	-1.0	8.461264610290527	2.2928969860076904	2.2935750484466553	1.9340795278549194	1.9407130479812622	True	[0 0 0 0 0 0 0 0 1]	[1 1 0 0 0 1 0 0 0]	[1 0 0 0 0 1]	[0 0 0 1 0 0]
0	-1.0	8.455188751220703	2.290602922439575	2.2955222129821777	1.93040931224823	1.9386534690856934	True	[0 0 0 0 0 0 0 0 0]	[1 1 0 0 0 0 0 0 0]	[0 0 0 0 0 1]	[0 0 1 1 0 0]
0	-0.5	8.463007926940918	2.293444871902466	2.293466806411743	1.9363059997558594	1.9397906064987183	True	[0 0 0 0 0 0 0 0 1]	[1 1 0 0 0 1 0 0 0]	[1 0 0 0 0 1]	[0 1 1 1 0 0]
0	-1.0	8.458191871643066	2.2943673133850098	2.2913713455200195	1.9336247444152832	1.9388282299041748	True	[0 0 0 0 0 0 0 0 0]	[1 1 0 0 0 0 0 0 0]	[0 0 0 0 0 1]	[0 1 1 1 1 0]
0	-1.0	8.468369483947754	2.2922751903533936	2.2932374477386475	1.9405198097229004	1.942337155342102	True	[0 0 0 0 0 0 0 0 1]	[1 1 0 0 0 1 0 0 0]	[0 0 0 0 0 0]	[0 0 1 1 1 0]
0	-0.75	8.441244125366211	2.2873547077178955	2.289968967437744	1.9315638542175293	1.9323562383651733	True	[0 0 0 0 0 0 0 1 1]	[1 0 0 0 0 1 0 0 0]	[0 0 0 0 0 0]	[0 0 0 1 1 0]
0	-0.25	8.439461708068848	2.293440818786621	2.2920074462890625	1.9173647165298462	1.9366484880447388	True	[0 0 0 0 0 0 0 1 0]	[1 0 0 0 0 0 0 0 0]	[1 0 0 0 0 0]	[0 0 0 1 0 0]
0	-1.0	8.434113502502441	2.2899231910705566	2.288543224334717	1.9274636507034302	1.9281834363937378	True	[0 0 0 0 0 0 0 0 0]	[1 1 0 0 0 0 0 0 0]	[1 0 0 0 0 0]	[0 1 0 1 0 0]
0	-0.25	8.404806137084961	2.2840332984924316	2.2864725589752197	1.9152953624725342	1.9190040826797485	True	[0 0 0 0 0 0 0 0 1]	[1 0 0 0 0 0 0 0 0]	[1 0 0 0 0 0]	[0 0 0 1 0 0]
0	-0.5	8.378131866455078	2.28007435798645	2.2828989028930664	1.900694727897644	1.9144635200500488	True	[0 0 0 0 0 0 0 1 1]	[1 1 0 0 0 0 0 0 0]	[1 0 0 0 0 0]	[0 0 1 1 0 0]
0	-1.0	8.455723762512207	2.2958240509033203	2.2938647270202637	1.9260523319244385	1.9399824142456055	True	[0 0 0 0 0 0 0 1 0]	[1 1 0 0 0 1 0 0 0]	[0 0 0 0 0 0]	[0 0 1 1 1 0]
0	-0.5	8.453497886657715	2.292034149169922	2.2946479320526123	1.9256591796875	1.9411566257476807	True	[0 0 0 0 0 0 0 1 1]	[1 1 0 0 0 0 0 0 0]	[1 0 0 0 0 0]	[0 1 1 1 1 0]
0	-0.5	8.469515800476074	2.297908067703247	2.292371988296509	1.9349325895309448	1.9443027973175049	True	[0 0 0 0 0 0 0 1 0]	[1 1 0 0 0 1 0 0 0]	[1 0 0 0 0 1]	[0 0 1 1 1 0]
0	-1.0	8.460472106933594	2.2970633506774902	2.2945168018341064	1.9291977882385254	1.9396939277648926	True	[0 0 0 0 0 0 0 1 1]	[1 1 0 0 0 0 0 0 0]	[0 0 0 0 0 1]	[0 0 1 1 0 0]
0	-0.5	8.447847366333008	2.2944891452789307	2.2950127124786377	1.9209555387496948	1.937389850616455	True	[0 0 0 0 0 0 0 1 0]	[1 1 0 0 0 1 0 0 0]	[1 0 0 0 0 1]	[0 1 1 1 0 0]
0	-1.0	8.447375297546387	2.296295404434204	2.288940668106079	1.9283031225204468	1.933835744857788	True	[0 0 0 0 0 0 0 1 1]	[1 1 0 0 0 0 0 0 0]	[0 0 0 0 0 1]	[0 0 1 1 0 0]
0	-0.5	8.448183059692383	2.294013023376465	2.294731378555298	1.9213346242904663	1.9381039142608643	True	[0 0 0 0 0 0 0 1 0]	[1 1 0 0 0 1 0 0 0]	[1 0 0 0 0 1]	[0 1 1 1 0 0]
0	-1.0	8.447077751159668	2.295712471008301	2.2896931171417236	1.9279321432113647	1.9337399005889893	True	[0 0 0 0 0 0 0 1 1]	[1 1 0 0 0 0 0 0 0]	[0 0 0 0 0 1]	[0 0 1 1 0 0]
0	-0.5	8.455976486206055	2.2952873706817627	2.295536756515503	1.9265717267990112	1.9385805130004883	True	[0 0 0 0 0 0 0 1 0]	[1 1 0 0 0 1 0 0 0]	[1 0 0 0 0 1]	[0 0 1 1 1 0]
0	-1.0	8.457258224487305	2.296783924102783	2.293400287628174	1.927883505821228	1.93919038772583	True	[0 0 0 0 0 0 0 0 0]	[0 1 0 0 0 1 0 0 0]	[0 0 0 0 0 1]	[0 0 1 1 0 0]
0	-1.0	8.45734691619873	2.2881290912628174	2.2948052883148193	1.9355746507644653	1.938838005065918	True	[0 0 0 0 0 0 0 0 1]	[0 1 0 0 0 1 0 0 0]	[1 0 0 0 0 1]	[0 1 1 1 0 0]
0	-1.0	8.455245971679688	2.2903389930725098	2.2951772212982178	1.929223895072937	1.9405059814453125	True	[0 0 0 0 0 0 0 0 0]	[0 1 0 0 0 0 0 0 0]	[0 0 0 0 0 1]	[0 0 1 1 0 0]
