# num_workers = 96
# num_cells = 256
# seed_for_environment = 2
# lr = 0.0003
# max_grad_norm = 1.0
# eval_rollout_length = 30
# scaling_factor = 1000
# frames_per_batch = 500
# sub_batch_size = 64
# num_epochs = 15
# clip_epsilon = 0.2
# gamma = 0.99
# lmbda = 0.95
# entropy_eps = 0.003
# env_reward_engineering = True
# env_minimum_number_of_qubits = 10
# log_name = None
# env_version = qecc/bbcode-ldpc-v0
# env_bit_flipping = True
# env_l = 15
# env_m = 3
# env_use_dict_observation = True
# env_number_of_decoder_iterations = 50
# env_number_of_samples = 50
# env_code_logging = False
# model_architecture = hybrid
# model_surrogate_model_path = /vol/bitbucket/osella/rl-qecc-data//supervisedLearning/2026-07-12_21-15-58/surrogate_6x6.pth
# model_use_pretrained_encoder = True
# index_to_unfreeze_encoder_updates = 10
# encoder_lr_factor = 0.1
# training_device = cpu
# Resolved arguments:
# Resolved_env_reward_engineering = True
# Resolved_env_bit_flipping = True
# Resolved_env_useDictObservation = True
# Resolved_env_code_logging = False
# Resolved_model_use_pretrained_encoder = True
# Resolved_trainingDevice = cpu
# Resolved_model_architecture = hybrid
# Just for information, not used in actual run: SLURM CPUS queried from os environment: 96
# Number of workers: 96
# Does torch identify cuda: False
evaluation number	reward	policy entropy	policy entropy aX	policy entropy bX	policy entropy aY	policy entropy bY	Encoder freeze
0	-1.0	8.053902626037598	2.718869686126709	2.6140096187591553	1.3668512105941772	1.3541721105575562	True
0	-1.0	8.273124694824219	2.7616775035858154	2.7490181922912598	1.3821632862091064	1.380266547203064	True
0	-1.0	8.270669937133789	2.7616825103759766	2.7488021850585938	1.3832030296325684	1.3769826889038086	True
0	-0.4000000059604645	8.273163795471191	2.7620272636413574	2.7494704723358154	1.3804426193237305	1.3812236785888672	True
0	-1.0	8.277342796325684	2.762101888656616	2.7536733150482178	1.3820912837982178	1.3794764280319214	True
0	-0.4000000059604645	8.285640716552734	2.7610373497009277	2.755018711090088	1.3841416835784912	1.3854429721832275	True
0	-0.6000000238418579	8.176595687866211	2.7496566772460938	2.691364049911499	1.3692673444747925	1.366307258605957	True
0	-0.4000000059604645	8.281208038330078	2.7610409259796143	2.75447154045105	1.381701946258545	1.3839941024780273	True
0	-0.6000000238418579	8.144588470458984	2.7461049556732178	2.6683132648468018	1.3628931045532227	1.3672776222229004	True
0	-0.4000000059604645	8.279581069946289	2.761338710784912	2.755668878555298	1.3811298608779907	1.381443738937378	True
0	-1.0	8.198028564453125	2.7528507709503174	2.69972562789917	1.3721427917480469	1.37330961227417	True
0	-0.800000011920929	8.266311645507812	2.7613935470581055	2.7449545860290527	1.378737449645996	1.3812255859375	True
0	-0.6000000238418579	8.27798843383789	2.762390375137329	2.752034902572632	1.3819447755813599	1.3816182613372803	True
0	-0.800000011920929	8.27659797668457	2.763535261154175	2.7495362758636475	1.3814067840576172	1.3821200132369995	True
0	-1.0	8.274408340454102	2.7637834548950195	2.748560905456543	1.3813443183898926	1.3807194232940674	True
0	-1.0	8.263103485107422	2.761087417602539	2.7404446601867676	1.378827691078186	1.3827433586120605	True
0	-1.0	8.255464553833008	2.762600898742676	2.735004186630249	1.3782206773757935	1.3796391487121582	True
0	-0.800000011920929	8.258158683776855	2.7613070011138916	2.7390899658203125	1.376258373260498	1.381503939628601	True
0	-1.0	8.276554107666016	2.7629475593566895	2.748884916305542	1.382347583770752	1.3823740482330322	True
0	-0.800000011920929	8.265491485595703	2.7607991695404053	2.745114326477051	1.3780558109283447	1.3815217018127441	True
0	-0.6000000238418579	8.269567489624023	2.763343572616577	2.742293357849121	1.382728934288025	1.3812012672424316	True
0	-0.4000000059604645	8.280282974243164	2.7619740962982178	2.7512197494506836	1.3827718496322632	1.3843172788619995	True
0	-0.6000000238418579	8.152548789978027	2.7455601692199707	2.6718153953552246	1.3678510189056396	1.3673219680786133	True
0	-0.800000011920929	8.281547546386719	2.7607481479644775	2.7555019855499268	1.3833941221237183	1.3819034099578857	True
0	-0.800000011920929	8.276790618896484	2.76265811920166	2.7514917850494385	1.3833496570587158	1.379291296005249	True
0	-0.6000000238418579	8.27975845336914	2.760845899581909	2.7532358169555664	1.3829997777938843	1.3826768398284912	True
0	-0.4000000059604645	8.276911735534668	2.7615880966186523	2.753247022628784	1.3835113048553467	1.3785648345947266	True
0	-0.4000000059604645	8.264333724975586	2.7628872394561768	2.7443928718566895	1.3826136589050293	1.3744398355484009	True
0	-1.0	8.171743392944336	2.7477474212646484	2.6838109493255615	1.3697819709777832	1.3704026937484741	True
0	-0.800000011920929	8.259773254394531	2.7612247467041016	2.739809274673462	1.3774493932724	1.3812894821166992	True
1	-0.800000011920929	7.966674327850342	2.706115961074829	2.5990936756134033	1.3572998046875	1.3041648864746094	False
1	-0.4000000059604645	7.919989585876465	2.609161376953125	2.6300249099731445	1.311010479927063	1.3697929382324219	False
1	-0.800000011920929	7.737778663635254	2.659245729446411	2.512408971786499	1.272540807723999	1.2935829162597656	False
1	-1.0	7.635399341583252	2.4831347465515137	2.550629138946533	1.2681190967559814	1.3335165977478027	False
1	-1.0	7.816097259521484	2.6319966316223145	2.5696065425872803	1.2849360704421997	1.3295581340789795	False
1	-1.0	7.540010452270508	2.4380927085876465	2.607799530029297	1.2206900119781494	1.2734277248382568	False
1	-1.0	7.3612565994262695	2.3495590686798096	2.5789387226104736	1.1906806230545044	1.2420780658721924	False
1	-1.0	7.462316989898682	2.388946056365967	2.59476375579834	1.1957941055297852	1.2828131914138794	False
1	-1.0	7.193742275238037	2.2482693195343018	2.539663791656494	1.1836695671081543	1.2221394777297974	False
1	-1.0	7.466784954071045	2.3951926231384277	2.5980706214904785	1.2037640810012817	1.269757628440857	False
1	-1.0	7.237347602844238	2.276798725128174	2.545994281768799	1.184407114982605	1.2301472425460815	False
1	-1.0	7.492246150970459	2.411806106567383	2.5961923599243164	1.206160306930542	1.2780871391296387	False
1	-1.0	7.218321800231934	2.25456166267395	2.5410900115966797	1.1862447261810303	1.2364253997802734	False
1	-1.0	7.483889579772949	2.415235996246338	2.5969958305358887	1.2059444189071655	1.2657134532928467	False
1	-1.0	7.21390962600708	2.266765594482422	2.529839515686035	1.1901204586029053	1.2271836996078491	False
1	-1.0	7.4946675300598145	2.414712905883789	2.605638265609741	1.2036064863204956	1.2707093954086304	False
1	-1.0	7.2081427574157715	2.2631664276123047	2.5316524505615234	1.1962885856628418	1.2170354127883911	False
1	-1.0	7.493926048278809	2.408916473388672	2.6086392402648926	1.1983156204223633	1.2780548334121704	False
1	-1.0	7.226263999938965	2.2643678188323975	2.5429303646087646	1.1885052919387817	1.2304606437683105	False
1	-1.0	7.458524703979492	2.411081552505493	2.585416555404663	1.2064398527145386	1.2555867433547974	False
1	-1.0	7.215783596038818	2.2681708335876465	2.5394234657287598	1.1891250610351562	1.2190641164779663	False
1	-1.0	7.483653545379639	2.4142351150512695	2.599409341812134	1.197450876235962	1.2725588083267212	False
1	-1.0	7.21056604385376	2.2691731452941895	2.536473512649536	1.1894290447235107	1.2154897451400757	False
1	-1.0	7.47484016418457	2.4002974033355713	2.5981733798980713	1.2048248052597046	1.2715445756912231	False
1	-1.0	7.187695026397705	2.2577593326568604	2.5236146450042725	1.1842868328094482	1.2220340967178345	False
1	-1.0	7.508298873901367	2.424168825149536	2.600076675415039	1.2122212648391724	1.2718322277069092	False
1	-1.0	7.212121486663818	2.2650399208068848	2.545405387878418	1.1829367876052856	1.21873939037323	False
1	-1.0	7.492574691772461	2.4184322357177734	2.6020445823669434	1.202600359916687	1.2694971561431885	False
1	-1.0	7.195653438568115	2.251236915588379	2.5398359298706055	1.1878772974014282	1.2167035341262817	False
1	-1.0	7.454142093658447	2.3986120223999023	2.5937862396240234	1.1954903602600098	1.2662535905838013	False
2	-0.800000011920929	6.845473289489746	2.2913198471069336	2.2350311279296875	1.1266028881072998	1.192518949508667	False
2	-0.4000000059604645	6.875281810760498	2.478440046310425	2.5296630859375	0.7703981995582581	1.0967804193496704	False
2	-0.800000011920929	7.2641496658325195	2.578037738800049	2.291855812072754	1.1584827899932861	1.2357733249664307	False
2	-0.4000000059604645	6.560354232788086	2.2646501064300537	2.2315618991851807	0.8251228928565979	1.2390193939208984	False
2	-0.800000011920929	6.574203014373779	2.3502120971679688	2.3820278644561768	0.8003259897232056	1.0416375398635864	False
2	-0.4000000059604645	6.773109436035156	2.4194858074188232	2.5387136936187744	0.814878523349762	1.0000312328338623	False
2	-0.800000011920929	7.062383651733398	2.435184955596924	2.568244218826294	1.031672716140747	1.0272819995880127	False
2	-0.4000000059604645	6.283271789550781	2.0846476554870605	2.2554662227630615	0.9132790565490723	1.029878854751587	False
2	0.3499999940395355	7.0049872398376465	2.3863863945007324	2.5163142681121826	1.0270740985870361	1.0752129554748535	False
2	-0.800000011920929	7.040656566619873	2.419255495071411	2.4984302520751953	1.101770281791687	1.0212005376815796	False
2	-0.800000011920929	7.394367218017578	2.5673184394836426	2.423182964324951	1.2300922870635986	1.1737738847732544	False
2	-0.800000011920929	7.200754165649414	2.436964988708496	2.5507726669311523	1.0766023397445679	1.1364139318466187	False
2	-0.800000011920929	7.07373046875	2.4304234981536865	2.297766923904419	1.192264199256897	1.153275728225708	False
2	-0.800000011920929	6.749636650085449	2.2842535972595215	2.5565171241760254	0.8293275833129883	1.079538106918335	False
2	-0.800000011920929	6.420663833618164	1.7784199714660645	2.4857187271118164	1.088672161102295	1.0678528547286987	False
2	-0.800000011920929	6.596578121185303	2.1419856548309326	2.5176403522491455	0.8471630811691284	1.089788794517517	False
2	-0.800000011920929	6.623714923858643	2.2895145416259766	2.3634965419769287	0.9068644046783447	1.063839316368103	False
2	-0.800000011920929	6.681463718414307	2.1673295497894287	2.511291742324829	0.8979943990707397	1.104848027229309	False
2	-0.800000011920929	6.564457416534424	2.2903599739074707	2.3602709770202637	0.8641640543937683	1.049662470817566	False
2	-0.800000011920929	6.642495632171631	2.1405045986175537	2.508896589279175	0.8905619382858276	1.1025323867797852	False
2	-0.800000011920929	6.491703987121582	2.242849111557007	2.3632633686065674	0.8428472876548767	1.0427441596984863	False
2	-0.800000011920929	6.634749412536621	2.1517715454101562	2.5129165649414062	0.8700063228607178	1.1000548601150513	False
2	-0.800000011920929	6.559022903442383	2.256906509399414	2.3549182415008545	0.8907506465911865	1.0564472675323486	False
2	-0.800000011920929	6.6325836181640625	2.1359410285949707	2.513012170791626	0.8830310702323914	1.1005992889404297	False
2	-0.800000011920929	6.567325115203857	2.2654409408569336	2.370512008666992	0.8741644024848938	1.057207465171814	False
2	-0.800000011920929	6.558640003204346	2.125478744506836	2.502136468887329	0.8556925058364868	1.075332760810852	False
2	-0.800000011920929	6.6397786140441895	2.26790452003479	2.351562976837158	0.946633517742157	1.073677659034729	False
2	-0.800000011920929	6.652682304382324	2.162320852279663	2.5068917274475098	0.8802294135093689	1.1032402515411377	False
2	-0.800000011920929	6.701148986816406	2.305736541748047	2.350613594055176	0.9699752330780029	1.0748234987258911	False
2	-0.800000011920929	6.620968341827393	2.1663930416107178	2.5076849460601807	0.851927638053894	1.094962477684021	False
3	-0.800000011920929	5.551665306091309	1.6586979627609253	1.4028680324554443	1.3655719757080078	1.1245272159576416	False
3	0.13500000536441803	5.580601692199707	1.840047836303711	1.613612174987793	0.9291046857833862	1.1978366374969482	False
3	-0.4000000059604645	5.572821617126465	1.594905138015747	1.477245807647705	1.3642656803131104	1.1364048719406128	False
3	-0.800000011920929	5.498553276062012	1.7620173692703247	1.3684419393539429	1.2228957414627075	1.1451983451843262	False
3	-0.4000000059604645	5.604353904724121	1.8467715978622437	1.5915844440460205	1.0213863849639893	1.1446112394332886	False
3	-0.800000011920929	5.518528938293457	1.7828283309936523	1.3429147005081177	1.2422080039978027	1.1505779027938843	False
3	-0.4000000059604645	5.603760719299316	1.8511266708374023	1.5791276693344116	1.0368355512619019	1.136670470237732	False
3	-0.800000011920929	5.520700931549072	1.7824881076812744	1.3363691568374634	1.2501120567321777	1.1517314910888672	False
3	-0.4000000059604645	5.549699306488037	1.822057843208313	1.6035557985305786	0.9974166750907898	1.126668930053711	False
3	-0.800000011920929	5.532085418701172	1.7953643798828125	1.3547145128250122	1.2373945713043213	1.1446125507354736	False
3	-0.4000000059604645	5.61133337020874	1.8544896841049194	1.583190679550171	1.0306894779205322	1.1429637670516968	False
3	-0.800000011920929	5.524837493896484	1.800761103630066	1.3182317018508911	1.2561942338943481	1.1496504545211792	False
3	-0.4000000059604645	5.547264575958252	1.8108080625534058	1.5612695217132568	1.0338506698608398	1.1413363218307495	False
3	-0.800000011920929	5.492630481719971	1.7773346900939941	1.3404297828674316	1.2322837114334106	1.1425822973251343	False
3	-0.4000000059604645	5.609574794769287	1.8462839126586914	1.5795243978500366	1.0310276746749878	1.1527384519577026	False
3	-0.800000011920929	5.491977691650391	1.7817223072052002	1.3259717226028442	1.2370442152023315	1.147239089012146	False
3	-0.4000000059604645	5.563884735107422	1.820591926574707	1.5666701793670654	1.0330889225006104	1.143533706665039	False
3	-0.800000011920929	5.483097553253174	1.7583118677139282	1.3555712699890137	1.2192224264144897	1.1499918699264526	False
3	-0.4000000059604645	5.550136566162109	1.817986011505127	1.5940470695495605	1.0106607675552368	1.1274429559707642	False
3	-0.800000011920929	5.543959617614746	1.800020456314087	1.3559883832931519	1.2392009496688843	1.148749828338623	False
3	-0.4000000059604645	5.583042144775391	1.8211627006530762	1.5805768966674805	1.029456615447998	1.151846170425415	False
3	-0.800000011920929	5.505027770996094	1.7712358236312866	1.348873496055603	1.2399265766143799	1.1449917554855347	False
3	-0.4000000059604645	5.572617053985596	1.819815993309021	1.5864142179489136	1.0284183025360107	1.1379684209823608	False
3	-0.800000011920929	5.505494117736816	1.7811115980148315	1.3406411409378052	1.232831597328186	1.1509101390838623	False
3	-0.4000000059604645	5.593792915344238	1.829228401184082	1.6025316715240479	1.01365065574646	1.1483824253082275	False
3	-0.800000011920929	5.506870746612549	1.7746500968933105	1.3514902591705322	1.2386131286621094	1.1421170234680176	False
3	-0.4000000059604645	5.591110706329346	1.8317899703979492	1.578092336654663	1.0276738405227661	1.1535543203353882	False
3	-0.800000011920929	5.516849994659424	1.7793724536895752	1.3466540575027466	1.2426509857177734	1.148172378540039	False
3	-0.4000000059604645	5.538619041442871	1.799059271812439	1.580704927444458	1.0197651386260986	1.139089822769165	False
3	-0.800000011920929	5.531647682189941	1.8008204698562622	1.3307204246520996	1.2527626752853394	1.1473442316055298	False
4	-0.800000011920929	4.850585460662842	1.0103371143341064	1.5799026489257812	1.2898085117340088	0.970537006855011	False
4	-0.4000000059604645	4.493422031402588	0.954118013381958	1.4625213146209717	0.9354837536811829	1.1412988901138306	False
4	-1.0	4.9842705726623535	1.121010184288025	1.6636754274368286	1.199576735496521	1.0000081062316895	False
4	-0.4000000059604645	4.39628791809082	0.9973029494285583	1.4529629945755005	0.7722810506820679	1.1737406253814697	False
4	-1.0	4.881103515625	1.037754774093628	1.6683741807937622	1.1677446365356445	1.0072298049926758	False
4	-0.4000000059604645	4.405953407287598	0.993262529373169	1.4633387327194214	0.7803726196289062	1.168979525566101	False
4	-1.0	4.9432172775268555	1.0936501026153564	1.6708554029464722	1.1760213375091553	1.0026906728744507	False
4	-0.4000000059604645	4.385017395019531	0.9521968364715576	1.4776256084442139	0.798192024230957	1.1570030450820923	False
4	-1.0	4.9468793869018555	1.0784047842025757	1.6739107370376587	1.1966122388839722	0.9979515075683594	False
4	-0.4000000059604645	4.402215480804443	1.045284390449524	1.4335908889770508	0.7459349632263184	1.1774054765701294	False
4	-1.0	4.9063568115234375	1.0621033906936646	1.675918459892273	1.168760061264038	0.9995749592781067	False
4	-0.4000000059604645	4.403814792633057	0.9728952646255493	1.4881319999694824	0.789757251739502	1.153030514717102	False
4	-1.0	4.914130210876465	1.0613833665847778	1.6676582098007202	1.184450387954712	1.0006382465362549	False
4	-0.4000000059604645	4.355030059814453	0.9822022318840027	1.4513664245605469	0.7565428018569946	1.1649181842803955	False
4	-1.0	4.91469669342041	1.0703227519989014	1.659608006477356	1.1818320751190186	1.0029335021972656	False
4	-0.4000000059604645	4.409922122955322	0.9763627648353577	1.4823064804077148	0.7781959772109985	1.1730570793151855	False
4	-1.0	4.867877960205078	1.0144582986831665	1.672911286354065	1.1669669151306152	1.013541340827942	False
4	-0.4000000059604645	4.45277214050293	1.02278733253479	1.4773935079574585	0.7821249961853027	1.170466661453247	False
4	-1.0	4.849014759063721	1.0042645931243896	1.66690993309021	1.162654995918274	1.0151854753494263	False
4	-0.4000000059604645	4.401918411254883	1.0228352546691895	1.445223093032837	0.7656566500663757	1.1682031154632568	False
4	-1.0	4.93353271484375	1.0899629592895508	1.664042592048645	1.1697548627853394	1.0097724199295044	False
4	-0.4000000059604645	4.38026237487793	1.0098686218261719	1.4506444931030273	0.7423980236053467	1.1773513555526733	False
4	-1.0	4.938370227813721	1.0859514474868774	1.678313970565796	1.1831660270690918	0.9909386038780212	False
4	-0.4000000059604645	4.450568675994873	1.0222058296203613	1.47830331325531	0.7840986251831055	1.1659609079360962	False
4	-1.0	4.985966205596924	1.1225285530090332	1.67429780960083	1.191394329071045	0.9977456331253052	False
4	-0.4000000059604645	4.375734329223633	0.9767229557037354	1.4763952493667603	0.7587968707084656	1.1638191938400269	False
4	-1.0	4.950292110443115	1.0893498659133911	1.6613783836364746	1.1944482326507568	1.0051158666610718	False
4	-0.4000000059604645	4.415377140045166	1.024127721786499	1.4382342100143433	0.7655593156814575	1.1874561309814453	False
4	-1.0	4.96748685836792	1.1036428213119507	1.6629782915115356	1.2037776708602905	0.997087836265564	False
4	-0.4000000059604645	4.378041744232178	0.9749760627746582	1.471032977104187	0.7701233625411987	1.1619089841842651	False
5	-0.4000000059604645	5.029899597167969	1.1460139751434326	1.893932819366455	0.8312716484069824	1.1586809158325195	False
5	-0.4000000059604645	4.666757583618164	0.9430986046791077	1.900101661682129	0.4913773536682129	1.332180142402649	False
5	-0.800000011920929	5.113285541534424	1.2699286937713623	1.7664201259613037	0.828393280506134	1.2485435009002686	False
5	0.13500000536441803	5.403285503387451	1.7071571350097656	1.7907263040542603	0.6558036804199219	1.2495983839035034	False
5	-1.0	5.000992298126221	1.2210954427719116	1.7678639888763428	0.8200562596321106	1.19197678565979	False
5	-0.20000000298023224	5.382742404937744	1.4488333463668823	1.8804080486297607	0.7258251905441284	1.3276759386062622	False
5	-1.0	5.43053674697876	1.7825379371643066	1.5493217706680298	0.7847028970718384	1.313974380493164	False
5	-1.0	5.600976467132568	2.103545904159546	1.4645822048187256	0.6985893845558167	1.3342591524124146	False
5	-0.4000000059604645	5.484339714050293	2.03066086769104	1.2323564291000366	0.8939816951751709	1.3273411989212036	False
5	-0.4000000059604645	4.9782209396362305	1.3345040082931519	1.8237537145614624	0.4874296486377716	1.332533836364746	False
5	-0.800000011920929	4.7876667976379395	0.8802490234375	1.8324427604675293	0.8638635873794556	1.2111115455627441	False
5	-0.800000011920929	5.272738456726074	2.0359416007995605	1.0781339406967163	0.8198966979980469	1.338766098022461	False
5	-1.0	5.188366889953613	1.9769597053527832	1.0653053522109985	0.8603084087371826	1.285793423652649	False
5	-0.4000000059604645	5.24138879776001	2.035391330718994	0.9120360612869263	0.9099487066268921	1.3840125799179077	False
5	-0.800000011920929	5.106285095214844	1.549101710319519	1.5526329278945923	0.7510960698127747	1.2534542083740234	False
5	-0.4000000059604645	5.3262529373168945	1.9755995273590088	1.2914577722549438	0.7217717170715332	1.3374238014221191	False
5	-0.800000011920929	4.695535182952881	1.3723318576812744	1.5754585266113281	0.4972244203090668	1.2505203485488892	False
5	-0.4000000059604645	5.341578006744385	1.99985933303833	1.3136097192764282	0.6843831539154053	1.3437260389328003	False
5	-0.800000011920929	4.860623359680176	1.4222835302352905	1.5319429636001587	0.6456204652786255	1.260776400566101	False
5	-0.4000000059604645	5.34512996673584	1.9897117614746094	1.2960922718048096	0.7163083553314209	1.343017339706421	False
5	-0.800000011920929	5.021321773529053	1.5269336700439453	1.557303547859192	0.6860548853874207	1.2510297298431396	False
5	-0.4000000059604645	5.334038734436035	1.9720391035079956	1.2952383756637573	0.7220942974090576	1.3446670770645142	False
5	-0.800000011920929	4.972140312194824	1.4749585390090942	1.5260359048843384	0.706425130367279	1.2647206783294678	False
5	-0.4000000059604645	5.39349889755249	2.0076239109039307	1.317445158958435	0.7211285829544067	1.3473014831542969	False
5	-0.800000011920929	4.979101181030273	1.4906129837036133	1.5619289875030518	0.6704413890838623	1.2561177015304565	False
5	-0.4000000059604645	5.315970420837402	1.9625723361968994	1.2893122434616089	0.7166240811347961	1.3474619388580322	False
5	-0.800000011920929	5.051723003387451	1.5187939405441284	1.5410640239715576	0.7341638207435608	1.2577012777328491	False
5	-0.4000000059604645	5.3491926193237305	1.9847434759140015	1.287082552909851	0.72965008020401	1.3477164506912231	False
5	-0.800000011920929	5.131646156311035	1.559281587600708	1.5537468194961548	0.7672620415687561	1.2513554096221924	False
5	-0.4000000059604645	5.321977615356445	1.9838666915893555	1.2947767972946167	0.6999908089637756	1.3433432579040527	False
6	-0.800000011920929	4.876026153564453	1.8009048700332642	1.2974039316177368	0.9850538372993469	0.7926636338233948	False
6	0.11500000208616257	5.629690647125244	2.06850528717041	1.5838931798934937	1.11627197265625	0.8610202670097351	False
6	-0.800000011920929	4.913161277770996	1.8263334035873413	1.3097496032714844	1.0018271207809448	0.775251030921936	False
6	0.12250000238418579	5.6324849128723145	2.0735092163085938	1.5675748586654663	1.0986589193344116	0.892741858959198	False
6	-0.800000011920929	4.88206148147583	1.8071424961090088	1.305010199546814	0.9954776763916016	0.7744312286376953	False
6	-0.4000000059604645	5.701676368713379	2.065566062927246	1.4707289934158325	1.2389276027679443	0.9264534115791321	False
6	-0.800000011920929	5.182620048522949	1.8838468790054321	1.1932704448699951	1.16000497341156	0.9454973936080933	False
6	-0.4000000059604645	5.706665992736816	2.2472786903381348	1.7157386541366577	1.073824405670166	0.6698242425918579	False
6	-0.800000011920929	5.109257698059082	1.8342045545578003	1.215338110923767	1.1478545665740967	0.911860466003418	False
6	-0.4000000059604645	5.784431457519531	2.267103672027588	1.6837923526763916	1.131032109260559	0.7025030255317688	False
6	-0.800000011920929	5.1129021644592285	1.8520337343215942	1.182114601135254	1.1387733221054077	0.9399804472923279	False
6	-0.4000000059604645	5.7942423820495605	2.2552080154418945	1.655427098274231	1.2068721055984497	0.6767354011535645	False
6	-0.800000011920929	5.082577228546143	1.8366916179656982	1.1814696788787842	1.1275864839553833	0.9368294477462769	False
6	-0.4000000059604645	5.728115558624268	2.2560360431671143	1.6416109800338745	1.149432897567749	0.6810354590415955	False
6	-0.800000011920929	5.081636905670166	1.8299673795700073	1.202972173690796	1.1103242635726929	0.9383729100227356	False
6	-0.4000000059604645	5.790395259857178	2.267493724822998	1.7328656911849976	1.1506305932998657	0.6394054293632507	False
6	-0.800000011920929	5.071310520172119	1.8435883522033691	1.1582999229431152	1.1162351369857788	0.9531869292259216	False
6	-0.4000000059604645	5.778609752655029	2.2680187225341797	1.694996953010559	1.1497262716293335	0.6658679842948914	False
6	-0.800000011920929	5.110812664031982	1.853509545326233	1.1676599979400635	1.1333532333374023	0.9562895894050598	False
6	-0.4000000059604645	5.738758563995361	2.250138759613037	1.6473184823989868	1.130539894104004	0.710761547088623	False
6	-0.800000011920929	5.075360298156738	1.8496043682098389	1.1507717370986938	1.1310789585113525	0.9439046382904053	False
6	-0.4000000059604645	5.777649402618408	2.2580690383911133	1.6607542037963867	1.173626184463501	0.6852002143859863	False
6	-0.800000011920929	5.166101932525635	1.8653178215026855	1.239051342010498	1.1406466960906982	0.9210859537124634	False
6	-0.4000000059604645	5.770017623901367	2.2607812881469727	1.7065494060516357	1.1581249237060547	0.644561767578125	False
6	-0.800000011920929	5.146080017089844	1.8600565195083618	1.181011438369751	1.143469214439392	0.961542546749115	False
6	-0.4000000059604645	5.777446269989014	2.26234769821167	1.7162638902664185	1.1768617630004883	0.621972918510437	False
6	-0.800000011920929	5.088015079498291	1.8561477661132812	1.1508253812789917	1.1414029598236084	0.939638614654541	False
6	-0.4000000059604645	5.644606590270996	2.245344877243042	1.7257633209228516	1.0166828632354736	0.6568152904510498	False
6	-0.800000011920929	5.18888521194458	1.8807940483093262	1.1984965801239014	1.1651297807693481	0.9444647431373596	False
6	-0.4000000059604645	5.728451728820801	2.2550289630889893	1.7002971172332764	1.0929367542266846	0.6801892518997192	False
7	-1.0	4.394798278808594	1.602555751800537	0.9560920596122742	1.0973761081695557	0.7387745380401611	False
7	-0.4000000059604645	4.644969940185547	1.9220983982086182	1.1621869802474976	0.35777100920677185	1.2029138803482056	False
7	-1.0	3.9757297039031982	1.498261570930481	0.8695592880249023	0.5573479533195496	1.0505609512329102	False
7	-1.0	4.740034580230713	2.233928680419922	1.0016087293624878	0.5294806361198425	0.9750164747238159	False
7	-1.0	4.514800548553467	1.8232784271240234	1.1727029085159302	0.34796416759490967	1.170854926109314	False
7	0.11999999731779099	4.311972618103027	1.7956314086914062	1.0369480848312378	0.22135016322135925	1.2580430507659912	False
7	-1.0	4.45635986328125	1.6105155944824219	0.9564433097839355	1.107423186302185	0.7819778919219971	False
7	-0.4000000059604645	4.608868598937988	1.9122984409332275	1.1731209754943848	0.32343316078186035	1.2000157833099365	False
7	-1.0	3.863478183746338	1.501269817352295	0.858272910118103	0.43159377574920654	1.0723413228988647	False
7	-1.0	4.566370010375977	2.2315773963928223	0.9658601880073547	0.41062918305397034	0.9583034515380859	False
7	-1.0	4.524935722351074	1.8276747465133667	1.1854419708251953	0.33617061376571655	1.1756482124328613	False
7	0.125	4.436311721801758	1.8612432479858398	1.0174248218536377	0.2596181631088257	1.2980258464813232	False
7	-1.0	4.443229675292969	1.615133285522461	0.9614605903625488	1.100259780883789	0.766376256942749	False
7	-0.4000000059604645	4.654423713684082	1.9235210418701172	1.1598238945007324	0.35978400707244873	1.2112946510314941	False
7	-1.0	3.906795024871826	1.482777714729309	0.8737263679504395	0.483135461807251	1.0671555995941162	False
7	-1.0	4.768049716949463	2.233348846435547	0.9952077865600586	0.5380420088768005	1.0014511346817017	False
7	-1.0	4.451441287994385	1.772306203842163	1.1755810976028442	0.29969650506973267	1.203857421875	False
7	0.12250000238418579	4.322665214538574	1.8363752365112305	0.9881394505500793	0.210804283618927	1.287346363067627	False
7	-1.0	4.445583820343018	1.6193639039993286	0.9626257419586182	1.0988564491271973	0.764737606048584	False
7	-0.4000000059604645	4.727228164672852	1.936814785003662	1.1996238231658936	0.4004785418510437	1.1903109550476074	False
7	-1.0	3.820341110229492	1.4808235168457031	0.8572866916656494	0.475212037563324	1.0070186853408813	False
7	-1.0	4.573395252227783	2.216102123260498	0.975721001625061	0.4216041564941406	0.9599680304527283	False
7	-1.0	4.6019697189331055	1.866891860961914	1.1869449615478516	0.39772939682006836	1.1504034996032715	False
7	0.12250000238418579	4.318944454193115	1.8223230838775635	1.022275447845459	0.21417810022830963	1.2601678371429443	False
7	-1.0	4.4817633628845215	1.6167405843734741	0.961306631565094	1.1141191720962524	0.7895971536636353	False
7	-0.4000000059604645	4.648530960083008	1.9113357067108154	1.1849621534347534	0.37704014778137207	1.1751928329467773	False
7	-1.0	3.885409116744995	1.4762104749679565	0.8593106865882874	0.4775662124156952	1.0723216533660889	False
7	-1.0	4.777385234832764	2.2388854026794434	0.9955625534057617	0.5442636013031006	0.9986737966537476	False
7	-1.0	4.4499969482421875	1.8073451519012451	1.1717922687530518	0.3053973913192749	1.1654622554779053	False
7	0.12250000238418579	4.36330509185791	1.8146249055862427	1.0430980920791626	0.2378290891647339	1.2677533626556396	False
8	-0.800000011920929	3.5929150581359863	1.0924885272979736	1.0703617334365845	1.1200511455535889	0.31001362204551697	False
8	0.11999999731779099	5.110766887664795	1.6384910345077515	1.821390986442566	1.1210222244262695	0.5298629403114319	False
8	-0.800000011920929	3.4417877197265625	1.09708571434021	0.9587629437446594	1.0350425243377686	0.35089659690856934	False
8	0.125	4.242263317108154	1.644058108329773	0.8020988702774048	1.1414865255355835	0.654619574546814	False
8	-0.800000011920929	3.4577555656433105	1.1083215475082397	0.9329405426979065	1.0557870864868164	0.3607063591480255	False
8	-0.4000000059604645	4.158789157867432	1.6440662145614624	0.8210148811340332	1.0697336196899414	0.6239743232727051	False
8	-1.0	3.600776433944702	0.9178881049156189	0.6304291486740112	1.2520371675491333	0.8004218935966492	False
8	0.12250000238418579	5.133066654205322	1.8197734355926514	1.1459859609603882	1.2870173454284668	0.8802900910377502	False
8	-0.800000011920929	3.523047924041748	1.0941070318222046	0.9206613302230835	1.1277416944503784	0.38053804636001587	False
8	0.11999999731779099	4.175049781799316	1.6435840129852295	0.8028477430343628	1.087952733039856	0.6406654715538025	False
8	-0.800000011920929	3.44468355178833	1.0958175659179688	0.9492165446281433	1.0395665168762207	0.3600827753543854	False
8	0.11999999731779099	4.181219577789307	1.6488631963729858	0.7594629526138306	1.1175562143325806	0.6553372740745544	False
8	-0.800000011920929	3.46160626411438	1.0911428928375244	0.9815560579299927	1.034398078918457	0.3545091152191162	False
8	-0.4000000059604645	4.212124347686768	1.6520158052444458	0.797639787197113	1.1091797351837158	0.6532891988754272	False
8	-1.0	3.648843765258789	0.8987290859222412	0.644371747970581	1.263405442237854	0.8423375487327576	False
8	0.11999999731779099	5.071769714355469	1.8509869575500488	1.0420178174972534	1.2519848346710205	0.9267796277999878	False
8	-0.800000011920929	3.342820644378662	1.115478277206421	0.9410337805747986	0.9616711735725403	0.3246375322341919	False
8	0.11999999731779099	4.315723896026611	1.6362086534500122	0.8195774555206299	1.2126113176345825	0.6473264098167419	False
8	-0.800000011920929	3.488565444946289	1.1287397146224976	0.9625473022460938	1.0477244853973389	0.3495538830757141	False
8	-0.4000000059604645	4.0719685554504395	1.6431690454483032	0.7995495796203613	1.0113029479980469	0.6179472208023071	False
8	-1.0	3.525463104248047	0.8756658434867859	0.6026690602302551	1.240800380706787	0.806327760219574	False
8	0.125	5.134831428527832	1.8303292989730835	1.115559458732605	1.2677202224731445	0.9212228655815125	False
8	-0.800000011920929	3.465888261795044	1.1161187887191772	0.956741452217102	1.0616730451583862	0.3313548266887665	False
8	-0.4000000059604645	4.206149101257324	1.6385043859481812	0.7688587307929993	1.1285171508789062	0.6702690124511719	False
8	-1.0	3.675196409225464	0.918141782283783	0.6776641011238098	1.223946213722229	0.8554441332817078	False
8	0.13500000536441803	5.113376617431641	1.8251473903656006	1.127709150314331	1.283045768737793	0.8774741291999817	False
8	-0.800000011920929	3.4177405834198	1.0928425788879395	0.9535655379295349	1.0087933540344238	0.36253899335861206	False
8	-0.4000000059604645	4.307527542114258	1.616075038909912	0.7589946389198303	1.236743450164795	0.6957147121429443	False
8	-1.0	3.6447525024414062	0.9546599984169006	0.6813390851020813	1.2811814546585083	0.7275720834732056	False
8	0.13249999284744263	5.123748779296875	1.7918905019760132	1.1968289613723755	1.2941274642944336	0.8409017324447632	False
9	-0.4000000059604645	3.3668596744537354	0.8553008437156677	1.8623250722885132	0.5007277727127075	0.14850585162639618	False
9	-0.800000011920929	4.967053413391113	1.612621545791626	2.2356016635894775	1.0702500343322754	0.04858002811670303	False
9	-0.4000000059604645	5.032222270965576	1.65425705909729	1.8576884269714355	0.473854660987854	1.0464221239089966	False
9	0.3400000035762787	4.23078727722168	1.4010157585144043	2.212035894393921	0.5419819355010986	0.07575391232967377	False
9	-0.4000000059604645	4.461617469787598	1.464604139328003	1.9398819208145142	0.5338872075080872	0.5232441425323486	False
9	-0.800000011920929	4.99360990524292	1.6267757415771484	2.2300384044647217	1.0899871587753296	0.04680885374546051	False
9	-0.4000000059604645	5.020622730255127	1.618729591369629	1.8421019315719604	0.4378471374511719	1.1219438314437866	False
9	0.3100000023841858	4.221917629241943	1.3865550756454468	2.235750198364258	0.5200461149215698	0.07956578582525253	False
9	-0.4000000059604645	4.550976753234863	1.372949481010437	1.8949191570281982	0.39708924293518066	0.8860188126564026	False
9	-0.800000011920929	4.946427822113037	1.5898263454437256	2.234675407409668	1.074011206626892	0.04791499674320221	False
9	-0.4000000059604645	4.996068000793457	1.610700011253357	1.8296979665756226	0.42050132155418396	1.1351687908172607	False
9	0.3100000023841858	4.250312805175781	1.421154499053955	2.202775239944458	0.55208420753479	0.07429884374141693	False
9	-0.4000000059604645	4.588388442993164	1.4083033800125122	1.9282402992248535	0.4427092671394348	0.8091354966163635	False
9	-0.800000011920929	4.818069934844971	1.446998953819275	2.3301050662994385	0.8645111322402954	0.1764550507068634	False
9	-0.4000000059604645	4.969305992126465	1.5542948246002197	1.7605890035629272	0.532365083694458	1.1220574378967285	False
9	-0.800000011920929	4.710338115692139	1.5017035007476807	2.160663366317749	0.9947575330734253	0.053213607519865036	False
9	-0.800000011920929	5.594958305358887	1.9812955856323242	1.837823510169983	1.0428320169448853	0.7330076098442078	False
9	-0.800000011920929	5.429645538330078	2.06555438041687	1.7274013757705688	1.0354554653167725	0.6012342572212219	False
9	-0.800000011920929	5.589163303375244	1.9837230443954468	1.8450257778167725	1.0181400775909424	0.7422747015953064	False
9	-0.800000011920929	5.383331298828125	2.0332579612731934	1.6789770126342773	1.012006163597107	0.659089982509613	False
9	-0.800000011920929	5.592146396636963	1.9904518127441406	1.8791892528533936	1.0563441514968872	0.6661612391471863	False
9	-0.4000000059604645	5.362120628356934	2.018117904663086	1.6795274019241333	1.0157819986343384	0.6486937999725342	False
9	-0.4000000059604645	4.78943395614624	1.6765649318695068	1.7534962892532349	0.5902014970779419	0.7691712975502014	False
9	-0.4000000059604645	4.719195365905762	1.762010097503662	1.7864021062850952	0.7505465149879456	0.4202365577220917	False
9	-0.4000000059604645	4.808530807495117	1.669134259223938	1.8691061735153198	0.7277365326881409	0.5425541400909424	False
9	-0.4000000059604645	4.717043876647949	1.7620340585708618	1.7965048551559448	0.7476452589035034	0.4108596444129944	False
9	-0.4000000059604645	4.813161373138428	1.6455670595169067	1.8583828210830688	0.7331671714782715	0.576044499874115	False
9	-0.4000000059604645	4.416213035583496	1.7052490711212158	1.7135902643203735	0.6313251852989197	0.3660484254360199	False
9	-0.4000000059604645	4.993055820465088	1.672530174255371	1.897839069366455	0.7835010886192322	0.6391854882240295	False
9	-0.4000000059604645	4.620128631591797	1.7711102962493896	1.7710274457931519	0.7139347791671753	0.36405614018440247	False
10	-0.4000000059604645	2.6797993183135986	1.3637337684631348	1.1174616813659668	0.18463921546936035	0.01396462693810463	False
10	-0.4000000059604645	3.92549467086792	1.414440631866455	1.4288629293441772	1.0615575313568115	0.020633351057767868	False
10	-0.4000000059604645	4.07598352432251	1.1688816547393799	1.9868563413619995	0.8812867403030396	0.03895889222621918	False
10	-0.4000000059604645	2.9633004665374756	1.4053959846496582	1.1434929370880127	0.3716968297958374	0.04271490499377251	False
10	-0.4000000059604645	3.1921122074127197	1.322641134262085	1.5043624639511108	0.33670133352279663	0.02840729057788849	False
10	-0.4000000059604645	3.0944952964782715	1.3724709749221802	1.204532504081726	0.47756990790367126	0.03992189094424248	False
10	-0.4000000059604645	3.3639562129974365	1.2721341848373413	1.603698492050171	0.4628447890281677	0.025278905406594276	False
10	-0.4000000059604645	3.087559461593628	1.3785507678985596	1.2328999042510986	0.4358992576599121	0.04020947217941284	False
10	-0.4000000059604645	3.1331570148468018	1.3482738733291626	1.4314181804656982	0.323953241109848	0.029511576518416405	False
10	-0.4000000059604645	3.1242027282714844	1.3698620796203613	1.227159857749939	0.4900936782360077	0.03708706051111221	False
10	-0.4000000059604645	3.132075071334839	1.3377283811569214	1.4433873891830444	0.3202976584434509	0.030661646276712418	False
10	-0.4000000059604645	3.0285136699676514	1.3835318088531494	1.2003693580627441	0.4058210849761963	0.038791459053754807	False
10	-0.4000000059604645	3.2047226428985596	1.3072535991668701	1.5026899576187134	0.3645976185798645	0.030181391164660454	False
10	-0.4000000059604645	3.128385305404663	1.343846321105957	1.2836273908615112	0.4721587598323822	0.028752898797392845	False
10	-0.4000000059604645	3.1918861865997314	1.322192668914795	1.4905152320861816	0.3534262180328369	0.025752034038305283	False
10	-0.4000000059604645	3.0310685634613037	1.373916506767273	1.1833198070526123	0.4357568025588989	0.03807573392987251	False
10	-0.4000000059604645	3.237082004547119	1.3116579055786133	1.505204439163208	0.3914060592651367	0.0288136787712574	False
10	-0.4000000059604645	3.12416934967041	1.3461101055145264	1.2423605918884277	0.501061201095581	0.03463755548000336	False
10	-0.4000000059604645	3.1469016075134277	1.3486206531524658	1.4397302865982056	0.32802650332450867	0.030524088069796562	False
10	-0.4000000059604645	3.1503279209136963	1.362727165222168	1.2500278949737549	0.4998038411140442	0.03776904195547104	False
10	-0.4000000059604645	3.135350465774536	1.3454924821853638	1.4440046548843384	0.3168816864490509	0.028971625491976738	False
10	-0.4000000059604645	3.0635108947753906	1.387139081954956	1.1859525442123413	0.4479649066925049	0.04245450347661972	False
10	-0.4000000059604645	3.173102855682373	1.3277289867401123	1.469969630241394	0.34724435210227966	0.028160210698843002	False
10	-0.4000000059604645	3.009497880935669	1.411719560623169	1.1311460733413696	0.41816094517707825	0.04847126454114914	False
10	-0.4000000059604645	3.1021132469177246	1.3643735647201538	1.409407377243042	0.29611414670944214	0.03221827745437622	False
10	-0.4000000059604645	3.2891533374786377	1.362351417541504	1.3144347667694092	0.5793293118476868	0.03303792327642441	False
10	-0.4000000059604645	3.186030626296997	1.3147950172424316	1.4979671239852905	0.3443795144557953	0.028889033943414688	False
10	-0.4000000059604645	3.1358022689819336	1.356987476348877	1.2437251806259155	0.5014927387237549	0.03359673172235489	False
10	-0.4000000059604645	3.1945910453796387	1.3116276264190674	1.4993174076080322	0.35628971457481384	0.02735646814107895	False
10	-0.4000000059604645	3.087172031402588	1.3825756311416626	1.2290536165237427	0.4357530474662781	0.03978978097438812	False
11	0.125	2.026547431945801	0.7117860317230225	1.282870888710022	0.03140038624405861	0.0004902191576547921	False
11	-0.4000000059604645	2.9939804077148438	1.6193184852600098	1.10103440284729	0.2730361521244049	0.0005912620690651238	False
11	-0.4000000059604645	3.3001766204833984	1.408104658126831	1.7681968212127686	0.12007686495780945	0.0037981648929417133	False
11	0.11999999731779099	3.2139480113983154	1.556693196296692	1.3092453479766846	0.3434027135372162	0.0046067750081419945	False
11	0.13249999284744263	1.9839400053024292	0.69878089427948	1.256360411643982	0.028291719034314156	0.0005069983308203518	False
11	-0.4000000059604645	2.887028455734253	1.637795090675354	1.056825041770935	0.19179047644138336	0.000617784564383328	False
11	-0.4000000059604645	3.1570675373077393	1.3969470262527466	1.6682536602020264	0.08734819293022156	0.004518419969826937	False
11	0.12250000238418579	3.296323776245117	1.5537934303283691	1.316712737083435	0.421360582113266	0.004456883762031794	False
11	0.14249999821186066	2.0167055130004883	0.7245410680770874	1.2629077434539795	0.028786931186914444	0.00046977162128314376	False
11	-0.4000000059604645	3.5012941360473633	1.6016628742218018	1.2835592031478882	0.615311324596405	0.0007608304149471223	False
11	-0.4000000059604645	3.1141302585601807	1.3764798641204834	1.6542558670043945	0.07865684479475021	0.004737622104585171	False
11	0.125	3.4582226276397705	1.5307985544204712	1.3673309087753296	0.5559828877449036	0.0041102273389697075	False
11	0.15000000596046448	2.0128886699676514	0.7155076861381531	1.267181634902954	0.02968611568212509	0.0005129717756062746	False
11	-0.4000000059604645	2.973731279373169	1.6230508089065552	1.087294340133667	0.2627376317977905	0.000648147368337959	False
11	-0.4000000059604645	3.242457628250122	1.4236106872558594	1.7181321382522583	0.0965539813041687	0.004160909913480282	False
11	0.12250000238418579	3.2575185298919678	1.5519752502441406	1.3030295372009277	0.39830803871154785	0.004205771721899509	False
11	0.12250000238418579	2.017993211746216	0.7218757271766663	1.2663428783416748	0.02927362732589245	0.0005011551547795534	False
11	-0.4000000059604645	3.1816885471343994	1.621633768081665	1.1625514030456543	0.39685437083244324	0.0006490017985925078	False
11	-0.4000000059604645	3.1801202297210693	1.402159333229065	1.676254153251648	0.09724633395671844	0.0044603063724935055	False
11	0.12250000238418579	3.531022548675537	1.5388264656066895	1.3734173774719238	0.6144481301307678	0.004330524243414402	False
11	0.13750000298023224	2.0170021057128906	0.7181427478790283	1.2686179876327515	0.029722614213824272	0.0005188679788261652	False
11	-0.4000000059604645	3.374814748764038	1.601339340209961	1.231442928314209	0.5412352681159973	0.0007972944877110422	False
11	-0.4000000059604645	3.319387674331665	1.447500228881836	1.7577588558197021	0.10992434620857239	0.004204373806715012	False
11	0.125	3.30635404586792	1.5609883069992065	1.3113328218460083	0.42978277802467346	0.004249970428645611	False
11	0.13249999284744263	1.9793485403060913	0.689754843711853	1.2601537704467773	0.028911393135786057	0.0005286326631903648	False
11	-0.4000000059604645	3.162736654281616	1.606802225112915	1.1726337671279907	0.38267964124679565	0.0006208857521414757	False
11	-0.4000000059604645	3.150531530380249	1.3999364376068115	1.658968448638916	0.08780781179666519	0.003818865865468979	False
11	0.11500000208616257	3.2051291465759277	1.5557345151901245	1.2928613424301147	0.3525881767272949	0.003945188596844673	False
11	0.13249999284744263	2.018193244934082	0.7164624929428101	1.2709534168243408	0.030258970335125923	0.0005183469620533288	False
11	-0.4000000059604645	3.061845064163208	1.6147812604904175	1.122061848640442	0.3243696093559265	0.000632245559245348	False
12	0.14000000059604645	1.4032678604125977	0.844682514667511	0.5520041584968567	0.005567541345953941	0.0010136282071471214	False
12	0.11999999731779099	3.2433080673217773	1.853390097618103	1.256992220878601	0.13183429837226868	0.001091554993763566	False
12	-0.4000000059604645	1.692345142364502	0.6823984980583191	1.0001075267791748	0.004594434052705765	0.005244671832770109	False
12	0.12250000238418579	3.598414182662964	1.9794206619262695	1.5069996118545532	0.101676344871521	0.010317454114556313	False
12	-0.4000000059604645	1.6606031656265259	0.6651962995529175	0.9859457612037659	0.004688316956162453	0.004772829823195934	False
12	0.11999999731779099	3.5871880054473877	1.9072325229644775	1.5280171632766724	0.13857635855674744	0.013361852616071701	False
12	0.12999999523162842	1.413161277770996	0.8504942059516907	0.5564905405044556	0.005132066085934639	0.0010444450890645385	False
12	0.12250000238418579	3.1582605838775635	1.8749926090240479	1.1961560249328613	0.08613961935043335	0.0009723820840008557	False
12	-0.4000000059604645	1.6555107831954956	0.6650841236114502	0.9810998439788818	0.004507041536271572	0.004819788970053196	False
12	0.11999999731779099	3.6138224601745605	1.9882874488830566	1.510324239730835	0.10313631594181061	0.012074470520019531	False
12	0.12999999523162842	1.4187557697296143	0.8469610810279846	0.5652570128440857	0.005393936764448881	0.0011436670320108533	False
12	0.13500000536441803	3.1534624099731445	1.8983190059661865	1.1830453872680664	0.07118067890405655	0.0009174732258543372	False
12	-0.4000000059604645	1.6707137823104858	0.6642919778823853	0.9972284436225891	0.004759182687848806	0.0044341618195176125	False
12	0.125	3.607865333557129	2.0098049640655518	1.5020272731781006	0.08535575866699219	0.010677257552742958	False
12	0.14249999821186066	1.390019178390503	0.8261616826057434	0.5573124885559082	0.005559973418712616	0.0009851406794041395	False
12	0.125	3.200237274169922	1.8271005153656006	1.245255947113037	0.1266293078660965	0.0012514216359704733	False
12	-0.4000000059604645	1.664009690284729	0.667957067489624	0.9871338605880737	0.0049391817301511765	0.0039795986376702785	False
12	0.11999999731779099	3.6001429557800293	2.008396625518799	1.4969158172607422	0.08367209136486053	0.011158376932144165	False
12	0.14499999582767487	1.388022780418396	0.8312022089958191	0.5507344007492065	0.005251273047178984	0.0008349576382897794	False
12	0.13249999284744263	3.178999185562134	1.9093945026397705	1.1884522438049316	0.08022215217351913	0.000930276233702898	False
12	-0.4000000059604645	1.668993592262268	0.655491292476654	1.0050902366638184	0.004775716457515955	0.0036362477112561464	False
12	-0.4000000059604645	3.6318395137786865	1.9958826303482056	1.516501784324646	0.10891268402338028	0.010542316362261772	False
12	-0.4000000059604645	1.7917970418930054	0.8465262651443481	0.9232686758041382	0.01634315401315689	0.005658934358507395	False
12	-0.4000000059604645	2.8136918544769287	1.382996916770935	1.3705735206604004	0.05564158409833908	0.004479675088077784	False
12	-0.4000000059604645	1.7891769409179688	0.8383913636207581	0.929754376411438	0.014661155641078949	0.0063699763268232346	False
12	-0.4000000059604645	2.8015084266662598	1.3553354740142822	1.384523868560791	0.057415854185819626	0.004233090206980705	False
12	-0.4000000059604645	1.7917122840881348	0.8365499377250671	0.9339885711669922	0.016104165464639664	0.005069445818662643	False
12	-0.4000000059604645	2.8418726921081543	1.3732770681381226	1.4073293209075928	0.058192215859889984	0.003074159612879157	False
12	-0.4000000059604645	1.7537686824798584	0.8098640441894531	0.9226749539375305	0.0152845848351717	0.005945171229541302	False
12	-0.4000000059604645	2.912785291671753	1.4111969470977783	1.425209879875183	0.07238011062145233	0.0039984374307096004	False
13	0.125	1.4816068410873413	1.1453924179077148	0.3339204490184784	0.0020797019824385643	0.00021425698651000857	False
13	0.12250000238418579	1.934077501296997	1.3359568119049072	0.5913451910018921	0.006425982341170311	0.0003495142445899546	False
13	0.13249999284744263	1.4960601329803467	1.1551398038864136	0.3386618196964264	0.0020158328115940094	0.0002427106664981693	False
13	0.12250000238418579	1.89151930809021	1.3028138875961304	0.5813960433006287	0.006992035545408726	0.00031742657301947474	False
13	0.14000000059604645	1.5004117488861084	1.1611225605010986	0.33701303601264954	0.002040719147771597	0.000235427898587659	False
13	0.125	1.8801971673965454	1.293747067451477	0.5781051516532898	0.008037140592932701	0.00030795257771387696	False
13	0.13249999284744263	1.4669649600982666	1.133784532546997	0.3307539224624634	0.0022128350101411343	0.00021364729036577046	False
13	0.11749999970197678	1.9293508529663086	1.3488962650299072	0.5742601752281189	0.005862702615559101	0.00033165706554427743	False
13	0.12999999523162842	1.4872360229492188	1.1474604606628418	0.3374502658843994	0.002093997085466981	0.0002313248551217839	False
13	0.11999999731779099	1.8970048427581787	1.3154021501541138	0.5739008784294128	0.007343972567468882	0.0003578220203053206	False
13	0.13750000298023224	1.4862748384475708	1.1444933414459229	0.3395128846168518	0.0020486332941800356	0.00022009779058862478	False
13	0.11999999731779099	1.956666111946106	1.357130765914917	0.5935420989990234	0.005635853391140699	0.00035733095137402415	False
13	0.13500000536441803	1.482361078262329	1.1439716815948486	0.3361380398273468	0.002040793653577566	0.00021060901053715497	False
13	0.125	1.8403944969177246	1.2763289213180542	0.5560587644577026	0.0076986150816082954	0.00030820275424048305	False
13	0.12999999523162842	1.4852490425109863	1.1467896699905396	0.3361106812953949	0.0021101608872413635	0.00023856839106883854	False
13	0.11749999970197678	1.9614133834838867	1.3668835163116455	0.5884828567504883	0.0056878612376749516	0.00035916900378651917	False
13	0.13750000298023224	1.4818707704544067	1.1445045471191406	0.3350837826728821	0.0020718667656183243	0.00021061576262582093	False
13	0.11999999731779099	1.860381841659546	1.2957849502563477	0.5565207004547119	0.007716181688010693	0.00036003111745230854	False
13	0.14000000059604645	1.4949501752853394	1.156862735748291	0.3358122706413269	0.0020353312138468027	0.0002397545613348484	False
13	0.125	1.8867965936660767	1.305592656135559	0.5742310285568237	0.0066374908201396465	0.00033541928860358894	False
13	0.1274999976158142	1.4891998767852783	1.1499370336532593	0.3369988203048706	0.002039075829088688	0.0002249900862807408	False
13	0.12250000238418579	1.7892398834228516	1.225704312324524	0.5530800223350525	0.010160758160054684	0.0002947623434010893	False
13	0.125	1.4834736585617065	1.1471052169799805	0.3340790271759033	0.0020668236538767815	0.00022255699150264263	False
13	0.12250000238418579	1.9189441204071045	1.3356395959854126	0.5768565535545349	0.006096182391047478	0.00035192520590499043	False
13	0.12999999523162842	1.478171944618225	1.1396253108978271	0.33620575070381165	0.002110197441652417	0.0002306888927705586	False
13	0.11999999731779099	1.863396167755127	1.2917838096618652	0.56435227394104	0.0069309319369494915	0.0003291506436653435	False
13	0.14000000059604645	1.4801554679870605	1.1396610736846924	0.3381257951259613	0.002133224392309785	0.00023526392760686576	False
13	0.12250000238418579	1.9248920679092407	1.3445324897766113	0.5732419490814209	0.006763026118278503	0.00035461821244098246	False
13	0.1274999976158142	1.4929921627044678	1.145078182220459	0.3456862270832062	0.0019847163930535316	0.00024303034297190607	False
13	0.125	1.8920215368270874	1.3190221786499023	0.5661064386367798	0.006574563216418028	0.0003183509106747806	False
14	0.14249999821186066	1.6862038373947144	1.319954752922058	0.3622663617134094	0.0038147384766489267	0.00016799246077425778	False
14	0.125	0.7517622709274292	0.5244551301002502	0.22281280159950256	0.004459410440176725	3.494535849313252e-05	False
14	0.125	1.6683882474899292	1.2981345653533936	0.366499662399292	0.0035794428549706936	0.00017447967547923326	False
14	0.12250000238418579	0.7431575059890747	0.5191430449485779	0.219346821308136	0.004634617827832699	3.303870835225098e-05	False
14	0.125	1.657810926437378	1.2945094108581543	0.3595541715621948	0.003579225856810808	0.00016808141663204879	False
14	0.12250000238418579	0.7593399286270142	0.5315914154052734	0.22330383956432343	0.004410117398947477	3.4574557503219694e-05	False
14	0.1274999976158142	1.6422003507614136	1.2846384048461914	0.35374653339385986	0.003656664164736867	0.00015881053695920855	False
14	0.11500000208616257	0.7677009105682373	0.5311452746391296	0.2329072803258896	0.003618757938966155	2.9541108233388513e-05	False
14	0.12999999523162842	1.6691420078277588	1.305188536643982	0.36019930243492126	0.00358856120146811	0.00016554399917367846	False
14	0.125	0.7357228398323059	0.512772798538208	0.2189379632472992	0.003983268514275551	2.880919237213675e-05	False
14	0.125	1.6467194557189941	1.2848159074783325	0.3581429719924927	0.0036115283146500587	0.00014905842544976622	False
14	0.12250000238418579	0.6773801445960999	0.4608510732650757	0.20913250744342804	0.007356821093708277	3.9785394619684666e-05	False
14	0.1274999976158142	1.6338262557983398	1.2768434286117554	0.353057861328125	0.003769284812733531	0.00015563388296868652	False
14	0.11749999970197678	0.6558213233947754	0.4472559690475464	0.2030697911977768	0.005468591116368771	2.695613329706248e-05	False
14	0.14000000059604645	1.6897830963134766	1.3238276243209839	0.36212655901908875	0.003646519733592868	0.00018243469821754843	False
14	0.11749999970197678	0.7046643495559692	0.4755321145057678	0.22439447045326233	0.004708395339548588	2.9351840566960163e-05	False
14	0.12999999523162842	1.6377955675125122	1.2780742645263672	0.35596853494644165	0.0036004181019961834	0.00015248626004904509	False
14	0.11749999970197678	0.746264636516571	0.5174382925033569	0.22496576607227325	0.0038314652629196644	2.9161434213165194e-05	False
14	0.13500000536441803	1.624695062637329	1.2686502933502197	0.3525445759296417	0.0033475474920123816	0.00015271187294274569	False
14	0.11749999970197678	0.6994222402572632	0.4783158600330353	0.2172706574201584	0.0038084653206169605	2.7269161364529282e-05	False
14	0.12999999523162842	1.628400444984436	1.274121642112732	0.35039418935775757	0.0037368335761129856	0.00014777705655433238	False
14	0.125	0.6860467195510864	0.4736499488353729	0.20610003173351288	0.006264830008149147	3.1941148336045444e-05	False
14	0.125	1.6787701845169067	1.3110361099243164	0.3639925718307495	0.0035787143278867006	0.00016288424376398325	False
14	0.125	0.7558237314224243	0.5228257179260254	0.22943361103534698	0.0035339603200554848	3.0465000236290507e-05	False
14	0.13249999284744263	1.6753013134002686	1.3135405778884888	0.357678085565567	0.003913820721209049	0.00016881980991456658	False
14	0.12250000238418579	0.7481815814971924	0.511777937412262	0.2320796698331833	0.00429097143933177	3.297437433502637e-05	False
14	0.12999999523162842	1.6595925092697144	1.29412841796875	0.36162304878234863	0.0036816613283008337	0.00015937996795400977	False
14	0.12250000238418579	0.6692621111869812	0.45393651723861694	0.2113267481327057	0.003975643776357174	2.3202464944915846e-05	False
14	0.12250000238418579	1.7167776823043823	1.339558720588684	0.3735252916812897	0.003513679141178727	0.00018000358249992132	False
14	0.12250000238418579	0.8134700059890747	0.5668822526931763	0.2433825135231018	0.0031769010238349438	2.8312522772466764e-05	False
15	0.12999999523162842	0.5705115795135498	0.4348613917827606	0.13397230207920074	0.001649079960770905	2.880461761378683e-05	False
15	0.125	0.5173735022544861	0.32243674993515015	0.18761521577835083	0.007284122984856367	3.740960528375581e-05	False
15	0.13750000298023224	0.5796001553535461	0.44479477405548096	0.13301658630371094	0.001757755409926176	3.1081377528607845e-05	False
15	0.125	0.5382694005966187	0.3343714475631714	0.1983097940683365	0.00556029099971056	2.7867838070960715e-05	False
15	0.12250000238418579	0.5854836702346802	0.4514881372451782	0.13209711015224457	0.0018701936351135373	2.8165024559712037e-05	False
15	0.11749999970197678	0.6047523021697998	0.383304238319397	0.2157946527004242	0.005627403035759926	2.5963356165448204e-05	False
15	0.125	0.5904495716094971	0.4523991644382477	0.13617604970932007	0.0018442735308781266	3.0027578759472817e-05	False
15	0.11999999731779099	0.5016266107559204	0.30989745259284973	0.18550720810890198	0.006196882110089064	2.5100318453041837e-05	False
15	0.12999999523162842	0.5643570423126221	0.42901068925857544	0.1336694210767746	0.0016477926401421428	2.9122847990947776e-05	False
15	0.125	0.5289585590362549	0.3317195177078247	0.19138048589229584	0.00583103159442544	2.751249667198863e-05	False
15	0.13500000536441803	0.5728719830513	0.43888089060783386	0.13212095201015472	0.0018398156389594078	3.0360621167346835e-05	False
15	0.12250000238418579	0.5455714464187622	0.3427022099494934	0.19724762439727783	0.005592348054051399	2.9244467441458255e-05	False
15	0.12999999523162842	0.5617820620536804	0.4285878539085388	0.13160446286201477	0.0015641325153410435	2.5585173716535792e-05	False
15	0.11999999731779099	0.5513857007026672	0.35190948843955994	0.19371706247329712	0.005730073433369398	2.9081424145260826e-05	False
15	0.12999999523162842	0.5678050518035889	0.4302629828453064	0.1357792615890503	0.0017330311238765717	2.982207115564961e-05	False
15	0.12250000238418579	0.4912671148777008	0.31037312746047974	0.17216593027114868	0.008695417083799839	3.264006591052748e-05	False
15	0.125	0.5311077237129211	0.4025004208087921	0.1267176866531372	0.001867548213340342	2.2108770281192847e-05	False
15	0.125	0.5324935913085938	0.3328051269054413	0.19255393743515015	0.0071019371971488	3.26134504575748e-05	False
15	0.13500000536441803	0.5669341087341309	0.43269217014312744	0.1324721872806549	0.0017414882313460112	2.8341031793388538e-05	False
15	0.12250000238418579	0.5420289635658264	0.3442808985710144	0.19198580086231232	0.005732859019190073	2.944924017356243e-05	False
15	0.1274999976158142	0.5658023357391357	0.4329613447189331	0.13087862730026245	0.0019347898196429014	2.7615134968073107e-05	False
15	0.125	0.5139840245246887	0.32267245650291443	0.18426963686943054	0.007017314434051514	2.4593256966909394e-05	False
15	0.1525000035762787	0.5386876463890076	0.4041324853897095	0.13292814791202545	0.0016003473429009318	2.6680030714487657e-05	False
15	0.125	0.556545078754425	0.3582952618598938	0.19217346608638763	0.006045210175216198	3.113712591584772e-05	False
15	0.12250000238418579	0.5725242495536804	0.43928566575050354	0.1314205825328827	0.0017892553005367517	2.8723770810756832e-05	False
15	0.11500000208616257	0.5211890339851379	0.33132404088974	0.18240010738372803	0.007434505969285965	3.042097159777768e-05	False
15	0.12250000238418579	0.5572953224182129	0.4248051643371582	0.13072875142097473	0.0017345239175483584	2.696407500479836e-05	False
15	0.11999999731779099	0.5188927054405212	0.3275925815105438	0.18589843809604645	0.005373378749936819	2.832638710970059e-05	False
15	0.13249999284744263	0.5496485233306885	0.41723012924194336	0.1307159811258316	0.001674533006735146	2.7903151931241155e-05	False
15	0.12250000238418579	0.4659425616264343	0.28508588671684265	0.17099040746688843	0.009837334975600243	2.8927117455168627e-05	False
16	0.125	0.9213928580284119	0.5775471329689026	0.34246745705604553	0.0012012887746095657	0.0001769508235156536	False
16	0.12250000238418579	1.905591368675232	1.396390676498413	0.48981189727783203	0.019294921308755875	9.382354619447142e-05	False
16	0.14000000059604645	0.9604986906051636	0.6105565428733826	0.3484764099121094	0.0012352120829746127	0.0002305332018295303	False
16	0.11749999970197678	1.867600440979004	1.3745616674423218	0.4690551161766052	0.02390333265066147	8.033398626139387e-05	False
16	0.13249999284744263	0.8988451957702637	0.5514252185821533	0.34596848487854004	0.0012768423184752464	0.00017466294229961932	False
16	0.125	1.817319631576538	1.3250455856323242	0.4695093631744385	0.02268354780972004	8.113178773783147e-05	False
16	0.13500000536441803	0.9266217350959778	0.5797522068023682	0.34531131386756897	0.0013457972090691328	0.0002124016755260527	False
16	0.12250000238418579	1.9401873350143433	1.4134505987167358	0.5101194977760315	0.016525831073522568	9.131653496297076e-05	False
16	0.13249999284744263	0.9639829993247986	0.6105562448501587	0.3520236611366272	0.0012030333746224642	0.00020000903168693185	False
16	0.12250000238418579	1.8658852577209473	1.3519986867904663	0.4937116503715515	0.020097555592656136	7.736492261756212e-05	False
16	0.14000000059604645	0.9339503049850464	0.5875994563102722	0.34488773345947266	0.001256254268810153	0.0002069142065010965	False
16	0.125	1.8150570392608643	1.3417431116104126	0.44384846091270447	0.029343027621507645	0.00012237577175255865	False
16	0.125	0.9076569676399231	0.5710434913635254	0.33515429496765137	0.0012754418421536684	0.00018375764193478972	False
16	0.11500000208616257	1.8068293333053589	1.3191063404083252	0.4523203670978546	0.035297658294439316	0.00010506810212973505	False
16	0.125	0.9009467363357544	0.5565975904464722	0.3429522216320038	0.0012113427510485053	0.00018555558926891536	False
16	0.11999999731779099	1.9784958362579346	1.4501628875732422	0.5104435086250305	0.017801599577069283	8.78282226040028e-05	False
16	0.12999999523162842	0.9183061718940735	0.569658637046814	0.3472003936767578	0.001249317778274417	0.00019782641902565956	False
16	0.11999999731779099	1.8335585594177246	1.340524673461914	0.4580574035644531	0.034886427223682404	8.995847019832581e-05	False
16	0.13249999284744263	0.8950111865997314	0.5522096157073975	0.34119951725006104	0.0013913383008912206	0.00021067958732601255	False
16	0.11999999731779099	1.9303200244903564	1.422629714012146	0.4857088029384613	0.02189401350915432	8.745760715100914e-05	False
16	0.13750000298023224	0.9151735305786133	0.5645972490310669	0.3489763140678406	0.001389775425195694	0.00021018579718656838	False
16	0.11500000208616257	1.8664880990982056	1.361148715019226	0.4892060458660126	0.01604669913649559	8.67209819261916e-05	False
16	0.12250000238418579	0.9144230484962463	0.577772319316864	0.3350589871406555	0.001393508049659431	0.00019827195501420647	False
16	0.11999999731779099	1.8722333908081055	1.3675761222839355	0.4811435639858246	0.02342340350151062	9.025962935993448e-05	False
16	0.1274999976158142	0.9094860553741455	0.5651490092277527	0.342825323343277	0.0013262241845950484	0.00018547879881225526	False
16	0.12250000238418579	1.843153715133667	1.3431776762008667	0.4625610411167145	0.03730971738696098	0.0001052754741976969	False
16	0.13750000298023224	0.9356076717376709	0.5936861634254456	0.3404083549976349	0.0013033414725214243	0.00020979202236048877	False
16	0.12250000238418579	1.8414396047592163	1.352325201034546	0.45733770728111267	0.03167756274342537	9.904267790261656e-05	False
16	0.13500000536441803	0.9335574507713318	0.5845514535903931	0.3475782871246338	0.001217077486217022	0.00021066096087452024	False
16	0.125	1.9194109439849854	1.4089876413345337	0.4899941682815552	0.020315293222665787	0.0001139014057116583	False
17	0.13249999284744263	0.16397744417190552	0.0453823059797287	0.11834319680929184	0.00020457996288314462	4.7370245738420635e-05	False
17	0.125	0.3143056631088257	0.0853642001748085	0.22749680280685425	0.0013547895941883326	8.988884655991569e-05	False
17	0.12250000238418579	0.16373035311698914	0.04532394930720329	0.1181599572300911	0.0002005013229791075	4.596121652866714e-05	False
17	0.12250000238418579	0.36416393518447876	0.10545816272497177	0.25783196091651917	0.0007725883042439818	0.00010121466038981453	False
17	0.14000000059604645	0.16359318792819977	0.04464982822537422	0.11867137998342514	0.0002199859154643491	5.198403596295975e-05	False
17	0.12250000238418579	0.4038972854614258	0.12249252945184708	0.28074222803115845	0.0005569594795815647	0.00010557550558587536	False
17	0.13500000536441803	0.1648731827735901	0.044869568198919296	0.11973940581083298	0.00021251225552987307	5.1705432269955054e-05	False
17	0.125	0.3956204354763031	0.11481975764036179	0.2800118029117584	0.0006788391619920731	0.00011001955135725439	False
17	0.13750000298023224	0.16694359481334686	0.04493102431297302	0.12174765765666962	0.00021169890533201396	5.320552008925006e-05	False
17	0.11999999731779099	0.3348158597946167	0.0893312469124794	0.2444307804107666	0.000959936820436269	9.389832121087238e-05	False
17	0.1274999976158142	0.16183364391326904	0.04351649805903435	0.11803071945905685	0.00023207392951007932	5.43603855476249e-05	False
17	0.11749999970197678	0.37899255752563477	0.11705546081066132	0.2611444890499115	0.0006827454199083149	0.00010989468864863738	False
17	0.12250000238418579	0.16501973569393158	0.044105321168899536	0.12064605206251144	0.0002166579943150282	5.1695398724405095e-05	False
17	0.12250000238418579	0.3870173394680023	0.11601415276527405	0.27017179131507874	0.0007258837576955557	0.00010551457671681419	False
17	0.1274999976158142	0.16600386798381805	0.04437349736690521	0.12136867642402649	0.00021036497491877526	5.133192098583095e-05	False
17	0.1274999976158142	0.3418613374233246	0.09480820596218109	0.24602636694908142	0.0009259428479708731	0.00010084345558425412	False
17	0.13249999284744263	0.16161106526851654	0.044565990567207336	0.11678425967693329	0.00021055599790997803	5.026389771956019e-05	False
17	0.12250000238418579	0.371369332075119	0.10816065222024918	0.26238977909088135	0.0007063971133902669	0.0001125093549489975	False
17	0.12999999523162842	0.15886561572551727	0.04281798005104065	0.11578883230686188	0.00021412930800579488	4.4677744881482795e-05	False
17	0.125	0.40452057123184204	0.1284877061843872	0.27520719170570374	0.0006888226489536464	0.00013686611782759428	False
17	0.13500000536441803	0.16669124364852905	0.04528030753135681	0.12115214765071869	0.00020633421081583947	5.244630665401928e-05	False
17	0.11999999731779099	0.33571192622184753	0.09060432761907578	0.24399589002132416	0.0010092307347804308	0.00010247604950563982	False
17	0.13750000298023224	0.16242872178554535	0.04207971692085266	0.12008581310510635	0.0002148802886949852	4.832180275116116e-05	False
17	0.125	0.40633779764175415	0.12168850004673004	0.28386232256889343	0.0006620429339818656	0.00012493261601775885	False
17	0.1274999976158142	0.1660524159669876	0.04491186887025833	0.12087943404912949	0.00021082205057609826	5.028996747569181e-05	False
17	0.125	0.3767690360546112	0.1081835925579071	0.2678450644016266	0.0006470322259701788	9.333699563285336e-05	False
17	0.13249999284744263	0.16329596936702728	0.04411153495311737	0.1189233735203743	0.00021224483498372138	4.879912739852443e-05	False
17	0.12250000238418579	0.37106695771217346	0.10447775572538376	0.26563453674316406	0.0008364109671674669	0.0001182595151476562	False
17	0.125	0.16695263981819153	0.04669222980737686	0.11998974531888962	0.00021365124848671257	5.7019209634745494e-05	False
17	0.11749999970197678	0.341307669878006	0.09681012481451035	0.2432689517736435	0.0011220979504287243	0.00010650236799847335	False
18	0.13249999284744263	0.6777558922767639	0.024832071736454964	0.6527254581451416	0.00018197820463683456	1.6408437659265473e-05	False
18	0.12250000238418579	0.7436436414718628	0.05790306255221367	0.6852750182151794	0.00044667566544376314	1.8891352738137357e-05	False
18	0.14000000059604645	0.6752439737319946	0.024365313351154327	0.6506915092468262	0.00017311669944319874	1.4094267498876434e-05	False
18	0.125	0.7440564036369324	0.056309886276721954	0.6872599124908447	0.00046282849507406354	2.37631393247284e-05	False
18	0.12999999523162842	0.6742368936538696	0.02500065043568611	0.6490529179573059	0.0001690831413725391	1.4267148799262941e-05	False
18	0.125	0.7469310760498047	0.06415286660194397	0.6822916865348816	0.00046372596989385784	2.277987005072646e-05	False
18	0.14000000059604645	0.672969400882721	0.02466774545609951	0.6481068730354309	0.00018095191626343876	1.384541428706143e-05	False
18	0.11999999731779099	0.7419846653938293	0.05659586563706398	0.6848694682121277	0.0005001004901714623	1.922939918586053e-05	False
18	0.125	0.6761946678161621	0.024012478068470955	0.6519864201545715	0.00018046391778625548	1.5248545423673932e-05	False
18	0.12250000238418579	0.7504425048828125	0.05966012552380562	0.6900185942649841	0.000730315747205168	3.34392607328482e-05	False
18	0.13249999284744263	0.6754531264305115	0.02549769915640354	0.6497563123703003	0.0001828368112910539	1.63113927555969e-05	False
18	0.11999999731779099	0.7432804703712463	0.05698689818382263	0.6856974959373474	0.0005704799550585449	2.5637971702963114e-05	False
18	0.12999999523162842	0.6750527620315552	0.024793753400444984	0.6500599384307861	0.00018403764988761395	1.5025672837509774e-05	False
18	0.11999999731779099	0.7491441369056702	0.06182129681110382	0.6867431402206421	0.0005508712492883205	2.886364200094249e-05	False
18	0.13750000298023224	0.67618328332901	0.023522483184933662	0.6524627804756165	0.0001831439440138638	1.482272728026146e-05	False
18	0.11999999731779099	0.7430831789970398	0.0540861077606678	0.6883432269096375	0.0006245863041840494	2.9263421311043203e-05	False
18	0.13500000536441803	0.6761135458946228	0.024138467386364937	0.6517784595489502	0.0001814856514101848	1.5157789675868116e-05	False
18	0.11749999970197678	0.7426490783691406	0.05362418666481972	0.6885165572166443	0.00048711264389567077	2.1247324184514582e-05	False
18	0.14499999582767487	0.6778378486633301	0.02307821996510029	0.6545740962028503	0.0001716449623927474	1.3862607374903746e-05	False
18	0.12250000238418579	0.7459525465965271	0.05967656522989273	0.6857267618179321	0.0005246406071819365	2.456237234582659e-05	False
18	0.12250000238418579	0.6783686876296997	0.024550432339310646	0.6536321640014648	0.00017127551836892962	1.4783331607759465e-05	False
18	0.11999999731779099	0.7419320940971375	0.04986998811364174	0.6914321780204773	0.0006033660611137748	2.654175659699831e-05	False
18	0.13500000536441803	0.6771005392074585	0.02449468895792961	0.6524195075035095	0.00017183509771712124	1.4482344340649433e-05	False
18	0.12250000238418579	0.7393342852592468	0.051853861659765244	0.6868764758110046	0.0005853329203091562	1.8651559003046714e-05	False
18	0.125	0.675502359867096	0.02499094419181347	0.6503267288208008	0.00016994241741485894	1.476432771596592e-05	False
18	0.11749999970197678	0.7430504560470581	0.05348874628543854	0.6889220476150513	0.0006150805274955928	2.464218960085418e-05	False
18	0.14000000059604645	0.6768088936805725	0.024479182437062263	0.652144730091095	0.00017097190720960498	1.4019546142662875e-05	False
18	0.11749999970197678	0.7409311532974243	0.05404767394065857	0.6861799359321594	0.0006817016401328146	2.1848169126315042e-05	False
18	0.12250000238418579	0.676879346370697	0.024046441540122032	0.6526473164558411	0.00017095290240831673	1.4637512322224211e-05	False
18	0.11999999731779099	0.7448424696922302	0.05499865487217903	0.6889329552650452	0.0008832856547087431	2.760279312497005e-05	False
19	0.12250000238418579	0.7788520455360413	0.2522841989994049	0.5265247225761414	2.8875125281047076e-05	1.4226207895262633e-05	False
19	0.11999999731779099	1.1299645900726318	0.7318411469459534	0.39800918102264404	9.175088052870706e-05	2.2354382963385433e-05	False
19	0.12999999523162842	0.7638183832168579	0.24314935505390167	0.5206232070922852	3.0096445698291063e-05	1.570584936416708e-05	False
19	0.11999999731779099	1.1218905448913574	0.7109326124191284	0.41084328293800354	9.610549750505015e-05	1.8624710719450377e-05	False
19	0.14000000059604645	0.7783353328704834	0.26129764318466187	0.5169906616210938	3.069648300879635e-05	1.632304883969482e-05	False
19	0.12250000238418579	1.1216561794281006	0.7472518682479858	0.3742709457874298	0.00010611992183839902	2.7308456992614083e-05	False
19	0.14000000059604645	0.7689886093139648	0.25734657049179077	0.5115983486175537	3.0261275242082775e-05	1.3428518286673352e-05	False
19	0.12250000238418579	1.1294190883636475	0.7503024339675903	0.37900373339653015	8.674520358908921e-05	2.6155861633014865e-05	False
19	0.14499999582767487	0.7618860602378845	0.24686896800994873	0.5149729251861572	2.983645026688464e-05	1.4281600670074113e-05	False
19	0.11500000208616257	1.1366982460021973	0.7465512752532959	0.39004242420196533	8.020049426704645e-05	2.4375902285100892e-05	False
19	0.12999999523162842	0.7619403004646301	0.2445901781320572	0.5173048377037048	2.982291698572226e-05	1.547897409182042e-05	False
19	0.125	1.1177659034729004	0.7285930514335632	0.3890323042869568	0.00011457758955657482	2.6040788725367747e-05	False
19	0.125	0.7682015299797058	0.2541029155254364	0.5140541791915894	2.897908962040674e-05	1.540919220133219e-05	False
19	0.12250000238418579	1.1214491128921509	0.7221521735191345	0.3991738557815552	0.00010024987568613142	2.2854334019939415e-05	False
19	0.13249999284744263	0.765165388584137	0.25139009952545166	0.513730525970459	3.0307559427456e-05	1.4487709449895192e-05	False
19	0.12250000238418579	1.1260501146316528	0.741223931312561	0.38470637798309326	9.033093374455348e-05	2.9418411941151135e-05	False
19	0.1274999976158142	0.7565152049064636	0.24697180092334747	0.5094972848892212	3.146283052046783e-05	1.4686826034449041e-05	False
19	0.125	1.1206920146942139	0.7320590615272522	0.3885096311569214	9.751557081472129e-05	2.575599319243338e-05	False
19	0.13500000536441803	0.7581204175949097	0.2480480670928955	0.5100241303443909	3.195834142388776e-05	1.627371966606006e-05	False
19	0.11999999731779099	1.1238151788711548	0.728638231754303	0.39505505561828613	0.00010056178871309385	2.1371217371779494e-05	False
19	0.12250000238418579	0.7725338935852051	0.2493131160736084	0.5231742858886719	2.989863423863426e-05	1.6592484826105647e-05	False
19	0.125	1.1215778589248657	0.7394610047340393	0.38199537992477417	9.88392494036816e-05	2.2592781533603556e-05	False
19	0.14000000059604645	0.7669031620025635	0.24081510305404663	0.5260429382324219	2.977101394208148e-05	1.5388948668260127e-05	False
19	0.11999999731779099	1.1234683990478516	0.7310510873794556	0.3923026919364929	9.377481183037162e-05	2.0919826056342572e-05	False
19	0.13249999284744263	0.7619584798812866	0.24592727422714233	0.5159833431243896	3.0532959499396384e-05	1.7362071957904845e-05	False
19	0.11749999970197678	1.124631404876709	0.7386705875396729	0.3858362138271332	9.630489512346685e-05	2.830669836839661e-05	False
19	0.12999999523162842	0.7703182101249695	0.2536625862121582	0.5166077613830566	3.156228922307491e-05	1.628262543817982e-05	False
19	0.12250000238418579	1.1147044897079468	0.7158593535423279	0.39871054887771606	0.00011281700426479802	2.1758416551165283e-05	False
19	0.12250000238418579	0.7611789107322693	0.24584349989891052	0.5152889490127563	3.0806106224190444e-05	1.562522265885491e-05	False
19	0.11749999970197678	1.136675477027893	0.7400223612785339	0.39654621481895447	8.453016198473051e-05	2.2369862563209608e-05	False
