# num_workers = 7
# num_cells = 256
# seed_for_environment = 2236067
# lr = 0.0003
# max_grad_norm = 1.0
# eval_rollout_length = 30
# scaling_factor = 1000
# frames_per_batch = 500
# sub_batch_size = 64
# num_epochs = 15
# clip_epsilon = 0.2
# gamma = 0.99
# lmbda = 0.95
# entropy_eps = 0.003
# env_reward_engineering = True
# env_minimum_number_of_qubits = 8
# log_name = search_9_6_seed_2236067
# env_error_range = linear5
# env_version = qecc/bbcode-ldpc-v0
# env_bit_flipping = True
# env_l = 9
# env_m = 6
# env_use_dict_observation = True
# env_number_of_decoder_iterations = 50
# env_number_of_samples = 50
# env_code_logging = False
# model_architecture = hybrid
# model_surrogate_model_path = /vol/bitbucket/osella/rl-qecc-data//supervisedLearning/2026-07-12_20-18-32/surrogate_6x6.pth
# model_use_pretrained_encoder = True
# index_to_unfreeze_encoder_updates = 10
# encoder_lr_factor = 0.1
# training_device = cpu
# Resolved arguments:
# Resolved_env_reward_engineering = True
# Resolved_env_bit_flipping = True
# Resolved_env_useDictObservation = True
# Resolved_env_code_logging = False
# Resolved_env_error_range = [np.float64(0.0001), np.float64(0.025075), np.float64(0.05005), np.float64(0.075025), np.float64(0.1)]
# Resolved_model_use_pretrained_encoder = True
# Resolved_trainingDevice = cpu
# Resolved_model_architecture = hybrid
# Just for information, not used in actual run: SLURM CPUS queried from os environment: 96
# Number of workers: 7
# Does torch identify cuda: False
evaluation number	reward	policy entropy	policy entropy aX	policy entropy bX	policy entropy aY	policy entropy bY	Encoder freeze	postAction_aX	postAction_bX	postAction_aY	postAction_bY
0	-0.75	8.359842300415039	2.277435541152954	2.276996612548828	1.8846642971038818	1.9207459688186646	True	[0 1 0 0 0 0 0 0 0]	[0 0 1 0 0 0 0 0 0]	[1 0 0 0 0 0]	[0 0 0 0 0 1]
0	-0.5	8.43884563446045	2.2921762466430664	2.2923715114593506	1.919288158416748	1.935009479522705	True	[0 0 0 0 0 0 0 0 0]	[0 0 0 0 0 0 0 0 0]	[0 0 0 0 0 0]	[1 0 0 0 0 1]
0	0.24500000476837158	8.41142463684082	2.2874257564544678	2.2888448238372803	1.9068272113800049	1.9283270835876465	True	[0 1 0 0 0 0 0 0 0]	[0 0 1 0 0 0 0 0 0]	[1 0 0 0 0 0]	[1 0 0 0 0 0]
0	-1.0	8.433602333068848	2.2924225330352783	2.292222023010254	1.9129884243011475	1.9359691143035889	True	[0 0 0 0 0 0 0 0 0]	[0 0 0 0 0 0 0 0 0]	[0 0 0 0 0 0]	[0 0 0 0 0 0]
0	-0.75	8.35464859008789	2.2782812118530273	2.278860330581665	1.878162145614624	1.919344425201416	True	[0 1 0 0 0 0 0 0 0]	[0 0 1 0 0 0 0 0 0]	[1 0 0 0 0 0]	[0 0 0 0 0 1]
0	-0.5	8.427495956420898	2.291952133178711	2.2908935546875	1.9121181964874268	1.9325326681137085	True	[0 0 0 0 0 0 0 0 0]	[1 0 1 0 0 0 0 0 0]	[0 0 0 0 0 0]	[1 0 0 0 0 1]
0	-0.75	8.427836418151855	2.2912075519561768	2.291407823562622	1.9137778282165527	1.9314430952072144	True	[0 1 0 0 0 0 0 0 0]	[1 0 0 0 0 0 0 0 0]	[1 0 0 0 0 0]	[0 0 0 0 0 1]
0	-0.5	8.42265796661377	2.2939295768737793	2.2889039516448975	1.9101616144180298	1.929663062095642	True	[0 0 0 0 0 0 0 0 0]	[1 0 1 0 0 0 0 0 0]	[0 0 0 0 0 0]	[1 0 0 0 0 1]
0	-0.75	8.419776916503906	2.2897403240203857	2.2877235412597656	1.9130116701126099	1.9293012619018555	True	[0 1 0 0 0 0 0 0 0]	[1 0 0 0 0 0 0 0 0]	[1 0 0 0 0 0]	[0 0 0 0 0 1]
0	-0.5	8.420361518859863	2.294123411178589	2.2881174087524414	1.9084210395812988	1.929699182510376	True	[0 0 0 0 0 0 0 0 0]	[1 0 1 0 0 0 0 0 0]	[0 0 0 0 0 0]	[1 0 0 0 0 1]
0	-0.75	8.445108413696289	2.291637420654297	2.2951109409332275	1.9217679500579834	1.9365923404693604	True	[0 1 0 0 0 0 0 0 0]	[1 0 0 0 0 0 0 0 0]	[1 0 0 0 0 0]	[0 0 0 0 0 1]
0	-0.5	8.43608570098877	2.294680595397949	2.292299747467041	1.9159512519836426	1.9331538677215576	True	[0 0 0 0 0 0 0 0 0]	[1 0 1 0 0 0 0 0 0]	[0 0 0 0 0 0]	[1 0 0 0 0 1]
0	-0.75	8.42012882232666	2.2915735244750977	2.2894816398620605	1.9076725244522095	1.931401252746582	True	[0 1 0 0 0 0 0 0 0]	[1 0 0 0 0 0 0 0 0]	[1 0 0 0 0 0]	[0 0 0 0 0 1]
0	-0.5	8.425250053405762	2.2947747707366943	2.2886719703674316	1.9098689556121826	1.9319343566894531	True	[0 0 0 0 0 0 0 0 0]	[1 0 1 0 0 0 0 0 0]	[0 0 0 0 0 0]	[1 0 0 0 0 1]
0	-0.75	8.424928665161133	2.2895421981811523	2.2894537448883057	1.9158077239990234	1.930125117301941	True	[0 1 0 0 0 0 0 0 0]	[1 0 0 0 0 0 0 0 0]	[1 0 0 0 0 0]	[0 0 0 0 0 1]
0	-0.5	8.444555282592773	2.29514217376709	2.293099880218506	1.9197477102279663	1.9365657567977905	True	[0 0 0 0 0 0 0 0 0]	[1 0 1 0 0 0 0 0 0]	[0 0 0 0 0 0]	[1 0 0 0 0 1]
0	-0.75	8.417847633361816	2.289160966873169	2.2881577014923096	1.9117040634155273	1.928824782371521	True	[0 1 0 0 0 0 0 0 0]	[1 0 0 0 0 0 0 0 0]	[1 0 0 0 0 0]	[0 0 0 0 0 1]
0	-0.5	8.433882713317871	2.295480489730835	2.290156364440918	1.914503574371338	1.9337422847747803	True	[0 0 0 0 0 0 0 0 0]	[1 0 1 0 0 0 0 0 0]	[0 0 0 0 0 0]	[1 0 0 0 0 1]
0	-0.75	8.426621437072754	2.29020619392395	2.29068660736084	1.9147917032241821	1.9309372901916504	True	[0 1 0 0 0 0 0 0 0]	[1 0 0 0 0 0 0 0 0]	[1 0 0 0 0 0]	[0 0 0 0 0 1]
0	-0.5	8.417479515075684	2.2938144207000732	2.289367914199829	1.9052104949951172	1.9290870428085327	True	[0 0 0 0 0 0 0 0 0]	[1 0 1 0 0 0 0 0 0]	[0 0 0 0 0 0]	[1 0 0 0 0 1]
0	-0.75	8.430130958557129	2.2915403842926025	2.291407585144043	1.9135878086090088	1.9335954189300537	True	[0 1 0 0 0 0 0 0 0]	[1 0 0 0 0 0 0 0 0]	[1 0 0 0 0 0]	[0 0 0 0 0 1]
0	-0.5	8.426139831542969	2.293301582336426	2.2895898818969727	1.9139173030853271	1.9293303489685059	True	[0 0 0 0 0 0 0 0 0]	[1 0 1 0 0 0 0 0 0]	[0 0 0 0 0 0]	[0 0 0 0 0 0]
0	-0.5	8.409363746643066	2.289397954940796	2.2883405685424805	1.9031702280044556	1.928454875946045	True	[0 1 0 0 0 0 0 0 0]	[1 0 0 0 0 0 0 0 0]	[1 0 0 0 0 0]	[1 0 0 0 0 0]
0	-0.5	8.377543449401855	2.2829408645629883	2.279487371444702	1.8930625915527344	1.922052264213562	True	[0 0 0 0 0 0 0 0 0]	[1 0 1 0 0 0 0 0 0]	[0 0 0 0 0 0]	[1 0 0 0 0 1]
0	-0.75	8.421504974365234	2.2893259525299072	2.28940486907959	1.9121747016906738	1.9306001663208008	True	[0 1 0 0 0 0 0 0 0]	[1 0 0 0 0 0 0 0 0]	[1 0 0 0 0 0]	[0 0 0 0 0 1]
0	-0.5	8.446393013000488	2.296222686767578	2.293107032775879	1.9202693700790405	1.9367939233779907	True	[0 0 0 0 0 0 0 0 0]	[1 0 1 0 0 0 0 0 0]	[0 0 0 0 0 0]	[1 0 0 0 0 1]
0	-0.75	8.430192947387695	2.290255308151245	2.2916297912597656	1.9165606498718262	1.9317470788955688	True	[0 1 0 0 0 0 0 0 0]	[1 0 0 0 0 0 0 0 0]	[1 0 0 0 0 0]	[0 0 0 0 0 1]
0	-0.5	8.429147720336914	2.2948081493377686	2.2903292179107666	1.9135832786560059	1.9304271936416626	True	[0 0 0 0 0 0 0 0 0]	[1 0 1 0 0 0 0 0 0]	[0 0 0 0 0 0]	[0 0 0 0 0 0]
0	-0.75	8.424361228942871	2.291135311126709	2.2916719913482666	1.911260962486267	1.9302928447723389	True	[0 1 0 0 0 0 0 0 0]	[1 0 0 0 0 0 0 0 0]	[1 0 0 0 0 0]	[0 0 0 0 0 1]
0	-0.5	8.426828384399414	2.2935445308685303	2.288539171218872	1.9134266376495361	1.9313184022903442	True	[0 0 0 0 0 0 0 0 0]	[1 0 1 0 0 0 0 0 0]	[0 0 0 0 0 0]	[1 0 0 0 0 1]
