# num_workers = 8
# num_cells = 256
# seed_for_environment = 55376
# lr = 0.0003
# max_grad_norm = 1.0
# eval_rollout_length = 30
# scaling_factor = 1000
# frames_per_batch = 500
# sub_batch_size = 64
# num_epochs = 15
# clip_epsilon = 0.2
# gamma = 0.99
# lmbda = 0.95
# entropy_eps = 0.5
# env_reward_engineering = True
# env_minimum_number_of_qubits = 1
# log_name = None
# env_error_range = dataCollection
# env_version = qecc/bbcode-ldpc-v0
# env_bit_flipping = True
# env_l = 12
# env_m = 6
# env_use_dict_observation = True
# env_number_of_decoder_iterations = 50
# env_number_of_samples = 50
# env_code_logging = True
# model_architecture = hybrid
# model_surrogate_model_path = /rds/general/user/osella/home/rl-qecc-data//supervisedLearning/2026-07-12_20-18-32/surrogate_6x6.pth
# model_use_pretrained_encoder = False
# index_to_unfreeze_encoder_updates = 20
# encoder_lr_factor = 0.1
# training_device = cpu
# Resolved arguments:
# Resolved_env_reward_engineering = True
# Resolved_env_reward_integral = Between prob. of no error and curve.
# Resolved_env_bit_flipping = True
# Resolved_env_useDictObservation = True
# Resolved_env_code_logging = True
# Resolved_env_error_range = [np.float64(0.0001), np.float64(0.000215), np.float64(0.000464), np.float64(0.001), np.float64(0.002154), np.float64(0.003162), np.float64(0.004642), np.float64(0.01), np.float64(0.021544), np.float64(0.025075), np.float64(0.031623), np.float64(0.046416), np.float64(0.05005), np.float64(0.075025), np.float64(0.1)]
# Resolved_model_use_pretrained_encoder = False
# Resolved_trainingDevice = cpu
# Resolved_model_architecture = hybrid
# Number of workers: 8
# Does torch identify cuda: False
# encoder ***RANDOM WEIGHTS***
evaluation number	reward	policy entropy	policy entropy aX	policy entropy bX	policy entropy aY	policy entropy bY	Encoder freeze	postAction_aX	postAction_bX	postAction_aY	postAction_bY
0	0.5233286619186401	8.961926460266113	2.552834987640381	2.5456061363220215	1.9410350322723389	1.922450065612793	True	[0 0 0 0 0 0 0 0 0 0 0 1]	[0 1 0 0 0 0 0 0 0 0 0 0]	[0 0 1 0 0 0]	[0 0 0 0 0 1]
0	-0.5	8.98208236694336	2.5546066761016846	2.5532071590423584	1.9403339624404907	1.9339343309402466	True	[0 0 0 0 0 0 0 0 0 0 0 0]	[0 1 0 1 0 0 0 0 0 0 0 0]	[0 0 0 0 0 0]	[0 0 0 0 0 0]
0	0.5509703755378723	8.974971771240234	2.5542397499084473	2.5497536659240723	1.9415091276168823	1.9294688701629639	True	[0 0 0 0 0 0 0 0 0 0 0 1]	[0 1 0 0 0 0 0 0 0 0 0 0]	[0 0 1 0 0 0]	[0 0 0 0 0 1]
0	-0.5	8.982177734375	2.5546600818634033	2.553694248199463	1.9403319358825684	1.9334914684295654	True	[0 0 0 0 0 0 0 0 0 0 0 0]	[0 1 0 1 0 0 0 0 0 0 0 0]	[0 0 0 0 0 0]	[0 0 0 0 0 0]
0	0.5357505083084106	8.975303649902344	2.5542054176330566	2.550048351287842	1.9416133165359497	1.9294363260269165	True	[0 0 0 0 0 0 0 0 0 0 0 1]	[0 1 0 0 0 0 0 0 0 0 0 0]	[0 0 1 0 0 0]	[0 0 0 0 0 1]
0	-0.5	8.982712745666504	2.5545129776000977	2.5535361766815186	1.9405128955841064	1.9341506958007812	True	[0 0 0 0 0 0 0 0 0 0 0 0]	[0 1 0 1 0 0 0 0 0 0 0 0]	[0 0 0 0 0 0]	[0 0 0 0 0 0]
0	0.5902785658836365	8.974899291992188	2.554006338119507	2.550028085708618	1.9415169954299927	1.929348349571228	True	[0 0 0 0 0 0 0 0 0 1 0 0]	[0 1 0 0 0 0 0 0 0 0 0 0]	[0 0 1 0 0 0]	[0 0 0 0 0 1]
0	0.03205019235610962	8.982386589050293	2.5546445846557617	2.5537147521972656	1.9401469230651855	1.933880090713501	True	[0 0 0 0 0 0 0 0 0 1 0 1]	[0 1 0 1 0 0 0 0 0 0 0 0]	[0 0 0 0 0 0]	[0 0 0 0 0 0]
0	0.22865831851959229	8.974276542663574	2.5538365840911865	2.5496513843536377	1.9417929649353027	1.9289956092834473	True	[0 0 0 0 0 0 0 0 0 1 0 0]	[0 0 0 1 0 0 0 0 0 0 0 0]	[0 0 1 0 0 0]	[0 0 0 0 0 1]
0	-0.5	8.980053901672363	2.554269552230835	2.552309513092041	1.9412384033203125	1.932236909866333	True	[0 0 0 0 0 0 0 0 0 1 0 1]	[0 0 0 0 0 0 0 0 0 0 0 0]	[0 0 0 0 0 0]	[0 0 0 0 0 0]
0	0.22362256050109863	8.974729537963867	2.5542590618133545	2.549818992614746	1.9415005445480347	1.9291508197784424	True	[0 0 0 0 0 0 0 0 0 1 0 0]	[0 0 0 1 0 0 0 0 0 0 0 0]	[0 0 1 0 0 0]	[0 0 0 0 0 1]
0	-0.5	8.980299949645996	2.5543606281280518	2.5522067546844482	1.9410406351089478	1.932692289352417	True	[0 0 0 0 0 0 0 0 0 1 0 1]	[0 0 0 0 0 0 0 0 0 0 0 0]	[0 0 0 0 0 0]	[0 0 0 0 0 0]
0	0.22782590985298157	8.974526405334473	2.554335117340088	2.549769401550293	1.9416003227233887	1.9288218021392822	True	[0 0 0 0 0 0 0 0 0 1 0 0]	[0 0 0 1 0 0 0 0 0 0 0 0]	[0 0 1 0 0 0]	[0 0 0 0 0 1]
0	-1.0	8.980627059936523	2.5549840927124023	2.5520477294921875	1.9412400722503662	1.9323546886444092	True	[0 0 0 0 0 0 0 0 0 0 0 0]	[0 0 0 0 0 0 0 0 0 0 0 0]	[0 0 0 0 0 0]	[0 0 0 0 0 0]
0	0.5325982570648193	8.962700843811035	2.552839517593384	2.5459184646606445	1.9408913850784302	1.9230517148971558	True	[0 0 0 0 0 0 0 0 0 1 0 0]	[0 1 0 0 0 0 0 0 0 0 0 0]	[0 0 1 0 0 0]	[0 0 0 0 0 1]
0	0.02568175084888935	8.982427597045898	2.5543179512023926	2.5534231662750244	1.9403631687164307	1.9343236684799194	True	[0 0 0 0 0 0 0 0 0 1 0 1]	[0 1 0 1 0 0 0 0 0 0 0 0]	[0 0 0 0 0 0]	[0 0 0 0 0 0]
0	0.5250004529953003	8.97524356842041	2.554220199584961	2.550105333328247	1.94184410572052	1.9290742874145508	True	[0 0 0 0 0 0 0 0 0 1 0 0]	[0 1 0 0 0 0 0 0 0 0 0 0]	[0 0 1 0 0 0]	[0 0 0 0 0 1]
0	0.028275340795516968	8.98211669921875	2.554569721221924	2.553924560546875	1.939992904663086	1.9336297512054443	True	[0 0 0 0 0 0 0 0 0 1 0 1]	[0 1 0 1 0 0 0 0 0 0 0 0]	[0 0 0 0 0 0]	[0 0 0 0 0 0]
0	0.19977934658527374	8.975320816040039	2.553978443145752	2.5496888160705566	1.941734790802002	1.9299182891845703	True	[0 0 0 0 0 0 0 0 0 1 0 0]	[0 0 0 1 0 0 0 0 0 0 0 0]	[0 0 1 0 0 0]	[0 0 0 0 0 1]
0	-0.5	8.980500221252441	2.5542938709259033	2.5526137351989746	1.9412328004837036	1.9323596954345703	True	[0 0 0 0 0 0 0 0 0 1 0 1]	[0 0 0 0 0 0 0 0 0 0 0 0]	[0 0 0 0 0 0]	[0 0 0 0 0 0]
0	0.21540750563144684	8.975130081176758	2.5544936656951904	2.5495896339416504	1.9414594173431396	1.929587721824646	True	[0 0 0 0 0 0 0 0 0 1 0 0]	[0 0 0 1 0 0 0 0 0 0 0 0]	[0 0 1 0 0 0]	[0 0 0 0 0 1]
0	-0.5	8.980481147766113	2.554949998855591	2.5523266792297363	1.9411479234695435	1.9320567846298218	True	[0 0 0 0 0 0 0 0 0 1 0 1]	[0 0 0 0 0 0 0 0 0 0 0 0]	[0 0 0 0 0 0]	[0 0 0 0 0 0]
0	0.5305877327919006	8.974953651428223	2.5540988445281982	2.5499300956726074	1.9420275688171387	1.928897738456726	True	[0 0 0 0 0 0 0 0 0 1 0 0]	[0 1 0 0 0 0 0 0 0 0 0 0]	[0 0 1 0 0 0]	[0 0 0 0 0 1]
0	0.03034055605530739	8.983177185058594	2.5543971061706543	2.55397891998291	1.9407081604003906	1.93409264087677	True	[0 0 0 0 0 0 0 0 0 1 0 1]	[0 1 0 1 0 0 0 0 0 0 0 0]	[0 0 0 0 0 0]	[0 0 0 0 0 0]
0	0.5452007055282593	8.975077629089355	2.554248571395874	2.5501561164855957	1.9414780139923096	1.929195523262024	True	[0 0 0 0 0 0 0 0 0 1 0 0]	[0 1 0 0 0 0 0 0 0 0 0 0]	[0 0 1 0 0 0]	[0 0 0 0 0 1]
0	0.026207013055682182	8.982644081115723	2.554339647293091	2.553720235824585	1.9404383897781372	1.9341460466384888	True	[0 0 0 0 0 0 0 0 0 1 0 1]	[0 1 0 1 0 0 0 0 0 0 0 0]	[0 0 0 0 0 0]	[0 0 0 0 0 0]
0	0.5403763651847839	8.974611282348633	2.554206609725952	2.5498108863830566	1.9414854049682617	1.92910897731781	True	[0 0 0 0 0 0 0 0 0 0 0 1]	[0 0 0 1 0 0 0 0 0 0 0 0]	[0 0 1 0 0 0]	[0 0 0 0 0 1]
0	-1.0	8.982954978942871	2.5547211170196533	2.5537800788879395	1.9403191804885864	1.934134602546692	True	[0 0 0 0 0 0 0 0 0 0 0 0]	[0 0 0 0 0 0 0 0 0 0 0 0]	[0 0 0 0 0 0]	[0 0 0 0 0 0]
0	0.5523273348808289	8.962902069091797	2.5528669357299805	2.546501398086548	1.9412510395050049	1.9222830533981323	True	[0 0 0 0 0 0 0 0 0 0 0 1]	[0 1 0 0 0 0 0 0 0 0 0 0]	[0 0 1 0 0 0]	[0 0 0 0 0 1]
0	-0.5	8.983088493347168	2.5548019409179688	2.5539777278900146	1.9398202896118164	1.9344884157180786	True	[0 0 0 0 0 0 0 0 0 0 0 0]	[0 1 0 1 0 0 0 0 0 0 0 0]	[0 0 0 0 0 0]	[0 0 0 0 0 0]
1	0.3149016201496124	8.782055854797363	2.493368148803711	2.5135815143585205	1.8729965686798096	1.90211021900177	True	[0 0 0 0 0 0 0 0 0 1 0 0]	[0 0 0 0 0 0 0 1 0 0 0 0]	[1 0 0 0 0 0]	[0 0 0 0 0 1]
1	-1.0	8.947372436523438	2.5440635681152344	2.54632568359375	1.9238674640655518	1.93311607837677	True	[0 0 0 0 0 0 0 0 0 0 0 0]	[0 0 0 0 0 0 0 0 0 0 0 0]	[0 0 0 0 0 0]	[0 0 0 0 0 0]
1	0.30049988627433777	8.78464412689209	2.493394136428833	2.51424241065979	1.8733900785446167	1.9036171436309814	True	[0 0 0 0 0 0 0 0 0 1 0 0]	[0 0 0 0 0 0 0 1 0 0 0 0]	[1 0 0 0 0 0]	[0 0 0 0 0 1]
1	-1.0	8.946076393127441	2.5434367656707764	2.546182155609131	1.9232176542282104	1.9332401752471924	True	[0 0 0 0 0 0 0 0 0 0 0 0]	[0 0 0 0 0 0 0 0 0 0 0 0]	[0 0 0 0 0 0]	[0 0 0 0 0 0]
1	0.3268251121044159	8.782134056091309	2.493143081665039	2.5132462978363037	1.8730621337890625	1.9026821851730347	True	[0 0 0 0 0 0 0 0 0 1 0 0]	[0 0 0 0 0 0 0 1 0 0 0 0]	[1 0 0 0 0 0]	[0 0 0 0 0 1]
1	-1.0	8.947052001953125	2.543985366821289	2.5463385581970215	1.92356538772583	1.9331624507904053	True	[0 0 0 0 0 0 0 0 0 0 0 0]	[0 0 0 0 0 0 0 0 0 0 0 0]	[0 0 0 0 0 0]	[0 0 0 0 0 0]
1	0.33278489112854004	8.786782264709473	2.4946823120117188	2.514669418334961	1.8740719556808472	1.9033584594726562	True	[0 0 0 0 0 0 0 0 0 1 0 0]	[0 0 0 0 0 0 0 1 0 0 0 0]	[1 0 0 0 0 0]	[0 0 0 0 0 1]
1	-1.0	8.947574615478516	2.543705701828003	2.546696186065674	1.9236688613891602	1.9335037469863892	True	[0 0 0 0 0 0 0 0 0 0 0 0]	[0 0 0 0 0 0 0 0 0 0 0 0]	[0 0 0 0 0 0]	[0 0 0 0 0 0]
1	0.30749788880348206	8.78631591796875	2.4941911697387695	2.514702081680298	1.873792290687561	1.9036312103271484	True	[0 0 0 0 0 0 0 0 0 1 0 0]	[0 0 0 0 0 0 0 1 0 0 0 0]	[1 0 0 0 0 0]	[0 0 0 0 0 1]
1	-1.0	8.945513725280762	2.542813777923584	2.5459041595458984	1.9233801364898682	1.933415174484253	True	[0 0 0 0 0 0 0 0 0 0 0 0]	[0 0 0 0 0 0 0 0 0 0 0 0]	[0 0 0 0 0 0]	[0 0 0 0 0 0]
1	0.30325010418891907	8.78662109375	2.494339942932129	2.5146610736846924	1.8736720085144043	1.903948426246643	True	[0 0 0 0 0 0 0 0 0 1 0 0]	[0 0 0 0 0 0 0 1 0 0 0 0]	[1 0 0 0 0 0]	[0 0 0 0 0 1]
1	-1.0	8.949071884155273	2.544410467147827	2.5469205379486084	1.9240068197250366	1.9337338209152222	True	[0 0 0 0 0 0 0 0 0 0 0 0]	[0 0 0 0 0 0 0 0 0 0 0 0]	[0 0 0 0 0 0]	[0 0 0 0 0 0]
1	0.30356261134147644	8.783246994018555	2.4932382106781006	2.5134854316711426	1.8727085590362549	1.9038150310516357	True	[0 0 0 0 0 0 0 0 0 1 0 0]	[0 0 0 0 0 0 0 1 0 0 0 0]	[1 0 0 0 0 0]	[0 0 0 0 0 1]
1	-1.0	8.947405815124512	2.543959379196167	2.546692371368408	1.9235966205596924	1.9331579208374023	True	[0 0 0 0 0 0 0 0 0 0 0 0]	[0 0 0 0 0 0 0 0 0 0 0 0]	[0 0 0 0 0 0]	[0 0 0 0 0 0]
1	0.31013670563697815	8.786561012268066	2.4941372871398926	2.5148890018463135	1.8736119270324707	1.9039225578308105	True	[0 0 0 0 0 0 0 0 0 1 0 0]	[0 0 0 0 0 0 0 1 0 0 0 0]	[1 0 0 0 0 0]	[0 0 0 0 0 1]
1	-1.0	8.946016311645508	2.543163537979126	2.5463547706604004	1.9233237504959106	1.9331746101379395	True	[0 0 0 0 0 0 0 0 0 0 0 0]	[0 0 0 0 0 0 0 0 0 0 0 0]	[0 0 0 0 0 0]	[0 0 0 0 0 0]
1	0.311099648475647	8.782876014709473	2.4935903549194336	2.5137405395507812	1.8727654218673706	1.902779221534729	True	[0 0 0 0 0 0 0 0 0 1 0 0]	[0 0 0 0 0 0 0 1 0 0 0 0]	[1 0 0 0 0 0]	[0 0 0 0 0 1]
1	-1.0	8.94581413269043	2.5435073375701904	2.546133041381836	1.9233729839324951	1.932800531387329	True	[0 0 0 0 0 0 0 0 0 0 0 0]	[0 0 0 0 0 0 0 0 0 0 0 0]	[0 0 0 0 0 0]	[0 0 0 0 0 0]
1	0.3239606022834778	8.786355972290039	2.49534010887146	2.5143022537231445	1.8733984231948853	1.9033145904541016	True	[0 0 0 0 0 0 0 0 0 1 0 0]	[0 0 0 0 0 0 0 1 0 0 0 0]	[1 0 0 0 0 0]	[0 0 0 0 0 1]
1	-1.0	8.946935653686523	2.5438215732574463	2.5462889671325684	1.9236996173858643	1.933125615119934	True	[0 0 0 0 0 0 0 0 0 0 0 0]	[0 0 0 0 0 0 0 0 0 0 0 0]	[0 0 0 0 0 0]	[0 0 0 0 0 0]
1	0.3168714642524719	8.786840438842773	2.49489426612854	2.514512777328491	1.8737736940383911	1.9036595821380615	True	[0 0 0 0 0 0 0 0 0 1 0 0]	[0 0 0 0 0 0 0 1 0 0 0 0]	[1 0 0 0 0 0]	[0 0 0 0 0 1]
1	-1.0	8.948945999145508	2.543917179107666	2.547114133834839	1.9242273569107056	1.9336872100830078	True	[0 0 0 0 0 0 0 0 0 0 0 0]	[0 0 0 0 0 0 0 0 0 0 0 0]	[0 0 0 0 0 0]	[0 0 0 0 0 0]
1	0.31174471974372864	8.78637981414795	2.494711399078369	2.5145764350891113	1.8736944198608398	1.903397798538208	True	[0 0 0 0 0 0 0 0 0 1 0 0]	[0 0 0 0 0 0 0 1 0 0 0 0]	[1 0 0 0 0 0]	[0 0 0 0 0 1]
1	-1.0	8.948390007019043	2.5441348552703857	2.5468225479125977	1.9239140748977661	1.933518648147583	True	[0 0 0 0 0 0 0 0 0 0 0 0]	[0 0 0 0 0 0 0 0 0 0 0 0]	[0 0 0 0 0 0]	[0 0 0 0 0 0]
1	0.3215920627117157	8.78492259979248	2.494293689727783	2.513913154602051	1.8735445737838745	1.9031708240509033	True	[0 0 0 0 0 0 0 0 0 1 0 0]	[0 0 0 0 0 0 0 1 0 0 0 0]	[1 0 0 0 0 0]	[0 0 0 0 0 1]
1	-1.0	8.945124626159668	2.5432701110839844	2.5458195209503174	1.9231637716293335	1.9328715801239014	True	[0 0 0 0 0 0 0 0 0 0 0 0]	[0 0 0 0 0 0 0 0 0 0 0 0]	[0 0 0 0 0 0]	[0 0 0 0 0 0]
1	0.28544387221336365	8.781712532043457	2.493154764175415	2.5130562782287598	1.8726556301116943	1.9028456211090088	True	[0 0 0 0 0 0 0 0 0 1 0 0]	[0 0 0 0 0 0 0 1 0 0 0 0]	[1 0 0 0 0 0]	[0 0 0 0 0 1]
1	-1.0	8.947346687316895	2.543612480163574	2.5467190742492676	1.9237103462219238	1.9333045482635498	True	[0 0 0 0 0 0 0 0 0 0 0 0]	[0 0 0 0 0 0 0 0 0 0 0 0]	[0 0 0 0 0 0]	[0 0 0 0 0 0]
1	0.3098306953907013	8.785615921020508	2.494157314300537	2.5144643783569336	1.873725175857544	1.9032691717147827	True	[0 0 0 0 0 0 0 0 0 1 0 0]	[0 0 0 0 0 0 0 1 0 0 0 0]	[1 0 0 0 0 0]	[0 0 0 0 0 1]
1	-1.0	8.947592735290527	2.5436227321624756	2.5466372966766357	1.923985481262207	1.9333473443984985	True	[0 0 0 0 0 0 0 0 0 0 0 0]	[0 0 0 0 0 0 0 0 0 0 0 0]	[0 0 0 0 0 0]	[0 0 0 0 0 0]
2	0.15568378567695618	8.820744514465332	2.5019631385803223	2.53737735748291	1.9012384414672852	1.8801653385162354	False	[0 0 0 0 0 0 1 0 0 0 0 0]	[1 0 0 0 0 0 0 0 0 0 0 0]	[0 0 0 0 0 1]	[0 0 1 0 0 0]
2	-1.0	8.890447616577148	2.5217013359069824	2.547224760055542	1.918945074081421	1.9025763273239136	False	[0 0 0 0 0 0 0 0 0 0 0 0]	[0 0 0 0 0 0 0 0 0 0 0 0]	[0 0 0 0 0 0]	[0 0 0 0 0 0]
2	0.15639548003673553	8.822251319885254	2.50234317779541	2.537644863128662	1.9017019271850586	1.8805615901947021	False	[0 0 0 0 0 0 1 0 0 0 0 0]	[1 0 0 0 0 0 0 0 0 0 0 0]	[0 0 0 0 0 1]	[0 0 1 0 0 0]
2	-1.0	8.891233444213867	2.5219733715057373	2.5474460124969482	1.9190669059753418	1.9027475118637085	False	[0 0 0 0 0 0 0 0 0 0 0 0]	[0 0 0 0 0 0 0 0 0 0 0 0]	[0 0 0 0 0 0]	[0 0 0 0 0 0]
2	0.14983472228050232	8.819377899169922	2.5013773441314697	2.5373144149780273	1.9008692502975464	1.879817008972168	False	[0 0 0 0 0 0 1 0 0 0 0 0]	[1 0 0 0 0 0 0 0 0 0 0 0]	[0 0 0 0 0 1]	[0 0 1 0 0 0]
2	-1.0	8.890378952026367	2.5222413539886475	2.547455310821533	1.9187508821487427	1.9019322395324707	False	[0 0 0 0 0 0 0 0 0 0 0 0]	[0 0 0 0 0 0 0 0 0 0 0 0]	[0 0 0 0 0 0]	[0 0 0 0 0 0]
2	0.15126840770244598	8.820134162902832	2.5014379024505615	2.53755784034729	1.9010200500488281	1.8801180124282837	False	[0 0 0 0 0 0 1 0 0 0 0 0]	[1 0 0 0 0 0 0 0 0 0 0 0]	[0 0 0 0 0 1]	[0 0 1 0 0 0]
2	-1.0	8.891100883483887	2.5222558975219727	2.547466516494751	1.9191042184829712	1.90227472782135	False	[0 0 0 0 0 0 0 0 0 0 0 0]	[0 0 0 0 0 0 0 0 0 0 0 0]	[0 0 0 0 0 0]	[0 0 0 0 0 0]
2	0.15441837906837463	8.817878723144531	2.501142740249634	2.5368127822875977	1.9008982181549072	1.8790255784988403	False	[0 0 0 0 0 0 1 0 0 0 0 0]	[1 0 0 0 0 0 0 0 0 0 0 0]	[0 0 0 0 0 1]	[0 0 1 0 0 0]
2	-1.0	8.891707420349121	2.5227017402648926	2.547654867172241	1.9189931154251099	1.9023579359054565	False	[0 0 0 0 0 0 0 0 0 0 0 0]	[0 0 0 0 0 0 0 0 0 0 0 0]	[0 0 0 0 0 0]	[0 0 0 0 0 0]
2	0.15349341928958893	8.819236755371094	2.501398801803589	2.537240743637085	1.9006075859069824	1.8799891471862793	False	[0 0 0 0 0 0 1 0 0 0 0 0]	[1 0 0 0 0 0 0 0 0 0 0 0]	[0 0 0 0 0 1]	[0 0 1 0 0 0]
2	-1.0	8.891926765441895	2.522575855255127	2.547508716583252	1.91910982131958	1.902732014656067	False	[0 0 0 0 0 0 0 0 0 0 0 0]	[0 0 0 0 0 0 0 0 0 0 0 0]	[0 0 0 0 0 0]	[0 0 0 0 0 0]
2	0.14798754453659058	8.820870399475098	2.5021698474884033	2.5373401641845703	1.901430368423462	1.8799302577972412	False	[0 0 0 0 0 0 1 0 0 0 0 0]	[1 0 0 0 0 0 0 0 0 0 0 0]	[0 0 0 0 0 1]	[0 0 1 0 0 0]
2	-1.0	8.891220092773438	2.522202968597412	2.5473885536193848	1.9190856218338013	1.9025428295135498	False	[0 0 0 0 0 0 0 0 0 0 0 0]	[0 0 0 0 0 0 0 0 0 0 0 0]	[0 0 0 0 0 0]	[0 0 0 0 0 0]
2	0.14138683676719666	8.82175064086914	2.5021090507507324	2.5377049446105957	1.9011826515197754	1.880753517150879	False	[0 0 0 0 0 0 1 0 0 0 0 0]	[1 0 0 0 0 0 0 0 0 0 0 0]	[0 0 0 0 0 1]	[0 0 1 0 0 0]
2	-1.0	8.890519142150879	2.5221149921417236	2.547244071960449	1.9188239574432373	1.9023364782333374	False	[0 0 0 0 0 0 0 0 0 0 0 0]	[0 0 0 0 0 0 0 0 0 0 0 0]	[0 0 0 0 0 0]	[0 0 0 0 0 0]
2	0.15660418570041656	8.819616317749023	2.501382350921631	2.5372328758239746	1.9006469249725342	1.8803536891937256	False	[0 0 0 0 0 0 1 0 0 0 0 0]	[1 0 0 0 0 0 0 0 0 0 0 0]	[0 0 0 0 0 1]	[0 0 1 0 0 0]
2	-1.0	8.890979766845703	2.521899461746216	2.547407865524292	1.918964147567749	1.902707576751709	False	[0 0 0 0 0 0 0 0 0 0 0 0]	[0 0 0 0 0 0 0 0 0 0 0 0]	[0 0 0 0 0 0]	[0 0 0 0 0 0]
2	0.14779426157474518	8.82098388671875	2.5016913414001465	2.537482500076294	1.9015742540359497	1.8802353143692017	False	[0 0 0 0 0 0 1 0 0 0 0 0]	[1 0 0 0 0 0 0 0 0 0 0 0]	[0 0 0 0 0 1]	[0 0 1 0 0 0]
2	-1.0	8.890317916870117	2.5218422412872314	2.547333002090454	1.9187129735946655	1.902429461479187	False	[0 0 0 0 0 0 0 0 0 0 0 0]	[0 0 0 0 0 0 0 0 0 0 0 0]	[0 0 0 0 0 0]	[0 0 0 0 0 0]
2	0.15413515269756317	8.820972442626953	2.5021116733551025	2.5371813774108887	1.9017146825790405	1.879963994026184	False	[0 0 0 0 0 0 1 0 0 0 0 0]	[1 0 0 0 0 0 0 0 0 0 0 0]	[0 0 0 0 0 1]	[0 0 1 0 0 0]
2	-1.0	8.891127586364746	2.5221126079559326	2.5473384857177734	1.918947458267212	1.9027292728424072	False	[0 0 0 0 0 0 0 0 0 0 0 0]	[0 0 0 0 0 0 0 0 0 0 0 0]	[0 0 0 0 0 0]	[0 0 0 0 0 0]
2	0.1467244178056717	8.821517944335938	2.5020809173583984	2.5376882553100586	1.901587963104248	1.8801610469818115	False	[0 0 0 0 0 0 1 0 0 0 0 0]	[1 0 0 0 0 0 0 0 0 0 0 0]	[0 0 0 0 0 1]	[0 0 1 0 0 0]
2	-1.0	8.890624046325684	2.5221264362335205	2.547273635864258	1.9189125299453735	1.9023116827011108	False	[0 0 0 0 0 0 0 0 0 0 0 0]	[0 0 0 0 0 0 0 0 0 0 0 0]	[0 0 0 0 0 0]	[0 0 0 0 0 0]
2	0.14233897626399994	8.820899963378906	2.5019521713256836	2.5375277996063232	1.901413917541504	1.8800055980682373	False	[0 0 0 0 0 0 1 0 0 0 0 0]	[1 0 0 0 0 0 0 0 0 0 0 0]	[0 0 0 0 0 1]	[0 0 1 0 0 0]
2	-1.0	8.892715454101562	2.522881507873535	2.547560691833496	1.919438123703003	1.9028348922729492	False	[0 0 0 0 0 0 0 0 0 0 0 0]	[0 0 0 0 0 0 0 0 0 0 0 0]	[0 0 0 0 0 0]	[0 0 0 0 0 0]
2	0.14970465004444122	8.820241928100586	2.501645565032959	2.5371005535125732	1.9015347957611084	1.8799610137939453	False	[0 0 0 0 0 0 1 0 0 0 0 0]	[1 0 0 0 0 0 0 0 0 0 0 0]	[0 0 0 0 0 1]	[0 0 1 0 0 0]
2	-1.0	8.891887664794922	2.522456169128418	2.547508478164673	1.919217824935913	1.9027048349380493	False	[0 0 0 0 0 0 0 0 0 0 0 0]	[0 0 0 0 0 0 0 0 0 0 0 0]	[0 0 0 0 0 0]	[0 0 0 0 0 0]
2	0.12660586833953857	8.81906509399414	2.5015311241149902	2.537297010421753	1.9007744789123535	1.8794629573822021	False	[0 0 0 0 0 0 1 0 0 0 0 0]	[1 0 0 0 0 0 0 0 0 0 0 0]	[0 0 0 0 0 1]	[0 0 1 0 0 0]
2	-1.0	8.889813423156738	2.521969795227051	2.5474374294281006	1.9184315204620361	1.9019750356674194	False	[0 0 0 0 0 0 0 0 0 0 0 0]	[0 0 0 0 0 0 0 0 0 0 0 0]	[0 0 0 0 0 0]	[0 0 0 0 0 0]
3	0.20125386118888855	8.898523330688477	2.5328922271728516	2.5357601642608643	1.9125511646270752	1.9173197746276855	False	[0 0 0 0 0 0 1 0 0 0 0 0]	[0 0 0 1 0 0 0 0 0 0 0 0]	[0 0 1 0 0 0]	[0 0 0 0 1 0]
3	-1.0	8.947571754455566	2.5488271713256836	2.546318769454956	1.9239675998687744	1.9284582138061523	False	[0 0 0 0 0 0 0 0 0 0 0 0]	[0 0 0 0 0 0 0 0 0 0 0 0]	[0 0 0 0 0 0]	[0 0 0 0 0 0]
3	0.20628394186496735	8.898458480834961	2.5326080322265625	2.5354785919189453	1.9127010107040405	1.917670488357544	False	[0 0 0 0 0 0 1 0 0 0 0 0]	[0 0 0 1 0 0 0 0 0 0 0 0]	[0 0 1 0 0 0]	[0 0 0 0 1 0]
3	-1.0	8.947731971740723	2.5490505695343018	2.546151638031006	1.9239158630371094	1.9286140203475952	False	[0 0 0 0 0 0 0 0 0 0 0 0]	[0 0 0 0 0 0 0 0 0 0 0 0]	[0 0 0 0 0 0]	[0 0 0 0 0 0]
3	0.2204413115978241	8.898100852966309	2.532848358154297	2.535259962081909	1.9127020835876465	1.9172899723052979	False	[0 0 0 0 0 0 1 0 0 0 0 0]	[0 0 0 1 0 0 0 0 0 0 0 0]	[0 0 1 0 0 0]	[0 0 0 0 1 0]
3	-1.0	8.947671890258789	2.5490338802337646	2.5461864471435547	1.9239815473556519	1.9284695386886597	False	[0 0 0 0 0 0 0 0 0 0 0 0]	[0 0 0 0 0 0 0 0 0 0 0 0]	[0 0 0 0 0 0]	[0 0 0 0 0 0]
3	0.23493477702140808	8.89737606048584	2.532268762588501	2.5352866649627686	1.9126131534576416	1.9172073602676392	False	[0 0 0 0 0 0 1 0 0 0 0 0]	[0 0 0 1 0 0 0 0 0 0 0 0]	[0 0 1 0 0 0]	[1 0 0 0 0 0]
3	-0.5	8.946648597717285	2.548631429672241	2.5459401607513428	1.9235508441925049	1.9285258054733276	False	[0 0 0 0 0 0 0 0 0 0 0 0]	[0 0 0 0 0 0 0 0 0 0 0 0]	[0 0 0 0 0 0]	[1 0 0 0 1 0]
3	0.2516442835330963	8.921134948730469	2.540026903152466	2.540820598602295	1.91776442527771	1.922522783279419	False	[0 0 0 0 0 0 1 0 0 0 0 0]	[0 0 0 1 0 0 0 0 0 0 0 0]	[0 0 1 0 0 0]	[1 0 0 0 0 0]
3	-0.5	8.949313163757324	2.5497074127197266	2.5464489459991455	1.92449951171875	1.9286577701568604	False	[0 0 0 0 0 0 0 0 0 0 0 0]	[0 0 0 0 0 0 0 0 0 0 0 0]	[0 0 0 0 0 0]	[1 0 0 0 1 0]
3	0.25707289576530457	8.922804832458496	2.5410141944885254	2.5411086082458496	1.917968511581421	1.922713041305542	False	[0 0 0 0 0 0 1 0 0 0 0 0]	[0 0 0 1 0 0 0 0 0 0 0 0]	[0 0 1 0 0 0]	[1 0 0 0 0 0]
3	-0.5	8.94929313659668	2.5495548248291016	2.546523332595825	1.92423415184021	1.9289813041687012	False	[0 0 0 0 0 0 0 0 0 0 0 0]	[0 0 0 0 0 0 0 0 0 0 0 0]	[0 0 0 0 0 0]	[1 0 0 0 1 0]
3	0.24669234454631805	8.921112060546875	2.540414571762085	2.540738582611084	1.917245626449585	1.9227131605148315	False	[0 0 0 0 0 0 1 0 0 0 0 0]	[0 0 0 1 0 0 0 0 0 0 0 0]	[0 0 1 0 0 0]	[1 0 0 0 0 0]
3	-0.5	8.94829273223877	2.5494697093963623	2.5464048385620117	1.9241163730621338	1.928301453590393	False	[0 0 0 0 0 0 0 0 0 0 0 0]	[0 0 0 0 0 0 0 0 0 0 0 0]	[0 0 0 0 0 0]	[1 0 0 0 1 0]
3	0.2605380415916443	8.922379493713379	2.5405800342559814	2.541032075881958	1.9179261922836304	1.9228407144546509	False	[0 0 0 0 0 0 1 0 0 0 0 0]	[0 0 0 1 0 0 0 0 0 0 0 0]	[0 0 1 0 0 0]	[1 0 0 0 0 0]
3	-0.5	8.946344375610352	2.548696279525757	2.545726776123047	1.9236751794815063	1.928246259689331	False	[0 0 0 0 0 0 0 0 0 0 0 0]	[0 0 0 0 0 0 0 0 0 0 0 0]	[0 0 0 0 0 0]	[1 0 0 0 1 0]
3	0.23519806563854218	8.922086715698242	2.5406646728515625	2.5409493446350098	1.9177632331848145	1.9227089881896973	False	[0 0 0 0 0 0 1 0 0 0 0 0]	[0 0 0 1 0 0 0 0 0 0 0 0]	[0 0 1 0 0 0]	[1 0 0 0 0 0]
3	-0.5	8.949234008789062	2.5492050647735596	2.5465445518493652	1.9245659112930298	1.9289182424545288	False	[0 0 0 0 0 0 0 0 0 0 0 0]	[0 0 0 0 0 0 0 0 0 0 0 0]	[0 0 0 0 0 0]	[1 0 0 0 1 0]
3	0.25520095229148865	8.92236042022705	2.540994167327881	2.541114330291748	1.917779564857483	1.9224724769592285	False	[0 0 0 0 0 0 1 0 0 0 0 0]	[0 0 0 1 0 0 0 0 0 0 0 0]	[0 0 1 0 0 0]	[1 0 0 0 0 0]
3	-0.5	8.949934005737305	2.5498836040496826	2.5466737747192383	1.9247015714645386	1.9286750555038452	False	[0 0 0 0 0 0 0 0 0 0 0 0]	[0 0 0 0 0 0 0 0 0 0 0 0]	[0 0 0 0 0 0]	[1 0 0 0 1 0]
3	0.23360973596572876	8.921630859375	2.540485143661499	2.540940999984741	1.9178407192230225	1.922364592552185	False	[0 0 0 0 0 0 1 0 0 0 0 0]	[0 0 0 1 0 0 0 0 0 0 0 0]	[0 0 1 0 0 0]	[1 0 0 0 0 0]
3	-0.5	8.947785377502441	2.549051284790039	2.546116590499878	1.924019455909729	1.9285978078842163	False	[0 0 0 0 0 0 0 0 0 0 0 0]	[0 0 0 0 0 0 0 0 0 0 0 0]	[0 0 0 0 0 0]	[1 0 0 0 1 0]
3	0.2631864845752716	8.921675682067871	2.5403804779052734	2.541187286376953	1.9178568124771118	1.9222512245178223	False	[0 0 0 0 0 0 1 0 0 0 0 0]	[0 0 0 1 0 0 0 0 0 0 0 0]	[0 0 1 0 0 0]	[1 0 0 0 0 0]
3	-0.5	8.948148727416992	2.5493125915527344	2.5464773178100586	1.9237513542175293	1.9286079406738281	False	[0 0 0 0 0 0 0 0 0 0 0 0]	[0 0 0 0 0 0 0 0 0 0 0 0]	[0 0 0 0 0 0]	[1 0 0 0 1 0]
3	0.2512815594673157	8.921222686767578	2.5403919219970703	2.540574073791504	1.917501449584961	1.9227551221847534	False	[0 0 0 0 0 0 1 0 0 0 0 0]	[0 0 0 1 0 0 0 0 0 0 0 0]	[0 0 1 0 0 0]	[1 0 0 0 0 0]
3	-0.5	8.949275970458984	2.549409866333008	2.5466456413269043	1.9241890907287598	1.9290318489074707	False	[0 0 0 0 0 0 0 0 0 0 0 0]	[0 0 0 0 0 0 0 0 0 0 0 0]	[0 0 0 0 0 0]	[1 0 0 0 1 0]
3	0.23078733682632446	8.921961784362793	2.540844440460205	2.540813446044922	1.917960524559021	1.9223432540893555	False	[0 0 0 0 0 0 1 0 0 0 0 0]	[0 0 0 1 0 0 0 0 0 0 0 0]	[0 0 1 0 0 0]	[1 0 0 0 0 0]
3	-0.5	8.947578430175781	2.5490787029266357	2.5459818840026855	1.9239246845245361	1.9285938739776611	False	[0 0 0 0 0 0 0 0 0 0 0 0]	[0 0 0 0 0 0 0 0 0 0 0 0]	[0 0 0 0 0 0]	[1 0 0 0 1 0]
3	0.2566027343273163	8.921102523803711	2.5401766300201416	2.540722608566284	1.917602300643921	1.922600507736206	False	[0 0 0 0 0 0 1 0 0 0 0 0]	[0 0 0 1 0 0 0 0 0 0 0 0]	[0 0 1 0 0 0]	[1 0 0 0 0 0]
3	-0.5	8.948526382446289	2.549361228942871	2.5462727546691895	1.9243483543395996	1.928544282913208	False	[0 0 0 0 0 0 0 0 0 0 0 0]	[0 0 0 0 0 0 0 0 0 0 0 0]	[0 0 0 0 0 0]	[1 0 0 0 1 0]
4	0.3068951666355133	8.906658172607422	2.5481619834899902	2.5414369106292725	1.917917013168335	1.8991420269012451	False	[0 0 0 0 0 0 0 0 0 1 0 0]	[0 0 1 0 0 0 0 0 0 0 0 0]	[0 0 0 1 0 0]	[0 1 0 0 0 0]
4	0.29644861817359924	8.946946144104004	2.552051305770874	2.548469305038452	1.9344358444213867	1.9119900465011597	False	[0 0 0 0 0 0 1 0 0 1 0 0]	[0 0 0 0 0 0 0 0 0 0 0 0]	[0 0 0 0 0 0]	[0 1 0 0 0 1]
4	0.322000116109848	8.940741539001465	2.551743984222412	2.54766583442688	1.9317142963409424	1.9096176624298096	False	[0 0 0 0 0 0 0 0 0 1 0 0]	[0 0 1 0 0 0 0 0 0 0 0 0]	[0 0 0 1 0 0]	[0 0 0 0 0 1]
4	-0.5	8.948246955871582	2.5519559383392334	2.549142599105835	1.9352498054504395	1.9118986129760742	False	[0 0 0 0 0 0 1 0 0 1 0 0]	[0 0 0 0 0 0 0 0 0 0 0 0]	[0 0 0 0 0 0]	[0 0 0 0 0 0]
4	0.2933806777000427	8.928811073303223	2.5506417751312256	2.5460305213928223	1.926828145980835	1.9053102731704712	False	[0 0 0 0 0 0 0 0 0 1 0 0]	[0 0 1 0 0 0 0 0 0 0 0 0]	[0 0 0 1 0 0]	[0 1 0 0 0 0]
4	0.2932503819465637	8.946701049804688	2.5516860485076904	2.5485289096832275	1.9348368644714355	1.911649465560913	False	[0 0 0 0 0 0 1 0 0 1 0 0]	[0 0 0 0 0 0 0 0 0 0 0 0]	[0 0 0 0 0 0]	[0 1 0 0 0 1]
4	0.3007288873195648	8.940983772277832	2.5513699054718018	2.5477945804595947	1.9319534301757812	1.9098657369613647	False	[0 0 0 0 0 0 0 0 0 1 0 0]	[0 0 1 0 0 0 0 0 0 0 0 0]	[0 0 0 1 0 0]	[0 0 0 0 0 1]
4	-0.5	8.9465913772583	2.551546096801758	2.5485336780548096	1.9349225759506226	1.9115891456604004	False	[0 0 0 0 0 0 1 0 0 1 0 0]	[0 0 0 0 0 0 0 0 0 0 0 0]	[0 0 0 0 0 0]	[0 0 0 0 0 0]
4	0.29955989122390747	8.927823066711426	2.5501394271850586	2.545823097229004	1.926516056060791	1.905344843864441	False	[0 0 0 0 0 0 0 0 0 1 0 0]	[0 0 1 0 0 0 0 0 0 0 0 0]	[0 0 0 1 0 0]	[0 1 0 0 0 0]
4	0.25275731086730957	8.947210311889648	2.5518300533294678	2.5487420558929443	1.9349782466888428	1.9116606712341309	False	[0 0 0 0 0 0 1 0 0 1 0 0]	[0 0 0 0 0 0 0 0 0 0 0 0]	[0 0 0 0 0 0]	[0 1 0 0 0 1]
4	0.3233353793621063	8.941534996032715	2.5513458251953125	2.548306703567505	1.9323878288269043	1.9094945192337036	False	[0 0 0 0 0 0 0 0 0 1 0 0]	[0 0 1 0 0 0 0 0 0 0 0 0]	[0 0 0 1 0 0]	[0 0 0 0 0 1]
4	-0.5	8.947689056396484	2.5519750118255615	2.549034595489502	1.93479585647583	1.9118835926055908	False	[0 0 0 0 0 0 1 0 0 1 0 0]	[0 0 0 0 0 0 0 0 0 0 0 0]	[0 0 0 0 0 0]	[0 0 0 0 0 0]
4	0.30585339665412903	8.92763614654541	2.5500903129577637	2.5454139709472656	1.9264277219772339	1.9057039022445679	False	[0 0 0 0 0 0 0 0 0 1 0 0]	[0 0 1 0 0 0 0 0 0 0 0 0]	[0 0 0 1 0 0]	[0 1 0 0 0 0]
4	0.2921738922595978	8.946402549743652	2.5516629219055176	2.548521041870117	1.935058832168579	1.911159873008728	False	[0 0 0 0 0 0 1 0 0 1 0 0]	[0 0 0 0 0 0 0 0 0 0 0 0]	[0 0 0 0 0 0]	[0 1 0 0 0 1]
4	0.31914758682250977	8.94207763671875	2.551456928253174	2.5481672286987305	1.9324345588684082	1.9100184440612793	False	[0 0 0 0 0 0 0 0 0 1 0 0]	[0 0 1 0 0 0 0 0 0 0 0 0]	[0 0 0 1 0 0]	[0 0 0 0 0 1]
4	-0.5	8.946744918823242	2.5517351627349854	2.548708438873291	1.9348808526992798	1.9114199876785278	False	[0 0 0 0 0 0 1 0 0 1 0 0]	[0 0 0 0 0 0 0 0 0 0 0 0]	[0 0 0 0 0 0]	[0 0 0 0 0 0]
4	0.3091561198234558	8.928186416625977	2.5501749515533447	2.5459022521972656	1.926411747932434	1.905698299407959	False	[0 0 0 0 0 0 0 0 0 1 0 0]	[0 0 1 0 0 0 0 0 0 0 0 0]	[0 0 0 1 0 0]	[0 1 0 0 0 0]
4	0.2955275774002075	8.947100639343262	2.55179500579834	2.548724889755249	1.9348406791687012	1.9117398262023926	False	[0 0 0 0 0 0 1 0 0 1 0 0]	[0 0 0 0 0 0 0 0 0 0 0 0]	[0 0 0 0 0 0]	[0 1 0 0 0 1]
4	0.336242139339447	8.940633773803711	2.5512819290161133	2.5478854179382324	1.9318997859954834	1.9095673561096191	False	[0 0 0 0 0 0 0 0 0 1 0 0]	[0 0 1 0 0 0 0 0 0 0 0 0]	[0 0 0 1 0 0]	[0 0 0 0 0 1]
4	-0.5	8.946136474609375	2.551593065261841	2.548470973968506	1.9346662759780884	1.9114060401916504	False	[0 0 0 0 0 0 1 0 0 1 0 0]	[0 0 0 0 0 0 0 0 0 0 0 0]	[0 0 0 0 0 0]	[0 0 0 0 0 0]
4	0.31122511625289917	8.9282808303833	2.5505402088165283	2.5460002422332764	1.9263250827789307	1.9054158926010132	False	[0 0 0 0 0 0 0 0 0 1 0 0]	[0 0 1 0 0 0 0 0 0 0 0 0]	[0 0 0 1 0 0]	[0 1 0 0 0 0]
4	0.30760887265205383	8.946351051330566	2.551666736602783	2.5484724044799805	1.934624433517456	1.9115874767303467	False	[0 0 0 0 0 0 1 0 0 1 0 0]	[0 0 0 0 0 0 0 0 0 0 0 0]	[0 0 0 0 0 0]	[0 1 0 0 0 1]
4	0.30859676003456116	8.940762519836426	2.5511393547058105	2.5476624965667725	1.9323670864105225	1.9095935821533203	False	[0 0 0 0 0 0 0 0 0 1 0 0]	[0 0 1 0 0 0 0 0 0 0 0 0]	[0 0 0 1 0 0]	[0 0 0 0 0 1]
4	-0.5	8.946608543395996	2.551757574081421	2.548778533935547	1.9350638389587402	1.9110087156295776	False	[0 0 0 0 0 0 1 0 0 1 0 0]	[0 0 0 0 0 0 0 0 0 0 0 0]	[0 0 0 0 0 0]	[0 0 0 0 0 0]
4	0.31766489148139954	8.927275657653809	2.549969434738159	2.5456478595733643	1.9263050556182861	1.9053535461425781	False	[0 0 0 0 0 0 0 0 0 1 0 0]	[0 0 1 0 0 0 0 0 0 0 0 0]	[0 0 0 1 0 0]	[0 1 0 0 0 0]
4	0.30697762966156006	8.94722843170166	2.5519144535064697	2.548624038696289	1.9348969459533691	1.9117929935455322	False	[0 0 0 0 0 0 1 0 0 1 0 0]	[0 0 0 0 0 0 0 0 0 0 0 0]	[0 0 0 0 0 0]	[0 1 0 0 0 1]
4	0.2950945198535919	8.940503120422363	2.5511748790740967	2.54805326461792	1.9319305419921875	1.9093445539474487	False	[0 0 0 0 0 0 0 0 0 1 0 0]	[0 0 1 0 0 0 0 0 0 0 0 0]	[0 0 0 1 0 0]	[0 0 0 0 0 1]
4	-0.5	8.947153091430664	2.551480770111084	2.548757553100586	1.9352433681488037	1.91167151927948	False	[0 0 0 0 0 0 1 0 0 1 0 0]	[0 0 0 0 0 0 0 0 0 0 0 0]	[0 0 0 0 0 0]	[0 0 0 0 0 0]
4	0.3281274437904358	8.926695823669434	2.5499985218048096	2.545597553253174	1.926225185394287	1.904874324798584	False	[0 0 0 0 0 0 0 0 0 1 0 0]	[0 0 1 0 0 0 0 0 0 0 0 0]	[0 0 0 1 0 0]	[0 1 0 0 0 0]
4	0.27220985293388367	8.947845458984375	2.551961660385132	2.5486388206481934	1.934725284576416	1.9125200510025024	False	[0 0 0 0 0 0 1 0 0 1 0 0]	[0 0 0 0 0 0 0 0 0 0 0 0]	[0 0 0 0 0 0]	[0 1 0 0 0 1]
5	0.5716611742973328	8.834922790527344	2.5462515354156494	2.51589298248291	1.9085376262664795	1.8642404079437256	False	[0 0 0 0 0 0 0 0 0 0 0 1]	[0 0 0 0 0 0 0 0 0 0 0 1]	[0 0 0 0 1 0]	[0 0 0 0 0 1]
5	0.36088675260543823	8.912333488464355	2.548771858215332	2.542137384414673	1.928090214729309	1.8933347463607788	False	[1 0 0 0 0 0 0 0 0 0 0 1]	[0 0 0 1 0 0 0 0 0 0 0 1]	[0 0 0 0 0 0]	[0 0 1 0 0 1]
5	0.3600144386291504	8.902111053466797	2.5490500926971436	2.539098024368286	1.9245922565460205	1.8893704414367676	False	[0 0 0 0 0 0 0 0 0 0 0 1]	[0 0 0 1 0 0 0 0 0 0 0 0]	[0 0 0 0 1 0]	[0 0 1 1 0 1]
5	0.345272034406662	8.897583961486816	2.548992395401001	2.537722110748291	1.9234262704849243	1.8874428272247314	False	[1 0 0 0 0 0 0 0 0 0 0 1]	[0 0 0 1 0 0 0 0 0 0 0 1]	[0 0 0 0 0 0]	[0 0 1 0 0 1]
5	0.3752501308917999	8.902563095092773	2.549180269241333	2.5391318798065186	1.924978494644165	1.889272689819336	False	[0 0 0 0 0 0 0 0 0 0 0 1]	[0 0 0 1 0 0 0 0 0 0 0 0]	[0 0 0 0 1 0]	[0 0 1 1 0 1]
5	0.3537673056125641	8.898187637329102	2.5490875244140625	2.537808418273926	1.9237453937530518	1.8875467777252197	False	[1 0 0 0 0 0 0 0 0 0 0 1]	[0 0 0 1 0 0 0 0 0 0 0 1]	[0 0 0 0 0 0]	[0 0 1 0 0 1]
5	0.34316185116767883	8.901212692260742	2.5488734245300293	2.5387039184570312	1.9244846105575562	1.889150857925415	False	[0 0 0 0 0 0 0 0 0 0 0 1]	[0 0 0 1 0 0 0 0 0 0 0 0]	[0 0 0 0 1 0]	[0 0 1 1 0 1]
5	0.3644513189792633	8.897687911987305	2.54895281791687	2.537639617919922	1.9235665798187256	1.8875285387039185	False	[1 0 0 0 0 0 0 0 0 0 0 1]	[0 0 0 1 0 0 0 0 0 0 0 1]	[0 0 0 0 0 0]	[0 0 1 0 0 1]
5	0.3324815034866333	8.901211738586426	2.5488758087158203	2.5389299392700195	1.9243676662445068	1.8890380859375	False	[0 0 0 0 0 0 0 0 0 0 0 1]	[0 0 0 1 0 0 0 0 0 0 0 0]	[0 0 0 0 1 0]	[0 0 1 1 0 1]
5	0.3666417896747589	8.897969245910645	2.5490336418151855	2.5378265380859375	1.9233673810958862	1.8877413272857666	False	[1 0 0 0 0 0 0 0 0 0 0 1]	[0 0 0 1 0 0 0 0 0 0 0 1]	[0 0 0 0 0 0]	[0 0 1 0 0 1]
5	0.36730656027793884	8.902313232421875	2.5492193698883057	2.539015531539917	1.9250816106796265	1.888996958732605	False	[0 0 0 0 0 0 0 0 0 0 0 1]	[0 0 0 1 0 0 0 0 0 0 0 0]	[0 0 0 0 1 0]	[0 0 1 1 0 1]
5	0.34630492329597473	8.897467613220215	2.5490167140960693	2.5377626419067383	1.923092007637024	1.8875963687896729	False	[1 0 0 0 0 0 0 0 0 0 0 1]	[0 0 0 1 0 0 0 0 0 0 0 1]	[0 0 0 0 0 0]	[0 0 1 0 0 1]
5	0.3628050684928894	8.902629852294922	2.549290418624878	2.539329767227173	1.9244285821914673	1.8895814418792725	False	[0 0 0 0 0 0 0 0 0 0 0 1]	[0 0 0 1 0 0 0 0 0 0 0 0]	[0 0 0 0 1 0]	[0 0 1 1 0 1]
5	0.35647135972976685	8.8983736038208	2.5490336418151855	2.5379550457000732	1.9235645532608032	1.8878209590911865	False	[1 0 0 0 0 0 0 0 0 0 0 1]	[0 0 0 1 0 0 0 0 0 0 0 1]	[0 0 0 0 0 0]	[0 0 1 0 0 1]
5	0.3731219172477722	8.901387214660645	2.5490682125091553	2.5388357639312744	1.9247279167175293	1.888755202293396	False	[0 0 0 0 0 0 0 0 0 0 0 1]	[0 0 0 1 0 0 0 0 0 0 0 0]	[0 0 0 0 1 0]	[0 0 1 1 0 1]
5	0.35315167903900146	8.897455215454102	2.5490992069244385	2.5376198291778564	1.9238165616989136	1.8869199752807617	False	[1 0 0 0 0 0 0 0 0 0 0 1]	[0 0 0 1 0 0 0 0 0 0 0 1]	[0 0 0 0 0 0]	[0 0 1 0 0 1]
5	0.3958686292171478	8.901032447814941	2.5489001274108887	2.5386264324188232	1.9248082637786865	1.8886973857879639	False	[0 0 0 0 0 0 0 0 0 0 0 1]	[0 0 0 1 0 0 0 0 0 0 0 0]	[0 0 0 0 1 0]	[0 0 1 1 0 1]
5	0.3525775074958801	8.897451400756836	2.5490822792053223	2.537600517272949	1.9229636192321777	1.887804627418518	False	[1 0 0 0 0 0 0 0 0 0 0 1]	[0 0 0 1 0 0 0 0 0 0 0 1]	[0 0 0 0 0 0]	[0 0 1 0 0 1]
5	0.36601459980010986	8.901403427124023	2.5489277839660645	2.5388972759246826	1.9246773719787598	1.8889015913009644	False	[0 0 0 0 0 0 0 0 0 0 0 1]	[0 0 0 1 0 0 0 0 0 0 0 0]	[0 0 0 0 1 0]	[0 0 1 1 0 1]
5	0.3580411672592163	8.897915840148926	2.5490024089813232	2.5379157066345215	1.9232299327850342	1.8877679109573364	False	[1 0 0 0 0 0 0 0 0 0 0 1]	[0 0 0 1 0 0 0 0 0 0 0 1]	[0 0 0 0 0 0]	[0 0 1 0 0 1]
5	0.35630694031715393	8.902015686035156	2.548966884613037	2.53908371925354	1.9251601696014404	1.88880455493927	False	[0 0 0 0 0 0 0 0 0 0 0 1]	[0 0 0 1 0 0 0 0 0 0 0 0]	[0 0 0 0 1 0]	[0 0 1 1 0 1]
5	0.373778373003006	8.897720336914062	2.548943519592285	2.5377657413482666	1.9234161376953125	1.8875950574874878	False	[1 0 0 0 0 0 0 0 0 0 0 1]	[0 0 0 1 0 0 0 0 0 0 0 1]	[0 0 0 0 0 0]	[0 0 1 0 0 1]
5	0.36631694436073303	8.902322769165039	2.5492444038391113	2.538853168487549	1.9248239994049072	1.8894009590148926	False	[0 0 0 0 0 0 0 0 0 0 0 1]	[0 0 0 1 0 0 0 0 0 0 0 0]	[0 0 0 0 1 0]	[0 0 1 1 0 1]
5	0.33612769842147827	8.899042129516602	2.549159526824951	2.5380988121032715	1.9236831665039062	1.8881011009216309	False	[1 0 0 0 0 0 0 0 0 0 0 1]	[0 0 0 1 0 0 0 0 0 0 0 1]	[0 0 0 0 0 0]	[0 0 1 0 0 1]
5	0.3688392639160156	8.902094841003418	2.54921817779541	2.539069890975952	1.9245978593826294	1.8892091512680054	False	[0 0 0 0 0 0 0 0 0 0 0 1]	[0 0 0 1 0 0 0 0 0 0 0 0]	[0 0 0 0 1 0]	[0 0 1 1 0 1]
5	0.38611510396003723	8.898208618164062	2.549032688140869	2.537677526473999	1.92335045337677	1.8881481885910034	False	[1 0 0 0 0 0 0 0 0 0 0 1]	[0 0 0 1 0 0 0 0 0 0 0 1]	[0 0 0 0 0 0]	[0 0 1 0 0 1]
5	0.36009106040000916	8.902692794799805	2.5490949153900146	2.5391387939453125	1.9249296188354492	1.8895288705825806	False	[0 0 0 0 0 0 0 0 0 0 0 1]	[0 0 0 1 0 0 0 0 0 0 0 0]	[0 0 0 0 1 0]	[0 0 1 1 0 1]
5	0.3474890887737274	8.897719383239746	2.548969030380249	2.5376410484313965	1.923332929611206	1.8877760171890259	False	[1 0 0 0 0 0 0 0 0 0 0 1]	[0 0 0 1 0 0 0 0 0 0 0 1]	[0 0 0 0 0 0]	[0 0 1 0 0 1]
5	0.3638651371002197	8.900718688964844	2.5486807823181152	2.538891077041626	1.9244179725646973	1.888728380203247	False	[0 0 0 0 0 0 0 0 0 0 0 1]	[0 0 0 1 0 0 0 0 0 0 0 0]	[0 0 0 0 1 0]	[0 0 1 1 0 1]
5	0.3746233880519867	8.898112297058105	2.549009323120117	2.5376179218292236	1.9237468242645264	1.8877379894256592	False	[1 0 0 0 0 0 0 0 0 0 0 1]	[0 0 0 1 0 0 0 0 0 0 0 1]	[0 0 0 0 0 0]	[0 0 1 0 0 1]
6	0.3244331181049347	8.956365585327148	2.5438966751098633	2.554809093475342	1.9355344772338867	1.9221251010894775	False	[0 0 0 0 0 0 0 0 0 0 0 1]	[0 0 0 0 1 0 0 0 0 0 0 0]	[0 0 0 0 1 0]	[0 0 0 0 0 1]
6	0.28364336490631104	8.95555591583252	2.5517046451568604	2.5529935359954834	1.932088851928711	1.918769121170044	False	[0 0 0 0 0 0 0 0 0 0 0 0]	[0 0 0 0 1 0 0 1 0 0 0 0]	[0 0 1 0 1 0]	[0 0 0 0 0 0]
6	0.5229288339614868	8.959477424621582	2.5518176555633545	2.554713010787964	1.9328100681304932	1.9201363325119019	False	[0 0 0 0 0 0 0 0 0 0 0 1]	[0 0 0 0 1 0 0 0 0 0 0 0]	[0 0 1 0 0 0]	[0 0 0 0 0 1]
6	-0.5	8.943357467651367	2.5492725372314453	2.5497519969940186	1.9275703430175781	1.916762113571167	False	[0 0 0 0 0 0 0 0 0 0 0 0]	[0 0 0 0 1 0 0 1 0 0 0 0]	[0 0 0 0 0 0]	[0 0 1 0 0 1]
6	0.23901402950286865	8.9639253616333	2.5502729415893555	2.5563273429870605	1.934960961341858	1.9223639965057373	False	[0 0 0 0 0 0 0 0 0 0 0 1]	[0 0 0 0 1 0 0 0 0 0 0 0]	[0 0 0 0 1 0]	[0 0 1 0 0 0]
6	-0.5	8.958396911621094	2.551485776901245	2.554353952407837	1.9328404664993286	1.919716477394104	False	[0 0 0 0 0 0 0 0 0 0 0 0]	[0 0 0 0 1 0 0 1 0 0 0 0]	[0 0 0 0 0 0]	[0 0 1 0 0 1]
6	0.2388765960931778	8.963679313659668	2.5500998497009277	2.5561957359313965	1.93513822555542	1.9222456216812134	False	[0 0 0 0 0 0 0 0 0 0 0 1]	[0 0 0 0 1 0 0 0 0 0 0 0]	[0 0 0 0 1 0]	[0 0 1 0 0 0]
6	-0.5	8.960946083068848	2.5522546768188477	2.555020332336426	1.9334259033203125	1.9202449321746826	False	[0 0 0 0 0 0 0 0 0 0 0 0]	[0 0 0 0 1 0 0 1 0 0 0 0]	[0 0 0 0 0 0]	[0 0 1 0 0 1]
6	0.2343439906835556	8.963420867919922	2.55012583732605	2.556413412094116	1.9343916177749634	1.922489881515503	False	[0 0 0 0 0 0 0 0 0 0 0 1]	[0 0 0 0 1 0 0 0 0 0 0 0]	[0 0 0 0 1 0]	[0 0 1 0 0 0]
6	-0.5	8.95901107788086	2.551591634750366	2.5544323921203613	1.9332737922668457	1.919713020324707	False	[0 0 0 0 0 0 0 0 0 0 0 0]	[0 0 0 0 1 0 0 1 0 0 0 0]	[0 0 0 0 0 0]	[0 0 1 0 0 1]
6	0.2530030608177185	8.962814331054688	2.5501856803894043	2.5560824871063232	1.9344558715820312	1.9220901727676392	False	[0 0 0 0 0 0 0 0 0 0 0 1]	[0 0 0 0 1 0 0 0 0 0 0 0]	[0 0 0 0 1 0]	[0 0 1 0 0 0]
6	-0.5	8.959356307983398	2.5517566204071045	2.5545613765716553	1.9329482316970825	1.9200904369354248	False	[0 0 0 0 0 0 0 0 0 0 0 0]	[0 0 0 0 1 0 0 1 0 0 0 0]	[0 0 0 0 0 0]	[0 0 1 0 0 1]
6	0.227740079164505	8.9630126953125	2.55014705657959	2.5561399459838867	1.9345195293426514	1.9222060441970825	False	[0 0 0 0 0 0 0 0 0 0 0 1]	[0 0 0 0 1 0 0 0 0 0 0 0]	[0 0 0 0 1 0]	[0 0 1 0 0 0]
6	-0.5	8.95901107788086	2.551633596420288	2.554403781890869	1.9327726364135742	1.9202015399932861	False	[0 0 0 0 0 0 0 0 0 0 0 0]	[0 0 0 0 1 0 0 1 0 0 0 0]	[0 0 0 0 0 0]	[0 0 1 0 0 1]
6	0.22555257380008698	8.96375846862793	2.550344228744507	2.5561740398406982	1.9347363710403442	1.9225034713745117	False	[0 0 0 0 0 0 0 0 0 0 0 1]	[0 0 0 0 1 0 0 0 0 0 0 0]	[0 0 0 0 1 0]	[0 0 1 0 0 0]
6	-0.5	8.960442543029785	2.5518248081207275	2.55472993850708	1.933115839958191	1.9207719564437866	False	[0 0 0 0 0 0 0 0 0 0 0 0]	[0 0 0 0 1 0 0 1 0 0 0 0]	[0 0 0 0 0 0]	[0 0 1 0 0 1]
6	0.2355872392654419	8.962623596191406	2.550294876098633	2.556008815765381	1.9343078136444092	1.922012209892273	False	[0 0 0 0 0 0 0 0 0 0 0 1]	[0 0 0 0 1 0 0 0 0 0 0 0]	[0 0 0 0 1 0]	[0 0 1 0 0 0]
6	-0.5	8.960823059082031	2.5521080493927	2.5546131134033203	1.9335007667541504	1.9206008911132812	False	[0 0 0 0 0 0 0 0 0 0 0 0]	[0 0 0 0 1 0 0 1 0 0 0 0]	[0 0 0 0 0 0]	[0 0 1 0 0 1]
6	0.25148025155067444	8.96340560913086	2.550071954727173	2.555952548980713	1.9351471662521362	1.9222333431243896	False	[0 0 0 0 0 0 0 0 0 0 0 1]	[0 0 0 0 1 0 0 0 0 0 0 0]	[0 0 0 0 1 0]	[0 0 1 0 0 0]
6	-0.5	8.960861206054688	2.5519402027130127	2.5548806190490723	1.9326763153076172	1.9213635921478271	False	[0 0 0 0 0 0 0 0 0 0 0 0]	[0 0 0 0 1 0 0 1 0 0 0 0]	[0 0 0 0 0 0]	[0 0 1 0 0 1]
6	0.24941645562648773	8.963412284851074	2.5501439571380615	2.556220769882202	1.933943271636963	1.9231040477752686	False	[0 0 0 0 0 0 0 0 0 0 0 1]	[0 0 0 0 1 0 0 0 0 0 0 0]	[0 0 0 0 1 0]	[0 0 1 0 0 0]
6	-0.5	8.960079193115234	2.5519702434539795	2.554741382598877	1.9326201677322388	1.920748233795166	False	[0 0 0 0 0 0 0 0 0 0 0 0]	[0 0 0 0 1 0 0 1 0 0 0 0]	[0 0 0 0 0 0]	[0 0 1 0 0 1]
6	0.26522180438041687	8.963641166687012	2.550119161605835	2.556292772293091	1.9344160556793213	1.9228137731552124	False	[0 0 0 0 0 0 0 0 0 0 0 1]	[0 0 0 0 1 0 0 0 0 0 0 0]	[0 0 0 0 1 0]	[0 0 1 0 0 0]
6	-0.5	8.960615158081055	2.551795482635498	2.5547797679901123	1.932976484298706	1.9210630655288696	False	[0 0 0 0 0 0 0 0 0 0 0 0]	[0 0 0 0 1 0 0 1 0 0 0 0]	[0 0 0 0 0 0]	[0 0 1 0 0 1]
6	0.2453940510749817	8.963610649108887	2.5502102375030518	2.5562005043029785	1.9345463514328003	1.9226534366607666	False	[0 0 0 0 0 0 0 0 0 0 0 1]	[0 0 0 0 1 0 0 0 0 0 0 0]	[0 0 0 0 1 0]	[0 0 1 0 0 0]
6	-0.5	8.959749221801758	2.5518016815185547	2.554542303085327	1.932788610458374	1.9206165075302124	False	[0 0 0 0 0 0 0 0 0 0 0 0]	[0 0 0 0 1 0 0 1 0 0 0 0]	[0 0 0 0 0 0]	[0 0 1 0 0 1]
6	0.2323438823223114	8.962862014770508	2.5499088764190674	2.556063652038574	1.9345512390136719	1.9223389625549316	False	[0 0 0 0 0 0 0 0 0 0 0 1]	[0 0 0 0 1 0 0 0 0 0 0 0]	[0 0 0 0 1 0]	[0 0 1 0 0 0]
6	-0.5	8.959918022155762	2.5519089698791504	2.5546634197235107	1.93267023563385	1.9206757545471191	False	[0 0 0 0 0 0 0 0 0 0 0 0]	[0 0 0 0 1 0 0 1 0 0 0 0]	[0 0 0 0 0 0]	[0 0 1 0 0 1]
6	0.2520545423030853	8.963788032531738	2.550398349761963	2.5561790466308594	1.934257984161377	1.922952651977539	False	[0 0 0 0 0 0 0 0 0 0 0 1]	[0 0 0 0 1 0 0 0 0 0 0 0]	[0 0 0 0 1 0]	[0 0 1 0 0 0]
6	-0.5	8.960702896118164	2.5520060062408447	2.554788827896118	1.9334336519241333	1.9204750061035156	False	[0 0 0 0 0 0 0 0 0 0 0 0]	[0 0 0 0 1 0 0 1 0 0 0 0]	[0 0 0 0 0 0]	[0 0 1 0 0 1]
7	0.023882584646344185	8.889203071594238	2.539092779159546	2.5243566036224365	1.9305726289749146	1.89518141746521	False	[0 0 0 0 0 0 0 0 1 0 0 0]	[0 0 0 0 1 0 0 0 0 0 0 0]	[0 0 1 0 0 0]	[0 0 0 0 1 0]
7	-1.0	8.899852752685547	2.5408987998962402	2.5296950340270996	1.929081916809082	1.9001774787902832	False	[0 0 0 0 0 0 0 0 0 0 0 0]	[0 0 0 0 0 0 0 0 0 0 0 0]	[0 0 0 0 0 0]	[0 0 0 0 0 0]
7	0.024637596681714058	8.88651180267334	2.538975954055786	2.523165702819824	1.9302856922149658	1.894085168838501	False	[0 0 0 0 0 0 0 0 1 0 0 0]	[0 0 0 0 1 0 0 0 0 0 0 0]	[0 0 1 0 0 0]	[0 0 0 0 1 0]
7	-1.0	8.899535179138184	2.540780544281006	2.529670476913452	1.928602933883667	1.9004814624786377	False	[0 0 0 0 0 0 0 0 0 0 0 0]	[0 0 0 0 0 0 0 0 0 0 0 0]	[0 0 0 0 0 0]	[0 0 0 0 0 0]
7	0.023321954533457756	8.887884140014648	2.5395822525024414	2.523505210876465	1.9302256107330322	1.8945709466934204	False	[0 0 0 0 0 0 0 0 1 0 0 0]	[0 0 0 0 1 0 0 0 0 0 0 0]	[0 0 1 0 0 0]	[0 0 0 0 1 0]
7	-1.0	8.899147033691406	2.5414113998413086	2.529324769973755	1.9281879663467407	1.900222897529602	False	[0 0 0 0 0 0 0 0 0 0 0 0]	[0 0 0 0 0 0 0 0 0 0 0 0]	[0 0 0 0 0 0]	[0 0 0 0 0 0]
7	0.022275833413004875	8.888917922973633	2.539590358734131	2.5240554809570312	1.9299284219741821	1.8953438997268677	False	[0 0 0 0 0 0 0 0 1 0 0 0]	[0 0 0 0 1 0 0 0 0 0 0 0]	[0 0 1 0 0 0]	[0 0 0 0 1 0]
7	-1.0	8.898458480834961	2.5405356884002686	2.529681444168091	1.9286446571350098	1.89959716796875	False	[0 0 0 0 0 0 0 0 0 0 0 0]	[0 0 0 0 0 0 0 0 0 0 0 0]	[0 0 0 0 0 0]	[0 0 0 0 0 0]
7	0.023767894133925438	8.88955307006836	2.540053606033325	2.5242857933044434	1.9302172660827637	1.8949962854385376	False	[0 0 0 0 0 0 0 0 1 0 0 0]	[0 0 0 0 1 0 0 0 0 0 0 0]	[0 0 1 0 0 0]	[0 0 0 0 1 0]
7	-1.0	8.898909568786621	2.5405232906341553	2.529228448867798	1.9291410446166992	1.9000170230865479	False	[0 0 0 0 0 0 0 0 0 0 0 0]	[0 0 0 0 0 0 0 0 0 0 0 0]	[0 0 0 0 0 0]	[0 0 0 0 0 0]
7	0.03232762590050697	8.887788772583008	2.5397143363952637	2.523427963256836	1.930065393447876	1.8945810794830322	False	[0 0 0 0 0 0 0 0 1 0 0 0]	[0 0 0 0 1 0 0 0 0 0 0 0]	[0 0 1 0 0 0]	[0 0 0 0 1 0]
7	-1.0	8.897819519042969	2.5406250953674316	2.5291531085968018	1.9287512302398682	1.8992903232574463	False	[0 0 0 0 0 0 0 0 0 0 0 0]	[0 0 0 0 0 0 0 0 0 0 0 0]	[0 0 0 0 0 0]	[0 0 0 0 0 0]
7	0.025480009615421295	8.890121459960938	2.5401623249053955	2.5242788791656494	1.9301846027374268	1.895495891571045	False	[0 0 0 0 0 0 0 0 1 0 0 0]	[0 0 0 0 1 0 0 0 0 0 0 0]	[0 0 1 0 0 0]	[0 0 0 0 1 0]
7	-1.0	8.898378372192383	2.540348529815674	2.5289220809936523	1.9286047220230103	1.9005029201507568	False	[0 0 0 0 0 0 0 0 0 0 0 0]	[0 0 0 0 0 0 0 0 0 0 0 0]	[0 0 0 0 0 0]	[0 0 0 0 0 0]
7	0.024812355637550354	8.887567520141602	2.5394647121429443	2.523655652999878	1.9303256273269653	1.8941212892532349	False	[0 0 0 0 0 0 0 0 1 0 0 0]	[0 0 0 0 1 0 0 0 0 0 0 0]	[0 0 1 0 0 0]	[0 0 0 0 1 0]
7	-1.0	8.899221420288086	2.5408811569213867	2.529132127761841	1.9291597604751587	1.9000482559204102	False	[0 0 0 0 0 0 0 0 0 0 0 0]	[0 0 0 0 0 0 0 0 0 0 0 0]	[0 0 0 0 0 0]	[0 0 0 0 0 0]
7	0.021583570167422295	8.888538360595703	2.539599895477295	2.5239486694335938	1.930112600326538	1.8948774337768555	False	[0 0 0 0 0 0 0 0 1 0 0 0]	[0 0 0 0 1 0 0 0 0 0 0 0]	[0 0 1 0 0 0]	[0 0 0 0 1 0]
7	-1.0	8.899544715881348	2.5408716201782227	2.5296311378479004	1.929000973701477	1.900040864944458	False	[0 0 0 0 0 0 0 0 0 0 0 0]	[0 0 0 0 0 0 0 0 0 0 0 0]	[0 0 0 0 0 0]	[0 0 0 0 0 0]
7	0.014595046639442444	8.887862205505371	2.5391807556152344	2.523660659790039	1.9303852319717407	1.8946359157562256	False	[0 0 0 0 0 0 0 0 1 0 0 0]	[0 0 0 0 1 0 0 0 0 0 0 0]	[0 0 1 0 0 0]	[0 0 0 0 1 0]
7	-1.0	8.90079402923584	2.5411531925201416	2.5299437046051025	1.9290485382080078	1.9006489515304565	False	[0 0 0 0 0 0 0 0 0 0 0 0]	[0 0 0 0 0 0 0 0 0 0 0 0]	[0 0 0 0 0 0]	[0 0 0 0 0 0]
7	0.02786993980407715	8.89045524597168	2.5404365062713623	2.5246217250823975	1.929666519165039	1.8957304954528809	False	[0 0 0 0 0 0 0 0 1 0 0 0]	[0 0 0 0 1 0 0 0 0 0 0 0]	[0 0 1 0 0 0]	[0 0 0 0 1 0]
7	-1.0	8.898652076721191	2.5406031608581543	2.5294647216796875	1.928901195526123	1.8996829986572266	False	[0 0 0 0 0 0 0 0 0 0 0 0]	[0 0 0 0 0 0 0 0 0 0 0 0]	[0 0 0 0 0 0]	[0 0 0 0 0 0]
7	0.027061790227890015	8.88876724243164	2.5401880741119385	2.5238895416259766	1.929744839668274	1.8949451446533203	False	[0 0 0 0 0 0 0 0 1 0 0 0]	[0 0 0 0 1 0 0 0 0 0 0 0]	[0 0 1 0 0 0]	[0 0 0 0 1 0]
7	-1.0	8.898762702941895	2.5406312942504883	2.5292818546295166	1.929091453552246	1.899758219718933	False	[0 0 0 0 0 0 0 0 0 0 0 0]	[0 0 0 0 0 0 0 0 0 0 0 0]	[0 0 0 0 0 0]	[0 0 0 0 0 0]
7	0.01961585506796837	8.888108253479004	2.539747953414917	2.523635149002075	1.93019437789917	1.8945304155349731	False	[0 0 0 0 0 0 0 0 1 0 0 0]	[0 0 0 0 1 0 0 0 0 0 0 0]	[0 0 1 0 0 0]	[0 0 0 0 1 0]
7	-1.0	8.899124145507812	2.5411536693573	2.5294501781463623	1.9281601905822754	1.900360107421875	False	[0 0 0 0 0 0 0 0 0 0 0 0]	[0 0 0 0 0 0 0 0 0 0 0 0]	[0 0 0 0 0 0]	[0 0 0 0 0 0]
7	0.0271736029535532	8.88858699798584	2.5401031970977783	2.524155855178833	1.9295120239257812	1.8948161602020264	False	[0 0 0 0 0 0 0 0 1 0 0 0]	[0 0 0 0 1 0 0 0 0 0 0 0]	[0 0 1 0 0 0]	[0 0 0 0 1 0]
7	-1.0	8.898283004760742	2.54059100151062	2.529478073120117	1.928550362586975	1.8996638059616089	False	[0 0 0 0 0 0 0 0 0 0 0 0]	[0 0 0 0 0 0 0 0 0 0 0 0]	[0 0 0 0 0 0]	[0 0 0 0 0 0]
7	0.024375228211283684	8.887725830078125	2.5392396450042725	2.5235302448272705	1.9301382303237915	1.8948183059692383	False	[0 0 0 0 0 0 0 0 1 0 0 0]	[0 0 0 0 1 0 0 0 0 0 0 0]	[0 0 1 0 0 0]	[0 0 0 0 1 0]
7	-1.0	8.898818016052246	2.541172981262207	2.5291640758514404	1.9282015562057495	1.9002788066864014	False	[0 0 0 0 0 0 0 0 0 0 0 0]	[0 0 0 0 0 0 0 0 0 0 0 0]	[0 0 0 0 0 0]	[0 0 0 0 0 0]
8	0.5004494786262512	8.94742202758789	2.5476160049438477	2.5459625720977783	1.9178147315979004	1.9360287189483643	False	[0 1 0 0 0 0 0 0 0 0 0 0]	[1 0 0 0 0 0 0 0 0 0 0 0]	[0 0 0 1 0 0]	[0 1 0 0 0 0]
8	0.4755525588989258	8.957170486450195	2.5567986965179443	2.5506346225738525	1.9204301834106445	1.9293071031570435	False	[0 1 0 0 0 0 0 0 1 0 0 0]	[1 0 0 0 0 0 1 0 0 0 0 0]	[0 0 1 1 0 0]	[1 1 0 0 0 0]
8	-0.5	8.959465026855469	2.5574512481689453	2.5491955280303955	1.9221925735473633	1.9306261539459229	False	[0 1 0 0 0 1 0 0 1 0 0 0]	[1 0 0 0 0 0 0 0 0 0 0 0]	[0 0 0 1 0 0]	[1 0 0 0 0 0]
8	0.3779134154319763	8.963563919067383	2.556856870651245	2.548372745513916	1.9230648279190063	1.9352703094482422	False	[0 0 0 0 0 1 0 0 1 0 0 0]	[1 0 0 0 0 0 1 0 0 0 0 0]	[1 0 0 1 0 0]	[1 1 0 0 0 0]
8	-0.5	8.963592529296875	2.558558702468872	2.5489256381988525	1.923309087753296	1.9327994585037231	False	[0 1 0 0 0 1 0 0 1 0 0 0]	[1 0 0 0 0 0 0 0 0 0 0 0]	[1 0 1 1 0 0]	[1 0 0 0 0 0]
8	0.40478745102882385	8.965261459350586	2.5578625202178955	2.54874849319458	1.9238591194152832	1.9347912073135376	False	[0 0 0 0 0 1 0 0 1 0 0 0]	[1 0 0 0 0 0 1 0 0 0 0 0]	[0 0 1 1 0 0]	[1 1 0 0 0 0]
8	-0.5	8.963521957397461	2.558623790740967	2.5491809844970703	1.9230893850326538	1.932627558708191	False	[0 0 0 0 0 1 0 0 0 0 0 0]	[1 0 0 0 0 0 0 0 0 0 0 0]	[0 0 0 1 0 0]	[1 0 0 0 0 0]
8	0.3769529461860657	8.964685440063477	2.5580713748931885	2.549365997314453	1.9233942031860352	1.9338537454605103	False	[0 0 0 0 0 1 0 0 1 0 0 0]	[1 0 0 0 0 0 1 0 0 0 0 0]	[1 0 0 1 0 0]	[1 1 0 0 0 0]
8	-0.5	8.963560104370117	2.558427333831787	2.5491905212402344	1.9232252836227417	1.9327173233032227	False	[0 1 0 0 0 1 0 0 1 0 0 0]	[1 0 0 0 0 0 0 0 0 0 0 0]	[1 0 1 1 0 0]	[1 0 0 0 0 0]
8	0.3979971408843994	8.965378761291504	2.557952404022217	2.548304796218872	1.92388117313385	1.9352400302886963	False	[0 0 0 0 0 1 0 0 1 0 0 0]	[1 0 0 0 0 0 1 0 0 0 0 0]	[0 0 1 1 0 0]	[1 1 0 0 0 0]
8	-0.5	8.964426040649414	2.558566093444824	2.5497374534606934	1.9234449863433838	1.9326772689819336	False	[0 1 0 0 0 1 0 0 1 0 0 0]	[1 0 0 0 0 0 0 0 0 0 0 0]	[0 0 0 1 0 0]	[1 0 0 0 0 0]
8	0.3653409481048584	8.963875770568848	2.5569403171539307	2.5483832359313965	1.9230337142944336	1.9355182647705078	False	[0 0 0 0 0 1 0 0 1 0 0 0]	[1 0 0 0 0 0 1 0 0 0 0 0]	[1 0 0 1 0 0]	[1 1 0 0 0 0]
8	-0.5	8.964232444763184	2.5587148666381836	2.548861026763916	1.9235923290252686	1.9330642223358154	False	[0 1 0 0 0 1 0 0 1 0 0 0]	[1 0 0 0 0 0 0 0 0 0 0 0]	[1 0 1 1 0 0]	[1 0 0 0 0 0]
8	0.3865090310573578	8.96450424194336	2.5577199459075928	2.5479507446289062	1.923614501953125	1.9352186918258667	False	[0 0 0 0 0 1 0 0 1 0 0 0]	[1 0 0 0 0 0 1 0 0 0 0 0]	[0 0 1 1 0 0]	[1 1 0 0 0 0]
8	-0.5	8.963327407836914	2.558678150177002	2.549065589904785	1.9230085611343384	1.9325754642486572	False	[0 0 0 0 0 1 0 0 0 0 0 0]	[1 0 0 0 0 0 0 0 0 0 0 0]	[0 0 0 1 0 0]	[1 0 0 0 0 0]
8	0.38676679134368896	8.963753700256348	2.557785987854004	2.5496127605438232	1.922890305519104	1.9334642887115479	False	[0 0 0 0 0 1 0 0 1 0 0 0]	[1 0 0 0 0 0 1 0 0 0 0 0]	[1 0 0 1 0 0]	[1 1 0 0 0 0]
8	-0.5	8.963871955871582	2.5586137771606445	2.5487732887268066	1.9234890937805176	1.9329954385757446	False	[0 0 0 0 0 1 0 0 0 0 0 0]	[1 0 0 0 0 0 0 0 0 0 0 0]	[1 0 1 1 0 0]	[1 0 0 0 0 0]
8	0.4272176921367645	8.9646577835083	2.5580596923828125	2.5495104789733887	1.923162817955017	1.9339247941970825	False	[0 1 0 0 0 1 0 0 0 0 0 0]	[1 0 0 0 0 0 1 0 0 0 0 0]	[0 0 1 1 0 0]	[1 1 0 0 0 0]
8	-0.5	8.962878227233887	2.5584394931793213	2.549436092376709	1.9229967594146729	1.9320058822631836	False	[0 1 0 0 0 1 0 0 1 0 0 0]	[1 0 0 0 0 0 0 0 0 0 0 0]	[0 0 0 1 0 0]	[1 0 0 0 0 0]
8	0.3670693337917328	8.964446067810059	2.556889057159424	2.548724412918091	1.9235544204711914	1.9352777004241943	False	[0 0 0 0 0 1 0 0 1 0 0 0]	[1 0 0 0 0 0 1 0 0 0 0 0]	[1 0 0 1 0 0]	[1 1 0 0 0 0]
8	-0.5	8.962848663330078	2.5583157539367676	2.548470973968506	1.923135757446289	1.9329257011413574	False	[0 1 0 0 0 1 0 0 1 0 0 0]	[1 0 0 0 0 0 0 0 0 0 0 0]	[1 0 1 1 0 0]	[1 0 0 0 0 0]
8	0.4048520624637604	8.964621543884277	2.5577921867370605	2.5480198860168457	1.9236483573913574	1.9351611137390137	False	[0 0 0 0 0 1 0 0 1 0 0 0]	[1 0 0 0 0 0 1 0 0 0 0 0]	[0 0 1 1 0 0]	[1 1 0 0 0 0]
8	-0.5	8.964189529418945	2.5586628913879395	2.5485947132110596	1.9237600564956665	1.9331716299057007	False	[0 0 0 0 0 1 0 0 0 0 0 0]	[1 0 0 0 0 0 0 0 0 0 0 0]	[0 0 0 1 0 0]	[1 0 0 0 0 0]
8	0.39459389448165894	8.964415550231934	2.557783603668213	2.5498909950256348	1.9231171607971191	1.9336237907409668	False	[0 1 0 0 0 1 0 0 0 0 0 0]	[1 0 0 0 0 0 1 0 0 0 0 0]	[1 0 0 1 0 0]	[1 1 0 0 0 0]
8	-0.5	8.962336540222168	2.558333158493042	2.549220323562622	1.92278254032135	1.9320006370544434	False	[0 1 0 0 0 1 0 0 1 0 0 0]	[1 0 0 0 0 0 0 0 0 0 0 0]	[1 0 1 1 0 0]	[1 0 0 0 0 0]
8	0.395801842212677	8.96442699432373	2.5577516555786133	2.547820806503296	1.9237569570541382	1.935097575187683	False	[0 0 0 0 0 1 0 0 1 0 0 0]	[1 0 0 0 0 0 1 0 0 0 0 0]	[0 0 1 1 0 0]	[1 1 0 0 0 0]
8	-0.5	8.964128494262695	2.5585615634918213	2.5491857528686523	1.9234367609024048	1.9329450130462646	False	[0 0 0 0 0 1 0 0 0 0 0 0]	[1 0 0 0 0 0 0 0 0 0 0 0]	[0 0 0 1 0 0]	[1 0 0 0 0 0]
8	0.37892210483551025	8.963404655456543	2.557737350463867	2.5496294498443604	1.9227964878082275	1.933241605758667	False	[0 0 0 0 0 1 0 0 1 0 0 0]	[1 0 0 0 0 0 1 0 0 0 0 0]	[1 0 0 1 0 0]	[1 1 0 0 0 0]
8	-0.5	8.96441650390625	2.5587480068206787	2.5492467880249023	1.9236165285110474	1.932805061340332	False	[0 0 0 0 0 1 0 0 0 0 0 0]	[1 0 0 0 0 0 0 0 0 0 0 0]	[1 0 1 1 0 0]	[1 0 0 0 0 0]
8	0.40168365836143494	8.965452194213867	2.558318614959717	2.5491931438446045	1.923667311668396	1.934273362159729	False	[0 1 0 0 0 1 0 0 0 0 0 0]	[1 0 0 0 0 0 1 0 0 0 0 0]	[0 0 1 1 0 0]	[1 1 0 0 0 0]
9	0.3443152606487274	8.860291481018066	2.539924144744873	2.5213615894317627	1.900888442993164	1.8981170654296875	False	[0 0 0 0 0 0 0 0 1 0 0 0]	[0 0 0 0 0 0 0 0 0 0 0 1]	[0 0 0 1 0 0]	[0 0 0 1 0 0]
9	-1.0	8.886195182800293	2.5392074584960938	2.532585859298706	1.9153040647506714	1.899097204208374	False	[0 0 0 0 0 0 0 0 0 0 0 0]	[0 0 0 0 0 0 0 0 0 0 0 0]	[0 0 0 0 0 0]	[0 0 0 0 0 0]
9	0.34844934940338135	8.859597206115723	2.5395922660827637	2.5210185050964355	1.900448203086853	1.8985378742218018	False	[0 0 0 0 0 0 0 0 1 0 0 0]	[0 0 0 0 0 0 0 0 0 0 0 1]	[0 0 0 1 0 0]	[0 0 0 1 0 0]
9	-1.0	8.88753890991211	2.539607048034668	2.5327506065368652	1.9154295921325684	1.8997513055801392	False	[0 0 0 0 0 0 0 0 0 0 0 0]	[0 0 0 0 0 0 0 0 0 0 0 0]	[0 0 0 0 0 0]	[0 0 0 0 0 0]
9	0.3741348087787628	8.861595153808594	2.539506196975708	2.522688150405884	1.901681900024414	1.8977184295654297	False	[0 0 0 0 0 0 0 0 1 0 0 0]	[0 0 0 0 0 0 0 0 0 0 0 1]	[0 0 0 1 0 0]	[0 0 0 1 0 0]
9	-1.0	8.886611938476562	2.5395021438598633	2.5322484970092773	1.9156192541122437	1.8992416858673096	False	[0 0 0 0 0 0 0 0 0 0 0 0]	[0 0 0 0 0 0 0 0 0 0 0 0]	[0 0 0 0 0 0]	[0 0 0 0 0 0]
9	0.35945838689804077	8.858710289001465	2.5390074253082275	2.5210814476013184	1.900583028793335	1.8980381488800049	False	[0 0 0 0 0 0 0 0 1 0 0 0]	[0 0 0 0 0 0 0 0 0 0 0 1]	[0 0 0 1 0 0]	[0 0 0 1 0 0]
9	-1.0	8.88651180267334	2.539142370223999	2.532834529876709	1.9154505729675293	1.8990846872329712	False	[0 0 0 0 0 0 0 0 0 0 0 0]	[0 0 0 0 0 0 0 0 0 0 0 0]	[0 0 0 0 0 0]	[0 0 0 0 0 0]
9	0.34880179166793823	8.862363815307617	2.5395772457122803	2.5231266021728516	1.9026511907577515	1.8970084190368652	False	[0 0 0 0 0 0 0 0 1 0 0 0]	[0 0 0 0 0 0 0 0 0 0 0 1]	[0 0 0 1 0 0]	[0 0 0 1 0 0]
9	-1.0	8.887174606323242	2.5392229557037354	2.533055543899536	1.9156392812728882	1.8992568254470825	False	[0 0 0 0 0 0 0 0 0 0 0 0]	[0 0 0 0 0 0 0 0 0 0 0 0]	[0 0 0 0 0 0]	[0 0 0 0 0 0]
9	0.35450056195259094	8.862263679504395	2.5400266647338867	2.522571325302124	1.9014869928359985	1.8981785774230957	False	[0 0 0 0 0 0 0 0 1 0 0 0]	[0 0 0 0 0 0 0 0 0 0 0 1]	[0 0 0 1 0 0]	[0 0 0 1 0 0]
9	-1.0	8.889069557189941	2.5395188331604004	2.5337016582489014	1.9161375761032104	1.8997119665145874	False	[0 0 0 0 0 0 0 0 0 0 0 0]	[0 0 0 0 0 0 0 0 0 0 0 0]	[0 0 0 0 0 0]	[0 0 0 0 0 0]
9	0.350088894367218	8.857535362243652	2.539212942123413	2.520359516143799	1.90004563331604	1.8979177474975586	False	[0 0 0 0 0 0 0 0 1 0 0 0]	[0 0 0 0 0 0 0 0 0 0 0 1]	[0 0 0 1 0 0]	[0 0 0 1 0 0]
9	-1.0	8.890827178955078	2.5399818420410156	2.534487724304199	1.9163565635681152	1.9000006914138794	False	[0 0 0 0 0 0 0 0 0 0 0 0]	[0 0 0 0 0 0 0 0 0 0 0 0]	[0 0 0 0 0 0]	[0 0 0 0 0 0]
9	0.33250927925109863	8.859516143798828	2.539396286010742	2.5214264392852783	1.9004930257797241	1.8982008695602417	False	[0 0 0 0 0 0 0 0 1 0 0 0]	[0 0 0 0 0 0 0 0 0 0 0 1]	[0 0 0 1 0 0]	[0 0 0 1 0 0]
9	-1.0	8.887883186340332	2.53958797454834	2.5329372882843018	1.9155950546264648	1.8997631072998047	False	[0 0 0 0 0 0 0 0 0 0 0 0]	[0 0 0 0 0 0 0 0 0 0 0 0]	[0 0 0 0 0 0]	[0 0 0 0 0 0]
9	0.3408436179161072	8.86115550994873	2.539604425430298	2.522475481033325	1.9015803337097168	1.8974955081939697	False	[0 0 0 0 0 0 0 0 1 0 0 0]	[0 0 0 0 0 0 0 0 0 0 0 1]	[0 0 0 1 0 0]	[0 0 0 1 0 0]
9	-1.0	8.888816833496094	2.5396056175231934	2.533540725708008	1.9160182476043701	1.8996524810791016	False	[0 0 0 0 0 0 0 0 0 0 0 0]	[0 0 0 0 0 0 0 0 0 0 0 0]	[0 0 0 0 0 0]	[0 0 0 0 0 0]
9	0.3324648439884186	8.858458518981934	2.53922963142395	2.520969867706299	1.900167465209961	1.898091197013855	False	[0 0 0 0 0 0 0 0 1 0 0 0]	[0 0 0 0 0 0 0 0 0 0 0 1]	[0 0 0 1 0 0]	[0 0 0 1 0 0]
9	-1.0	8.887723922729492	2.539606809616089	2.5329034328460693	1.915853500366211	1.899360179901123	False	[0 0 0 0 0 0 0 0 0 0 0 0]	[0 0 0 0 0 0 0 0 0 0 0 0]	[0 0 0 0 0 0]	[0 0 0 0 0 0]
9	0.34874919056892395	8.861084938049316	2.5395522117614746	2.5222561359405518	1.9015874862670898	1.897688865661621	False	[0 0 0 0 0 0 0 0 1 0 0 0]	[0 0 0 0 0 0 0 0 0 0 0 1]	[0 0 0 1 0 0]	[0 0 0 1 0 0]
9	-1.0	8.887494087219238	2.5395047664642334	2.5328691005706787	1.9159125089645386	1.8992078304290771	False	[0 0 0 0 0 0 0 0 0 0 0 0]	[0 0 0 0 0 0 0 0 0 0 0 0]	[0 0 0 0 0 0]	[0 0 0 0 0 0]
9	0.32949838042259216	8.861783027648926	2.5397701263427734	2.5219013690948486	1.9017173051834106	1.8983949422836304	False	[0 0 0 0 0 0 0 0 1 0 0 0]	[0 0 0 0 0 0 0 0 0 0 0 1]	[0 0 0 1 0 0]	[0 0 0 1 0 0]
9	-1.0	8.887561798095703	2.539421319961548	2.533008337020874	1.915781855583191	1.8993499279022217	False	[0 0 0 0 0 0 0 0 0 0 0 0]	[0 0 0 0 0 0 0 0 0 0 0 0]	[0 0 0 0 0 0]	[0 0 0 0 0 0]
9	0.3357628583908081	8.857183456420898	2.5391178131103516	2.5203399658203125	1.899468183517456	1.8982572555541992	False	[0 0 0 0 0 0 0 0 1 0 0 0]	[0 0 0 0 0 0 0 0 0 0 0 1]	[0 0 0 1 0 0]	[0 0 0 1 0 0]
9	-1.0	8.888824462890625	2.5394608974456787	2.5336923599243164	1.9159575700759888	1.899713397026062	False	[0 0 0 0 0 0 0 0 0 0 0 0]	[0 0 0 0 0 0 0 0 0 0 0 0]	[0 0 0 0 0 0]	[0 0 0 0 0 0]
9	0.34761708974838257	8.8568696975708	2.5390684604644775	2.5203020572662354	1.8997929096221924	1.8977062702178955	False	[0 0 0 0 0 0 0 0 1 0 0 0]	[0 0 0 0 0 0 0 0 0 0 0 1]	[0 0 0 1 0 0]	[0 0 0 1 0 0]
9	-1.0	8.888084411621094	2.5396389961242676	2.5331931114196777	1.9159201383590698	1.8993325233459473	False	[0 0 0 0 0 0 0 0 0 0 0 0]	[0 0 0 0 0 0 0 0 0 0 0 0]	[0 0 0 0 0 0]	[0 0 0 0 0 0]
9	0.3387651741504669	8.857751846313477	2.539365530014038	2.520073652267456	1.8995424509048462	1.8987705707550049	False	[0 0 0 0 0 0 0 0 1 0 0 0]	[0 0 0 0 0 0 0 0 0 0 0 1]	[0 0 0 1 0 0]	[0 0 0 1 0 0]
9	-1.0	8.888285636901855	2.5396878719329834	2.53304123878479	1.9159278869628906	1.8996284008026123	False	[0 0 0 0 0 0 0 0 0 0 0 0]	[0 0 0 0 0 0 0 0 0 0 0 0]	[0 0 0 0 0 0]	[0 0 0 0 0 0]
10	-1.0	8.942548751831055	2.555805206298828	2.5412559509277344	1.9209270477294922	1.924560308456421	False	[0 0 0 0 0 0 0 0 0 0 0 0]	[0 0 0 0 0 0 0 0 0 1 0 0]	[0 1 0 0 0 0]	[0 1 0 0 0 0]
10	-1.0	8.928328514099121	2.54502010345459	2.532191038131714	1.932371973991394	1.9187448024749756	False	[0 0 0 0 0 0 0 0 0 0 0 0]	[0 0 0 0 0 0 0 0 0 1 0 0]	[0 1 0 0 0 0]	[0 1 0 0 0 0]
10	-1.0	8.93039608001709	2.5458011627197266	2.5332629680633545	1.9325175285339355	1.9188141822814941	False	[0 0 0 0 0 0 0 0 0 0 0 0]	[0 0 0 0 0 0 0 0 0 1 0 0]	[0 1 0 0 0 0]	[0 1 0 0 0 0]
10	-1.0	8.927468299865723	2.544896125793457	2.532224416732788	1.93207585811615	1.918271541595459	False	[0 0 0 0 0 0 0 0 0 0 0 0]	[0 0 0 0 0 0 0 0 0 1 0 0]	[0 1 0 0 0 0]	[0 1 0 0 0 0]
10	-1.0	8.92766284942627	2.5449984073638916	2.531900405883789	1.9322121143341064	1.9185527563095093	False	[0 0 0 0 0 0 0 0 0 0 0 0]	[0 0 0 0 0 0 0 0 0 1 0 0]	[0 1 0 0 0 0]	[0 1 0 0 0 0]
10	-1.0	8.926729202270508	2.5449798107147217	2.531832218170166	1.9320980310440063	1.9178199768066406	False	[0 0 0 0 0 0 0 0 0 0 0 0]	[0 0 0 0 0 0 0 0 0 1 0 0]	[0 1 0 0 0 0]	[0 1 0 0 0 0]
10	-1.0	8.927796363830566	2.5453081130981445	2.5324478149414062	1.931922197341919	1.9181182384490967	False	[0 0 0 0 0 0 0 0 0 0 0 0]	[0 0 0 0 0 0 0 0 0 1 0 0]	[0 1 0 0 0 0]	[0 1 0 0 0 0]
10	-1.0	8.926445960998535	2.5449347496032715	2.5318896770477295	1.9317463636398315	1.9178755283355713	False	[0 0 0 0 0 0 0 0 0 0 0 0]	[0 0 0 0 0 0 0 0 0 1 0 0]	[0 1 0 0 0 0]	[0 1 0 0 0 0]
10	-1.0	8.925439834594727	2.5446319580078125	2.5314369201660156	1.9318866729736328	1.9174845218658447	False	[0 0 0 0 0 0 0 0 0 0 0 0]	[0 0 0 0 0 0 0 0 0 1 0 0]	[0 1 0 0 0 0]	[0 1 0 0 0 0]
10	-1.0	8.93106460571289	2.546186685562134	2.533457040786743	1.9325692653656006	1.9188520908355713	False	[0 0 0 0 0 0 0 0 0 0 0 0]	[0 0 0 0 0 0 0 0 0 1 0 0]	[0 1 0 0 0 0]	[0 1 0 0 0 0]
10	-1.0	8.931533813476562	2.546297550201416	2.533297061920166	1.9327034950256348	1.9192357063293457	False	[0 0 0 0 0 0 0 0 0 0 0 0]	[0 0 0 0 0 0 0 0 0 1 0 0]	[0 1 0 0 0 0]	[0 1 0 0 0 0]
10	-1.0	8.92558479309082	2.544438362121582	2.5314674377441406	1.9316754341125488	1.9180035591125488	False	[0 0 0 0 0 0 0 0 0 0 0 0]	[0 0 0 0 0 0 0 0 0 1 0 0]	[0 1 0 0 0 0]	[0 1 0 0 0 0]
10	-1.0	8.930412292480469	2.5459296703338623	2.533576488494873	1.932211995124817	1.918694257736206	False	[0 0 0 0 0 0 0 0 0 0 0 0]	[0 0 0 0 0 0 0 0 0 1 0 0]	[0 1 0 0 0 0]	[0 1 0 0 0 0]
10	-1.0	8.930717468261719	2.545670509338379	2.5330145359039307	1.9327418804168701	1.9192904233932495	False	[0 0 0 0 0 0 0 0 0 0 0 0]	[0 0 0 0 0 0 0 0 0 1 0 0]	[0 1 0 0 0 0]	[0 1 0 0 0 0]
10	-1.0	8.925661087036133	2.5444753170013428	2.5317232608795166	1.9315283298492432	1.9179348945617676	False	[0 0 0 0 0 0 0 0 0 0 0 0]	[0 0 0 0 0 0 0 0 0 1 0 0]	[0 1 0 0 0 0]	[0 1 0 0 0 0]
10	-1.0	8.93133544921875	2.5462796688079834	2.53348970413208	1.9329943656921387	1.9185724258422852	False	[0 0 0 0 0 0 0 0 0 0 0 0]	[0 0 0 0 0 0 0 0 0 1 0 0]	[0 1 0 0 0 0]	[0 1 0 0 0 0]
10	-1.0	8.928421974182129	2.5455145835876465	2.5326435565948486	1.9321441650390625	1.9181196689605713	False	[0 0 0 0 0 0 0 0 0 0 0 0]	[0 0 0 0 0 0 0 0 0 1 0 0]	[0 1 0 0 0 0]	[0 1 0 0 0 0]
10	-1.0	8.932775497436523	2.5466763973236084	2.533825159072876	1.933011770248413	1.919262409210205	False	[0 0 0 0 0 0 0 0 0 0 0 0]	[0 0 0 0 0 0 0 0 0 1 0 0]	[0 1 0 0 0 0]	[0 1 0 0 0 0]
10	-1.0	8.92933177947998	2.545447587966919	2.5327579975128174	1.9323091506958008	1.9188168048858643	False	[0 0 0 0 0 0 0 0 0 0 0 0]	[0 0 0 0 0 0 0 0 0 1 0 0]	[0 1 0 0 0 0]	[0 1 0 0 0 0]
10	-1.0	8.929842948913574	2.5456199645996094	2.5329723358154297	1.9324870109558105	1.9187636375427246	False	[0 0 0 0 0 0 0 0 0 0 0 0]	[0 0 0 0 0 0 0 0 0 1 0 0]	[0 1 0 0 0 0]	[0 1 0 0 0 0]
10	-1.0	8.930757522583008	2.5458672046661377	2.5333480834960938	1.9328616857528687	1.918681025505066	False	[0 0 0 0 0 0 0 0 0 0 0 0]	[0 0 0 0 0 0 0 0 0 1 0 0]	[0 1 0 0 0 0]	[0 1 0 0 0 0]
10	-1.0	8.925816535949707	2.5446529388427734	2.5316810607910156	1.931945562362671	1.917536973953247	False	[0 0 0 0 0 0 0 0 0 0 0 0]	[0 0 0 0 0 0 0 0 0 1 0 0]	[0 1 0 0 0 0]	[0 1 0 0 0 0]
10	-1.0	8.933423042297363	2.546830892562866	2.5339772701263428	1.9332308769226074	1.9193837642669678	False	[0 0 0 0 0 0 0 0 0 0 0 0]	[0 0 0 0 0 0 0 0 0 1 0 0]	[0 1 0 0 0 0]	[0 1 0 0 0 0]
10	-1.0	8.929882049560547	2.5456392765045166	2.5327553749084473	1.9324427843093872	1.9190447330474854	False	[0 0 0 0 0 0 0 0 0 0 0 0]	[0 0 0 0 0 0 0 0 0 1 0 0]	[0 1 0 0 0 0]	[0 1 0 0 0 0]
10	-1.0	8.92886734008789	2.545180559158325	2.532514810562134	1.9325240850448608	1.9186478853225708	False	[0 0 0 0 0 0 0 0 0 0 0 0]	[0 0 0 0 0 0 0 0 0 1 0 0]	[0 1 0 0 0 0]	[0 1 0 0 0 0]
10	-1.0	8.932427406311035	2.546285390853882	2.5338621139526367	1.9326531887054443	1.9196261167526245	False	[0 0 0 0 0 0 0 0 0 0 0 0]	[0 0 0 0 0 0 0 0 0 1 0 0]	[0 1 0 0 0 0]	[0 1 0 0 0 0]
10	-1.0	8.93044376373291	2.545877456665039	2.5328528881073	1.9328529834747314	1.9188607931137085	False	[0 0 0 0 0 0 0 0 0 0 0 0]	[0 0 0 0 0 0 0 0 0 1 0 0]	[0 1 0 0 0 0]	[0 1 0 0 0 0]
10	-1.0	8.927325248718262	2.545192241668701	2.5320732593536377	1.9319329261779785	1.9181265830993652	False	[0 0 0 0 0 0 0 0 0 0 0 0]	[0 0 0 0 0 0 0 0 0 1 0 0]	[0 1 0 0 0 0]	[0 1 0 0 0 0]
10	-1.0	8.933963775634766	2.5469741821289062	2.5342836380004883	1.9335798025131226	1.919126272201538	False	[0 0 0 0 0 0 0 0 0 0 0 0]	[0 0 0 0 0 0 0 0 0 1 0 0]	[0 1 0 0 0 0]	[0 1 0 0 0 0]
10	-1.0	8.931731224060059	2.5460104942321777	2.533581256866455	1.9328786134719849	1.91926109790802	False	[0 0 0 0 0 0 0 0 0 0 0 0]	[0 0 0 0 0 0 0 0 0 1 0 0]	[0 1 0 0 0 0]	[0 1 0 0 0 0]
11	-1.0	8.902667045593262	2.522636890411377	2.532689332962036	1.9181225299835205	1.9292185306549072	False	[0 0 0 0 0 0 0 0 0 0 0 0]	[0 0 0 0 0 0 0 0 0 1 0 0]	[0 1 0 0 0 0]	[0 0 0 1 0 0]
11	-1.0	8.93002700805664	2.5337178707122803	2.5374648571014404	1.9327459335327148	1.9260984659194946	False	[0 0 0 0 0 0 0 0 0 0 0 0]	[0 0 0 0 0 0 0 0 0 1 0 1]	[0 1 0 0 0 0]	[0 0 0 1 0 0]
11	-1.0	8.93978500366211	2.536247491836548	2.5397422313690186	1.9354376792907715	1.9283573627471924	False	[0 0 0 0 0 0 0 0 0 0 0 0]	[0 0 0 0 0 0 0 0 0 1 0 0]	[0 1 0 0 0 0]	[0 0 0 1 0 0]
11	-1.0	8.93267822265625	2.533789873123169	2.538010358810425	1.9335318803787231	1.9273464679718018	False	[0 0 0 0 0 0 0 0 0 0 0 0]	[0 0 0 0 0 0 0 0 0 1 0 1]	[0 1 0 0 0 0]	[0 0 0 1 0 0]
11	-1.0	8.938077926635742	2.5356831550598145	2.538912057876587	1.9349992275238037	1.9284825325012207	False	[0 0 0 0 0 0 0 0 0 0 0 0]	[0 0 0 0 0 0 0 0 0 1 0 0]	[0 1 0 0 0 0]	[0 0 0 1 0 0]
11	-1.0	8.930486679077148	2.533385992050171	2.5372884273529053	1.9330697059631348	1.9267425537109375	False	[0 0 0 0 0 0 0 0 0 0 0 0]	[0 0 0 0 0 0 0 0 0 1 0 1]	[0 1 0 0 0 0]	[0 0 0 1 0 0]
11	-1.0	8.93511962890625	2.5346693992614746	2.538295269012451	1.9345030784606934	1.9276518821716309	False	[0 0 0 0 0 0 0 0 0 0 0 0]	[0 0 0 0 0 0 0 0 0 1 0 0]	[0 1 0 0 0 0]	[0 0 0 1 0 0]
11	-1.0	8.932121276855469	2.5338544845581055	2.5379035472869873	1.933403491973877	1.92695951461792	False	[0 0 0 0 0 0 0 0 0 0 0 0]	[0 0 0 0 0 0 0 0 0 1 0 1]	[0 1 0 0 0 0]	[0 0 0 1 0 0]
11	-1.0	8.936455726623535	2.535137176513672	2.5385119915008545	1.934708833694458	1.9280977249145508	False	[0 0 0 0 0 0 0 0 0 0 0 0]	[0 0 0 0 0 0 0 0 0 1 0 0]	[0 1 0 0 0 0]	[0 0 0 1 0 0]
11	-1.0	8.926424980163574	2.532212495803833	2.5360255241394043	1.93251371383667	1.925673246383667	False	[0 0 0 0 0 0 0 0 0 0 0 0]	[0 0 0 0 0 0 0 0 0 1 0 1]	[0 1 0 0 0 0]	[0 0 0 1 0 0]
11	-1.0	8.936930656433105	2.535151243209839	2.5388383865356445	1.9346704483032227	1.9282703399658203	False	[0 0 0 0 0 0 0 0 0 0 0 0]	[0 0 0 0 0 0 0 0 0 1 0 0]	[0 1 0 0 0 0]	[0 0 0 1 0 0]
11	-1.0	8.939216613769531	2.5363552570343018	2.5396628379821777	1.9348175525665283	1.9283809661865234	False	[0 0 0 0 0 0 0 0 0 0 0 0]	[0 0 0 0 0 0 0 0 0 1 0 1]	[0 1 0 0 0 0]	[0 0 0 1 0 0]
11	-1.0	8.939001083374023	2.535778284072876	2.5392260551452637	1.935357689857483	1.9286385774612427	False	[0 0 0 0 0 0 0 0 0 0 0 0]	[0 0 0 0 0 0 0 0 0 1 0 0]	[0 1 0 0 0 0]	[0 0 0 1 0 0]
11	-1.0	8.93748950958252	2.5358052253723145	2.538684844970703	1.9347612857818604	1.9282379150390625	False	[0 0 0 0 0 0 0 0 0 0 0 0]	[0 0 0 0 0 0 0 0 0 1 0 1]	[0 1 0 0 0 0]	[0 0 0 1 0 0]
11	-1.0	8.933813095092773	2.5344531536102295	2.5378692150115967	1.9339090585708618	1.927581787109375	False	[0 0 0 0 0 0 0 0 0 0 0 0]	[0 0 0 0 0 0 0 0 0 1 0 0]	[0 1 0 0 0 0]	[0 0 0 1 0 0]
11	-1.0	8.926807403564453	2.5324506759643555	2.5359909534454346	1.9323108196258545	1.9260554313659668	False	[0 0 0 0 0 0 0 0 0 0 0 0]	[0 0 0 0 0 0 0 0 0 1 0 1]	[0 1 0 0 0 0]	[0 0 0 1 0 0]
11	-1.0	8.935070991516113	2.5347299575805664	2.537905216217041	1.9345512390136719	1.927884578704834	False	[0 0 0 0 0 0 0 0 0 0 0 0]	[0 0 0 0 0 0 0 0 0 1 0 0]	[0 1 0 0 0 0]	[0 0 0 1 0 0]
11	-1.0	8.929864883422852	2.5331332683563232	2.5373497009277344	1.9330437183380127	1.9263384342193604	False	[0 0 0 0 0 0 0 0 0 0 0 0]	[0 0 0 0 0 0 0 0 0 1 0 1]	[0 1 0 0 0 0]	[0 0 0 1 0 0]
11	-1.0	8.9349365234375	2.534626007080078	2.538379669189453	1.9340980052947998	1.9278322458267212	False	[0 0 0 0 0 0 0 0 0 0 0 0]	[0 0 0 0 0 0 0 0 0 1 0 0]	[0 1 0 0 0 0]	[0 0 0 1 0 0]
11	-1.0	8.931410789489746	2.53364896774292	2.5375866889953613	1.9335401058197021	1.9266347885131836	False	[0 0 0 0 0 0 0 0 0 0 0 0]	[0 0 0 0 0 0 0 0 0 1 0 1]	[0 1 0 0 0 0]	[0 0 0 1 0 0]
11	-1.0	8.933928489685059	2.5345683097839355	2.5380373001098633	1.933988332748413	1.9273345470428467	False	[0 0 0 0 0 0 0 0 0 0 0 0]	[0 0 0 0 0 0 0 0 0 1 0 0]	[0 1 0 0 0 0]	[0 0 0 1 0 0]
11	-1.0	8.934286117553711	2.5345358848571777	2.5378661155700684	1.9340466260910034	1.9278377294540405	False	[0 0 0 0 0 0 0 0 0 0 0 0]	[0 0 0 0 0 0 0 0 0 1 0 1]	[0 1 0 0 0 0]	[0 0 0 1 0 0]
11	-1.0	8.936726570129395	2.5348472595214844	2.538937568664551	1.9346795082092285	1.9282619953155518	False	[0 0 0 0 0 0 0 0 0 0 0 0]	[0 0 0 0 0 0 0 0 0 1 0 0]	[0 1 0 0 0 0]	[0 0 0 1 0 0]
11	-1.0	8.936027526855469	2.535109519958496	2.538408041000366	1.9344086647033691	1.9281009435653687	False	[0 0 0 0 0 0 0 0 0 0 0 0]	[0 0 0 0 0 0 0 0 0 1 0 1]	[0 1 0 0 0 0]	[0 0 0 1 0 0]
11	-1.0	8.932008743286133	2.533716917037964	2.5380606651306152	1.9334460496902466	1.9267849922180176	False	[0 0 0 0 0 0 0 0 0 0 0 0]	[0 0 0 0 0 0 0 0 0 1 0 0]	[0 1 0 0 0 0]	[0 0 0 1 0 0]
11	-1.0	8.933206558227539	2.5344104766845703	2.537954330444336	1.933824062347412	1.9270176887512207	False	[0 0 0 0 0 0 0 0 0 0 0 0]	[0 0 0 0 0 0 0 0 0 1 0 1]	[0 1 0 0 0 0]	[0 0 0 1 0 0]
11	-1.0	8.935890197753906	2.5348057746887207	2.5385639667510986	1.9344675540924072	1.9280524253845215	False	[0 0 0 0 0 0 0 0 0 0 0 0]	[0 0 0 0 0 0 0 0 0 1 0 0]	[0 1 0 0 0 0]	[0 0 0 1 0 0]
11	-1.0	8.932074546813965	2.5340301990509033	2.5377087593078613	1.9333405494689941	1.9269951581954956	False	[0 0 0 0 0 0 0 0 0 0 0 0]	[0 0 0 0 0 0 0 0 0 1 0 1]	[0 1 0 0 0 0]	[0 0 0 1 0 0]
11	-1.0	8.934916496276855	2.534714698791504	2.538331985473633	1.934218406677246	1.9276511669158936	False	[0 0 0 0 0 0 0 0 0 0 0 0]	[0 0 0 0 0 0 0 0 0 1 0 0]	[0 1 0 0 0 0]	[0 0 0 1 0 0]
11	-1.0	8.930017471313477	2.5332984924316406	2.5368456840515137	1.9332376718521118	1.9266362190246582	False	[0 0 0 0 0 0 0 0 0 0 0 0]	[0 0 0 0 0 0 0 0 0 1 0 1]	[0 1 0 0 0 0]	[0 0 0 1 0 0]
