# num_workers = 64
# num_cells = 256
# seed_for_environment = 9959898
# lr = 0.0003
# max_grad_norm = 1.0
# eval_rollout_length = 30
# scaling_factor = 1000
# frames_per_batch = 1000
# sub_batch_size = 64
# num_epochs = 10
# clip_epsilon = 0.2
# gamma = 0.99
# lmbda = 0.95
# entropy_eps = 0.1
# reward_engineering = False
# minimum_number_of_qubits = 12
# log_name = None
# env_version = qecc/bbcode-ldpc-v0
# env_bit_flipping = True
# env_l = 12
# env_m = 6
# Number of workers: 64
# Does torch identify cuda: False
evaluation number	reward	policy entropy
0	-0.5	1.3140164613723755
0	0.011738250032067299	1.3588439226150513
0	-0.5	1.3140164613723755
0	0.012237749993801117	1.3588439226150513
0	-0.5	1.3140164613723755
0	0.011988000012934208	1.3588439226150513
0	-0.5	1.3140164613723755
0	0.011738250032067299	1.3588439226150513
0	-0.5	1.3140164613723755
0	0.012237749993801117	1.3588439226150513
0	-0.5	1.3140164613723755
0	0.012237749993801117	1.3588439226150513
0	-0.5	1.3140164613723755
0	0.01148850005120039	1.3588439226150513
0	-0.5	1.3140164613723755
0	0.012237749993801117	1.3588439226150513
0	-0.5	1.3140164613723755
0	0.012487499974668026	1.3588439226150513
0	-0.5	1.3140164613723755
0	0.012487499974668026	1.3588439226150513
0	-0.5	1.3140164613723755
0	0.011988000012934208	1.3588439226150513
0	-0.5	1.3140164613723755
0	0.012237749993801117	1.3588439226150513
0	-0.5	1.3140164613723755
0	0.012237749993801117	1.3588439226150513
0	-0.5	1.3140164613723755
0	0.012237749993801117	1.3588439226150513
0	-0.5	1.3140164613723755
0	0.01148850005120039	1.3588439226150513
1	0.011988000012934208	9.727266387926647e-07
1	0.01123875007033348	7.310791261261329e-07
1	0.011988000012934208	9.727266387926647e-07
1	0.011988000012934208	7.310791261261329e-07
1	0.012487499974668026	9.727266387926647e-07
1	0.012237749993801117	7.310791261261329e-07
1	0.012986999936401844	9.727266387926647e-07
1	0.012237749993801117	7.310791261261329e-07
1	0.012487499974668026	9.727266387926647e-07
1	0.012237749993801117	7.310791261261329e-07
1	0.011738250032067299	9.727266387926647e-07
1	0.012237749993801117	7.310791261261329e-07
1	0.012986999936401844	9.727266387926647e-07
1	0.012487499974668026	7.310791261261329e-07
1	0.012487499974668026	9.727266387926647e-07
1	0.012487499974668026	7.310791261261329e-07
1	0.012487499974668026	9.727266387926647e-07
1	0.011988000012934208	7.310791261261329e-07
1	0.011738250032067299	9.727266387926647e-07
1	0.012237749993801117	7.310791261261329e-07
1	0.012237749993801117	9.727266387926647e-07
1	0.011988000012934208	7.310791261261329e-07
1	0.01123875007033348	9.727266387926647e-07
1	0.012487499974668026	7.310791261261329e-07
1	0.012487499974668026	9.727266387926647e-07
1	0.012237749993801117	7.310791261261329e-07
1	0.012487499974668026	9.727266387926647e-07
1	0.012487499974668026	7.310791261261329e-07
1	0.011988000012934208	9.727266387926647e-07
1	0.011988000012934208	7.310791261261329e-07
2	0.013236749917268753	1.6680965018167626e-06
2	0.012237749993801117	1.2441515764294309e-06
2	0.012487499974668026	1.6680965018167626e-06
2	0.012237749993801117	1.2441515764294309e-06
2	0.012237749993801117	1.6680965018167626e-06
2	0.012237749993801117	1.2441515764294309e-06
2	0.012237749993801117	1.6680965018167626e-06
2	0.012487499974668026	1.2441515764294309e-06
2	0.011738250032067299	1.6680965018167626e-06
2	0.012237749993801117	1.2441515764294309e-06
2	0.011738250032067299	1.6680965018167626e-06
2	0.012237749993801117	1.2441515764294309e-06
2	0.011988000012934208	1.6680965018167626e-06
2	0.011988000012934208	1.2441515764294309e-06
2	0.011738250032067299	1.6680965018167626e-06
2	0.011988000012934208	1.2441515764294309e-06
2	0.011988000012934208	1.6680965018167626e-06
2	0.011738250032067299	1.2441515764294309e-06
2	0.011988000012934208	1.6680965018167626e-06
2	0.012237749993801117	1.2441515764294309e-06
2	0.012986999936401844	1.6680965018167626e-06
2	0.012237749993801117	1.2441515764294309e-06
2	0.012487499974668026	1.6680965018167626e-06
2	0.011988000012934208	1.2441515764294309e-06
2	0.012237749993801117	1.6680965018167626e-06
2	0.012487499974668026	1.2441515764294309e-06
2	0.012487499974668026	1.6680965018167626e-06
2	0.01148850005120039	1.2441515764294309e-06
2	0.012237749993801117	1.6680965018167626e-06
2	0.012237749993801117	1.2441515764294309e-06
3	0.01398599985986948	3.227952627415931e-10
3	0.011988000012934208	3.823044658624042e-10
3	0.012487499974668026	3.227952627415931e-10
3	0.011988000012934208	3.823044658624042e-10
3	0.013236749917268753	3.227952627415931e-10
3	0.012237749993801117	3.823044658624042e-10
3	0.013486499898135662	3.227952627415931e-10
3	0.012237749993801117	3.823044658624042e-10
3	0.01398599985986948	3.227952627415931e-10
3	0.01148850005120039	3.823044658624042e-10
3	0.013486499898135662	3.227952627415931e-10
3	0.01148850005120039	3.823044658624042e-10
3	0.013736249879002571	3.227952627415931e-10
3	0.012237749993801117	3.823044658624042e-10
3	0.012237749993801117	3.227952627415931e-10
3	0.011988000012934208	3.823044658624042e-10
3	0.012737249955534935	3.227952627415931e-10
3	0.011988000012934208	3.823044658624042e-10
3	0.013736249879002571	3.227952627415931e-10
3	0.011988000012934208	3.823044658624042e-10
3	0.012487499974668026	3.227952627415931e-10
3	0.012487499974668026	3.823044658624042e-10
3	0.01423574984073639	3.227952627415931e-10
3	0.012237749993801117	3.823044658624042e-10
3	0.013736249879002571	3.227952627415931e-10
3	0.011988000012934208	3.823044658624042e-10
3	0.01423574984073639	3.227952627415931e-10
3	0.012487499974668026	3.823044658624042e-10
3	0.012986999936401844	3.227952627415931e-10
3	0.010989000089466572	3.823044658624042e-10
4	0.015734249725937843	3.2489982926264815e-10
4	0.012487499974668026	3.84643372708382e-10
4	0.012737249955534935	3.2489982926264815e-10
4	0.012237749993801117	3.84643372708382e-10
4	0.013736249879002571	3.2489982926264815e-10
4	0.01148850005120039	3.84643372708382e-10
4	0.014485499821603298	3.2489982926264815e-10
4	0.011738250032067299	3.84643372708382e-10
4	0.01398599985986948	3.2489982926264815e-10
4	0.012237749993801117	3.84643372708382e-10
4	0.012487499974668026	3.2489982926264815e-10
4	0.011988000012934208	3.84643372708382e-10
4	0.012986999936401844	3.2489982926264815e-10
4	0.011738250032067299	3.84643372708382e-10
4	0.013486499898135662	3.2489982926264815e-10
4	0.011738250032067299	3.84643372708382e-10
4	0.01398599985986948	3.2489982926264815e-10
4	0.011988000012934208	3.84643372708382e-10
4	0.014485499821603298	3.2489982926264815e-10
4	0.012487499974668026	3.84643372708382e-10
4	0.013236749917268753	3.2489982926264815e-10
4	0.011988000012934208	3.84643372708382e-10
4	0.013736249879002571	3.2489982926264815e-10
4	0.011738250032067299	3.84643372708382e-10
4	0.012737249955534935	3.2489982926264815e-10
4	0.011988000012934208	3.84643372708382e-10
4	0.012986999936401844	3.2489982926264815e-10
4	0.01148850005120039	3.84643372708382e-10
4	0.012986999936401844	3.2489982926264815e-10
4	0.01148850005120039	3.84643372708382e-10
5	0.01423574984073639	3.312496943408405e-10
5	0.01148850005120039	3.917886015614158e-10
5	0.012986999936401844	3.312496943408405e-10
5	0.01123875007033348	3.917886015614158e-10
5	0.013236749917268753	3.312496943408405e-10
5	0.011988000012934208	3.917886015614158e-10
5	0.012237749993801117	3.312496943408405e-10
5	0.012237749993801117	3.917886015614158e-10
5	0.01423574984073639	3.312496943408405e-10
5	0.011738250032067299	3.917886015614158e-10
5	0.013486499898135662	3.312496943408405e-10
5	0.012237749993801117	3.917886015614158e-10
5	0.013486499898135662	3.312496943408405e-10
5	0.011988000012934208	3.917886015614158e-10
5	0.012737249955534935	3.312496943408405e-10
5	0.011988000012934208	3.917886015614158e-10
5	0.012487499974668026	3.312496943408405e-10
5	0.011988000012934208	3.917886015614158e-10
5	0.013486499898135662	3.312496943408405e-10
5	0.011988000012934208	3.917886015614158e-10
5	0.01398599985986948	3.312496943408405e-10
5	0.012487499974668026	3.917886015614158e-10
5	0.013486499898135662	3.312496943408405e-10
5	0.012237749993801117	3.917886015614158e-10
5	0.011738250032067299	3.312496943408405e-10
5	0.010989000089466572	3.917886015614158e-10
5	0.012986999936401844	3.312496943408405e-10
5	0.010989000089466572	3.917886015614158e-10
5	0.012986999936401844	3.312496943408405e-10
5	0.011988000012934208	3.917886015614158e-10
6	0.013236749917268753	3.5207733950493036e-10
6	0.01148850005120039	4.152840571425287e-10
6	0.013486499898135662	3.5207733950493036e-10
6	0.012237749993801117	4.152840571425287e-10
6	0.013236749917268753	3.5207733950493036e-10
6	0.012237749993801117	4.152840571425287e-10
6	0.012737249955534935	3.5207733950493036e-10
6	0.01148850005120039	4.152840571425287e-10
6	0.014485499821603298	3.5207733950493036e-10
6	0.011988000012934208	4.152840571425287e-10
6	0.012237749993801117	3.5207733950493036e-10
6	0.012237749993801117	4.152840571425287e-10
6	0.014984999783337116	3.5207733950493036e-10
6	0.011738250032067299	4.152840571425287e-10
6	0.013236749917268753	3.5207733950493036e-10
6	0.011738250032067299	4.152840571425287e-10
6	0.012487499974668026	3.5207733950493036e-10
6	0.011738250032067299	4.152840571425287e-10
6	0.014735249802470207	3.5207733950493036e-10
6	0.011988000012934208	4.152840571425287e-10
6	0.013486499898135662	3.5207733950493036e-10
6	0.011738250032067299	4.152840571425287e-10
6	0.012487499974668026	3.5207733950493036e-10
6	0.011988000012934208	4.152840571425287e-10
6	0.01423574984073639	3.5207733950493036e-10
6	0.01148850005120039	4.152840571425287e-10
6	0.014984999783337116	3.5207733950493036e-10
6	0.011988000012934208	4.152840571425287e-10
6	0.014485499821603298	3.5207733950493036e-10
6	0.011738250032067299	4.152840571425287e-10
7	0.011988000012934208	4.095468408849001e-10
7	0.010989000089466572	4.794944441499638e-10
7	0.012237749993801117	4.095468408849001e-10
7	0.011738250032067299	4.794944441499638e-10
7	0.01398599985986948	4.095468408849001e-10
7	0.011738250032067299	4.794944441499638e-10
7	0.012487499974668026	4.095468408849001e-10
7	0.012237749993801117	4.794944441499638e-10
7	0.014735249802470207	4.095468408849001e-10
7	0.011988000012934208	4.794944441499638e-10
7	0.012487499974668026	4.095468408849001e-10
7	0.011988000012934208	4.794944441499638e-10
7	0.013736249879002571	4.095468408849001e-10
7	0.01148850005120039	4.794944441499638e-10
7	0.012986999936401844	4.095468408849001e-10
7	0.011988000012934208	4.794944441499638e-10
7	0.012986999936401844	4.095468408849001e-10
7	0.012237749993801117	4.794944441499638e-10
7	0.013236749917268753	4.095468408849001e-10
7	0.012237749993801117	4.794944441499638e-10
7	0.012986999936401844	4.095468408849001e-10
7	0.011738250032067299	4.794944441499638e-10
7	0.013486499898135662	4.095468408849001e-10
7	0.01148850005120039	4.794944441499638e-10
7	0.013486499898135662	4.095468408849001e-10
7	0.011738250032067299	4.794944441499638e-10
7	0.013236749917268753	4.095468408849001e-10
7	0.012237749993801117	4.794944441499638e-10
7	0.012986999936401844	4.095468408849001e-10
7	0.012237749993801117	4.794944441499638e-10
8	0.013736249879002571	5.1012830563631155e-17
8	0.011988000012934208	6.760182525181882e-17
8	0.01398599985986948	5.1012830563631155e-17
8	0.011738250032067299	6.760182525181882e-17
8	0.012487499974668026	5.1012830563631155e-17
8	0.011738250032067299	6.760182525181882e-17
8	0.012237749993801117	5.1012830563631155e-17
8	0.011988000012934208	6.760182525181882e-17
8	0.013236749917268753	5.1012830563631155e-17
8	0.012237749993801117	6.760182525181882e-17
8	0.012487499974668026	5.1012830563631155e-17
8	0.012237749993801117	6.760182525181882e-17
8	0.013736249879002571	5.1012830563631155e-17
8	0.012487499974668026	6.760182525181882e-17
8	0.011988000012934208	5.1012830563631155e-17
8	0.011988000012934208	6.760182525181882e-17
8	0.013236749917268753	5.1012830563631155e-17
8	0.012487499974668026	6.760182525181882e-17
8	0.013236749917268753	5.1012830563631155e-17
8	0.011738250032067299	6.760182525181882e-17
8	0.011738250032067299	5.1012830563631155e-17
8	0.012487499974668026	6.760182525181882e-17
8	0.013486499898135662	5.1012830563631155e-17
8	0.011988000012934208	6.760182525181882e-17
8	0.012986999936401844	5.1012830563631155e-17
8	0.011738250032067299	6.760182525181882e-17
8	0.012487499974668026	5.1012830563631155e-17
8	0.011738250032067299	6.760182525181882e-17
8	0.013236749917268753	5.1012830563631155e-17
8	0.011988000012934208	6.760182525181882e-17
9	0.015984000638127327	5.1011126571569296e-17
9	0.011988000012934208	6.760123629922268e-17
9	0.012986999936401844	5.1011126571569296e-17
9	0.011738250032067299	6.760123629922268e-17
9	0.013486499898135662	5.1011126571569296e-17
9	0.011738250032067299	6.760123629922268e-17
9	0.013236749917268753	5.1011126571569296e-17
9	0.012237749993801117	6.760123629922268e-17
9	0.012986999936401844	5.1011126571569296e-17
9	0.012487499974668026	6.760123629922268e-17
9	0.011988000012934208	5.1011126571569296e-17
9	0.01148850005120039	6.760123629922268e-17
9	0.012737249955534935	5.1011126571569296e-17
9	0.011738250032067299	6.760123629922268e-17
9	0.012986999936401844	5.1011126571569296e-17
9	0.012237749993801117	6.760123629922268e-17
9	0.012237749993801117	5.1011126571569296e-17
9	0.012487499974668026	6.760123629922268e-17
9	0.011988000012934208	5.1011126571569296e-17
9	0.011738250032067299	6.760123629922268e-17
9	0.012737249955534935	5.1011126571569296e-17
9	0.012237749993801117	6.760123629922268e-17
9	0.013236749917268753	5.1011126571569296e-17
9	0.011738250032067299	6.760123629922268e-17
9	0.01398599985986948	5.1011126571569296e-17
9	0.011988000012934208	6.760123629922268e-17
9	0.014735249802470207	5.1011126571569296e-17
9	0.01148850005120039	6.760123629922268e-17
9	0.012986999936401844	5.1011126571569296e-17
9	0.012237749993801117	6.760123629922268e-17
10	0.013486499898135662	5.1011126571569296e-17
10	0.012487499974668026	6.760123629922268e-17
10	0.012237749993801117	5.1011126571569296e-17
10	0.012237749993801117	6.760123629922268e-17
10	0.012237749993801117	5.1011126571569296e-17
10	0.012237749993801117	6.760123629922268e-17
10	0.012487499974668026	5.1011126571569296e-17
10	0.011988000012934208	6.760123629922268e-17
10	0.012487499974668026	5.1011126571569296e-17
10	0.01148850005120039	6.760123629922268e-17
10	0.013486499898135662	5.1011126571569296e-17
10	0.01148850005120039	6.760123629922268e-17
10	0.012986999936401844	5.1011126571569296e-17
10	0.012237749993801117	6.760123629922268e-17
10	0.01423574984073639	5.1011126571569296e-17
10	0.012487499974668026	6.760123629922268e-17
10	0.01398599985986948	5.1011126571569296e-17
10	0.012237749993801117	6.760123629922268e-17
10	0.013736249879002571	5.1011126571569296e-17
10	0.011738250032067299	6.760123629922268e-17
10	0.012986999936401844	5.1011126571569296e-17
10	0.01148850005120039	6.760123629922268e-17
10	0.012487499974668026	5.1011126571569296e-17
10	0.01123875007033348	6.760123629922268e-17
10	0.013236749917268753	5.1011126571569296e-17
10	0.01148850005120039	6.760123629922268e-17
10	0.012487499974668026	5.1011126571569296e-17
10	0.012487499974668026	6.760123629922268e-17
10	0.013486499898135662	5.1011126571569296e-17
10	0.011738250032067299	6.760123629922268e-17
11	0.01423574984073639	5.1011126571569296e-17
11	0.011988000012934208	6.760123629922268e-17
11	0.013736249879002571	5.1011126571569296e-17
11	0.011988000012934208	6.760123629922268e-17
11	0.01423574984073639	5.1011126571569296e-17
11	0.012237749993801117	6.760123629922268e-17
11	0.012986999936401844	5.1011126571569296e-17
11	0.011988000012934208	6.760123629922268e-17
11	0.01398599985986948	5.1011126571569296e-17
11	0.01123875007033348	6.760123629922268e-17
11	0.012986999936401844	5.1011126571569296e-17
11	0.011738250032067299	6.760123629922268e-17
11	0.012986999936401844	5.1011126571569296e-17
11	0.012237749993801117	6.760123629922268e-17
11	0.013486499898135662	5.1011126571569296e-17
11	0.011738250032067299	6.760123629922268e-17
11	0.012237749993801117	5.1011126571569296e-17
11	0.01123875007033348	6.760123629922268e-17
11	0.012986999936401844	5.1011126571569296e-17
11	0.011988000012934208	6.760123629922268e-17
11	0.013486499898135662	5.1011126571569296e-17
11	0.011988000012934208	6.760123629922268e-17
11	0.012487499974668026	5.1011126571569296e-17
11	0.01148850005120039	6.760123629922268e-17
11	0.013486499898135662	5.1011126571569296e-17
11	0.011988000012934208	6.760123629922268e-17
11	0.012737249955534935	5.1011126571569296e-17
11	0.01123875007033348	6.760123629922268e-17
11	0.012237749993801117	5.1011126571569296e-17
11	0.012237749993801117	6.760123629922268e-17
12	0.012986999936401844	5.1011126571569296e-17
12	0.011738250032067299	6.760123629922268e-17
12	0.013236749917268753	5.1011126571569296e-17
12	0.011738250032067299	6.760123629922268e-17
12	0.012986999936401844	5.1011126571569296e-17
12	0.011988000012934208	6.760123629922268e-17
12	0.012487499974668026	5.1011126571569296e-17
12	0.011988000012934208	6.760123629922268e-17
12	0.012986999936401844	5.1011126571569296e-17
12	0.011988000012934208	6.760123629922268e-17
12	0.012237749993801117	5.1011126571569296e-17
12	0.012237749993801117	6.760123629922268e-17
12	0.012737249955534935	5.1011126571569296e-17
12	0.012237749993801117	6.760123629922268e-17
12	0.013736249879002571	5.1011126571569296e-17
12	0.01148850005120039	6.760123629922268e-17
12	0.013486499898135662	5.1011126571569296e-17
12	0.011738250032067299	6.760123629922268e-17
12	0.012487499974668026	5.1011126571569296e-17
12	0.011988000012934208	6.760123629922268e-17
12	0.013486499898135662	5.1011126571569296e-17
12	0.011988000012934208	6.760123629922268e-17
12	0.01398599985986948	5.1011126571569296e-17
12	0.011988000012934208	6.760123629922268e-17
12	0.013736249879002571	5.1011126571569296e-17
12	0.012237749993801117	6.760123629922268e-17
12	0.013236749917268753	5.1011126571569296e-17
12	0.011738250032067299	6.760123629922268e-17
12	0.013236749917268753	5.1011126571569296e-17
12	0.012237749993801117	6.760123629922268e-17
13	0.013486499898135662	5.1011126571569296e-17
13	0.01148850005120039	6.760123629922268e-17
13	0.012487499974668026	5.1011126571569296e-17
13	0.011988000012934208	6.760123629922268e-17
13	0.012237749993801117	5.1011126571569296e-17
13	0.012237749993801117	6.760123629922268e-17
13	0.012487499974668026	5.1011126571569296e-17
13	0.011988000012934208	6.760123629922268e-17
13	0.012487499974668026	5.1011126571569296e-17
13	0.011988000012934208	6.760123629922268e-17
13	0.012986999936401844	5.1011126571569296e-17
13	0.01148850005120039	6.760123629922268e-17
13	0.012487499974668026	5.1011126571569296e-17
13	0.01123875007033348	6.760123629922268e-17
13	0.012986999936401844	5.1011126571569296e-17
13	0.01148850005120039	6.760123629922268e-17
13	0.014485499821603298	5.1011126571569296e-17
13	0.011988000012934208	6.760123629922268e-17
13	0.013486499898135662	5.1011126571569296e-17
13	0.01148850005120039	6.760123629922268e-17
13	0.012487499974668026	5.1011126571569296e-17
13	0.011988000012934208	6.760123629922268e-17
13	0.012737249955534935	5.1011126571569296e-17
13	0.012237749993801117	6.760123629922268e-17
13	0.013236749917268753	5.1011126571569296e-17
13	0.012487499974668026	6.760123629922268e-17
13	0.012237749993801117	5.1011126571569296e-17
13	0.012237749993801117	6.760123629922268e-17
13	0.013736249879002571	5.1011126571569296e-17
13	0.011738250032067299	6.760123629922268e-17
14	0.013236749917268753	5.1011126571569296e-17
14	0.01123875007033348	6.760123629922268e-17
14	0.012986999936401844	5.1011126571569296e-17
14	0.012237749993801117	6.760123629922268e-17
14	0.013486499898135662	5.1011126571569296e-17
14	0.011988000012934208	6.760123629922268e-17
14	0.012986999936401844	5.1011126571569296e-17
14	0.011988000012934208	6.760123629922268e-17
14	0.013486499898135662	5.1011126571569296e-17
14	0.011988000012934208	6.760123629922268e-17
14	0.013486499898135662	5.1011126571569296e-17
14	0.011988000012934208	6.760123629922268e-17
14	0.012986999936401844	5.1011126571569296e-17
14	0.012487499974668026	6.760123629922268e-17
14	0.013486499898135662	5.1011126571569296e-17
14	0.01148850005120039	6.760123629922268e-17
14	0.013486499898135662	5.1011126571569296e-17
14	0.012237749993801117	6.760123629922268e-17
14	0.012737249955534935	5.1011126571569296e-17
14	0.011988000012934208	6.760123629922268e-17
14	0.011988000012934208	5.1011126571569296e-17
14	0.01148850005120039	6.760123629922268e-17
14	0.013236749917268753	5.1011126571569296e-17
14	0.011988000012934208	6.760123629922268e-17
14	0.012737249955534935	5.1011126571569296e-17
14	0.012237749993801117	6.760123629922268e-17
14	0.012487499974668026	5.1011126571569296e-17
14	0.011738250032067299	6.760123629922268e-17
14	0.013236749917268753	5.1011126571569296e-17
14	0.011738250032067299	6.760123629922268e-17
15	0.01398599985986948	5.1011126571569296e-17
15	0.010989000089466572	6.760123629922268e-17
15	0.012986999936401844	5.1011126571569296e-17
15	0.012237749993801117	6.760123629922268e-17
15	0.013486499898135662	5.1011126571569296e-17
15	0.011738250032067299	6.760123629922268e-17
15	0.012487499974668026	5.1011126571569296e-17
15	0.012237749993801117	6.760123629922268e-17
15	0.014735249802470207	5.1011126571569296e-17
15	0.011988000012934208	6.760123629922268e-17
15	0.012737249955534935	5.1011126571569296e-17
15	0.011738250032067299	6.760123629922268e-17
15	0.01398599985986948	5.1011126571569296e-17
15	0.011738250032067299	6.760123629922268e-17
15	0.012986999936401844	5.1011126571569296e-17
15	0.011738250032067299	6.760123629922268e-17
15	0.012487499974668026	5.1011126571569296e-17
15	0.011738250032067299	6.760123629922268e-17
15	0.012487499974668026	5.1011126571569296e-17
15	0.011738250032067299	6.760123629922268e-17
15	0.013236749917268753	5.1011126571569296e-17
15	0.011738250032067299	6.760123629922268e-17
15	0.012487499974668026	5.1011126571569296e-17
15	0.012487499974668026	6.760123629922268e-17
15	0.013486499898135662	5.1011126571569296e-17
15	0.012487499974668026	6.760123629922268e-17
15	0.013486499898135662	5.1011126571569296e-17
15	0.01148850005120039	6.760123629922268e-17
15	0.013486499898135662	5.1011126571569296e-17
15	0.011738250032067299	6.760123629922268e-17
16	0.013486499898135662	5.1011126571569296e-17
16	0.01148850005120039	6.760123629922268e-17
16	0.011988000012934208	5.1011126571569296e-17
16	0.01148850005120039	6.760123629922268e-17
16	0.012986999936401844	5.1011126571569296e-17
16	0.011988000012934208	6.760123629922268e-17
16	0.012487499974668026	5.1011126571569296e-17
16	0.011738250032067299	6.760123629922268e-17
16	0.012986999936401844	5.1011126571569296e-17
16	0.012237749993801117	6.760123629922268e-17
16	0.012487499974668026	5.1011126571569296e-17
16	0.011988000012934208	6.760123629922268e-17
16	0.013736249879002571	5.1011126571569296e-17
16	0.012237749993801117	6.760123629922268e-17
16	0.012737249955534935	5.1011126571569296e-17
16	0.012237749993801117	6.760123629922268e-17
16	0.012986999936401844	5.1011126571569296e-17
16	0.010989000089466572	6.760123629922268e-17
16	0.012737249955534935	5.1011126571569296e-17
16	0.012487499974668026	6.760123629922268e-17
16	0.013236749917268753	5.1011126571569296e-17
16	0.012237749993801117	6.760123629922268e-17
16	0.013736249879002571	5.1011126571569296e-17
16	0.011738250032067299	6.760123629922268e-17
16	0.014984999783337116	5.1011126571569296e-17
16	0.01123875007033348	6.760123629922268e-17
16	0.012487499974668026	5.1011126571569296e-17
16	0.011738250032067299	6.760123629922268e-17
16	0.012487499974668026	5.1011126571569296e-17
16	0.011988000012934208	6.760123629922268e-17
17	0.012737249955534935	5.1011126571569296e-17
17	0.012487499974668026	6.760123629922268e-17
17	0.013486499898135662	5.1011126571569296e-17
17	0.012487499974668026	6.760123629922268e-17
17	0.012487499974668026	5.1011126571569296e-17
17	0.011988000012934208	6.760123629922268e-17
17	0.013236749917268753	5.1011126571569296e-17
17	0.011738250032067299	6.760123629922268e-17
17	0.013236749917268753	5.1011126571569296e-17
17	0.010989000089466572	6.760123629922268e-17
17	0.012487499974668026	5.1011126571569296e-17
17	0.012487499974668026	6.760123629922268e-17
17	0.011988000012934208	5.1011126571569296e-17
17	0.011738250032067299	6.760123629922268e-17
17	0.012986999936401844	5.1011126571569296e-17
17	0.012237749993801117	6.760123629922268e-17
17	0.012986999936401844	5.1011126571569296e-17
17	0.011988000012934208	6.760123629922268e-17
17	0.01398599985986948	5.1011126571569296e-17
17	0.012487499974668026	6.760123629922268e-17
17	0.012737249955534935	5.1011126571569296e-17
17	0.01148850005120039	6.760123629922268e-17
17	0.013486499898135662	5.1011126571569296e-17
17	0.012237749993801117	6.760123629922268e-17
17	0.012986999936401844	5.1011126571569296e-17
17	0.012487499974668026	6.760123629922268e-17
17	0.013486499898135662	5.1011126571569296e-17
17	0.011738250032067299	6.760123629922268e-17
17	0.012986999936401844	5.1011126571569296e-17
17	0.012487499974668026	6.760123629922268e-17
18	0.013486499898135662	5.1011126571569296e-17
18	0.01148850005120039	6.760123629922268e-17
18	0.012986999936401844	5.1011126571569296e-17
18	0.011988000012934208	6.760123629922268e-17
18	0.01398599985986948	5.1011126571569296e-17
18	0.011988000012934208	6.760123629922268e-17
18	0.011738250032067299	5.1011126571569296e-17
18	0.011738250032067299	6.760123629922268e-17
18	0.01398599985986948	5.1011126571569296e-17
18	0.012487499974668026	6.760123629922268e-17
18	0.013236749917268753	5.1011126571569296e-17
18	0.012237749993801117	6.760123629922268e-17
18	0.013486499898135662	5.1011126571569296e-17
18	0.011988000012934208	6.760123629922268e-17
18	0.012986999936401844	5.1011126571569296e-17
18	0.01123875007033348	6.760123629922268e-17
18	0.012487499974668026	5.1011126571569296e-17
18	0.012487499974668026	6.760123629922268e-17
18	0.013736249879002571	5.1011126571569296e-17
18	0.011988000012934208	6.760123629922268e-17
18	0.012986999936401844	5.1011126571569296e-17
18	0.012237749993801117	6.760123629922268e-17
18	0.013486499898135662	5.1011126571569296e-17
18	0.01148850005120039	6.760123629922268e-17
18	0.011988000012934208	5.1011126571569296e-17
18	0.011988000012934208	6.760123629922268e-17
18	0.014984999783337116	5.1011126571569296e-17
18	0.011738250032067299	6.760123629922268e-17
18	0.01398599985986948	5.1011126571569296e-17
18	0.012487499974668026	6.760123629922268e-17
19	0.013736249879002571	5.1011126571569296e-17
19	0.011988000012934208	6.760123629922268e-17
19	0.013236749917268753	5.1011126571569296e-17
19	0.011988000012934208	6.760123629922268e-17
19	0.013486499898135662	5.1011126571569296e-17
19	0.012237749993801117	6.760123629922268e-17
19	0.012986999936401844	5.1011126571569296e-17
19	0.011738250032067299	6.760123629922268e-17
19	0.01423574984073639	5.1011126571569296e-17
19	0.01148850005120039	6.760123629922268e-17
19	0.013236749917268753	5.1011126571569296e-17
19	0.012487499974668026	6.760123629922268e-17
19	0.013486499898135662	5.1011126571569296e-17
19	0.012237749993801117	6.760123629922268e-17
19	0.01398599985986948	5.1011126571569296e-17
19	0.011988000012934208	6.760123629922268e-17
19	0.013236749917268753	5.1011126571569296e-17
19	0.011738250032067299	6.760123629922268e-17
19	0.013236749917268753	5.1011126571569296e-17
19	0.011988000012934208	6.760123629922268e-17
19	0.013486499898135662	5.1011126571569296e-17
19	0.01148850005120039	6.760123629922268e-17
19	0.012487499974668026	5.1011126571569296e-17
19	0.01148850005120039	6.760123629922268e-17
19	0.013736249879002571	5.1011126571569296e-17
19	0.012237749993801117	6.760123629922268e-17
19	0.01398599985986948	5.1011126571569296e-17
19	0.011988000012934208	6.760123629922268e-17
19	0.012487499974668026	5.1011126571569296e-17
19	0.011988000012934208	6.760123629922268e-17
20	0.011738250032067299	5.1011126571569296e-17
20	0.011738250032067299	6.760123629922268e-17
20	0.013486499898135662	5.1011126571569296e-17
20	0.01148850005120039	6.760123629922268e-17
20	0.013236749917268753	5.1011126571569296e-17
20	0.011988000012934208	6.760123629922268e-17
20	0.013486499898135662	5.1011126571569296e-17
20	0.01148850005120039	6.760123629922268e-17
20	0.013236749917268753	5.1011126571569296e-17
20	0.011738250032067299	6.760123629922268e-17
20	0.013486499898135662	5.1011126571569296e-17
20	0.012487499974668026	6.760123629922268e-17
20	0.013236749917268753	5.1011126571569296e-17
20	0.012237749993801117	6.760123629922268e-17
20	0.012237749993801117	5.1011126571569296e-17
20	0.012237749993801117	6.760123629922268e-17
20	0.012487499974668026	5.1011126571569296e-17
20	0.011988000012934208	6.760123629922268e-17
20	0.012986999936401844	5.1011126571569296e-17
20	0.011988000012934208	6.760123629922268e-17
20	0.012986999936401844	5.1011126571569296e-17
20	0.01123875007033348	6.760123629922268e-17
20	0.012737249955534935	5.1011126571569296e-17
20	0.01123875007033348	6.760123629922268e-17
20	0.013736249879002571	5.1011126571569296e-17
20	0.011738250032067299	6.760123629922268e-17
20	0.012986999936401844	5.1011126571569296e-17
20	0.011988000012934208	6.760123629922268e-17
20	0.012737249955534935	5.1011126571569296e-17
20	0.011988000012934208	6.760123629922268e-17
21	0.012737249955534935	5.1011126571569296e-17
21	0.011988000012934208	6.760123629922268e-17
21	0.012237749993801117	5.1011126571569296e-17
21	0.012237749993801117	6.760123629922268e-17
21	0.012487499974668026	5.1011126571569296e-17
21	0.01123875007033348	6.760123629922268e-17
21	0.012986999936401844	5.1011126571569296e-17
21	0.011988000012934208	6.760123629922268e-17
21	0.012986999936401844	5.1011126571569296e-17
21	0.012237749993801117	6.760123629922268e-17
21	0.013486499898135662	5.1011126571569296e-17
21	0.011988000012934208	6.760123629922268e-17
21	0.013486499898135662	5.1011126571569296e-17
21	0.011738250032067299	6.760123629922268e-17
21	0.013736249879002571	5.1011126571569296e-17
21	0.010989000089466572	6.760123629922268e-17
21	0.013236749917268753	5.1011126571569296e-17
21	0.011988000012934208	6.760123629922268e-17
21	0.012986999936401844	5.1011126571569296e-17
21	0.011988000012934208	6.760123629922268e-17
21	0.012737249955534935	5.1011126571569296e-17
21	0.012237749993801117	6.760123629922268e-17
21	0.012737249955534935	5.1011126571569296e-17
21	0.011988000012934208	6.760123629922268e-17
21	0.01398599985986948	5.1011126571569296e-17
21	0.012487499974668026	6.760123629922268e-17
21	0.013736249879002571	5.1011126571569296e-17
21	0.012237749993801117	6.760123629922268e-17
21	0.013486499898135662	5.1011126571569296e-17
21	0.012237749993801117	6.760123629922268e-17
22	0.013236749917268753	5.1011126571569296e-17
22	0.01148850005120039	6.760123629922268e-17
22	0.012986999936401844	5.1011126571569296e-17
22	0.01148850005120039	6.760123629922268e-17
22	0.013236749917268753	5.1011126571569296e-17
22	0.012237749993801117	6.760123629922268e-17
22	0.012737249955534935	5.1011126571569296e-17
22	0.01123875007033348	6.760123629922268e-17
22	0.012237749993801117	5.1011126571569296e-17
22	0.011738250032067299	6.760123629922268e-17
22	0.01398599985986948	5.1011126571569296e-17
22	0.012237749993801117	6.760123629922268e-17
22	0.012737249955534935	5.1011126571569296e-17
22	0.012237749993801117	6.760123629922268e-17
22	0.012237749993801117	5.1011126571569296e-17
22	0.011988000012934208	6.760123629922268e-17
22	0.01423574984073639	5.1011126571569296e-17
22	0.012487499974668026	6.760123629922268e-17
22	0.012487499974668026	5.1011126571569296e-17
22	0.011988000012934208	6.760123629922268e-17
22	0.013736249879002571	5.1011126571569296e-17
22	0.01148850005120039	6.760123629922268e-17
22	0.013736249879002571	5.1011126571569296e-17
22	0.012237749993801117	6.760123629922268e-17
22	0.012986999936401844	5.1011126571569296e-17
22	0.011988000012934208	6.760123629922268e-17
22	0.012737249955534935	5.1011126571569296e-17
22	0.012237749993801117	6.760123629922268e-17
22	0.012986999936401844	5.1011126571569296e-17
22	0.011738250032067299	6.760123629922268e-17
23	0.014735249802470207	5.1011126571569296e-17
23	0.01123875007033348	6.760123629922268e-17
23	0.012237749993801117	5.1011126571569296e-17
23	0.011738250032067299	6.760123629922268e-17
23	0.012237749993801117	5.1011126571569296e-17
23	0.011738250032067299	6.760123629922268e-17
23	0.013236749917268753	5.1011126571569296e-17
23	0.011988000012934208	6.760123629922268e-17
23	0.01423574984073639	5.1011126571569296e-17
23	0.011738250032067299	6.760123629922268e-17
23	0.01398599985986948	5.1011126571569296e-17
23	0.012237749993801117	6.760123629922268e-17
23	0.014485499821603298	5.1011126571569296e-17
23	0.011988000012934208	6.760123629922268e-17
23	0.012986999936401844	5.1011126571569296e-17
23	0.012237749993801117	6.760123629922268e-17
23	0.01423574984073639	5.1011126571569296e-17
23	0.01148850005120039	6.760123629922268e-17
23	0.012487499974668026	5.1011126571569296e-17
23	0.011738250032067299	6.760123629922268e-17
23	0.013736249879002571	5.1011126571569296e-17
23	0.012237749993801117	6.760123629922268e-17
23	0.012737249955534935	5.1011126571569296e-17
23	0.011738250032067299	6.760123629922268e-17
23	0.012737249955534935	5.1011126571569296e-17
23	0.011988000012934208	6.760123629922268e-17
23	0.013236749917268753	5.1011126571569296e-17
23	0.011988000012934208	6.760123629922268e-17
23	0.014735249802470207	5.1011126571569296e-17
23	0.011988000012934208	6.760123629922268e-17
24	0.012737249955534935	5.1011126571569296e-17
24	0.011738250032067299	6.760138850045539e-17
24	0.012737249955534935	5.1011126571569296e-17
24	0.011988000012934208	6.760138850045539e-17
24	0.012237749993801117	5.1011126571569296e-17
24	0.012237749993801117	6.760138850045539e-17
24	0.013486499898135662	5.1011126571569296e-17
24	0.011738250032067299	6.760138850045539e-17
24	0.01398599985986948	5.1011126571569296e-17
24	0.012237749993801117	6.760138850045539e-17
24	0.013486499898135662	5.1011126571569296e-17
24	0.012237749993801117	6.760138850045539e-17
24	0.01423574984073639	5.1011126571569296e-17
24	0.012237749993801117	6.760138850045539e-17
24	0.013486499898135662	5.1011126571569296e-17
24	0.011988000012934208	6.760138850045539e-17
24	0.01398599985986948	5.1011126571569296e-17
24	0.012237749993801117	6.760138850045539e-17
24	0.014485499821603298	5.1011126571569296e-17
24	0.011988000012934208	6.760138850045539e-17
24	0.013236749917268753	5.1011126571569296e-17
24	0.012237749993801117	6.760138850045539e-17
24	0.01398599985986948	5.1011126571569296e-17
24	0.011738250032067299	6.760138850045539e-17
24	0.013486499898135662	5.1011126571569296e-17
24	0.011988000012934208	6.760138850045539e-17
24	0.012986999936401844	5.1011126571569296e-17
24	0.012237749993801117	6.760138850045539e-17
24	0.01398599985986948	5.1011126571569296e-17
24	0.012237749993801117	6.760138850045539e-17
25	0.013486499898135662	5.1011126571569296e-17
25	0.010989000089466572	6.760138850045539e-17
25	0.01423574984073639	5.1011126571569296e-17
25	0.011738250032067299	6.760138850045539e-17
25	0.012737249955534935	5.1011126571569296e-17
25	0.012487499974668026	6.760138850045539e-17
25	0.01398599985986948	5.1011126571569296e-17
25	0.012237749993801117	6.760138850045539e-17
25	0.014735249802470207	5.1011126571569296e-17
25	0.011988000012934208	6.760138850045539e-17
25	0.012237749993801117	5.1011126571569296e-17
25	0.012237749993801117	6.760138850045539e-17
25	0.013486499898135662	5.1011126571569296e-17
25	0.011988000012934208	6.760138850045539e-17
25	0.012986999936401844	5.1011126571569296e-17
25	0.012237749993801117	6.760138850045539e-17
25	0.012487499974668026	5.1011126571569296e-17
25	0.010989000089466572	6.760138850045539e-17
25	0.012737249955534935	5.1011126571569296e-17
25	0.012237749993801117	6.760138850045539e-17
25	0.013236749917268753	5.1011126571569296e-17
25	0.011988000012934208	6.760138850045539e-17
25	0.013736249879002571	5.1011126571569296e-17
25	0.011738250032067299	6.760138850045539e-17
25	0.012986999936401844	5.1011126571569296e-17
25	0.01148850005120039	6.760138850045539e-17
25	0.015234749764204025	5.1011126571569296e-17
25	0.011738250032067299	6.760138850045539e-17
25	0.013736249879002571	5.1011126571569296e-17
25	0.01148850005120039	6.760138850045539e-17
26	0.013236749917268753	5.1011126571569296e-17
26	0.012237749993801117	6.760138850045539e-17
26	0.013486499898135662	5.1011126571569296e-17
26	0.012237749993801117	6.760138850045539e-17
26	0.012237749993801117	5.1011126571569296e-17
26	0.011738250032067299	6.760138850045539e-17
26	0.013736249879002571	5.1011126571569296e-17
26	0.011988000012934208	6.760138850045539e-17
26	0.013736249879002571	5.1011126571569296e-17
26	0.011738250032067299	6.760138850045539e-17
26	0.012237749993801117	5.1011126571569296e-17
26	0.012237749993801117	6.760138850045539e-17
26	0.013236749917268753	5.1011126571569296e-17
26	0.012237749993801117	6.760138850045539e-17
26	0.012986999936401844	5.1011126571569296e-17
26	0.012487499974668026	6.760138850045539e-17
26	0.014485499821603298	5.1011126571569296e-17
26	0.012487499974668026	6.760138850045539e-17
26	0.01398599985986948	5.1011126571569296e-17
26	0.012237749993801117	6.760138850045539e-17
26	0.012487499974668026	5.1011126571569296e-17
26	0.011738250032067299	6.760138850045539e-17
26	0.013486499898135662	5.1011126571569296e-17
26	0.01123875007033348	6.760138850045539e-17
26	0.011988000012934208	5.1011126571569296e-17
26	0.011988000012934208	6.760138850045539e-17
26	0.012487499974668026	5.1011126571569296e-17
26	0.012237749993801117	6.760138850045539e-17
26	0.012737249955534935	5.1011126571569296e-17
26	0.011988000012934208	6.760138850045539e-17
27	0.012986999936401844	5.1011126571569296e-17
27	0.011988000012934208	6.760138850045539e-17
27	0.012487499974668026	5.1011126571569296e-17
27	0.01148850005120039	6.760138850045539e-17
27	0.012737249955534935	5.1011126571569296e-17
27	0.011988000012934208	6.760138850045539e-17
27	0.012737249955534935	5.1011126571569296e-17
27	0.012237749993801117	6.760138850045539e-17
27	0.01398599985986948	5.1011126571569296e-17
27	0.011738250032067299	6.760138850045539e-17
27	0.012737249955534935	5.1011126571569296e-17
27	0.01123875007033348	6.760138850045539e-17
27	0.012737249955534935	5.1011126571569296e-17
27	0.01148850005120039	6.760138850045539e-17
27	0.012737249955534935	5.1011126571569296e-17
27	0.012237749993801117	6.760138850045539e-17
27	0.012737249955534935	5.1011126571569296e-17
27	0.011988000012934208	6.760138850045539e-17
27	0.013236749917268753	5.1011126571569296e-17
27	0.01148850005120039	6.760138850045539e-17
27	0.013486499898135662	5.1011126571569296e-17
27	0.012237749993801117	6.760138850045539e-17
27	0.013486499898135662	5.1011126571569296e-17
27	0.011738250032067299	6.760138850045539e-17
27	0.014485499821603298	5.1011126571569296e-17
27	0.01148850005120039	6.760138850045539e-17
27	0.013486499898135662	5.1011126571569296e-17
27	0.01123875007033348	6.760138850045539e-17
27	0.012986999936401844	5.1011126571569296e-17
27	0.011738250032067299	6.760138850045539e-17
28	0.012737249955534935	5.1011126571569296e-17
28	0.011738250032067299	6.760138850045539e-17
28	0.012737249955534935	5.1011126571569296e-17
28	0.012237749993801117	6.760138850045539e-17
28	0.013736249879002571	5.1011126571569296e-17
28	0.011988000012934208	6.760138850045539e-17
28	0.012737249955534935	5.1011126571569296e-17
28	0.011738250032067299	6.760138850045539e-17
28	0.012487499974668026	5.1011126571569296e-17
28	0.012487499974668026	6.760138850045539e-17
28	0.013236749917268753	5.1011126571569296e-17
28	0.011738250032067299	6.760138850045539e-17
28	0.013736249879002571	5.1011126571569296e-17
28	0.012237749993801117	6.760138850045539e-17
28	0.012986999936401844	5.1011126571569296e-17
28	0.011988000012934208	6.760138850045539e-17
28	0.012737249955534935	5.1011126571569296e-17
28	0.012487499974668026	6.760138850045539e-17
28	0.01398599985986948	5.1011126571569296e-17
28	0.012487499974668026	6.760138850045539e-17
28	0.012487499974668026	5.1011126571569296e-17
28	0.011738250032067299	6.760138850045539e-17
28	0.013736249879002571	5.1011126571569296e-17
28	0.012487499974668026	6.760138850045539e-17
28	0.013236749917268753	5.1011126571569296e-17
28	0.012487499974668026	6.760138850045539e-17
28	0.01423574984073639	5.1011126571569296e-17
28	0.012237749993801117	6.760138850045539e-17
28	0.014485499821603298	5.1011126571569296e-17
28	0.011738250032067299	6.760138850045539e-17
29	0.013736249879002571	5.10112324506877e-17
29	0.012237749993801117	6.760138850045539e-17
29	0.014485499821603298	5.10112324506877e-17
29	0.01148850005120039	6.760138850045539e-17
29	0.012986999936401844	5.10112324506877e-17
29	0.012487499974668026	6.760138850045539e-17
29	0.012986999936401844	5.10112324506877e-17
29	0.011738250032067299	6.760138850045539e-17
29	0.012986999936401844	5.10112324506877e-17
29	0.01148850005120039	6.760138850045539e-17
29	0.012237749993801117	5.10112324506877e-17
29	0.012237749993801117	6.760138850045539e-17
29	0.012737249955534935	5.10112324506877e-17
29	0.011988000012934208	6.760138850045539e-17
29	0.01423574984073639	5.10112324506877e-17
29	0.011988000012934208	6.760138850045539e-17
29	0.012986999936401844	5.10112324506877e-17
29	0.011738250032067299	6.760138850045539e-17
29	0.01398599985986948	5.10112324506877e-17
29	0.012237749993801117	6.760138850045539e-17
29	0.01398599985986948	5.10112324506877e-17
29	0.012237749993801117	6.760138850045539e-17
29	0.014485499821603298	5.10112324506877e-17
29	0.011988000012934208	6.760138850045539e-17
29	0.013236749917268753	5.10112324506877e-17
29	0.012237749993801117	6.760138850045539e-17
29	0.01398599985986948	5.10112324506877e-17
29	0.011988000012934208	6.760138850045539e-17
29	0.013486499898135662	5.10112324506877e-17
29	0.012487499974668026	6.760138850045539e-17
30	0.013736249879002571	5.10112324506877e-17
30	0.011738250032067299	6.760138850045539e-17
30	0.012737249955534935	5.10112324506877e-17
30	0.012237749993801117	6.760138850045539e-17
30	0.013486499898135662	5.10112324506877e-17
30	0.012237749993801117	6.760138850045539e-17
30	0.012986999936401844	5.10112324506877e-17
30	0.011738250032067299	6.760138850045539e-17
30	0.013486499898135662	5.10112324506877e-17
30	0.012237749993801117	6.760138850045539e-17
30	0.012237749993801117	5.10112324506877e-17
30	0.011988000012934208	6.760138850045539e-17
30	0.012487499974668026	5.10112324506877e-17
30	0.011988000012934208	6.760138850045539e-17
30	0.01398599985986948	5.10112324506877e-17
30	0.012237749993801117	6.760138850045539e-17
30	0.012986999936401844	5.10112324506877e-17
30	0.012237749993801117	6.760138850045539e-17
30	0.012237749993801117	5.10112324506877e-17
30	0.011988000012934208	6.760138850045539e-17
30	0.014485499821603298	5.10112324506877e-17
30	0.011988000012934208	6.760138850045539e-17
30	0.012487499974668026	5.10112324506877e-17
30	0.01123875007033348	6.760138850045539e-17
30	0.012737249955534935	5.10112324506877e-17
30	0.012237749993801117	6.760138850045539e-17
30	0.013736249879002571	5.10112324506877e-17
30	0.012237749993801117	6.760138850045539e-17
30	0.012986999936401844	5.10112324506877e-17
30	0.012237749993801117	6.760138850045539e-17
31	0.012986999936401844	5.10112324506877e-17
31	0.012237749993801117	6.760138850045539e-17
31	0.01398599985986948	5.10112324506877e-17
31	0.012237749993801117	6.760138850045539e-17
31	0.013486499898135662	5.10112324506877e-17
31	0.012237749993801117	6.760138850045539e-17
31	0.012487499974668026	5.10112324506877e-17
31	0.012237749993801117	6.760138850045539e-17
31	0.013486499898135662	5.10112324506877e-17
31	0.012237749993801117	6.760138850045539e-17
31	0.012986999936401844	5.10112324506877e-17
31	0.012237749993801117	6.760138850045539e-17
31	0.012487499974668026	5.10112324506877e-17
31	0.011738250032067299	6.760138850045539e-17
31	0.013486499898135662	5.10112324506877e-17
31	0.012237749993801117	6.760138850045539e-17
31	0.013736249879002571	5.10112324506877e-17
31	0.012237749993801117	6.760138850045539e-17
31	0.01398599985986948	5.10112324506877e-17
31	0.011988000012934208	6.760138850045539e-17
31	0.013486499898135662	5.10112324506877e-17
31	0.012237749993801117	6.760138850045539e-17
31	0.013486499898135662	5.10112324506877e-17
31	0.012487499974668026	6.760138850045539e-17
31	0.012986999936401844	5.10112324506877e-17
31	0.012237749993801117	6.760138850045539e-17
31	0.013736249879002571	5.10112324506877e-17
31	0.012237749993801117	6.760138850045539e-17
31	0.012986999936401844	5.10112324506877e-17
31	0.011988000012934208	6.760138850045539e-17
32	0.013486499898135662	5.10112324506877e-17
32	0.011988000012934208	6.76014745272391e-17
32	0.012986999936401844	5.10112324506877e-17
32	0.01123875007033348	6.76014745272391e-17
32	0.013486499898135662	5.10112324506877e-17
32	0.011738250032067299	6.76014745272391e-17
32	0.015234749764204025	5.10112324506877e-17
32	0.011988000012934208	6.76014745272391e-17
32	0.012986999936401844	5.10112324506877e-17
32	0.011738250032067299	6.76014745272391e-17
32	0.012986999936401844	5.10112324506877e-17
32	0.012237749993801117	6.76014745272391e-17
32	0.012487499974668026	5.10112324506877e-17
32	0.011988000012934208	6.76014745272391e-17
32	0.012986999936401844	5.10112324506877e-17
32	0.012237749993801117	6.76014745272391e-17
32	0.013236749917268753	5.10112324506877e-17
32	0.01123875007033348	6.76014745272391e-17
32	0.013486499898135662	5.10112324506877e-17
32	0.01148850005120039	6.76014745272391e-17
32	0.013236749917268753	5.10112324506877e-17
32	0.011988000012934208	6.76014745272391e-17
32	0.013486499898135662	5.10112324506877e-17
32	0.011988000012934208	6.76014745272391e-17
32	0.012986999936401844	5.10112324506877e-17
32	0.01148850005120039	6.76014745272391e-17
32	0.013486499898135662	5.10112324506877e-17
32	0.012237749993801117	6.76014745272391e-17
32	0.012487499974668026	5.10112324506877e-17
32	0.012487499974668026	6.76014745272391e-17
33	0.013486499898135662	5.10112324506877e-17
33	0.01148850005120039	6.76014745272391e-17
33	0.013736249879002571	5.10112324506877e-17
33	0.012237749993801117	6.76014745272391e-17
33	0.013736249879002571	5.10112324506877e-17
33	0.012487499974668026	6.76014745272391e-17
33	0.012487499974668026	5.10112324506877e-17
33	0.012237749993801117	6.76014745272391e-17
33	0.013486499898135662	5.10112324506877e-17
33	0.011988000012934208	6.76014745272391e-17
33	0.01398599985986948	5.10112324506877e-17
33	0.011738250032067299	6.76014745272391e-17
33	0.012237749993801117	5.10112324506877e-17
33	0.011988000012934208	6.76014745272391e-17
33	0.012737249955534935	5.10112324506877e-17
33	0.012237749993801117	6.76014745272391e-17
33	0.01398599985986948	5.10112324506877e-17
33	0.012237749993801117	6.76014745272391e-17
33	0.012237749993801117	5.10112324506877e-17
33	0.01148850005120039	6.76014745272391e-17
33	0.013486499898135662	5.10112324506877e-17
33	0.011988000012934208	6.76014745272391e-17
33	0.012237749993801117	5.10112324506877e-17
33	0.011738250032067299	6.76014745272391e-17
33	0.012487499974668026	5.10112324506877e-17
33	0.011988000012934208	6.76014745272391e-17
33	0.013486499898135662	5.10112324506877e-17
33	0.01123875007033348	6.76014745272391e-17
33	0.012487499974668026	5.10112324506877e-17
33	0.01148850005120039	6.76014745272391e-17
34	0.012737249955534935	5.10112324506877e-17
34	0.012487499974668026	6.76014745272391e-17
34	0.01423574984073639	5.10112324506877e-17
34	0.011738250032067299	6.76014745272391e-17
34	0.013236749917268753	5.10112324506877e-17
34	0.012237749993801117	6.76014745272391e-17
34	0.012986999936401844	5.10112324506877e-17
34	0.011738250032067299	6.76014745272391e-17
34	0.012487499974668026	5.10112324506877e-17
34	0.012487499974668026	6.76014745272391e-17
34	0.01423574984073639	5.10112324506877e-17
34	0.011738250032067299	6.76014745272391e-17
34	0.012986999936401844	5.10112324506877e-17
34	0.011738250032067299	6.76014745272391e-17
34	0.01398599985986948	5.10112324506877e-17
34	0.011988000012934208	6.76014745272391e-17
34	0.012737249955534935	5.10112324506877e-17
34	0.011738250032067299	6.76014745272391e-17
34	0.013236749917268753	5.10112324506877e-17
34	0.01123875007033348	6.76014745272391e-17
34	0.013486499898135662	5.10112324506877e-17
34	0.012237749993801117	6.76014745272391e-17
34	0.013486499898135662	5.10112324506877e-17
34	0.011738250032067299	6.76014745272391e-17
34	0.012737249955534935	5.10112324506877e-17
34	0.011988000012934208	6.76014745272391e-17
34	0.013736249879002571	5.10112324506877e-17
34	0.012237749993801117	6.76014745272391e-17
34	0.015234749764204025	5.10112324506877e-17
34	0.011738250032067299	6.76014745272391e-17
35	0.013486499898135662	5.10112324506877e-17
35	0.011738250032067299	6.76014745272391e-17
35	0.013236749917268753	5.10112324506877e-17
35	0.012237749993801117	6.76014745272391e-17
35	0.012487499974668026	5.10112324506877e-17
35	0.012487499974668026	6.76014745272391e-17
35	0.012237749993801117	5.10112324506877e-17
35	0.011988000012934208	6.76014745272391e-17
35	0.013236749917268753	5.10112324506877e-17
35	0.012487499974668026	6.76014745272391e-17
35	0.012237749993801117	5.10112324506877e-17
35	0.012487499974668026	6.76014745272391e-17
35	0.013736249879002571	5.10112324506877e-17
35	0.01148850005120039	6.76014745272391e-17
35	0.01398599985986948	5.10112324506877e-17
35	0.012237749993801117	6.76014745272391e-17
35	0.013486499898135662	5.10112324506877e-17
35	0.012487499974668026	6.76014745272391e-17
35	0.013236749917268753	5.10112324506877e-17
35	0.011738250032067299	6.76014745272391e-17
35	0.012986999936401844	5.10112324506877e-17
35	0.011738250032067299	6.76014745272391e-17
35	0.014984999783337116	5.10112324506877e-17
35	0.011988000012934208	6.76014745272391e-17
35	0.01398599985986948	5.10112324506877e-17
35	0.012237749993801117	6.76014745272391e-17
35	0.013486499898135662	5.10112324506877e-17
35	0.012237749993801117	6.76014745272391e-17
35	0.012487499974668026	5.10112324506877e-17
35	0.011738250032067299	6.76014745272391e-17
36	0.014485499821603298	5.10112324506877e-17
36	0.011738250032067299	6.76014745272391e-17
36	0.012986999936401844	5.10112324506877e-17
36	0.011988000012934208	6.76014745272391e-17
36	0.01423574984073639	5.10112324506877e-17
36	0.012237749993801117	6.76014745272391e-17
36	0.012986999936401844	5.10112324506877e-17
36	0.012237749993801117	6.76014745272391e-17
36	0.013486499898135662	5.10112324506877e-17
36	0.012237749993801117	6.76014745272391e-17
36	0.012237749993801117	5.10112324506877e-17
36	0.011988000012934208	6.76014745272391e-17
36	0.012986999936401844	5.10112324506877e-17
36	0.012237749993801117	6.76014745272391e-17
36	0.012737249955534935	5.10112324506877e-17
36	0.011988000012934208	6.76014745272391e-17
36	0.013236749917268753	5.10112324506877e-17
36	0.011738250032067299	6.76014745272391e-17
36	0.01398599985986948	5.10112324506877e-17
36	0.01148850005120039	6.76014745272391e-17
36	0.012487499974668026	5.10112324506877e-17
36	0.011988000012934208	6.76014745272391e-17
36	0.012986999936401844	5.10112324506877e-17
36	0.011738250032067299	6.76014745272391e-17
36	0.012986999936401844	5.10112324506877e-17
36	0.011738250032067299	6.76014745272391e-17
36	0.013486499898135662	5.10112324506877e-17
36	0.011988000012934208	6.76014745272391e-17
36	0.012737249955534935	5.10112324506877e-17
36	0.012237749993801117	6.76014745272391e-17
37	0.011988000012934208	5.10112324506877e-17
37	0.011988000012934208	6.76014745272391e-17
37	0.012237749993801117	5.10112324506877e-17
37	0.011738250032067299	6.76014745272391e-17
37	0.012986999936401844	5.10112324506877e-17
37	0.010989000089466572	6.76014745272391e-17
37	0.014485499821603298	5.10112324506877e-17
37	0.01148850005120039	6.76014745272391e-17
37	0.013236749917268753	5.10112324506877e-17
37	0.012237749993801117	6.76014745272391e-17
37	0.014984999783337116	5.10112324506877e-17
37	0.011738250032067299	6.76014745272391e-17
37	0.012986999936401844	5.10112324506877e-17
37	0.011988000012934208	6.76014745272391e-17
37	0.012237749993801117	5.10112324506877e-17
37	0.011988000012934208	6.76014745272391e-17
37	0.013486499898135662	5.10112324506877e-17
37	0.012237749993801117	6.76014745272391e-17
37	0.01398599985986948	5.10112324506877e-17
37	0.012487499974668026	6.76014745272391e-17
37	0.012237749993801117	5.10112324506877e-17
37	0.012237749993801117	6.76014745272391e-17
37	0.013736249879002571	5.10112324506877e-17
37	0.012237749993801117	6.76014745272391e-17
37	0.012986999936401844	5.10112324506877e-17
37	0.012237749993801117	6.76014745272391e-17
37	0.014735249802470207	5.10112324506877e-17
37	0.012237749993801117	6.76014745272391e-17
37	0.013736249879002571	5.10112324506877e-17
37	0.01148850005120039	6.76014745272391e-17
38	0.013486499898135662	5.10112324506877e-17
38	0.012237749993801117	6.76014745272391e-17
38	0.013486499898135662	5.10112324506877e-17
38	0.012237749993801117	6.76014745272391e-17
38	0.012986999936401844	5.10112324506877e-17
38	0.01148850005120039	6.76014745272391e-17
38	0.013236749917268753	5.10112324506877e-17
38	0.012237749993801117	6.76014745272391e-17
38	0.013236749917268753	5.10112324506877e-17
38	0.011988000012934208	6.76014745272391e-17
38	0.012986999936401844	5.10112324506877e-17
38	0.011988000012934208	6.76014745272391e-17
38	0.014735249802470207	5.10112324506877e-17
38	0.012237749993801117	6.76014745272391e-17
38	0.012737249955534935	5.10112324506877e-17
38	0.01148850005120039	6.76014745272391e-17
38	0.012986999936401844	5.10112324506877e-17
38	0.011738250032067299	6.76014745272391e-17
38	0.012237749993801117	5.10112324506877e-17
38	0.011988000012934208	6.76014745272391e-17
38	0.013486499898135662	5.10112324506877e-17
38	0.011988000012934208	6.76014745272391e-17
38	0.012986999936401844	5.10112324506877e-17
38	0.012237749993801117	6.76014745272391e-17
38	0.013236749917268753	5.10112324506877e-17
38	0.011988000012934208	6.76014745272391e-17
38	0.01423574984073639	5.10112324506877e-17
38	0.012237749993801117	6.76014745272391e-17
38	0.013236749917268753	5.10112324506877e-17
38	0.011988000012934208	6.76014745272391e-17
39	0.012487499974668026	5.101130524258161e-17
39	0.012237749993801117	6.76014745272391e-17
39	0.012737249955534935	5.101130524258161e-17
39	0.01148850005120039	6.76014745272391e-17
39	0.012737249955534935	5.101130524258161e-17
39	0.010989000089466572	6.76014745272391e-17
39	0.012487499974668026	5.101130524258161e-17
39	0.01148850005120039	6.76014745272391e-17
39	0.013236749917268753	5.101130524258161e-17
39	0.01148850005120039	6.76014745272391e-17
39	0.012737249955534935	5.101130524258161e-17
39	0.011738250032067299	6.76014745272391e-17
39	0.012237749993801117	5.101130524258161e-17
39	0.012487499974668026	6.76014745272391e-17
39	0.013486499898135662	5.101130524258161e-17
39	0.01148850005120039	6.76014745272391e-17
39	0.013236749917268753	5.101130524258161e-17
39	0.011988000012934208	6.76014745272391e-17
39	0.012737249955534935	5.101130524258161e-17
39	0.011988000012934208	6.76014745272391e-17
39	0.013236749917268753	5.101130524258161e-17
39	0.011988000012934208	6.76014745272391e-17
39	0.013236749917268753	5.101130524258161e-17
39	0.011988000012934208	6.76014745272391e-17
39	0.012986999936401844	5.101130524258161e-17
39	0.011988000012934208	6.76014745272391e-17
39	0.012986999936401844	5.101130524258161e-17
39	0.012487499974668026	6.76014745272391e-17
39	0.013486499898135662	5.101130524258161e-17
39	0.012237749993801117	6.76014745272391e-17
40	0.012986999936401844	5.101130524258161e-17
40	0.012237749993801117	6.76014745272391e-17
40	0.01398599985986948	5.101130524258161e-17
40	0.012487499974668026	6.76014745272391e-17
40	0.013236749917268753	5.101130524258161e-17
40	0.012487499974668026	6.76014745272391e-17
40	0.014485499821603298	5.101130524258161e-17
40	0.012487499974668026	6.76014745272391e-17
40	0.013236749917268753	5.101130524258161e-17
40	0.01148850005120039	6.76014745272391e-17
40	0.012737249955534935	5.101130524258161e-17
40	0.011988000012934208	6.76014745272391e-17
40	0.013236749917268753	5.101130524258161e-17
40	0.011738250032067299	6.76014745272391e-17
40	0.01423574984073639	5.101130524258161e-17
40	0.012487499974668026	6.76014745272391e-17
40	0.012986999936401844	5.101130524258161e-17
40	0.011988000012934208	6.76014745272391e-17
40	0.012986999936401844	5.101130524258161e-17
40	0.01123875007033348	6.76014745272391e-17
40	0.011988000012934208	5.101130524258161e-17
40	0.01148850005120039	6.76014745272391e-17
40	0.013486499898135662	5.101130524258161e-17
40	0.011738250032067299	6.76014745272391e-17
40	0.012986999936401844	5.101130524258161e-17
40	0.012237749993801117	6.76014745272391e-17
40	0.012237749993801117	5.101130524258161e-17
40	0.011988000012934208	6.76014745272391e-17
40	0.013736249879002571	5.101130524258161e-17
40	0.012237749993801117	6.76014745272391e-17
41	0.013236749917268753	5.101130524258161e-17
41	0.011738250032067299	6.76014745272391e-17
41	0.014485499821603298	5.101130524258161e-17
41	0.011738250032067299	6.76014745272391e-17
41	0.012237749993801117	5.101130524258161e-17
41	0.012237749993801117	6.76014745272391e-17
41	0.013486499898135662	5.101130524258161e-17
41	0.012237749993801117	6.76014745272391e-17
41	0.013486499898135662	5.101130524258161e-17
41	0.012487499974668026	6.76014745272391e-17
41	0.014735249802470207	5.101130524258161e-17
41	0.012487499974668026	6.76014745272391e-17
41	0.011988000012934208	5.101130524258161e-17
41	0.012237749993801117	6.76014745272391e-17
41	0.013236749917268753	5.101130524258161e-17
41	0.012487499974668026	6.76014745272391e-17
41	0.013486499898135662	5.101130524258161e-17
41	0.011988000012934208	6.76014745272391e-17
41	0.013736249879002571	5.101130524258161e-17
41	0.01148850005120039	6.76014745272391e-17
41	0.012737249955534935	5.101130524258161e-17
41	0.011988000012934208	6.76014745272391e-17
41	0.012737249955534935	5.101130524258161e-17
41	0.012237749993801117	6.76014745272391e-17
41	0.012737249955534935	5.101130524258161e-17
41	0.01148850005120039	6.76014745272391e-17
41	0.012237749993801117	5.101130524258161e-17
41	0.011988000012934208	6.76014745272391e-17
41	0.013486499898135662	5.101130524258161e-17
41	0.011988000012934208	6.76014745272391e-17
42	0.015234749764204025	5.101130524258161e-17
42	0.011738250032067299	6.76014745272391e-17
42	0.012237749993801117	5.101130524258161e-17
42	0.011738250032067299	6.76014745272391e-17
42	0.012487499974668026	5.101130524258161e-17
42	0.011988000012934208	6.76014745272391e-17
42	0.013236749917268753	5.101130524258161e-17
42	0.011988000012934208	6.76014745272391e-17
42	0.012237749993801117	5.101130524258161e-17
42	0.011738250032067299	6.76014745272391e-17
42	0.012487499974668026	5.101130524258161e-17
42	0.012487499974668026	6.76014745272391e-17
42	0.014735249802470207	5.101130524258161e-17
42	0.010989000089466572	6.76014745272391e-17
42	0.012237749993801117	5.101130524258161e-17
42	0.012237749993801117	6.76014745272391e-17
42	0.013486499898135662	5.101130524258161e-17
42	0.012237749993801117	6.76014745272391e-17
42	0.012487499974668026	5.101130524258161e-17
42	0.011738250032067299	6.76014745272391e-17
42	0.013486499898135662	5.101130524258161e-17
42	0.011988000012934208	6.76014745272391e-17
42	0.013236749917268753	5.101130524258161e-17
42	0.011738250032067299	6.76014745272391e-17
42	0.013486499898135662	5.101130524258161e-17
42	0.011738250032067299	6.76014745272391e-17
42	0.014485499821603298	5.101130524258161e-17
42	0.012237749993801117	6.76014745272391e-17
42	0.012986999936401844	5.101130524258161e-17
42	0.012237749993801117	6.76014745272391e-17
43	0.012237749993801117	5.101130524258161e-17
43	0.012237749993801117	6.76014745272391e-17
43	0.01398599985986948	5.101130524258161e-17
43	0.011738250032067299	6.76014745272391e-17
43	0.014485499821603298	5.101130524258161e-17
43	0.011988000012934208	6.76014745272391e-17
43	0.013736249879002571	5.101130524258161e-17
43	0.011988000012934208	6.76014745272391e-17
43	0.012237749993801117	5.101130524258161e-17
43	0.012237749993801117	6.76014745272391e-17
43	0.013736249879002571	5.101130524258161e-17
43	0.011988000012934208	6.76014745272391e-17
43	0.013486499898135662	5.101130524258161e-17
43	0.012487499974668026	6.76014745272391e-17
43	0.01423574984073639	5.101130524258161e-17
43	0.011988000012934208	6.76014745272391e-17
43	0.013236749917268753	5.101130524258161e-17
43	0.011988000012934208	6.76014745272391e-17
43	0.012237749993801117	5.101130524258161e-17
43	0.012237749993801117	6.76014745272391e-17
43	0.013236749917268753	5.101130524258161e-17
43	0.011988000012934208	6.76014745272391e-17
43	0.013736249879002571	5.101130524258161e-17
43	0.012487499974668026	6.76014745272391e-17
43	0.012737249955534935	5.101130524258161e-17
43	0.012487499974668026	6.76014745272391e-17
43	0.01423574984073639	5.101130524258161e-17
43	0.011738250032067299	6.76014745272391e-17
43	0.014984999783337116	5.101130524258161e-17
43	0.011988000012934208	6.76014745272391e-17
44	0.012986999936401844	5.101130524258161e-17
44	0.011988000012934208	6.76016333459167e-17
44	0.012986999936401844	5.101130524258161e-17
44	0.012237749993801117	6.76016333459167e-17
44	0.012737249955534935	5.101130524258161e-17
44	0.011738250032067299	6.76016333459167e-17
44	0.012487499974668026	5.101130524258161e-17
44	0.010989000089466572	6.76016333459167e-17
44	0.012237749993801117	5.101130524258161e-17
44	0.011738250032067299	6.76016333459167e-17
44	0.012737249955534935	5.101130524258161e-17
44	0.01148850005120039	6.76016333459167e-17
44	0.012986999936401844	5.101130524258161e-17
44	0.012487499974668026	6.76016333459167e-17
44	0.012986999936401844	5.101130524258161e-17
44	0.011738250032067299	6.76016333459167e-17
44	0.014984999783337116	5.101130524258161e-17
44	0.011988000012934208	6.76016333459167e-17
44	0.012986999936401844	5.101130524258161e-17
44	0.011988000012934208	6.76016333459167e-17
44	0.013486499898135662	5.101130524258161e-17
44	0.01148850005120039	6.76016333459167e-17
44	0.013736249879002571	5.101130524258161e-17
44	0.011988000012934208	6.76016333459167e-17
44	0.013236749917268753	5.101130524258161e-17
44	0.012237749993801117	6.76016333459167e-17
44	0.014984999783337116	5.101130524258161e-17
44	0.012237749993801117	6.76016333459167e-17
44	0.012237749993801117	5.101130524258161e-17
44	0.011738250032067299	6.76016333459167e-17
45	0.012986999936401844	5.101130524258161e-17
45	0.011738250032067299	6.76016333459167e-17
45	0.012986999936401844	5.101130524258161e-17
45	0.011988000012934208	6.76016333459167e-17
45	0.012487499974668026	5.101130524258161e-17
45	0.012237749993801117	6.76016333459167e-17
45	0.014485499821603298	5.101130524258161e-17
45	0.011988000012934208	6.76016333459167e-17
45	0.012487499974668026	5.101130524258161e-17
45	0.011988000012934208	6.76016333459167e-17
45	0.013486499898135662	5.101130524258161e-17
45	0.011988000012934208	6.76016333459167e-17
45	0.012986999936401844	5.101130524258161e-17
45	0.011988000012934208	6.76016333459167e-17
45	0.014485499821603298	5.101130524258161e-17
45	0.012487499974668026	6.76016333459167e-17
45	0.012237749993801117	5.101130524258161e-17
45	0.011988000012934208	6.76016333459167e-17
45	0.013486499898135662	5.101130524258161e-17
45	0.011988000012934208	6.76016333459167e-17
45	0.013486499898135662	5.101130524258161e-17
45	0.012237749993801117	6.76016333459167e-17
45	0.014485499821603298	5.101130524258161e-17
45	0.011988000012934208	6.76016333459167e-17
45	0.013736249879002571	5.101130524258161e-17
45	0.011738250032067299	6.76016333459167e-17
45	0.013736249879002571	5.101130524258161e-17
45	0.012237749993801117	6.76016333459167e-17
45	0.013236749917268753	5.101130524258161e-17
45	0.01148850005120039	6.76016333459167e-17
46	0.012737249955534935	5.101130524258161e-17
46	0.011738250032067299	6.76016333459167e-17
46	0.01423574984073639	5.101130524258161e-17
46	0.01148850005120039	6.76016333459167e-17
46	0.012986999936401844	5.101130524258161e-17
46	0.012237749993801117	6.76016333459167e-17
46	0.01398599985986948	5.101130524258161e-17
46	0.012237749993801117	6.76016333459167e-17
46	0.013736249879002571	5.101130524258161e-17
46	0.012237749993801117	6.76016333459167e-17
46	0.014735249802470207	5.101130524258161e-17
46	0.01148850005120039	6.76016333459167e-17
46	0.011738250032067299	5.101130524258161e-17
46	0.011988000012934208	6.76016333459167e-17
46	0.013236749917268753	5.101130524258161e-17
46	0.011988000012934208	6.76016333459167e-17
46	0.013236749917268753	5.101130524258161e-17
46	0.012237749993801117	6.76016333459167e-17
46	0.013486499898135662	5.101130524258161e-17
46	0.012237749993801117	6.76016333459167e-17
46	0.013486499898135662	5.101130524258161e-17
46	0.01123875007033348	6.76016333459167e-17
46	0.012986999936401844	5.101130524258161e-17
46	0.01123875007033348	6.76016333459167e-17
46	0.013236749917268753	5.101130524258161e-17
46	0.011988000012934208	6.76016333459167e-17
46	0.012986999936401844	5.101130524258161e-17
46	0.011988000012934208	6.76016333459167e-17
46	0.014485499821603298	5.101130524258161e-17
46	0.01148850005120039	6.76016333459167e-17
47	0.011988000012934208	5.101130524258161e-17
47	0.01148850005120039	6.76016333459167e-17
47	0.013236749917268753	5.101130524258161e-17
47	0.012237749993801117	6.76016333459167e-17
47	0.012986999936401844	5.101130524258161e-17
47	0.012237749993801117	6.76016333459167e-17
47	0.013736249879002571	5.101130524258161e-17
47	0.011988000012934208	6.76016333459167e-17
47	0.012737249955534935	5.101130524258161e-17
47	0.011738250032067299	6.76016333459167e-17
47	0.012986999936401844	5.101130524258161e-17
47	0.012237749993801117	6.76016333459167e-17
47	0.013236749917268753	5.101130524258161e-17
47	0.012237749993801117	6.76016333459167e-17
47	0.011988000012934208	5.101130524258161e-17
47	0.011988000012934208	6.76016333459167e-17
47	0.013486499898135662	5.101130524258161e-17
47	0.011738250032067299	6.76016333459167e-17
47	0.01398599985986948	5.101130524258161e-17
47	0.011988000012934208	6.76016333459167e-17
47	0.012986999936401844	5.101130524258161e-17
47	0.012237749993801117	6.76016333459167e-17
47	0.012986999936401844	5.101130524258161e-17
47	0.011738250032067299	6.76016333459167e-17
47	0.012737249955534935	5.101130524258161e-17
47	0.011738250032067299	6.76016333459167e-17
47	0.01398599985986948	5.101130524258161e-17
47	0.011738250032067299	6.76016333459167e-17
47	0.012986999936401844	5.101130524258161e-17
47	0.01123875007033348	6.76016333459167e-17
48	0.012986999936401844	5.101130524258161e-17
48	0.012237749993801117	6.76016333459167e-17
48	0.012737249955534935	5.101130524258161e-17
48	0.012237749993801117	6.76016333459167e-17
48	0.01423574984073639	5.101130524258161e-17
48	0.012237749993801117	6.76016333459167e-17
48	0.013736249879002571	5.101130524258161e-17
48	0.012487499974668026	6.76016333459167e-17
48	0.012986999936401844	5.101130524258161e-17
48	0.011988000012934208	6.76016333459167e-17
48	0.012986999936401844	5.101130524258161e-17
48	0.01148850005120039	6.76016333459167e-17
48	0.01423574984073639	5.101130524258161e-17
48	0.01123875007033348	6.76016333459167e-17
48	0.013736249879002571	5.101130524258161e-17
48	0.011738250032067299	6.76016333459167e-17
48	0.012487499974668026	5.101130524258161e-17
48	0.01123875007033348	6.76016333459167e-17
48	0.015734249725937843	5.101130524258161e-17
48	0.01123875007033348	6.76016333459167e-17
48	0.013736249879002571	5.101130524258161e-17
48	0.011738250032067299	6.76016333459167e-17
48	0.014735249802470207	5.101130524258161e-17
48	0.012237749993801117	6.76016333459167e-17
48	0.012237749993801117	5.101130524258161e-17
48	0.012237749993801117	6.76016333459167e-17
48	0.013486499898135662	5.101130524258161e-17
48	0.011988000012934208	6.76016333459167e-17
48	0.012986999936401844	5.101130524258161e-17
48	0.012237749993801117	6.76016333459167e-17
49	0.012986999936401844	5.101130524258161e-17
49	0.011738250032067299	6.76016333459167e-17
49	0.012986999936401844	5.101130524258161e-17
49	0.011988000012934208	6.76016333459167e-17
49	0.012737249955534935	5.101130524258161e-17
49	0.011988000012934208	6.76016333459167e-17
49	0.012986999936401844	5.101130524258161e-17
49	0.01123875007033348	6.76016333459167e-17
49	0.01398599985986948	5.101130524258161e-17
49	0.011988000012934208	6.76016333459167e-17
49	0.012737249955534935	5.101130524258161e-17
49	0.011738250032067299	6.76016333459167e-17
49	0.011988000012934208	5.101130524258161e-17
49	0.011988000012934208	6.76016333459167e-17
49	0.012737249955534935	5.101130524258161e-17
49	0.010739250108599663	6.76016333459167e-17
49	0.012237749993801117	5.101130524258161e-17
49	0.012237749993801117	6.76016333459167e-17
49	0.012737249955534935	5.101130524258161e-17
49	0.012237749993801117	6.76016333459167e-17
49	0.012986999936401844	5.101130524258161e-17
49	0.012237749993801117	6.76016333459167e-17
49	0.012986999936401844	5.101130524258161e-17
49	0.011988000012934208	6.76016333459167e-17
49	0.01398599985986948	5.101130524258161e-17
49	0.011988000012934208	6.76016333459167e-17
49	0.013736249879002571	5.101130524258161e-17
49	0.012237749993801117	6.76016333459167e-17
49	0.014984999783337116	5.101130524258161e-17
49	0.012487499974668026	6.76016333459167e-17
50	0.012986999936401844	5.101130524258161e-17
50	0.012487499974668026	6.76016333459167e-17
50	0.012986999936401844	5.101130524258161e-17
50	0.011738250032067299	6.76016333459167e-17
50	0.013236749917268753	5.101130524258161e-17
50	0.01148850005120039	6.76016333459167e-17
50	0.013236749917268753	5.101130524258161e-17
50	0.011988000012934208	6.76016333459167e-17
50	0.012487499974668026	5.101130524258161e-17
50	0.012487499974668026	6.76016333459167e-17
50	0.012986999936401844	5.101130524258161e-17
50	0.011988000012934208	6.76016333459167e-17
50	0.013486499898135662	5.101130524258161e-17
50	0.011988000012934208	6.76016333459167e-17
50	0.013486499898135662	5.101130524258161e-17
50	0.011988000012934208	6.76016333459167e-17
50	0.013236749917268753	5.101130524258161e-17
50	0.011988000012934208	6.76016333459167e-17
50	0.013736249879002571	5.101130524258161e-17
50	0.011738250032067299	6.76016333459167e-17
50	0.01398599985986948	5.101130524258161e-17
50	0.012237749993801117	6.76016333459167e-17
50	0.012986999936401844	5.101130524258161e-17
50	0.01123875007033348	6.76016333459167e-17
50	0.014485499821603298	5.101130524258161e-17
50	0.01148850005120039	6.76016333459167e-17
50	0.013486499898135662	5.101130524258161e-17
50	0.012237749993801117	6.76016333459167e-17
50	0.012237749993801117	5.101130524258161e-17
50	0.012487499974668026	6.76016333459167e-17
51	0.012737249955534935	5.1011411121700014e-17
51	0.012237749993801117	6.76016333459167e-17
51	0.01398599985986948	5.1011411121700014e-17
51	0.011738250032067299	6.76016333459167e-17
51	0.01398599985986948	5.1011411121700014e-17
51	0.011738250032067299	6.76016333459167e-17
51	0.013486499898135662	5.1011411121700014e-17
51	0.012487499974668026	6.76016333459167e-17
51	0.013236749917268753	5.1011411121700014e-17
51	0.010739250108599663	6.76016333459167e-17
51	0.013236749917268753	5.1011411121700014e-17
51	0.012487499974668026	6.76016333459167e-17
51	0.013486499898135662	5.1011411121700014e-17
51	0.011988000012934208	6.76016333459167e-17
51	0.013486499898135662	5.1011411121700014e-17
51	0.011988000012934208	6.76016333459167e-17
51	0.013486499898135662	5.1011411121700014e-17
51	0.011988000012934208	6.76016333459167e-17
51	0.013486499898135662	5.1011411121700014e-17
51	0.011988000012934208	6.76016333459167e-17
51	0.012737249955534935	5.1011411121700014e-17
51	0.012237749993801117	6.76016333459167e-17
51	0.014735249802470207	5.1011411121700014e-17
51	0.012237749993801117	6.76016333459167e-17
51	0.013236749917268753	5.1011411121700014e-17
51	0.011738250032067299	6.76016333459167e-17
51	0.011738250032067299	5.1011411121700014e-17
51	0.012237749993801117	6.76016333459167e-17
51	0.013486499898135662	5.1011411121700014e-17
51	0.011988000012934208	6.76016333459167e-17
52	0.012737249955534935	5.1011411121700014e-17
52	0.011738250032067299	6.76016333459167e-17
52	0.013236749917268753	5.1011411121700014e-17
52	0.012237749993801117	6.76016333459167e-17
52	0.014485499821603298	5.1011411121700014e-17
52	0.012237749993801117	6.76016333459167e-17
52	0.013486499898135662	5.1011411121700014e-17
52	0.011738250032067299	6.76016333459167e-17
52	0.013486499898135662	5.1011411121700014e-17
52	0.012487499974668026	6.76016333459167e-17
52	0.013486499898135662	5.1011411121700014e-17
52	0.011988000012934208	6.76016333459167e-17
52	0.013236749917268753	5.1011411121700014e-17
52	0.012237749993801117	6.76016333459167e-17
52	0.013236749917268753	5.1011411121700014e-17
52	0.01148850005120039	6.76016333459167e-17
52	0.012487499974668026	5.1011411121700014e-17
52	0.012237749993801117	6.76016333459167e-17
52	0.012737249955534935	5.1011411121700014e-17
52	0.012237749993801117	6.76016333459167e-17
52	0.012737249955534935	5.1011411121700014e-17
52	0.012487499974668026	6.76016333459167e-17
52	0.013486499898135662	5.1011411121700014e-17
52	0.012237749993801117	6.76016333459167e-17
52	0.013236749917268753	5.1011411121700014e-17
52	0.012237749993801117	6.76016333459167e-17
52	0.013486499898135662	5.1011411121700014e-17
52	0.012487499974668026	6.76016333459167e-17
52	0.013486499898135662	5.1011411121700014e-17
52	0.011738250032067299	6.76016333459167e-17
53	0.011738250032067299	5.1011411121700014e-17
53	0.011738250032067299	6.76016333459167e-17
53	0.013736249879002571	5.1011411121700014e-17
53	0.01148850005120039	6.76016333459167e-17
53	0.012986999936401844	5.1011411121700014e-17
53	0.012487499974668026	6.76016333459167e-17
53	0.012737249955534935	5.1011411121700014e-17
53	0.012237749993801117	6.76016333459167e-17
53	0.013236749917268753	5.1011411121700014e-17
53	0.011988000012934208	6.76016333459167e-17
53	0.01398599985986948	5.1011411121700014e-17
53	0.01148850005120039	6.76016333459167e-17
53	0.014485499821603298	5.1011411121700014e-17
53	0.01148850005120039	6.76016333459167e-17
53	0.013736249879002571	5.1011411121700014e-17
53	0.011988000012934208	6.76016333459167e-17
53	0.013486499898135662	5.1011411121700014e-17
53	0.011738250032067299	6.76016333459167e-17
53	0.013736249879002571	5.1011411121700014e-17
53	0.011738250032067299	6.76016333459167e-17
53	0.012487499974668026	5.1011411121700014e-17
53	0.011988000012934208	6.76016333459167e-17
53	0.013736249879002571	5.1011411121700014e-17
53	0.011988000012934208	6.76016333459167e-17
53	0.014485499821603298	5.1011411121700014e-17
53	0.011988000012934208	6.76016333459167e-17
53	0.012487499974668026	5.1011411121700014e-17
53	0.011988000012934208	6.76016333459167e-17
53	0.013486499898135662	5.1011411121700014e-17
53	0.012237749993801117	6.76016333459167e-17
54	0.014485499821603298	5.1011411121700014e-17
54	0.012237749993801117	6.76016333459167e-17
54	0.012737249955534935	5.1011411121700014e-17
54	0.011988000012934208	6.76016333459167e-17
54	0.013486499898135662	5.1011411121700014e-17
54	0.01148850005120039	6.76016333459167e-17
54	0.013236749917268753	5.1011411121700014e-17
54	0.011738250032067299	6.76016333459167e-17
54	0.013486499898135662	5.1011411121700014e-17
54	0.011988000012934208	6.76016333459167e-17
54	0.012487499974668026	5.1011411121700014e-17
54	0.011988000012934208	6.76016333459167e-17
54	0.01398599985986948	5.1011411121700014e-17
54	0.011988000012934208	6.76016333459167e-17
54	0.013236749917268753	5.1011411121700014e-17
54	0.011988000012934208	6.76016333459167e-17
54	0.011988000012934208	5.1011411121700014e-17
54	0.012237749993801117	6.76016333459167e-17
54	0.012986999936401844	5.1011411121700014e-17
54	0.012237749993801117	6.76016333459167e-17
54	0.013486499898135662	5.1011411121700014e-17
54	0.01148850005120039	6.76016333459167e-17
54	0.01398599985986948	5.1011411121700014e-17
54	0.012237749993801117	6.76016333459167e-17
54	0.013486499898135662	5.1011411121700014e-17
54	0.011988000012934208	6.76016333459167e-17
54	0.013236749917268753	5.1011411121700014e-17
54	0.011988000012934208	6.76016333459167e-17
54	0.013486499898135662	5.1011411121700014e-17
54	0.01148850005120039	6.76016333459167e-17
55	0.013486499898135662	5.1011411121700014e-17
55	0.012237749993801117	6.76016333459167e-17
55	0.013736249879002571	5.1011411121700014e-17
55	0.012237749993801117	6.76016333459167e-17
55	0.012237749993801117	5.1011411121700014e-17
55	0.012237749993801117	6.76016333459167e-17
55	0.012487499974668026	5.1011411121700014e-17
55	0.011738250032067299	6.76016333459167e-17
55	0.012986999936401844	5.1011411121700014e-17
55	0.01123875007033348	6.76016333459167e-17
55	0.013236749917268753	5.1011411121700014e-17
55	0.012237749993801117	6.76016333459167e-17
55	0.013236749917268753	5.1011411121700014e-17
55	0.011988000012934208	6.76016333459167e-17
55	0.012986999936401844	5.1011411121700014e-17
55	0.011988000012934208	6.76016333459167e-17
55	0.012487499974668026	5.1011411121700014e-17
55	0.011988000012934208	6.76016333459167e-17
55	0.012986999936401844	5.1011411121700014e-17
55	0.011738250032067299	6.76016333459167e-17
55	0.013736249879002571	5.1011411121700014e-17
55	0.010989000089466572	6.76016333459167e-17
55	0.013486499898135662	5.1011411121700014e-17
55	0.011988000012934208	6.76016333459167e-17
55	0.01398599985986948	5.1011411121700014e-17
55	0.012237749993801117	6.76016333459167e-17
55	0.013486499898135662	5.1011411121700014e-17
55	0.012487499974668026	6.76016333459167e-17
55	0.01423574984073639	5.1011411121700014e-17
55	0.012237749993801117	6.76016333459167e-17
56	0.013736249879002571	5.1011411121700014e-17
56	0.011738250032067299	6.76016333459167e-17
56	0.012986999936401844	5.1011411121700014e-17
56	0.011738250032067299	6.76016333459167e-17
56	0.013486499898135662	5.1011411121700014e-17
56	0.012487499974668026	6.76016333459167e-17
56	0.01398599985986948	5.1011411121700014e-17
56	0.01148850005120039	6.76016333459167e-17
56	0.012986999936401844	5.1011411121700014e-17
56	0.011738250032067299	6.76016333459167e-17
56	0.013486499898135662	5.1011411121700014e-17
56	0.012237749993801117	6.76016333459167e-17
56	0.012986999936401844	5.1011411121700014e-17
56	0.01148850005120039	6.76016333459167e-17
56	0.012237749993801117	5.1011411121700014e-17
56	0.012487499974668026	6.76016333459167e-17
56	0.012237749993801117	5.1011411121700014e-17
56	0.012237749993801117	6.76016333459167e-17
56	0.012737249955534935	5.1011411121700014e-17
56	0.011988000012934208	6.76016333459167e-17
56	0.012986999936401844	5.1011411121700014e-17
56	0.011738250032067299	6.76016333459167e-17
56	0.014485499821603298	5.1011411121700014e-17
56	0.012237749993801117	6.76016333459167e-17
56	0.014485499821603298	5.1011411121700014e-17
56	0.011738250032067299	6.76016333459167e-17
56	0.013736249879002571	5.1011411121700014e-17
56	0.011988000012934208	6.76016333459167e-17
56	0.012986999936401844	5.1011411121700014e-17
56	0.011988000012934208	6.76016333459167e-17
57	0.013486499898135662	5.1011411121700014e-17
57	0.01148850005120039	6.76016333459167e-17
57	0.012986999936401844	5.1011411121700014e-17
57	0.012237749993801117	6.76016333459167e-17
57	0.012237749993801117	5.1011411121700014e-17
57	0.01123875007033348	6.76016333459167e-17
57	0.012986999936401844	5.1011411121700014e-17
57	0.01148850005120039	6.76016333459167e-17
57	0.013486499898135662	5.1011411121700014e-17
57	0.011988000012934208	6.76016333459167e-17
57	0.01423574984073639	5.1011411121700014e-17
57	0.01123875007033348	6.76016333459167e-17
57	0.012737249955534935	5.1011411121700014e-17
57	0.011738250032067299	6.76016333459167e-17
57	0.013736249879002571	5.1011411121700014e-17
57	0.012487499974668026	6.76016333459167e-17
57	0.014984999783337116	5.1011411121700014e-17
57	0.012237749993801117	6.76016333459167e-17
57	0.012487499974668026	5.1011411121700014e-17
57	0.011988000012934208	6.76016333459167e-17
57	0.012237749993801117	5.1011411121700014e-17
57	0.012237749993801117	6.76016333459167e-17
57	0.013236749917268753	5.1011411121700014e-17
57	0.012487499974668026	6.76016333459167e-17
57	0.01423574984073639	5.1011411121700014e-17
57	0.012237749993801117	6.76016333459167e-17
57	0.013486499898135662	5.1011411121700014e-17
57	0.011988000012934208	6.76016333459167e-17
57	0.012237749993801117	5.1011411121700014e-17
57	0.012487499974668026	6.76016333459167e-17
