# num_workers = 4
# num_gpus = 1
# env_level_parallelism = 4
# num_cells = 256
# seed_for_environment = 546564
# lr = 0.0003
# max_grad_norm = 1.0
# eval_rollout_length = 30
# scaling_factor = 100
# frames_per_batch = 1000
# sub_batch_size = 64
# num_epochs = 10
# clip_epsilon = 0.2
# gamma = 0.99
# lmbda = 0.95
# entropy_eps = 0.0001
# reward_engineering = False
# minimum_number_of_qubits = 6
# log_name = experiment_1_.txt
# Number of workers: 4
# Does torch identify cuda: True
# Number of collectors: 1
# Collector device list: ['cuda:0']
evaluation number	reward	policy entropy	environment index
0	-0.9816843867301941	61.99573516845703	0
0	-0.8646647334098816	58.39521408081055	0
0	-0.8646647334098816	59.44645309448242	0
0	-0.8646647334098816	58.42719268798828	0
0	-0.9975212216377258	58.801300048828125	0
0	-0.9975212216377258	58.12687683105469	0
0	-0.9975212216377258	57.76958084106445	0
0	-0.9975212216377258	58.12687683105469	0
0	-0.9975212216377258	57.76958084106445	0
0	-0.9975212216377258	58.12687683105469	0
0	-0.9975212216377258	57.76958084106445	0
0	-0.9975212216377258	58.12687683105469	0
0	-0.9975212216377258	57.76958084106445	0
0	-0.9975212216377258	58.12687683105469	0
0	-0.9975212216377258	57.76958084106445	0
0	-0.9975212216377258	58.12687683105469	0
0	-0.9975212216377258	57.76958084106445	0
0	-0.9975212216377258	58.12687683105469	0
0	-0.9975212216377258	57.76958084106445	0
0	-0.9975212216377258	58.12687683105469	0
0	-0.9975212216377258	57.76958084106445	0
0	-0.9975212216377258	58.12687683105469	0
0	-0.9975212216377258	57.76958084106445	0
0	-0.9975212216377258	58.12687683105469	0
0	-0.9975212216377258	57.76958084106445	0
0	-0.9975212216377258	58.12687683105469	0
0	-0.9975212216377258	57.76958084106445	0
0	-0.9975212216377258	58.12687683105469	0
0	-0.9975212216377258	57.76958084106445	0
0	-0.9975212216377258	58.12687683105469	0
0	-0.9816843867301941	61.99573516845703	1
0	-0.8646647334098816	58.39521408081055	1
0	-0.8646647334098816	59.44645309448242	1
0	-0.8646647334098816	58.42719268798828	1
0	-0.9975212216377258	58.801300048828125	1
0	-0.9975212216377258	58.12687683105469	1
0	-0.9975212216377258	57.76958084106445	1
0	-0.9975212216377258	58.12687683105469	1
0	-0.9975212216377258	57.76958084106445	1
0	-0.9975212216377258	58.12687683105469	1
0	-0.9975212216377258	57.76958084106445	1
0	-0.9975212216377258	58.12687683105469	1
0	-0.9975212216377258	57.76958084106445	1
0	-0.9975212216377258	58.12687683105469	1
0	-0.9975212216377258	57.76958084106445	1
0	-0.9975212216377258	58.12687683105469	1
0	-0.9975212216377258	57.76958084106445	1
0	-0.9975212216377258	58.12687683105469	1
0	-0.9975212216377258	57.76958084106445	1
0	-0.9975212216377258	58.12687683105469	1
0	-0.9975212216377258	57.76958084106445	1
0	-0.9975212216377258	58.12687683105469	1
0	-0.9975212216377258	57.76958084106445	1
0	-0.9975212216377258	58.12687683105469	1
0	-0.9975212216377258	57.76958084106445	1
0	-0.9975212216377258	58.12687683105469	1
0	-0.9975212216377258	57.76958084106445	1
0	-0.9975212216377258	58.12687683105469	1
0	-0.9975212216377258	57.76958084106445	1
0	-0.9975212216377258	58.12687683105469	1
0	-0.9816843867301941	61.99573516845703	2
0	-0.8646647334098816	58.39521408081055	2
0	-0.8646647334098816	59.44645309448242	2
0	-0.8646647334098816	58.42719268798828	2
0	-0.9975212216377258	58.801300048828125	2
0	-0.9975212216377258	58.12687683105469	2
0	-0.9975212216377258	57.76958084106445	2
0	-0.9975212216377258	58.12687683105469	2
0	-0.9975212216377258	57.76958084106445	2
0	-0.9975212216377258	58.12687683105469	2
0	-0.9975212216377258	57.76958084106445	2
0	-0.9975212216377258	58.12687683105469	2
0	-0.9975212216377258	57.76958084106445	2
0	-0.9975212216377258	58.12687683105469	2
0	-0.9975212216377258	57.76958084106445	2
0	-0.9975212216377258	58.12687683105469	2
0	-0.9975212216377258	57.76958084106445	2
0	-0.9975212216377258	58.12687683105469	2
0	-0.9975212216377258	57.76958084106445	2
0	-0.9975212216377258	58.12687683105469	2
0	-0.9975212216377258	57.76958084106445	2
0	-0.9975212216377258	58.12687683105469	2
0	-0.9975212216377258	57.76958084106445	2
0	-0.9975212216377258	58.12687683105469	2
0	-0.9975212216377258	57.76958084106445	2
0	-0.9975212216377258	58.12687683105469	2
0	-0.9975212216377258	57.76958084106445	2
0	-0.9975212216377258	58.12687683105469	2
0	-0.9975212216377258	57.76958084106445	2
0	-0.9975212216377258	58.12687683105469	2
0	-0.9816843867301941	61.99573516845703	3
0	-0.8646647334098816	58.39521408081055	3
0	-0.8646647334098816	59.44645309448242	3
0	-0.8646647334098816	58.42719268798828	3
0	-0.9975212216377258	58.801300048828125	3
0	-0.9975212216377258	58.12687683105469	3
0	-0.9975212216377258	57.76958084106445	3
0	-0.9975212216377258	58.12687683105469	3
0	-0.9975212216377258	57.76958084106445	3
0	-0.9975212216377258	58.12687683105469	3
0	-0.9975212216377258	57.76958084106445	3
0	-0.9975212216377258	58.12687683105469	3
0	-0.9975212216377258	57.76958084106445	3
0	-0.9975212216377258	58.12687683105469	3
0	-0.9975212216377258	57.76958084106445	3
0	-0.9975212216377258	58.12687683105469	3
0	-0.9975212216377258	57.76958084106445	3
0	-0.9975212216377258	58.12687683105469	3
0	-0.9975212216377258	57.76958084106445	3
0	-0.9975212216377258	58.12687683105469	3
0	-0.9975212216377258	57.76958084106445	3
0	-0.9975212216377258	58.12687683105469	3
0	-0.9975212216377258	57.76958084106445	3
0	-0.9975212216377258	58.12687683105469	3
0	-0.9975212216377258	57.76958084106445	3
0	-0.9975212216377258	58.12687683105469	3
0	-0.9975212216377258	57.76958084106445	3
0	-0.9975212216377258	58.12687683105469	3
0	-0.9975212216377258	57.76958084106445	3
0	-0.9975212216377258	58.12687683105469	3
1	-0.9975212216377258	2.2569568157196045	0
1	-0.8646647334098816	2.3257944583892822	0
1	-0.8646647334098816	2.310269355773926	0
1	-0.9975212216377258	2.307995319366455	0
1	-0.8646647334098816	2.306535482406616	0
1	-0.9975212216377258	2.307995319366455	0
1	-0.8646647334098816	2.306535482406616	0
1	-0.9975212216377258	2.307995319366455	0
1	-0.8646647334098816	2.306535482406616	0
1	-0.9975212216377258	2.307995319366455	0
1	-0.8646647334098816	2.306535482406616	0
1	-0.9975212216377258	2.307995319366455	0
1	-0.8646647334098816	2.306535482406616	0
1	-0.9975212216377258	2.307995319366455	0
1	-0.8646647334098816	2.306535482406616	0
1	-0.9975212216377258	2.307995319366455	0
1	-0.8646647334098816	2.306535482406616	0
1	-0.9975212216377258	2.307995319366455	0
1	-0.8646647334098816	2.306535482406616	0
1	-0.9975212216377258	2.307995319366455	0
1	-0.8646647334098816	2.306535482406616	0
1	-0.9975212216377258	2.307995319366455	0
1	-0.8646647334098816	2.306535482406616	0
1	-0.9975212216377258	2.307995319366455	0
1	-0.8646647334098816	2.306535482406616	0
1	-0.9975212216377258	2.307995319366455	0
1	-0.8646647334098816	2.306535482406616	0
1	-0.9975212216377258	2.307995319366455	0
1	-0.8646647334098816	2.306535482406616	0
1	-0.9975212216377258	2.307995319366455	0
1	-0.9975212216377258	2.2569568157196045	1
1	-0.8646647334098816	2.3257944583892822	1
1	-0.8646647334098816	2.310269355773926	1
1	-0.9975212216377258	2.307995319366455	1
1	-0.8646647334098816	2.306535482406616	1
1	-0.9975212216377258	2.307995319366455	1
1	-0.8646647334098816	2.306535482406616	1
1	-0.9975212216377258	2.307995319366455	1
1	-0.8646647334098816	2.306535482406616	1
1	-0.9975212216377258	2.307995319366455	1
1	-0.8646647334098816	2.306535482406616	1
1	-0.9975212216377258	2.307995319366455	1
1	-0.8646647334098816	2.306535482406616	1
1	-0.9975212216377258	2.307995319366455	1
1	-0.8646647334098816	2.306535482406616	1
1	-0.9975212216377258	2.307995319366455	1
1	-0.8646647334098816	2.306535482406616	1
1	-0.9975212216377258	2.307995319366455	1
1	-0.8646647334098816	2.306535482406616	1
1	-0.9975212216377258	2.307995319366455	1
1	-0.8646647334098816	2.306535482406616	1
1	-0.9975212216377258	2.307995319366455	1
1	-0.8646647334098816	2.306535482406616	1
1	-0.9975212216377258	2.307995319366455	1
1	-0.8646647334098816	2.306535482406616	1
1	-0.9975212216377258	2.307995319366455	1
1	-0.8646647334098816	2.306535482406616	1
1	-0.9975212216377258	2.307995319366455	1
1	-0.8646647334098816	2.306535482406616	1
1	-0.9975212216377258	2.307995319366455	1
1	-0.9975212216377258	2.2569568157196045	2
1	-0.8646647334098816	2.3257944583892822	2
1	-0.8646647334098816	2.310269355773926	2
1	-0.9975212216377258	2.307995319366455	2
1	-0.8646647334098816	2.306535482406616	2
1	-0.9975212216377258	2.307995319366455	2
1	-0.8646647334098816	2.306535482406616	2
1	-0.9975212216377258	2.307995319366455	2
1	-0.8646647334098816	2.306535482406616	2
1	-0.9975212216377258	2.307995319366455	2
1	-0.8646647334098816	2.306535482406616	2
1	-0.9975212216377258	2.307995319366455	2
1	-0.8646647334098816	2.306535482406616	2
1	-0.9975212216377258	2.307995319366455	2
1	-0.8646647334098816	2.306535482406616	2
1	-0.9975212216377258	2.307995319366455	2
1	-0.8646647334098816	2.306535482406616	2
1	-0.9975212216377258	2.307995319366455	2
1	-0.8646647334098816	2.306535482406616	2
1	-0.9975212216377258	2.307995319366455	2
1	-0.8646647334098816	2.306535482406616	2
1	-0.9975212216377258	2.307995319366455	2
1	-0.8646647334098816	2.306535482406616	2
1	-0.9975212216377258	2.307995319366455	2
1	-0.8646647334098816	2.306535482406616	2
1	-0.9975212216377258	2.307995319366455	2
1	-0.8646647334098816	2.306535482406616	2
1	-0.9975212216377258	2.307995319366455	2
1	-0.8646647334098816	2.306535482406616	2
1	-0.9975212216377258	2.307995319366455	2
1	-0.9975212216377258	2.2569568157196045	3
1	-0.8646647334098816	2.3257944583892822	3
1	-0.8646647334098816	2.310269355773926	3
1	-0.9975212216377258	2.307995319366455	3
1	-0.8646647334098816	2.306535482406616	3
1	-0.9975212216377258	2.307995319366455	3
1	-0.8646647334098816	2.306535482406616	3
1	-0.9975212216377258	2.307995319366455	3
1	-0.8646647334098816	2.306535482406616	3
1	-0.9975212216377258	2.307995319366455	3
1	-0.8646647334098816	2.306535482406616	3
1	-0.9975212216377258	2.307995319366455	3
1	-0.8646647334098816	2.306535482406616	3
1	-0.9975212216377258	2.307995319366455	3
1	-0.8646647334098816	2.306535482406616	3
1	-0.9975212216377258	2.307995319366455	3
1	-0.8646647334098816	2.306535482406616	3
1	-0.9975212216377258	2.307995319366455	3
1	-0.8646647334098816	2.306535482406616	3
1	-0.9975212216377258	2.307995319366455	3
1	-0.8646647334098816	2.306535482406616	3
1	-0.9975212216377258	2.307995319366455	3
1	-0.8646647334098816	2.306535482406616	3
1	-0.9975212216377258	2.307995319366455	3
1	-0.8646647334098816	2.306535482406616	3
1	-0.9975212216377258	2.307995319366455	3
1	-0.8646647334098816	2.306535482406616	3
1	-0.9975212216377258	2.307995319366455	3
1	-0.8646647334098816	2.306535482406616	3
1	-0.9975212216377258	2.307995319366455	3
2	0.013486499898135662	2.770545721054077	0
2	-0.9816843867301941	12.83068561553955	0
2	-0.9975212216377258	11.977518081665039	0
2	-0.9975212216377258	10.722404479980469	0
2	-0.9975212216377258	10.882884979248047	0
2	-0.9975212216377258	10.722404479980469	0
2	-0.9975212216377258	10.882884979248047	0
2	-0.9975212216377258	10.722404479980469	0
2	-0.9975212216377258	10.882884979248047	0
2	-0.9975212216377258	10.722404479980469	0
2	-0.9975212216377258	10.882884979248047	0
2	-0.9975212216377258	10.722404479980469	0
2	-0.9975212216377258	10.882884979248047	0
2	-0.9975212216377258	10.722404479980469	0
2	-0.9975212216377258	10.882884979248047	0
2	-0.9975212216377258	10.722404479980469	0
2	-0.9975212216377258	10.882884979248047	0
2	-0.9975212216377258	10.722404479980469	0
2	-0.9975212216377258	10.882884979248047	0
2	-0.9975212216377258	10.722404479980469	0
2	-0.9975212216377258	10.882884979248047	0
2	-0.9975212216377258	10.722404479980469	0
2	-0.9975212216377258	10.882884979248047	0
2	-0.9975212216377258	10.722404479980469	0
2	-0.9975212216377258	10.882884979248047	0
2	-0.9975212216377258	10.722404479980469	0
2	-0.9975212216377258	10.882884979248047	0
2	-0.9975212216377258	10.722404479980469	0
2	-0.9975212216377258	10.882884979248047	0
2	-0.9975212216377258	10.722404479980469	0
2	0.013736249879002571	2.770545721054077	1
2	-0.9816843867301941	12.83068561553955	1
2	-0.9975212216377258	11.977518081665039	1
2	-0.9975212216377258	10.722404479980469	1
2	-0.9975212216377258	10.882884979248047	1
2	-0.9975212216377258	10.722404479980469	1
2	-0.9975212216377258	10.882884979248047	1
2	-0.9975212216377258	10.722404479980469	1
2	-0.9975212216377258	10.882884979248047	1
2	-0.9975212216377258	10.722404479980469	1
2	-0.9975212216377258	10.882884979248047	1
2	-0.9975212216377258	10.722404479980469	1
2	-0.9975212216377258	10.882884979248047	1
2	-0.9975212216377258	10.722404479980469	1
2	-0.9975212216377258	10.882884979248047	1
2	-0.9975212216377258	10.722404479980469	1
2	-0.9975212216377258	10.882884979248047	1
2	-0.9975212216377258	10.722404479980469	1
2	-0.9975212216377258	10.882884979248047	1
2	-0.9975212216377258	10.722404479980469	1
2	-0.9975212216377258	10.882884979248047	1
2	-0.9975212216377258	10.722404479980469	1
2	-0.9975212216377258	10.882884979248047	1
2	-0.9975212216377258	10.722404479980469	1
2	-0.9975212216377258	10.882884979248047	1
2	-0.9975212216377258	10.722404479980469	1
2	-0.9975212216377258	10.882884979248047	1
2	-0.9975212216377258	10.722404479980469	1
2	-0.9975212216377258	10.882884979248047	1
2	-0.9975212216377258	10.722404479980469	1
2	0.013736249879002571	2.770545721054077	2
2	-0.9816843867301941	12.83068561553955	2
2	-0.9975212216377258	11.977518081665039	2
2	-0.9975212216377258	10.722404479980469	2
2	-0.9975212216377258	10.882884979248047	2
2	-0.9975212216377258	10.722404479980469	2
2	-0.9975212216377258	10.882884979248047	2
2	-0.9975212216377258	10.722404479980469	2
2	-0.9975212216377258	10.882884979248047	2
2	-0.9975212216377258	10.722404479980469	2
2	-0.9975212216377258	10.882884979248047	2
2	-0.9975212216377258	10.722404479980469	2
2	-0.9975212216377258	10.882884979248047	2
2	-0.9975212216377258	10.722404479980469	2
2	-0.9975212216377258	10.882884979248047	2
2	-0.9975212216377258	10.722404479980469	2
2	-0.9975212216377258	10.882884979248047	2
2	-0.9975212216377258	10.722404479980469	2
2	-0.9975212216377258	10.882884979248047	2
2	-0.9975212216377258	10.722404479980469	2
2	-0.9975212216377258	10.882884979248047	2
2	-0.9975212216377258	10.722404479980469	2
2	-0.9975212216377258	10.882884979248047	2
2	-0.9975212216377258	10.722404479980469	2
2	-0.9975212216377258	10.882884979248047	2
2	-0.9975212216377258	10.722404479980469	2
2	-0.9975212216377258	10.882884979248047	2
2	-0.9975212216377258	10.722404479980469	2
2	-0.9975212216377258	10.882884979248047	2
2	-0.9975212216377258	10.722404479980469	2
2	0.014110875315964222	2.770545721054077	3
2	-0.9816843867301941	12.83068561553955	3
2	-0.9975212216377258	11.977518081665039	3
2	-0.9975212216377258	10.722404479980469	3
2	-0.9975212216377258	10.882884979248047	3
2	-0.9975212216377258	10.722404479980469	3
2	-0.9975212216377258	10.882884979248047	3
2	-0.9975212216377258	10.722404479980469	3
2	-0.9975212216377258	10.882884979248047	3
2	-0.9975212216377258	10.722404479980469	3
2	-0.9975212216377258	10.882884979248047	3
2	-0.9975212216377258	10.722404479980469	3
2	-0.9975212216377258	10.882884979248047	3
2	-0.9975212216377258	10.722404479980469	3
2	-0.9975212216377258	10.882884979248047	3
2	-0.9975212216377258	10.722404479980469	3
2	-0.9975212216377258	10.882884979248047	3
2	-0.9975212216377258	10.722404479980469	3
2	-0.9975212216377258	10.882884979248047	3
2	-0.9975212216377258	10.722404479980469	3
2	-0.9975212216377258	10.882884979248047	3
2	-0.9975212216377258	10.722404479980469	3
2	-0.9975212216377258	10.882884979248047	3
2	-0.9975212216377258	10.722404479980469	3
2	-0.9975212216377258	10.882884979248047	3
2	-0.9975212216377258	10.722404479980469	3
2	-0.9975212216377258	10.882884979248047	3
2	-0.9975212216377258	10.722404479980469	3
2	-0.9975212216377258	10.882884979248047	3
2	-0.9975212216377258	10.722404479980469	3
3	0.022227749228477478	0.013053180649876595	0
3	0.022227749228477478	5.212643009144813e-05	0
3	0.022227749228477478	5.212643009144813e-05	0
3	0.022227749228477478	5.212643009144813e-05	0
3	0.022227749228477478	5.212643009144813e-05	0
3	0.022227749228477478	5.212643009144813e-05	0
3	0.022227749228477478	5.212643009144813e-05	0
3	0.022227749228477478	5.212643009144813e-05	0
3	0.022227749228477478	5.212643009144813e-05	0
3	0.022227749228477478	5.212643009144813e-05	0
3	0.022227749228477478	5.212643009144813e-05	0
3	0.022227749228477478	5.212643009144813e-05	0
3	0.022227749228477478	5.212643009144813e-05	0
3	0.022227749228477478	5.212643009144813e-05	0
3	0.022227749228477478	5.212643009144813e-05	0
3	0.022227749228477478	5.212643009144813e-05	0
3	0.022227749228477478	5.212643009144813e-05	0
3	0.022227749228477478	5.212643009144813e-05	0
3	0.022227749228477478	5.212643009144813e-05	0
3	0.022227749228477478	5.212643009144813e-05	0
3	0.022227749228477478	5.212643009144813e-05	0
3	0.022227749228477478	5.212643009144813e-05	0
3	0.022227749228477478	5.212643009144813e-05	0
3	0.022227749228477478	5.212643009144813e-05	0
3	0.022227749228477478	5.212643009144813e-05	0
3	0.022227749228477478	5.212643009144813e-05	0
3	0.022227749228477478	5.212643009144813e-05	0
3	0.022227749228477478	5.212643009144813e-05	0
3	0.022227749228477478	5.212643009144813e-05	0
3	0.022227749228477478	5.212643009144813e-05	0
3	0.023476500064134598	0.013053180649876595	1
3	0.023476500064134598	5.212643009144813e-05	1
3	0.023476500064134598	5.212643009144813e-05	1
3	0.023476500064134598	5.212643009144813e-05	1
3	0.023476500064134598	5.212643009144813e-05	1
3	0.023476500064134598	5.212643009144813e-05	1
3	0.023476500064134598	5.212643009144813e-05	1
3	0.023476500064134598	5.212643009144813e-05	1
3	0.023476500064134598	5.212643009144813e-05	1
3	0.023476500064134598	5.212643009144813e-05	1
3	0.023476500064134598	5.212643009144813e-05	1
3	0.023476500064134598	5.212643009144813e-05	1
3	0.023476500064134598	5.212643009144813e-05	1
3	0.023476500064134598	5.212643009144813e-05	1
3	0.023476500064134598	5.212643009144813e-05	1
3	0.023476500064134598	5.212643009144813e-05	1
3	0.023476500064134598	5.212643009144813e-05	1
3	0.023476500064134598	5.212643009144813e-05	1
3	0.023476500064134598	5.212643009144813e-05	1
3	0.023476500064134598	5.212643009144813e-05	1
3	0.023476500064134598	5.212643009144813e-05	1
3	0.023476500064134598	5.212643009144813e-05	1
3	0.023476500064134598	5.212643009144813e-05	1
3	0.023476500064134598	5.212643009144813e-05	1
3	0.023476500064134598	5.212643009144813e-05	1
3	0.023476500064134598	5.212643009144813e-05	1
3	0.023476500064134598	5.212643009144813e-05	1
3	0.023476500064134598	5.212643009144813e-05	1
3	0.023476500064134598	5.212643009144813e-05	1
3	0.023476500064134598	5.212643009144813e-05	1
3	0.024974999949336052	0.013053180649876595	2
3	0.024974999949336052	5.212643009144813e-05	2
3	0.024974999949336052	5.212643009144813e-05	2
3	0.024974999949336052	5.212643009144813e-05	2
3	0.024974999949336052	5.212643009144813e-05	2
3	0.024974999949336052	5.212643009144813e-05	2
3	0.024974999949336052	5.212643009144813e-05	2
3	0.024974999949336052	5.212643009144813e-05	2
3	0.024974999949336052	5.212643009144813e-05	2
3	0.024974999949336052	5.212643009144813e-05	2
3	0.024974999949336052	5.212643009144813e-05	2
3	0.024974999949336052	5.212643009144813e-05	2
3	0.024974999949336052	5.212643009144813e-05	2
3	0.024974999949336052	5.212643009144813e-05	2
3	0.024974999949336052	5.212643009144813e-05	2
3	0.024974999949336052	5.212643009144813e-05	2
3	0.024974999949336052	5.212643009144813e-05	2
3	0.024974999949336052	5.212643009144813e-05	2
3	0.024974999949336052	5.212643009144813e-05	2
3	0.024974999949336052	5.212643009144813e-05	2
3	0.024974999949336052	5.212643009144813e-05	2
3	0.024974999949336052	5.212643009144813e-05	2
3	0.024974999949336052	5.212643009144813e-05	2
3	0.024974999949336052	5.212643009144813e-05	2
3	0.024974999949336052	5.212643009144813e-05	2
3	0.024974999949336052	5.212643009144813e-05	2
3	0.024974999949336052	5.212643009144813e-05	2
3	0.024974999949336052	5.212643009144813e-05	2
3	0.024974999949336052	5.212643009144813e-05	2
3	0.024974999949336052	5.212643009144813e-05	2
3	0.02047950029373169	0.013053180649876595	3
3	0.02047950029373169	5.212643009144813e-05	3
3	0.02047950029373169	5.212643009144813e-05	3
3	0.02047950029373169	5.212643009144813e-05	3
3	0.02047950029373169	5.212643009144813e-05	3
3	0.02047950029373169	5.212643009144813e-05	3
3	0.02047950029373169	5.212643009144813e-05	3
3	0.02047950029373169	5.212643009144813e-05	3
3	0.02047950029373169	5.212643009144813e-05	3
3	0.02047950029373169	5.212643009144813e-05	3
3	0.02047950029373169	5.212643009144813e-05	3
3	0.02047950029373169	5.212643009144813e-05	3
3	0.02047950029373169	5.212643009144813e-05	3
3	0.02047950029373169	5.212643009144813e-05	3
3	0.02047950029373169	5.212643009144813e-05	3
3	0.02047950029373169	5.212643009144813e-05	3
3	0.02047950029373169	5.212643009144813e-05	3
3	0.02047950029373169	5.212643009144813e-05	3
3	0.02047950029373169	5.212643009144813e-05	3
3	0.02047950029373169	5.212643009144813e-05	3
3	0.02047950029373169	5.212643009144813e-05	3
3	0.02047950029373169	5.212643009144813e-05	3
3	0.02047950029373169	5.212643009144813e-05	3
3	0.02047950029373169	5.212643009144813e-05	3
3	0.02047950029373169	5.212643009144813e-05	3
3	0.02047950029373169	5.212643009144813e-05	3
3	0.02047950029373169	5.212643009144813e-05	3
3	0.02047950029373169	5.212643009144813e-05	3
3	0.02047950029373169	5.212643009144813e-05	3
3	0.02047950029373169	5.212643009144813e-05	3
4	0.023476500064134598	0.017193693667650223	0
4	0.023476500064134598	2.876537837437354e-05	0
4	0.023476500064134598	2.876537837437354e-05	0
4	0.023476500064134598	2.876537837437354e-05	0
4	0.023476500064134598	2.876537837437354e-05	0
4	0.023476500064134598	2.876537837437354e-05	0
4	0.023476500064134598	2.876537837437354e-05	0
4	0.023476500064134598	2.876537837437354e-05	0
4	0.023476500064134598	2.876537837437354e-05	0
4	0.023476500064134598	2.876537837437354e-05	0
4	0.023476500064134598	2.876537837437354e-05	0
4	0.023476500064134598	2.876537837437354e-05	0
4	0.023476500064134598	2.876537837437354e-05	0
4	0.023476500064134598	2.876537837437354e-05	0
4	0.023476500064134598	2.876537837437354e-05	0
4	0.023476500064134598	2.876537837437354e-05	0
4	0.023476500064134598	2.876537837437354e-05	0
4	0.023476500064134598	2.876537837437354e-05	0
4	0.023476500064134598	2.876537837437354e-05	0
4	0.023476500064134598	2.876537837437354e-05	0
4	0.023476500064134598	2.876537837437354e-05	0
4	0.023476500064134598	2.876537837437354e-05	0
4	0.023476500064134598	2.876537837437354e-05	0
4	0.023476500064134598	2.876537837437354e-05	0
4	0.023476500064134598	2.876537837437354e-05	0
4	0.023476500064134598	2.876537837437354e-05	0
4	0.023476500064134598	2.876537837437354e-05	0
4	0.023476500064134598	2.876537837437354e-05	0
4	0.023476500064134598	2.876537837437354e-05	0
4	0.023476500064134598	2.876537837437354e-05	0
4	0.025224750861525536	0.017193693667650223	1
4	0.025224750861525536	2.876537837437354e-05	1
4	0.025224750861525536	2.876537837437354e-05	1
4	0.025224750861525536	2.876537837437354e-05	1
4	0.025224750861525536	2.876537837437354e-05	1
4	0.025224750861525536	2.876537837437354e-05	1
4	0.025224750861525536	2.876537837437354e-05	1
4	0.025224750861525536	2.876537837437354e-05	1
4	0.025224750861525536	2.876537837437354e-05	1
4	0.025224750861525536	2.876537837437354e-05	1
4	0.025224750861525536	2.876537837437354e-05	1
4	0.025224750861525536	2.876537837437354e-05	1
4	0.025224750861525536	2.876537837437354e-05	1
4	0.025224750861525536	2.876537837437354e-05	1
4	0.025224750861525536	2.876537837437354e-05	1
4	0.025224750861525536	2.876537837437354e-05	1
4	0.025224750861525536	2.876537837437354e-05	1
4	0.025224750861525536	2.876537837437354e-05	1
4	0.025224750861525536	2.876537837437354e-05	1
4	0.025224750861525536	2.876537837437354e-05	1
4	0.025224750861525536	2.876537837437354e-05	1
4	0.025224750861525536	2.876537837437354e-05	1
4	0.025224750861525536	2.876537837437354e-05	1
4	0.025224750861525536	2.876537837437354e-05	1
4	0.025224750861525536	2.876537837437354e-05	1
4	0.025224750861525536	2.876537837437354e-05	1
4	0.025224750861525536	2.876537837437354e-05	1
4	0.025224750861525536	2.876537837437354e-05	1
4	0.025224750861525536	2.876537837437354e-05	1
4	0.025224750861525536	2.876537837437354e-05	1
4	0.02172824926674366	0.017193693667650223	2
4	0.02172824926674366	2.876537837437354e-05	2
4	0.02172824926674366	2.876537837437354e-05	2
4	0.02172824926674366	2.876537837437354e-05	2
4	0.02172824926674366	2.876537837437354e-05	2
4	0.02172824926674366	2.876537837437354e-05	2
4	0.02172824926674366	2.876537837437354e-05	2
4	0.02172824926674366	2.876537837437354e-05	2
4	0.02172824926674366	2.876537837437354e-05	2
4	0.02172824926674366	2.876537837437354e-05	2
4	0.02172824926674366	2.876537837437354e-05	2
4	0.02172824926674366	2.876537837437354e-05	2
4	0.02172824926674366	2.876537837437354e-05	2
4	0.02172824926674366	2.876537837437354e-05	2
4	0.02172824926674366	2.876537837437354e-05	2
4	0.02172824926674366	2.876537837437354e-05	2
4	0.02172824926674366	2.876537837437354e-05	2
4	0.02172824926674366	2.876537837437354e-05	2
4	0.02172824926674366	2.876537837437354e-05	2
4	0.02172824926674366	2.876537837437354e-05	2
4	0.02172824926674366	2.876537837437354e-05	2
4	0.02172824926674366	2.876537837437354e-05	2
4	0.02172824926674366	2.876537837437354e-05	2
4	0.02172824926674366	2.876537837437354e-05	2
4	0.02172824926674366	2.876537837437354e-05	2
4	0.02172824926674366	2.876537837437354e-05	2
4	0.02172824926674366	2.876537837437354e-05	2
4	0.02172824926674366	2.876537837437354e-05	2
4	0.02172824926674366	2.876537837437354e-05	2
4	0.02172824926674366	2.876537837437354e-05	2
4	0.025973999872803688	0.017193693667650223	3
4	0.025973999872803688	2.876537837437354e-05	3
4	0.025973999872803688	2.876537837437354e-05	3
4	0.025973999872803688	2.876537837437354e-05	3
4	0.025973999872803688	2.876537837437354e-05	3
4	0.025973999872803688	2.876537837437354e-05	3
4	0.025973999872803688	2.876537837437354e-05	3
4	0.025973999872803688	2.876537837437354e-05	3
4	0.025973999872803688	2.876537837437354e-05	3
4	0.025973999872803688	2.876537837437354e-05	3
4	0.025973999872803688	2.876537837437354e-05	3
4	0.025973999872803688	2.876537837437354e-05	3
4	0.025973999872803688	2.876537837437354e-05	3
4	0.025973999872803688	2.876537837437354e-05	3
4	0.025973999872803688	2.876537837437354e-05	3
4	0.025973999872803688	2.876537837437354e-05	3
4	0.025973999872803688	2.876537837437354e-05	3
4	0.025973999872803688	2.876537837437354e-05	3
4	0.025973999872803688	2.876537837437354e-05	3
4	0.025973999872803688	2.876537837437354e-05	3
4	0.025973999872803688	2.876537837437354e-05	3
4	0.025973999872803688	2.876537837437354e-05	3
4	0.025973999872803688	2.876537837437354e-05	3
4	0.025973999872803688	2.876537837437354e-05	3
4	0.025973999872803688	2.876537837437354e-05	3
4	0.025973999872803688	2.876537837437354e-05	3
4	0.025973999872803688	2.876537837437354e-05	3
4	0.025973999872803688	2.876537837437354e-05	3
4	0.025973999872803688	2.876537837437354e-05	3
4	0.025973999872803688	2.876537837437354e-05	3
5	0.029720250517129898	0.000615383090917021	0
5	0.029720250517129898	1.0651061899125125e-07	0
5	0.029720250517129898	1.0651061899125125e-07	0
5	0.029720250517129898	1.0651061899125125e-07	0
5	0.029720250517129898	1.0651061899125125e-07	0
5	0.029720250517129898	1.0651061899125125e-07	0
5	0.029720250517129898	1.0651061899125125e-07	0
5	0.029720250517129898	1.0651061899125125e-07	0
5	0.029720250517129898	1.0651061899125125e-07	0
5	0.029720250517129898	1.0651061899125125e-07	0
5	0.029720250517129898	1.0651061899125125e-07	0
5	0.029720250517129898	1.0651061899125125e-07	0
5	0.029720250517129898	1.0651061899125125e-07	0
5	0.029720250517129898	1.0651061899125125e-07	0
5	0.029720250517129898	1.0651061899125125e-07	0
5	0.029720250517129898	1.0651061899125125e-07	0
5	0.029720250517129898	1.0651061899125125e-07	0
5	0.029720250517129898	1.0651061899125125e-07	0
5	0.029720250517129898	1.0651061899125125e-07	0
5	0.029720250517129898	1.0651061899125125e-07	0
5	0.029720250517129898	1.0651061899125125e-07	0
5	0.029720250517129898	1.0651061899125125e-07	0
5	0.029720250517129898	1.0651061899125125e-07	0
5	0.029720250517129898	1.0651061899125125e-07	0
5	0.029720250517129898	1.0651061899125125e-07	0
5	0.029720250517129898	1.0651061899125125e-07	0
5	0.029720250517129898	1.0651061899125125e-07	0
5	0.029720250517129898	1.0651061899125125e-07	0
5	0.029720250517129898	1.0651061899125125e-07	0
5	0.029720250517129898	1.0651061899125125e-07	0
5	0.031968001276254654	0.000615383090917021	1
5	0.031968001276254654	1.0651061899125125e-07	1
5	0.031968001276254654	1.0651061899125125e-07	1
5	0.031968001276254654	1.0651061899125125e-07	1
5	0.031968001276254654	1.0651061899125125e-07	1
5	0.031968001276254654	1.0651061899125125e-07	1
5	0.031968001276254654	1.0651061899125125e-07	1
5	0.031968001276254654	1.0651061899125125e-07	1
5	0.031968001276254654	1.0651061899125125e-07	1
5	0.031968001276254654	1.0651061899125125e-07	1
5	0.031968001276254654	1.0651061899125125e-07	1
5	0.031968001276254654	1.0651061899125125e-07	1
5	0.031968001276254654	1.0651061899125125e-07	1
5	0.031968001276254654	1.0651061899125125e-07	1
5	0.031968001276254654	1.0651061899125125e-07	1
5	0.031968001276254654	1.0651061899125125e-07	1
5	0.031968001276254654	1.0651061899125125e-07	1
5	0.031968001276254654	1.0651061899125125e-07	1
5	0.031968001276254654	1.0651061899125125e-07	1
5	0.031968001276254654	1.0651061899125125e-07	1
5	0.031968001276254654	1.0651061899125125e-07	1
5	0.031968001276254654	1.0651061899125125e-07	1
5	0.031968001276254654	1.0651061899125125e-07	1
5	0.031968001276254654	1.0651061899125125e-07	1
5	0.031968001276254654	1.0651061899125125e-07	1
5	0.031968001276254654	1.0651061899125125e-07	1
5	0.031968001276254654	1.0651061899125125e-07	1
5	0.031968001276254654	1.0651061899125125e-07	1
5	0.031968001276254654	1.0651061899125125e-07	1
5	0.031968001276254654	1.0651061899125125e-07	1
5	0.029720250517129898	0.000615383090917021	2
5	0.029720250517129898	1.0651061899125125e-07	2
5	0.029720250517129898	1.0651061899125125e-07	2
5	0.029720250517129898	1.0651061899125125e-07	2
5	0.029720250517129898	1.0651061899125125e-07	2
5	0.029720250517129898	1.0651061899125125e-07	2
5	0.029720250517129898	1.0651061899125125e-07	2
5	0.029720250517129898	1.0651061899125125e-07	2
5	0.029720250517129898	1.0651061899125125e-07	2
5	0.029720250517129898	1.0651061899125125e-07	2
5	0.029720250517129898	1.0651061899125125e-07	2
5	0.029720250517129898	1.0651061899125125e-07	2
5	0.029720250517129898	1.0651061899125125e-07	2
5	0.029720250517129898	1.0651061899125125e-07	2
5	0.029720250517129898	1.0651061899125125e-07	2
5	0.029720250517129898	1.0651061899125125e-07	2
5	0.029720250517129898	1.0651061899125125e-07	2
5	0.029720250517129898	1.0651061899125125e-07	2
5	0.029720250517129898	1.0651061899125125e-07	2
5	0.029720250517129898	1.0651061899125125e-07	2
5	0.029720250517129898	1.0651061899125125e-07	2
5	0.029720250517129898	1.0651061899125125e-07	2
5	0.029720250517129898	1.0651061899125125e-07	2
5	0.029720250517129898	1.0651061899125125e-07	2
5	0.029720250517129898	1.0651061899125125e-07	2
5	0.029720250517129898	1.0651061899125125e-07	2
5	0.029720250517129898	1.0651061899125125e-07	2
5	0.029720250517129898	1.0651061899125125e-07	2
5	0.029720250517129898	1.0651061899125125e-07	2
5	0.029720250517129898	1.0651061899125125e-07	2
5	0.030719250440597534	0.000615383090917021	3
5	0.030719250440597534	1.0651061899125125e-07	3
5	0.030719250440597534	1.0651061899125125e-07	3
5	0.030719250440597534	1.0651061899125125e-07	3
5	0.030719250440597534	1.0651061899125125e-07	3
5	0.030719250440597534	1.0651061899125125e-07	3
5	0.030719250440597534	1.0651061899125125e-07	3
5	0.030719250440597534	1.0651061899125125e-07	3
5	0.030719250440597534	1.0651061899125125e-07	3
5	0.030719250440597534	1.0651061899125125e-07	3
5	0.030719250440597534	1.0651061899125125e-07	3
5	0.030719250440597534	1.0651061899125125e-07	3
5	0.030719250440597534	1.0651061899125125e-07	3
5	0.030719250440597534	1.0651061899125125e-07	3
5	0.030719250440597534	1.0651061899125125e-07	3
5	0.030719250440597534	1.0651061899125125e-07	3
5	0.030719250440597534	1.0651061899125125e-07	3
5	0.030719250440597534	1.0651061899125125e-07	3
5	0.030719250440597534	1.0651061899125125e-07	3
5	0.030719250440597534	1.0651061899125125e-07	3
5	0.030719250440597534	1.0651061899125125e-07	3
5	0.030719250440597534	1.0651061899125125e-07	3
5	0.030719250440597534	1.0651061899125125e-07	3
5	0.030719250440597534	1.0651061899125125e-07	3
5	0.030719250440597534	1.0651061899125125e-07	3
5	0.030719250440597534	1.0651061899125125e-07	3
5	0.030719250440597534	1.0651061899125125e-07	3
5	0.030719250440597534	1.0651061899125125e-07	3
5	0.030719250440597534	1.0651061899125125e-07	3
5	0.030719250440597534	1.0651061899125125e-07	3
6	0.031218750402331352	0.000620151637122035	0
6	0.031218750402331352	1.06764886709243e-07	0
6	0.031218750402331352	1.06764886709243e-07	0
6	0.031218750402331352	1.06764886709243e-07	0
6	0.031218750402331352	1.06764886709243e-07	0
6	0.031218750402331352	1.06764886709243e-07	0
6	0.031218750402331352	1.06764886709243e-07	0
6	0.031218750402331352	1.06764886709243e-07	0
6	0.031218750402331352	1.06764886709243e-07	0
6	0.031218750402331352	1.06764886709243e-07	0
6	0.031218750402331352	1.06764886709243e-07	0
6	0.031218750402331352	1.06764886709243e-07	0
6	0.031218750402331352	1.06764886709243e-07	0
6	0.031218750402331352	1.06764886709243e-07	0
6	0.031218750402331352	1.06764886709243e-07	0
6	0.031218750402331352	1.06764886709243e-07	0
6	0.031218750402331352	1.06764886709243e-07	0
6	0.031218750402331352	1.06764886709243e-07	0
6	0.031218750402331352	1.06764886709243e-07	0
6	0.031218750402331352	1.06764886709243e-07	0
6	0.031218750402331352	1.06764886709243e-07	0
6	0.031218750402331352	1.06764886709243e-07	0
6	0.031218750402331352	1.06764886709243e-07	0
6	0.031218750402331352	1.06764886709243e-07	0
6	0.031218750402331352	1.06764886709243e-07	0
6	0.031218750402331352	1.06764886709243e-07	0
6	0.031218750402331352	1.06764886709243e-07	0
6	0.031218750402331352	1.06764886709243e-07	0
6	0.031218750402331352	1.06764886709243e-07	0
6	0.031218750402331352	1.06764886709243e-07	0
6	0.028970999643206596	0.000620151637122035	1
6	0.028970999643206596	1.06764886709243e-07	1
6	0.028970999643206596	1.06764886709243e-07	1
6	0.028970999643206596	1.06764886709243e-07	1
6	0.028970999643206596	1.06764886709243e-07	1
6	0.028970999643206596	1.06764886709243e-07	1
6	0.028970999643206596	1.06764886709243e-07	1
6	0.028970999643206596	1.06764886709243e-07	1
6	0.028970999643206596	1.06764886709243e-07	1
6	0.028970999643206596	1.06764886709243e-07	1
6	0.028970999643206596	1.06764886709243e-07	1
6	0.028970999643206596	1.06764886709243e-07	1
6	0.028970999643206596	1.06764886709243e-07	1
6	0.028970999643206596	1.06764886709243e-07	1
6	0.028970999643206596	1.06764886709243e-07	1
6	0.028970999643206596	1.06764886709243e-07	1
6	0.028970999643206596	1.06764886709243e-07	1
6	0.028970999643206596	1.06764886709243e-07	1
6	0.028970999643206596	1.06764886709243e-07	1
6	0.028970999643206596	1.06764886709243e-07	1
6	0.028970999643206596	1.06764886709243e-07	1
6	0.028970999643206596	1.06764886709243e-07	1
6	0.028970999643206596	1.06764886709243e-07	1
6	0.028970999643206596	1.06764886709243e-07	1
6	0.028970999643206596	1.06764886709243e-07	1
6	0.028970999643206596	1.06764886709243e-07	1
6	0.028970999643206596	1.06764886709243e-07	1
6	0.028970999643206596	1.06764886709243e-07	1
6	0.028970999643206596	1.06764886709243e-07	1
6	0.028970999643206596	1.06764886709243e-07	1
6	0.031968001276254654	0.000620151637122035	2
6	0.031968001276254654	1.06764886709243e-07	2
6	0.031968001276254654	1.06764886709243e-07	2
6	0.031968001276254654	1.06764886709243e-07	2
6	0.031968001276254654	1.06764886709243e-07	2
6	0.031968001276254654	1.06764886709243e-07	2
6	0.031968001276254654	1.06764886709243e-07	2
6	0.031968001276254654	1.06764886709243e-07	2
6	0.031968001276254654	1.06764886709243e-07	2
6	0.031968001276254654	1.06764886709243e-07	2
6	0.031968001276254654	1.06764886709243e-07	2
6	0.031968001276254654	1.06764886709243e-07	2
6	0.031968001276254654	1.06764886709243e-07	2
6	0.031968001276254654	1.06764886709243e-07	2
6	0.031968001276254654	1.06764886709243e-07	2
6	0.031968001276254654	1.06764886709243e-07	2
6	0.031968001276254654	1.06764886709243e-07	2
6	0.031968001276254654	1.06764886709243e-07	2
6	0.031968001276254654	1.06764886709243e-07	2
6	0.031968001276254654	1.06764886709243e-07	2
6	0.031968001276254654	1.06764886709243e-07	2
6	0.031968001276254654	1.06764886709243e-07	2
6	0.031968001276254654	1.06764886709243e-07	2
6	0.031968001276254654	1.06764886709243e-07	2
6	0.031968001276254654	1.06764886709243e-07	2
6	0.031968001276254654	1.06764886709243e-07	2
6	0.031968001276254654	1.06764886709243e-07	2
6	0.031968001276254654	1.06764886709243e-07	2
6	0.031968001276254654	1.06764886709243e-07	2
6	0.031968001276254654	1.06764886709243e-07	2
6	0.030094875022768974	0.000620151637122035	3
6	0.030094875022768974	1.06764886709243e-07	3
6	0.030094875022768974	1.06764886709243e-07	3
6	0.030094875022768974	1.06764886709243e-07	3
6	0.030094875022768974	1.06764886709243e-07	3
6	0.030094875022768974	1.06764886709243e-07	3
6	0.030094875022768974	1.06764886709243e-07	3
6	0.030094875022768974	1.06764886709243e-07	3
6	0.030094875022768974	1.06764886709243e-07	3
6	0.030094875022768974	1.06764886709243e-07	3
6	0.030094875022768974	1.06764886709243e-07	3
6	0.030094875022768974	1.06764886709243e-07	3
6	0.030094875022768974	1.06764886709243e-07	3
6	0.030094875022768974	1.06764886709243e-07	3
6	0.030094875022768974	1.06764886709243e-07	3
6	0.030094875022768974	1.06764886709243e-07	3
6	0.030094875022768974	1.06764886709243e-07	3
6	0.030094875022768974	1.06764886709243e-07	3
6	0.030094875022768974	1.06764886709243e-07	3
6	0.030094875022768974	1.06764886709243e-07	3
6	0.030094875022768974	1.06764886709243e-07	3
6	0.030094875022768974	1.06764886709243e-07	3
6	0.030094875022768974	1.06764886709243e-07	3
6	0.030094875022768974	1.06764886709243e-07	3
6	0.030094875022768974	1.06764886709243e-07	3
6	0.030094875022768974	1.06764886709243e-07	3
6	0.030094875022768974	1.06764886709243e-07	3
6	0.030094875022768974	1.06764886709243e-07	3
6	0.030094875022768974	1.06764886709243e-07	3
6	0.030094875022768974	1.06764886709243e-07	3
7	0.03109387494623661	0.0006401241407729685	0
7	0.03109387494623661	1.0746544631956567e-07	0
7	0.03109387494623661	1.0746544631956567e-07	0
7	0.03109387494623661	1.0746544631956567e-07	0
7	0.03109387494623661	1.0746544631956567e-07	0
7	0.03109387494623661	1.0746544631956567e-07	0
7	0.03109387494623661	1.0746544631956567e-07	0
7	0.03109387494623661	1.0746544631956567e-07	0
7	0.03109387494623661	1.0746544631956567e-07	0
7	0.03109387494623661	1.0746544631956567e-07	0
7	0.03109387494623661	1.0746544631956567e-07	0
7	0.03109387494623661	1.0746544631956567e-07	0
7	0.03109387494623661	1.0746544631956567e-07	0
7	0.03109387494623661	1.0746544631956567e-07	0
7	0.03109387494623661	1.0746544631956567e-07	0
7	0.03109387494623661	1.0746544631956567e-07	0
7	0.03109387494623661	1.0746544631956567e-07	0
7	0.03109387494623661	1.0746544631956567e-07	0
7	0.03109387494623661	1.0746544631956567e-07	0
7	0.03109387494623661	1.0746544631956567e-07	0
7	0.03109387494623661	1.0746544631956567e-07	0
7	0.03109387494623661	1.0746544631956567e-07	0
7	0.03109387494623661	1.0746544631956567e-07	0
7	0.03109387494623661	1.0746544631956567e-07	0
7	0.03109387494623661	1.0746544631956567e-07	0
7	0.03109387494623661	1.0746544631956567e-07	0
7	0.03109387494623661	1.0746544631956567e-07	0
7	0.03109387494623661	1.0746544631956567e-07	0
7	0.03109387494623661	1.0746544631956567e-07	0
7	0.03109387494623661	1.0746544631956567e-07	0
7	0.029720250517129898	0.0006401241407729685	1
7	0.029720250517129898	1.0746544631956567e-07	1
7	0.029720250517129898	1.0746544631956567e-07	1
7	0.029720250517129898	1.0746544631956567e-07	1
7	0.029720250517129898	1.0746544631956567e-07	1
7	0.029720250517129898	1.0746544631956567e-07	1
7	0.029720250517129898	1.0746544631956567e-07	1
7	0.029720250517129898	1.0746544631956567e-07	1
7	0.029720250517129898	1.0746544631956567e-07	1
7	0.029720250517129898	1.0746544631956567e-07	1
7	0.029720250517129898	1.0746544631956567e-07	1
7	0.029720250517129898	1.0746544631956567e-07	1
7	0.029720250517129898	1.0746544631956567e-07	1
7	0.029720250517129898	1.0746544631956567e-07	1
7	0.029720250517129898	1.0746544631956567e-07	1
7	0.029720250517129898	1.0746544631956567e-07	1
7	0.029720250517129898	1.0746544631956567e-07	1
7	0.029720250517129898	1.0746544631956567e-07	1
7	0.029720250517129898	1.0746544631956567e-07	1
7	0.029720250517129898	1.0746544631956567e-07	1
7	0.029720250517129898	1.0746544631956567e-07	1
7	0.029720250517129898	1.0746544631956567e-07	1
7	0.029720250517129898	1.0746544631956567e-07	1
7	0.029720250517129898	1.0746544631956567e-07	1
7	0.029720250517129898	1.0746544631956567e-07	1
7	0.029720250517129898	1.0746544631956567e-07	1
7	0.029720250517129898	1.0746544631956567e-07	1
7	0.029720250517129898	1.0746544631956567e-07	1
7	0.029720250517129898	1.0746544631956567e-07	1
7	0.029720250517129898	1.0746544631956567e-07	1
7	0.031218750402331352	0.0006401241407729685	2
7	0.031218750402331352	1.0746544631956567e-07	2
7	0.031218750402331352	1.0746544631956567e-07	2
7	0.031218750402331352	1.0746544631956567e-07	2
7	0.031218750402331352	1.0746544631956567e-07	2
7	0.031218750402331352	1.0746544631956567e-07	2
7	0.031218750402331352	1.0746544631956567e-07	2
7	0.031218750402331352	1.0746544631956567e-07	2
7	0.031218750402331352	1.0746544631956567e-07	2
7	0.031218750402331352	1.0746544631956567e-07	2
7	0.031218750402331352	1.0746544631956567e-07	2
7	0.031218750402331352	1.0746544631956567e-07	2
7	0.031218750402331352	1.0746544631956567e-07	2
7	0.031218750402331352	1.0746544631956567e-07	2
7	0.031218750402331352	1.0746544631956567e-07	2
7	0.031218750402331352	1.0746544631956567e-07	2
7	0.031218750402331352	1.0746544631956567e-07	2
7	0.031218750402331352	1.0746544631956567e-07	2
7	0.031218750402331352	1.0746544631956567e-07	2
7	0.031218750402331352	1.0746544631956567e-07	2
7	0.031218750402331352	1.0746544631956567e-07	2
7	0.031218750402331352	1.0746544631956567e-07	2
7	0.031218750402331352	1.0746544631956567e-07	2
7	0.031218750402331352	1.0746544631956567e-07	2
7	0.031218750402331352	1.0746544631956567e-07	2
7	0.031218750402331352	1.0746544631956567e-07	2
7	0.031218750402331352	1.0746544631956567e-07	2
7	0.031218750402331352	1.0746544631956567e-07	2
7	0.031218750402331352	1.0746544631956567e-07	2
7	0.031218750402331352	1.0746544631956567e-07	2
7	0.031218750402331352	0.0006401241407729685	3
7	0.031218750402331352	1.0746544631956567e-07	3
7	0.031218750402331352	1.0746544631956567e-07	3
7	0.031218750402331352	1.0746544631956567e-07	3
7	0.031218750402331352	1.0746544631956567e-07	3
7	0.031218750402331352	1.0746544631956567e-07	3
7	0.031218750402331352	1.0746544631956567e-07	3
7	0.031218750402331352	1.0746544631956567e-07	3
7	0.031218750402331352	1.0746544631956567e-07	3
7	0.031218750402331352	1.0746544631956567e-07	3
7	0.031218750402331352	1.0746544631956567e-07	3
7	0.031218750402331352	1.0746544631956567e-07	3
7	0.031218750402331352	1.0746544631956567e-07	3
7	0.031218750402331352	1.0746544631956567e-07	3
7	0.031218750402331352	1.0746544631956567e-07	3
7	0.031218750402331352	1.0746544631956567e-07	3
7	0.031218750402331352	1.0746544631956567e-07	3
7	0.031218750402331352	1.0746544631956567e-07	3
7	0.031218750402331352	1.0746544631956567e-07	3
7	0.031218750402331352	1.0746544631956567e-07	3
7	0.031218750402331352	1.0746544631956567e-07	3
7	0.031218750402331352	1.0746544631956567e-07	3
7	0.031218750402331352	1.0746544631956567e-07	3
7	0.031218750402331352	1.0746544631956567e-07	3
7	0.031218750402331352	1.0746544631956567e-07	3
7	0.031218750402331352	1.0746544631956567e-07	3
7	0.031218750402331352	1.0746544631956567e-07	3
7	0.031218750402331352	1.0746544631956567e-07	3
7	0.031218750402331352	1.0746544631956567e-07	3
7	0.031218750402331352	1.0746544631956567e-07	3
8	0.032717250287532806	0.0006334484205581248	0
8	0.032717250287532806	1.0718387244423866e-07	0
8	0.032717250287532806	1.0718387244423866e-07	0
8	0.032717250287532806	1.0718387244423866e-07	0
8	0.032717250287532806	1.0718387244423866e-07	0
8	0.032717250287532806	1.0718387244423866e-07	0
8	0.032717250287532806	1.0718387244423866e-07	0
8	0.032717250287532806	1.0718387244423866e-07	0
8	0.032717250287532806	1.0718387244423866e-07	0
8	0.032717250287532806	1.0718387244423866e-07	0
8	0.032717250287532806	1.0718387244423866e-07	0
8	0.032717250287532806	1.0718387244423866e-07	0
8	0.032717250287532806	1.0718387244423866e-07	0
8	0.032717250287532806	1.0718387244423866e-07	0
8	0.032717250287532806	1.0718387244423866e-07	0
8	0.032717250287532806	1.0718387244423866e-07	0
8	0.032717250287532806	1.0718387244423866e-07	0
8	0.032717250287532806	1.0718387244423866e-07	0
8	0.032717250287532806	1.0718387244423866e-07	0
8	0.032717250287532806	1.0718387244423866e-07	0
8	0.032717250287532806	1.0718387244423866e-07	0
8	0.032717250287532806	1.0718387244423866e-07	0
8	0.032717250287532806	1.0718387244423866e-07	0
8	0.032717250287532806	1.0718387244423866e-07	0
8	0.032717250287532806	1.0718387244423866e-07	0
8	0.032717250287532806	1.0718387244423866e-07	0
8	0.032717250287532806	1.0718387244423866e-07	0
8	0.032717250287532806	1.0718387244423866e-07	0
8	0.032717250287532806	1.0718387244423866e-07	0
8	0.032717250287532806	1.0718387244423866e-07	0
8	0.03046949952840805	0.0006334484205581248	1
8	0.03046949952840805	1.0718387244423866e-07	1
8	0.03046949952840805	1.0718387244423866e-07	1
8	0.03046949952840805	1.0718387244423866e-07	1
8	0.03046949952840805	1.0718387244423866e-07	1
8	0.03046949952840805	1.0718387244423866e-07	1
8	0.03046949952840805	1.0718387244423866e-07	1
8	0.03046949952840805	1.0718387244423866e-07	1
8	0.03046949952840805	1.0718387244423866e-07	1
8	0.03046949952840805	1.0718387244423866e-07	1
8	0.03046949952840805	1.0718387244423866e-07	1
8	0.03046949952840805	1.0718387244423866e-07	1
8	0.03046949952840805	1.0718387244423866e-07	1
8	0.03046949952840805	1.0718387244423866e-07	1
8	0.03046949952840805	1.0718387244423866e-07	1
8	0.03046949952840805	1.0718387244423866e-07	1
8	0.03046949952840805	1.0718387244423866e-07	1
8	0.03046949952840805	1.0718387244423866e-07	1
8	0.03046949952840805	1.0718387244423866e-07	1
8	0.03046949952840805	1.0718387244423866e-07	1
8	0.03046949952840805	1.0718387244423866e-07	1
8	0.03046949952840805	1.0718387244423866e-07	1
8	0.03046949952840805	1.0718387244423866e-07	1
8	0.03046949952840805	1.0718387244423866e-07	1
8	0.03046949952840805	1.0718387244423866e-07	1
8	0.03046949952840805	1.0718387244423866e-07	1
8	0.03046949952840805	1.0718387244423866e-07	1
8	0.03046949952840805	1.0718387244423866e-07	1
8	0.03046949952840805	1.0718387244423866e-07	1
8	0.03046949952840805	1.0718387244423866e-07	1
8	0.030219750478863716	0.0006334484205581248	2
8	0.030219750478863716	1.0718387244423866e-07	2
8	0.030219750478863716	1.0718387244423866e-07	2
8	0.030219750478863716	1.0718387244423866e-07	2
8	0.030219750478863716	1.0718387244423866e-07	2
8	0.030219750478863716	1.0718387244423866e-07	2
8	0.030219750478863716	1.0718387244423866e-07	2
8	0.030219750478863716	1.0718387244423866e-07	2
8	0.030219750478863716	1.0718387244423866e-07	2
8	0.030219750478863716	1.0718387244423866e-07	2
8	0.030219750478863716	1.0718387244423866e-07	2
8	0.030219750478863716	1.0718387244423866e-07	2
8	0.030219750478863716	1.0718387244423866e-07	2
8	0.030219750478863716	1.0718387244423866e-07	2
8	0.030219750478863716	1.0718387244423866e-07	2
8	0.030219750478863716	1.0718387244423866e-07	2
8	0.030219750478863716	1.0718387244423866e-07	2
8	0.030219750478863716	1.0718387244423866e-07	2
8	0.030219750478863716	1.0718387244423866e-07	2
8	0.030219750478863716	1.0718387244423866e-07	2
8	0.030219750478863716	1.0718387244423866e-07	2
8	0.030219750478863716	1.0718387244423866e-07	2
8	0.030219750478863716	1.0718387244423866e-07	2
8	0.030219750478863716	1.0718387244423866e-07	2
8	0.030219750478863716	1.0718387244423866e-07	2
8	0.030219750478863716	1.0718387244423866e-07	2
8	0.030219750478863716	1.0718387244423866e-07	2
8	0.030219750478863716	1.0718387244423866e-07	2
8	0.030219750478863716	1.0718387244423866e-07	2
8	0.030219750478863716	1.0718387244423866e-07	2
8	0.029720250517129898	0.0006334484205581248	3
8	0.029720250517129898	1.0718387244423866e-07	3
8	0.029720250517129898	1.0718387244423866e-07	3
8	0.029720250517129898	1.0718387244423866e-07	3
8	0.029720250517129898	1.0718387244423866e-07	3
8	0.029720250517129898	1.0718387244423866e-07	3
8	0.029720250517129898	1.0718387244423866e-07	3
8	0.029720250517129898	1.0718387244423866e-07	3
8	0.029720250517129898	1.0718387244423866e-07	3
8	0.029720250517129898	1.0718387244423866e-07	3
8	0.029720250517129898	1.0718387244423866e-07	3
8	0.029720250517129898	1.0718387244423866e-07	3
8	0.029720250517129898	1.0718387244423866e-07	3
8	0.029720250517129898	1.0718387244423866e-07	3
8	0.029720250517129898	1.0718387244423866e-07	3
8	0.029720250517129898	1.0718387244423866e-07	3
8	0.029720250517129898	1.0718387244423866e-07	3
8	0.029720250517129898	1.0718387244423866e-07	3
8	0.029720250517129898	1.0718387244423866e-07	3
8	0.029720250517129898	1.0718387244423866e-07	3
8	0.029720250517129898	1.0718387244423866e-07	3
8	0.029720250517129898	1.0718387244423866e-07	3
8	0.029720250517129898	1.0718387244423866e-07	3
8	0.029720250517129898	1.0718387244423866e-07	3
8	0.029720250517129898	1.0718387244423866e-07	3
8	0.029720250517129898	1.0718387244423866e-07	3
8	0.029720250517129898	1.0718387244423866e-07	3
8	0.029720250517129898	1.0718387244423866e-07	3
8	0.029720250517129898	1.0718387244423866e-07	3
8	0.029720250517129898	1.0718387244423866e-07	3
9	0.030719250440597534	0.0006616280297748744	0
9	0.030719250440597534	2.015407972066896e-06	0
9	0.030719250440597534	2.015407972066896e-06	0
9	0.030719250440597534	2.015407972066896e-06	0
9	0.030719250440597534	2.015407972066896e-06	0
9	0.030719250440597534	2.015407972066896e-06	0
9	0.030719250440597534	2.015407972066896e-06	0
9	0.030719250440597534	2.015407972066896e-06	0
9	0.030719250440597534	2.015407972066896e-06	0
9	0.030719250440597534	2.015407972066896e-06	0
9	0.030719250440597534	2.015407972066896e-06	0
9	0.030719250440597534	2.015407972066896e-06	0
9	0.030719250440597534	2.015407972066896e-06	0
9	0.030719250440597534	2.015407972066896e-06	0
9	0.030719250440597534	2.015407972066896e-06	0
9	0.030719250440597534	2.015407972066896e-06	0
9	0.030719250440597534	2.015407972066896e-06	0
9	0.030719250440597534	2.015407972066896e-06	0
9	0.030719250440597534	2.015407972066896e-06	0
9	0.030719250440597534	2.015407972066896e-06	0
9	0.030719250440597534	2.015407972066896e-06	0
9	0.030719250440597534	2.015407972066896e-06	0
9	0.030719250440597534	2.015407972066896e-06	0
9	0.030719250440597534	2.015407972066896e-06	0
9	0.030719250440597534	2.015407972066896e-06	0
9	0.030719250440597534	2.015407972066896e-06	0
9	0.030719250440597534	2.015407972066896e-06	0
9	0.030719250440597534	2.015407972066896e-06	0
9	0.030719250440597534	2.015407972066896e-06	0
9	0.030719250440597534	2.015407972066896e-06	0
9	0.030219750478863716	0.0006616280297748744	1
9	0.030219750478863716	2.015407972066896e-06	1
9	0.030219750478863716	2.015407972066896e-06	1
9	0.030219750478863716	2.015407972066896e-06	1
9	0.030219750478863716	2.015407972066896e-06	1
9	0.030219750478863716	2.015407972066896e-06	1
9	0.030219750478863716	2.015407972066896e-06	1
9	0.030219750478863716	2.015407972066896e-06	1
9	0.030219750478863716	2.015407972066896e-06	1
9	0.030219750478863716	2.015407972066896e-06	1
9	0.030219750478863716	2.015407972066896e-06	1
9	0.030219750478863716	2.015407972066896e-06	1
9	0.030219750478863716	2.015407972066896e-06	1
9	0.030219750478863716	2.015407972066896e-06	1
9	0.030219750478863716	2.015407972066896e-06	1
9	0.030219750478863716	2.015407972066896e-06	1
9	0.030219750478863716	2.015407972066896e-06	1
9	0.030219750478863716	2.015407972066896e-06	1
9	0.030219750478863716	2.015407972066896e-06	1
9	0.030219750478863716	2.015407972066896e-06	1
9	0.030219750478863716	2.015407972066896e-06	1
9	0.030219750478863716	2.015407972066896e-06	1
9	0.030219750478863716	2.015407972066896e-06	1
9	0.030219750478863716	2.015407972066896e-06	1
9	0.030219750478863716	2.015407972066896e-06	1
9	0.030219750478863716	2.015407972066896e-06	1
9	0.030219750478863716	2.015407972066896e-06	1
9	0.030219750478863716	2.015407972066896e-06	1
9	0.030219750478863716	2.015407972066896e-06	1
9	0.030219750478863716	2.015407972066896e-06	1
9	0.027472499758005142	0.0006616280297748744	2
9	0.027472499758005142	2.015407972066896e-06	2
9	0.027472499758005142	2.015407972066896e-06	2
9	0.027472499758005142	2.015407972066896e-06	2
9	0.027472499758005142	2.015407972066896e-06	2
9	0.027472499758005142	2.015407972066896e-06	2
9	0.027472499758005142	2.015407972066896e-06	2
9	0.027472499758005142	2.015407972066896e-06	2
9	0.027472499758005142	2.015407972066896e-06	2
9	0.027472499758005142	2.015407972066896e-06	2
9	0.027472499758005142	2.015407972066896e-06	2
9	0.027472499758005142	2.015407972066896e-06	2
9	0.027472499758005142	2.015407972066896e-06	2
9	0.027472499758005142	2.015407972066896e-06	2
9	0.027472499758005142	2.015407972066896e-06	2
9	0.027472499758005142	2.015407972066896e-06	2
9	0.027472499758005142	2.015407972066896e-06	2
9	0.027472499758005142	2.015407972066896e-06	2
9	0.027472499758005142	2.015407972066896e-06	2
9	0.027472499758005142	2.015407972066896e-06	2
9	0.027472499758005142	2.015407972066896e-06	2
9	0.027472499758005142	2.015407972066896e-06	2
9	0.027472499758005142	2.015407972066896e-06	2
9	0.027472499758005142	2.015407972066896e-06	2
9	0.027472499758005142	2.015407972066896e-06	2
9	0.027472499758005142	2.015407972066896e-06	2
9	0.027472499758005142	2.015407972066896e-06	2
9	0.027472499758005142	2.015407972066896e-06	2
9	0.027472499758005142	2.015407972066896e-06	2
9	0.027472499758005142	2.015407972066896e-06	2
9	0.0273476243019104	0.0006616280297748744	3
9	0.0273476243019104	2.015407972066896e-06	3
9	0.0273476243019104	2.015407972066896e-06	3
9	0.0273476243019104	2.015407972066896e-06	3
9	0.0273476243019104	2.015407972066896e-06	3
9	0.0273476243019104	2.015407972066896e-06	3
9	0.0273476243019104	2.015407972066896e-06	3
9	0.0273476243019104	2.015407972066896e-06	3
9	0.0273476243019104	2.015407972066896e-06	3
9	0.0273476243019104	2.015407972066896e-06	3
9	0.0273476243019104	2.015407972066896e-06	3
9	0.0273476243019104	2.015407972066896e-06	3
9	0.0273476243019104	2.015407972066896e-06	3
9	0.0273476243019104	2.015407972066896e-06	3
9	0.0273476243019104	2.015407972066896e-06	3
9	0.0273476243019104	2.015407972066896e-06	3
9	0.0273476243019104	2.015407972066896e-06	3
9	0.0273476243019104	2.015407972066896e-06	3
9	0.0273476243019104	2.015407972066896e-06	3
9	0.0273476243019104	2.015407972066896e-06	3
9	0.0273476243019104	2.015407972066896e-06	3
9	0.0273476243019104	2.015407972066896e-06	3
9	0.0273476243019104	2.015407972066896e-06	3
9	0.0273476243019104	2.015407972066896e-06	3
9	0.0273476243019104	2.015407972066896e-06	3
9	0.0273476243019104	2.015407972066896e-06	3
9	0.0273476243019104	2.015407972066896e-06	3
9	0.0273476243019104	2.015407972066896e-06	3
9	0.0273476243019104	2.015407972066896e-06	3
9	0.0273476243019104	2.015407972066896e-06	3
