# num_workers = 24
# num_cells = 256
# seed_for_environment = 14
# lr = 0.0003
# max_grad_norm = 1.0
# eval_rollout_length = 30
# scaling_factor = 100
# frames_per_batch = 1000
# sub_batch_size = 64
# num_epochs = 10
# clip_epsilon = 0.2
# gamma = 0.99
# lmbda = 0.95
# entropy_eps = 0.0001
# reward_engineering = False
# minimum_number_of_qubits = 6
# log_name = None
# Just for information, not used in actual run: SLURM CPUS queried from os environment: 24
# Number of workers: 24
# Does torch identify cuda: False
evaluation number	reward	policy entropy
0	-0.9975212216377258	63.19105529785156
0	-0.9816843867301941	63.935707092285156
0	-0.9816843867301941	65.70264434814453
0	-0.9975212216377258	66.35075378417969
0	-0.9816843867301941	65.09527587890625
0	-0.9975212216377258	64.8987808227539
0	-0.9975212216377258	65.70204162597656
0	-0.8646647334098816	65.3440933227539
0	-0.9816843867301941	64.20970916748047
0	-0.9975212216377258	64.61698150634766
0	-0.9975212216377258	65.12638854980469
0	-0.9975212216377258	65.14276123046875
0	-0.9975212216377258	65.12638854980469
0	-0.9975212216377258	65.14276123046875
0	-0.9975212216377258	65.12638854980469
0	-0.9975212216377258	65.14276123046875
0	-0.9975212216377258	65.12638854980469
0	-0.9975212216377258	65.14276123046875
0	-0.9975212216377258	65.12638854980469
0	-0.9975212216377258	65.14276123046875
0	-0.9975212216377258	65.12638854980469
0	-0.9975212216377258	65.14276123046875
0	-0.9975212216377258	65.12638854980469
0	-0.9975212216377258	65.14276123046875
0	-0.9975212216377258	65.12638854980469
0	-0.9975212216377258	65.14276123046875
0	-0.9975212216377258	65.12638854980469
0	-0.9975212216377258	65.14276123046875
0	-0.9975212216377258	65.12638854980469
0	-0.9975212216377258	65.14276123046875
1	-0.9975212216377258	10.783615112304688
1	-0.9975212216377258	10.006272315979004
1	-0.9975212216377258	9.488208770751953
1	-0.9975212216377258	9.488208770751953
1	-0.9975212216377258	9.488208770751953
1	-0.9975212216377258	9.488208770751953
1	-0.9975212216377258	9.488208770751953
1	-0.9975212216377258	9.488208770751953
1	-0.9975212216377258	9.488208770751953
1	-0.9975212216377258	9.488208770751953
1	-0.9975212216377258	9.488208770751953
1	-0.9975212216377258	9.488208770751953
1	-0.9975212216377258	9.488208770751953
1	-0.9975212216377258	9.488208770751953
1	-0.9975212216377258	9.488208770751953
1	-0.9975212216377258	9.488208770751953
1	-0.9975212216377258	9.488208770751953
1	-0.9975212216377258	9.488208770751953
1	-0.9975212216377258	9.488208770751953
1	-0.9975212216377258	9.488208770751953
1	-0.9975212216377258	9.488208770751953
1	-0.9975212216377258	9.488208770751953
1	-0.9975212216377258	9.488208770751953
1	-0.9975212216377258	9.488208770751953
1	-0.9975212216377258	9.488208770751953
1	-0.9975212216377258	9.488208770751953
1	-0.9975212216377258	9.488208770751953
1	-0.9975212216377258	9.488208770751953
1	-0.9975212216377258	9.488208770751953
1	-0.9975212216377258	9.488208770751953
2	-0.9975212216377258	4.507571065914817e-05
2	-0.9975212216377258	1.931558108481113e-05
2	-0.9975212216377258	1.931558108481113e-05
2	-0.9975212216377258	1.931558108481113e-05
2	-0.9975212216377258	1.931558108481113e-05
2	-0.9975212216377258	1.931558108481113e-05
2	-0.9975212216377258	1.931558108481113e-05
2	-0.9975212216377258	1.931558108481113e-05
2	-0.9975212216377258	1.931558108481113e-05
2	-0.9975212216377258	1.931558108481113e-05
2	-0.9975212216377258	1.931558108481113e-05
2	-0.9975212216377258	1.931558108481113e-05
2	-0.9975212216377258	1.931558108481113e-05
2	-0.9975212216377258	1.931558108481113e-05
2	-0.9975212216377258	1.931558108481113e-05
2	-0.9975212216377258	1.931558108481113e-05
2	-0.9975212216377258	1.931558108481113e-05
2	-0.9975212216377258	1.931558108481113e-05
2	-0.9975212216377258	1.931558108481113e-05
2	-0.9975212216377258	1.931558108481113e-05
2	-0.9975212216377258	1.931558108481113e-05
2	-0.9975212216377258	1.931558108481113e-05
2	-0.9975212216377258	1.931558108481113e-05
2	-0.9975212216377258	1.931558108481113e-05
2	-0.9975212216377258	1.931558108481113e-05
2	-0.9975212216377258	1.931558108481113e-05
2	-0.9975212216377258	1.931558108481113e-05
2	-0.9975212216377258	1.931558108481113e-05
2	-0.9975212216377258	1.931558108481113e-05
2	-0.9975212216377258	1.931558108481113e-05
3	-0.9975212216377258	3.940785973099992e-05
3	-0.9975212216377258	1.9317707483423874e-05
3	-0.9975212216377258	1.9317707483423874e-05
3	-0.9975212216377258	1.9317707483423874e-05
3	-0.9975212216377258	1.9317707483423874e-05
3	-0.9975212216377258	1.9317707483423874e-05
3	-0.9975212216377258	1.9317707483423874e-05
3	-0.9975212216377258	1.9317707483423874e-05
3	-0.9975212216377258	1.9317707483423874e-05
3	-0.9975212216377258	1.9317707483423874e-05
3	-0.9975212216377258	1.9317707483423874e-05
3	-0.9975212216377258	1.9317707483423874e-05
3	-0.9975212216377258	1.9317707483423874e-05
3	-0.9975212216377258	1.9317707483423874e-05
3	-0.9975212216377258	1.9317707483423874e-05
3	-0.9975212216377258	1.9317707483423874e-05
3	-0.9975212216377258	1.9317707483423874e-05
3	-0.9975212216377258	1.9317707483423874e-05
3	-0.9975212216377258	1.9317707483423874e-05
3	-0.9975212216377258	1.9317707483423874e-05
3	-0.9975212216377258	1.9317707483423874e-05
3	-0.9975212216377258	1.9317707483423874e-05
3	-0.9975212216377258	1.9317707483423874e-05
3	-0.9975212216377258	1.9317707483423874e-05
3	-0.9975212216377258	1.9317707483423874e-05
3	-0.9975212216377258	1.9317707483423874e-05
3	-0.9975212216377258	1.9317707483423874e-05
3	-0.9975212216377258	1.9317707483423874e-05
3	-0.9975212216377258	1.9317707483423874e-05
3	-0.9975212216377258	1.9317707483423874e-05
4	-0.9975212216377258	3.940745955333114e-05
4	-0.9975212216377258	1.931796214194037e-05
4	-0.9975212216377258	1.931796214194037e-05
4	-0.9975212216377258	1.931796214194037e-05
4	-0.9975212216377258	1.931796214194037e-05
4	-0.9975212216377258	1.931796214194037e-05
4	-0.9975212216377258	1.931796214194037e-05
4	-0.9975212216377258	1.931796214194037e-05
4	-0.9975212216377258	1.931796214194037e-05
4	-0.9975212216377258	1.931796214194037e-05
4	-0.9975212216377258	1.931796214194037e-05
4	-0.9975212216377258	1.931796214194037e-05
4	-0.9975212216377258	1.931796214194037e-05
4	-0.9975212216377258	1.931796214194037e-05
4	-0.9975212216377258	1.931796214194037e-05
4	-0.9975212216377258	1.931796214194037e-05
4	-0.9975212216377258	1.931796214194037e-05
4	-0.9975212216377258	1.931796214194037e-05
4	-0.9975212216377258	1.931796214194037e-05
4	-0.9975212216377258	1.931796214194037e-05
4	-0.9975212216377258	1.931796214194037e-05
4	-0.9975212216377258	1.931796214194037e-05
4	-0.9975212216377258	1.931796214194037e-05
4	-0.9975212216377258	1.931796214194037e-05
4	-0.9975212216377258	1.931796214194037e-05
4	-0.9975212216377258	1.931796214194037e-05
4	-0.9975212216377258	1.931796214194037e-05
4	-0.9975212216377258	1.931796214194037e-05
4	-0.9975212216377258	1.931796214194037e-05
4	-0.9975212216377258	1.931796214194037e-05
5	-0.9975212216377258	3.3286090911133215e-05
5	-0.9975212216377258	1.733847602736205e-05
5	-0.9975212216377258	1.733847602736205e-05
5	-0.9975212216377258	1.733847602736205e-05
5	-0.9975212216377258	1.733847602736205e-05
5	-0.9975212216377258	1.733847602736205e-05
5	-0.9975212216377258	1.733847602736205e-05
5	-0.9975212216377258	1.733847602736205e-05
5	-0.9975212216377258	1.733847602736205e-05
5	-0.9975212216377258	1.733847602736205e-05
5	-0.9975212216377258	1.733847602736205e-05
5	-0.9975212216377258	1.733847602736205e-05
5	-0.9975212216377258	1.733847602736205e-05
5	-0.9975212216377258	1.733847602736205e-05
5	-0.9975212216377258	1.733847602736205e-05
5	-0.9975212216377258	1.733847602736205e-05
5	-0.9975212216377258	1.733847602736205e-05
5	-0.9975212216377258	1.733847602736205e-05
5	-0.9975212216377258	1.733847602736205e-05
5	-0.9975212216377258	1.733847602736205e-05
5	-0.9975212216377258	1.733847602736205e-05
5	-0.9975212216377258	1.733847602736205e-05
5	-0.9975212216377258	1.733847602736205e-05
5	-0.9975212216377258	1.733847602736205e-05
5	-0.9975212216377258	1.733847602736205e-05
5	-0.9975212216377258	1.733847602736205e-05
5	-0.9975212216377258	1.733847602736205e-05
5	-0.9975212216377258	1.733847602736205e-05
5	-0.9975212216377258	1.733847602736205e-05
5	-0.9975212216377258	1.733847602736205e-05
6	-0.9975212216377258	1.690345561655704e-05
6	-0.9975212216377258	5.952949777565664e-06
6	-0.9975212216377258	5.952949777565664e-06
6	-0.9975212216377258	5.952949777565664e-06
6	-0.9975212216377258	5.952949777565664e-06
6	-0.9975212216377258	5.952949777565664e-06
6	-0.9975212216377258	5.952949777565664e-06
6	-0.9975212216377258	5.952949777565664e-06
6	-0.9975212216377258	5.952949777565664e-06
6	-0.9975212216377258	5.952949777565664e-06
6	-0.9975212216377258	5.952949777565664e-06
6	-0.9975212216377258	5.952949777565664e-06
6	-0.9975212216377258	5.952949777565664e-06
6	-0.9975212216377258	5.952949777565664e-06
6	-0.9975212216377258	5.952949777565664e-06
6	-0.9975212216377258	5.952949777565664e-06
6	-0.9975212216377258	5.952949777565664e-06
6	-0.9975212216377258	5.952949777565664e-06
6	-0.9975212216377258	5.952949777565664e-06
6	-0.9975212216377258	5.952949777565664e-06
6	-0.9975212216377258	5.952949777565664e-06
6	-0.9975212216377258	5.952949777565664e-06
6	-0.9975212216377258	5.952949777565664e-06
6	-0.9975212216377258	5.952949777565664e-06
6	-0.9975212216377258	5.952949777565664e-06
6	-0.9975212216377258	5.952949777565664e-06
6	-0.9975212216377258	5.952949777565664e-06
6	-0.9975212216377258	5.952949777565664e-06
6	-0.9975212216377258	5.952949777565664e-06
6	-0.9975212216377258	5.952949777565664e-06
7	-0.9975212216377258	1.3356654562812764e-05
7	-0.9975212216377258	3.987701347796246e-06
7	-0.9975212216377258	3.987701347796246e-06
7	-0.9975212216377258	3.987701347796246e-06
7	-0.9975212216377258	3.987701347796246e-06
7	-0.9975212216377258	3.987701347796246e-06
7	-0.9975212216377258	3.987701347796246e-06
7	-0.9975212216377258	3.987701347796246e-06
7	-0.9975212216377258	3.987701347796246e-06
7	-0.9975212216377258	3.987701347796246e-06
7	-0.9975212216377258	3.987701347796246e-06
7	-0.9975212216377258	3.987701347796246e-06
7	-0.9975212216377258	3.987701347796246e-06
7	-0.9975212216377258	3.987701347796246e-06
7	-0.9975212216377258	3.987701347796246e-06
7	-0.9975212216377258	3.987701347796246e-06
7	-0.9975212216377258	3.987701347796246e-06
7	-0.9975212216377258	3.987701347796246e-06
7	-0.9975212216377258	3.987701347796246e-06
7	-0.9975212216377258	3.987701347796246e-06
7	-0.9975212216377258	3.987701347796246e-06
7	-0.9975212216377258	3.987701347796246e-06
7	-0.9975212216377258	3.987701347796246e-06
7	-0.9975212216377258	3.987701347796246e-06
7	-0.9975212216377258	3.987701347796246e-06
7	-0.9975212216377258	3.987701347796246e-06
7	-0.9975212216377258	3.987701347796246e-06
7	-0.9975212216377258	3.987701347796246e-06
7	-0.9975212216377258	3.987701347796246e-06
7	-0.9975212216377258	3.987701347796246e-06
8	-0.9975212216377258	1.1564805390662514e-05
8	-0.9975212216377258	4.005053597211372e-06
8	-0.9975212216377258	4.005053597211372e-06
8	-0.9975212216377258	4.005053597211372e-06
8	-0.9975212216377258	4.005053597211372e-06
8	-0.9975212216377258	4.005053597211372e-06
8	-0.9975212216377258	4.005053597211372e-06
8	-0.9975212216377258	4.005053597211372e-06
8	-0.9975212216377258	4.005053597211372e-06
8	-0.9975212216377258	4.005053597211372e-06
8	-0.9975212216377258	4.005053597211372e-06
8	-0.9975212216377258	4.005053597211372e-06
8	-0.9975212216377258	4.005053597211372e-06
8	-0.9975212216377258	4.005053597211372e-06
8	-0.9975212216377258	4.005053597211372e-06
8	-0.9975212216377258	4.005053597211372e-06
8	-0.9975212216377258	4.005053597211372e-06
8	-0.9975212216377258	4.005053597211372e-06
8	-0.9975212216377258	4.005053597211372e-06
8	-0.9975212216377258	4.005053597211372e-06
8	-0.9975212216377258	4.005053597211372e-06
8	-0.9975212216377258	4.005053597211372e-06
8	-0.9975212216377258	4.005053597211372e-06
8	-0.9975212216377258	4.005053597211372e-06
8	-0.9975212216377258	4.005053597211372e-06
8	-0.9975212216377258	4.005053597211372e-06
8	-0.9975212216377258	4.005053597211372e-06
8	-0.9975212216377258	4.005053597211372e-06
8	-0.9975212216377258	4.005053597211372e-06
8	-0.9975212216377258	4.005053597211372e-06
9	-0.9975212216377258	1.1565366548893508e-05
9	-0.9975212216377258	2.0196246168779908e-06
9	-0.9975212216377258	2.0196246168779908e-06
9	-0.9975212216377258	2.0196246168779908e-06
9	-0.9975212216377258	2.0196246168779908e-06
9	-0.9975212216377258	2.0196246168779908e-06
9	-0.9975212216377258	2.0196246168779908e-06
9	-0.9975212216377258	2.0196246168779908e-06
9	-0.9975212216377258	2.0196246168779908e-06
9	-0.9975212216377258	2.0196246168779908e-06
9	-0.9975212216377258	2.0196246168779908e-06
9	-0.9975212216377258	2.0196246168779908e-06
9	-0.9975212216377258	2.0196246168779908e-06
9	-0.9975212216377258	2.0196246168779908e-06
9	-0.9975212216377258	2.0196246168779908e-06
9	-0.9975212216377258	2.0196246168779908e-06
9	-0.9975212216377258	2.0196246168779908e-06
9	-0.9975212216377258	2.0196246168779908e-06
9	-0.9975212216377258	2.0196246168779908e-06
9	-0.9975212216377258	2.0196246168779908e-06
9	-0.9975212216377258	2.0196246168779908e-06
9	-0.9975212216377258	2.0196246168779908e-06
9	-0.9975212216377258	2.0196246168779908e-06
9	-0.9975212216377258	2.0196246168779908e-06
9	-0.9975212216377258	2.0196246168779908e-06
9	-0.9975212216377258	2.0196246168779908e-06
9	-0.9975212216377258	2.0196246168779908e-06
9	-0.9975212216377258	2.0196246168779908e-06
9	-0.9975212216377258	2.0196246168779908e-06
9	-0.9975212216377258	2.0196246168779908e-06
