# num_workers = 7
# num_cells = 256
# seed_for_environment = 1414213
# lr = 0.0003
# max_grad_norm = 1.0
# eval_rollout_length = 30
# scaling_factor = 1000
# frames_per_batch = 500
# sub_batch_size = 64
# num_epochs = 15
# clip_epsilon = 0.2
# gamma = 0.99
# lmbda = 0.95
# entropy_eps = 0.003
# env_reward_engineering = True
# env_minimum_number_of_qubits = 8
# log_name = search_9_6_seed_1414213
# env_error_range = linear5
# env_version = qecc/bbcode-ldpc-v0
# env_bit_flipping = True
# env_l = 9
# env_m = 6
# env_use_dict_observation = True
# env_number_of_decoder_iterations = 50
# env_number_of_samples = 50
# env_code_logging = False
# model_architecture = hybrid
# model_surrogate_model_path = /vol/bitbucket/osella/rl-qecc-data//supervisedLearning/2026-07-12_21-15-58/surrogate_6x6.pth
# model_use_pretrained_encoder = True
# index_to_unfreeze_encoder_updates = 10
# encoder_lr_factor = 0.1
# training_device = cpu
# Resolved arguments:
# Resolved_env_reward_engineering = True
# Resolved_env_bit_flipping = True
# Resolved_env_useDictObservation = True
# Resolved_env_code_logging = False
# Resolved_env_error_range = [np.float64(0.0001), np.float64(0.025075), np.float64(0.05005), np.float64(0.075025), np.float64(0.1)]
# Resolved_model_use_pretrained_encoder = True
# Resolved_trainingDevice = cpu
# Resolved_model_architecture = hybrid
# Just for information, not used in actual run: SLURM CPUS queried from os environment: 96
# Number of workers: 7
# Does torch identify cuda: False
evaluation number	reward	policy entropy	policy entropy aX	policy entropy bX	policy entropy aY	policy entropy bY	Encoder freeze	postAction_aX	postAction_bX	postAction_aY	postAction_bY
0	-0.25	8.372451782226562	2.2906270027160645	2.2762765884399414	1.876859426498413	1.9286892414093018	True	[0 1 0 0 0 0 0 0 0]	[0 0 1 0 0 0 0 0 0]	[0 0 0 1 0 0]	[1 0 0 0 0 0]
0	-0.75	8.449068069458008	2.2968533039093018	2.2817187309265137	1.9412541389465332	1.9292415380477905	True	[0 1 1 0 0 0 0 0 0]	[0 0 1 0 0 0 0 1 0]	[1 0 0 1 0 0]	[1 0 0 0 0 1]
0	-0.75	8.45273494720459	2.2911486625671387	2.288130283355713	1.9377480745315552	1.935707688331604	True	[0 1 1 0 0 0 1 0 0]	[0 0 1 0 0 0 0 0 0]	[1 0 1 1 0 0]	[1 0 0 0 0 0]
0	-0.75	8.46275806427002	2.2980308532714844	2.2862062454223633	1.9440298080444336	1.9344907999038696	True	[0 1 1 0 0 0 0 0 0]	[0 0 1 0 0 0 0 1 0]	[1 0 0 1 0 0]	[1 0 0 0 0 1]
0	-0.5	8.452521324157715	2.293644905090332	2.2835206985473633	1.9402788877487183	1.9350767135620117	True	[0 1 1 0 0 0 1 0 0]	[0 0 1 0 0 0 0 0 0]	[1 0 0 1 0 1]	[1 0 0 0 0 0]
0	-0.75	8.47158432006836	2.298358678817749	2.2910799980163574	1.9443066120147705	1.9378395080566406	True	[0 1 1 0 0 0 0 0 0]	[0 0 1 0 0 0 0 1 0]	[1 0 1 1 0 1]	[1 0 0 0 0 1]
0	-0.75	8.458160400390625	2.2915263175964355	2.2938172817230225	1.9369566440582275	1.9358609914779663	True	[0 1 1 0 0 0 1 0 0]	[0 0 1 0 0 0 0 0 0]	[1 0 0 1 0 1]	[1 0 0 0 1 1]
0	-1.0	8.451739311218262	2.2887589931488037	2.2894647121429443	1.937591314315796	1.935924768447876	True	[0 1 1 0 0 0 0 0 0]	[0 0 1 0 0 0 0 0 0]	[1 0 1 1 0 1]	[1 0 1 0 1 1]
0	-1.0	8.449996948242188	2.2910852432250977	2.2853572368621826	1.9383044242858887	1.935250163078308	True	[0 1 1 0 0 0 1 0 0]	[0 0 1 0 0 0 0 1 0]	[1 0 0 1 0 1]	[1 0 1 0 0 1]
0	-1.0	8.4529447555542	2.2912111282348633	2.291935443878174	1.9336127042770386	1.9361854791641235	True	[0 1 1 0 0 0 0 0 0]	[0 0 1 0 0 0 1 1 0]	[1 0 1 1 0 1]	[1 0 0 0 0 1]
0	-1.0	8.448862075805664	2.289266586303711	2.2917912006378174	1.934523105621338	1.9332811832427979	True	[0 1 1 0 0 0 1 0 0]	[0 0 1 0 0 0 1 0 0]	[1 0 0 1 0 1]	[1 0 0 0 1 1]
0	-1.0	8.454233169555664	2.2901461124420166	2.290532350540161	1.9389476776123047	1.9346075057983398	True	[0 1 1 0 0 0 0 0 0]	[0 0 1 0 0 0 0 0 0]	[1 0 1 1 0 1]	[1 0 1 0 1 1]
0	-1.0	8.452788352966309	2.28989315032959	2.2877514362335205	1.940659523010254	1.9344847202301025	True	[0 1 1 0 0 0 1 0 0]	[0 0 1 0 0 0 1 0 0]	[1 0 0 1 0 1]	[1 0 0 0 1 1]
0	-1.0	8.457202911376953	2.2911620140075684	2.29184889793396	1.9395506381988525	1.9346418380737305	True	[0 1 1 0 0 0 0 0 0]	[0 0 1 0 0 0 0 0 0]	[1 0 1 1 0 1]	[1 0 1 0 1 1]
0	-0.75	8.450996398925781	2.2904953956604004	2.287431478500366	1.9376671314239502	1.9354029893875122	True	[0 1 1 0 0 0 1 0 0]	[0 0 1 0 0 0 0 0 0]	[1 0 1 1 0 0]	[1 0 0 0 1 1]
0	-0.75	8.450714111328125	2.2898354530334473	2.286653757095337	1.9391144514083862	1.935110092163086	True	[0 1 1 0 0 0 0 0 0]	[0 0 1 0 0 0 0 1 0]	[1 0 0 1 0 0]	[1 0 1 0 1 1]
0	-0.75	8.447816848754883	2.2895078659057617	2.2868824005126953	1.9365410804748535	1.934885025024414	True	[0 1 1 0 0 0 1 0 0]	[0 0 1 0 0 0 1 1 0]	[1 0 0 1 0 1]	[1 0 0 0 1 1]
0	-0.75	8.45651912689209	2.288090705871582	2.294311046600342	1.937472939491272	1.9366447925567627	True	[0 1 1 0 0 0 0 0 0]	[0 0 1 0 0 0 0 1 0]	[1 0 1 1 0 1]	[1 0 1 0 1 1]
0	-1.0	8.448335647583008	2.288012742996216	2.2894818782806396	1.9318578243255615	1.9389829635620117	True	[0 1 1 0 0 0 1 0 0]	[0 0 1 0 0 0 0 1 0]	[1 0 0 1 0 1]	[1 0 0 0 1 1]
0	-1.0	8.450542449951172	2.2889761924743652	2.290459632873535	1.9359158277511597	1.9351904392242432	True	[0 1 1 0 0 0 0 0 0]	[0 0 1 0 0 0 1 1 0]	[1 0 1 1 0 1]	[1 0 1 0 1 1]
0	-1.0	8.447885513305664	2.288344383239746	2.289987802505493	1.9320884943008423	1.9374653100967407	True	[0 1 1 0 0 0 1 0 0]	[0 0 1 0 0 0 0 1 0]	[1 0 0 1 0 1]	[1 0 0 0 1 1]
0	-1.0	8.447793960571289	2.2868924140930176	2.289674997329712	1.9349724054336548	1.9362541437149048	True	[0 1 1 0 0 0 0 0 0]	[0 0 1 0 0 0 1 1 0]	[1 0 1 1 0 1]	[1 0 1 0 1 1]
0	-1.0	8.442694664001465	2.2868940830230713	2.288818836212158	1.9303745031356812	1.936606764793396	True	[0 1 1 0 0 0 1 0 0]	[0 0 1 0 0 0 0 1 0]	[1 0 0 1 0 1]	[1 0 0 0 1 1]
0	-1.0	8.452248573303223	2.2898340225219727	2.2890703678131104	1.9376530647277832	1.935690999031067	True	[0 1 1 0 0 0 0 0 0]	[0 0 1 0 0 0 1 1 0]	[1 0 1 1 0 1]	[1 0 1 0 1 1]
0	-1.0	8.442009925842285	2.2858169078826904	2.2902164459228516	1.9297122955322266	1.9362643957138062	True	[0 1 1 0 0 0 1 0 0]	[0 0 1 0 0 0 0 1 0]	[1 0 0 1 0 1]	[1 0 0 0 1 1]
0	-1.0	8.45271110534668	2.289897918701172	2.2908613681793213	1.9350264072418213	1.9369258880615234	True	[0 1 1 0 0 0 0 0 0]	[0 0 1 0 0 0 1 1 0]	[1 0 1 1 0 1]	[1 0 1 0 1 1]
0	-1.0	8.44046401977539	2.286370038986206	2.288325309753418	1.9305055141448975	1.9352630376815796	True	[0 1 1 0 0 0 1 0 0]	[0 0 1 0 0 0 0 1 0]	[1 0 0 1 0 1]	[1 0 0 0 1 1]
0	-1.0	8.45665454864502	2.2905633449554443	2.290895462036133	1.937673807144165	1.9375218152999878	True	[0 1 1 0 0 0 0 0 0]	[0 0 1 0 0 0 1 1 0]	[1 0 1 1 0 1]	[1 0 1 0 1 1]
0	-1.0	8.437601089477539	2.2851295471191406	2.287271738052368	1.930741310119629	1.9344584941864014	True	[0 1 1 0 0 0 1 0 0]	[0 0 1 0 0 0 0 1 0]	[1 0 0 1 0 1]	[1 0 0 0 1 1]
0	-1.0	8.447352409362793	2.2869672775268555	2.289893865585327	1.935478687286377	1.9350119829177856	True	[0 1 1 0 0 0 0 0 0]	[0 0 1 0 0 0 1 1 0]	[1 0 1 1 0 1]	[1 0 1 0 1 1]
1	0.13750000298023224	7.029953479766846	1.773813247680664	2.128324031829834	1.7316715717315674	1.3961445093154907	False	[1 0 0 0 0 0 0 0 0]	[0 0 0 0 0 0 1 0 0]	[0 0 0 1 0 0]	[1 0 0 0 0 0]
1	-0.75	7.313387393951416	1.9012324810028076	2.054046630859375	1.8111813068389893	1.5469269752502441	False	[0 0 0 0 0 0 0 0 0]	[0 1 0 0 0 0 1 0 0]	[0 0 1 1 0 0]	[1 0 0 0 1 0]
1	0.2750000059604645	7.198805332183838	1.7913806438446045	1.8666666746139526	1.8770569562911987	1.6637009382247925	False	[1 0 0 0 0 0 0 0 0]	[0 0 0 0 0 0 1 0 0]	[0 0 1 0 0 0]	[1 0 0 0 0 0]
1	-0.75	6.947744846343994	1.6990785598754883	1.9416372776031494	1.8483226299285889	1.458706259727478	False	[0 0 0 0 0 0 0 0 0]	[0 1 0 0 0 0 1 0 0]	[0 0 1 1 0 0]	[1 0 0 0 1 0]
1	0.3149999976158142	7.188004493713379	1.8053215742111206	1.843696117401123	1.8733971118927002	1.6655890941619873	False	[1 0 0 0 0 0 0 0 0]	[0 0 0 0 0 0 1 0 0]	[0 0 1 0 0 0]	[1 0 0 0 0 0]
1	-0.75	6.940444469451904	1.6988493204116821	1.9161040782928467	1.8489075899124146	1.4765833616256714	False	[0 0 0 0 0 0 0 0 0]	[0 1 0 0 0 0 1 0 0]	[0 0 1 1 0 0]	[1 0 0 0 1 0]
1	0.26750001311302185	7.206882476806641	1.7913355827331543	1.889180302619934	1.8730013370513916	1.653365135192871	False	[1 0 0 0 0 0 0 0 0]	[0 0 0 0 0 0 1 0 0]	[0 0 1 0 0 0]	[1 0 0 0 0 0]
1	-0.75	6.947125434875488	1.6381748914718628	1.962112307548523	1.8496332168579102	1.4972048997879028	False	[0 0 0 0 0 0 0 0 0]	[0 1 0 0 0 0 1 0 0]	[0 0 1 1 0 0]	[1 0 0 0 1 0]
1	0.28999999165534973	7.198876857757568	1.817389726638794	1.8528342247009277	1.8682851791381836	1.660367488861084	False	[1 0 0 0 0 0 0 0 0]	[0 0 0 0 0 0 1 0 0]	[0 0 1 0 0 0]	[1 0 0 0 0 0]
1	-0.75	6.950855731964111	1.6951279640197754	1.9065057039260864	1.8601776361465454	1.4890445470809937	False	[0 0 0 0 0 0 0 0 0]	[0 1 0 0 0 0 1 0 0]	[0 0 1 1 0 0]	[1 0 0 0 1 0]
1	0.32749998569488525	7.161540508270264	1.8007774353027344	1.8630130290985107	1.858586311340332	1.6391633749008179	False	[1 0 0 0 0 0 0 0 0]	[0 0 0 0 0 0 1 0 0]	[0 0 1 0 0 0]	[1 0 0 0 0 0]
1	-0.75	6.98984956741333	1.7165063619613647	1.9163912534713745	1.8582077026367188	1.4987446069717407	False	[0 0 0 0 0 0 0 0 0]	[0 1 0 0 0 0 1 0 0]	[0 0 1 1 0 0]	[1 0 0 0 1 0]
1	0.29499998688697815	7.148214340209961	1.7971444129943848	1.8311978578567505	1.8702647686004639	1.649607539176941	False	[1 0 0 0 0 0 0 0 0]	[0 0 0 0 0 0 1 0 0]	[0 0 1 0 0 0]	[1 0 0 0 0 0]
1	-0.75	6.974582672119141	1.7291805744171143	1.8821165561676025	1.8665344715118408	1.4967509508132935	False	[0 0 0 0 0 0 0 0 0]	[0 1 0 0 0 0 1 0 0]	[0 0 1 1 0 0]	[1 0 0 0 1 0]
1	0.3050000071525574	7.222234725952148	1.7893831729888916	1.8859890699386597	1.8877620697021484	1.6591004133224487	False	[1 0 0 0 0 0 0 0 0]	[0 0 0 0 0 0 1 0 0]	[0 0 1 0 0 0]	[1 0 0 0 0 0]
1	-0.75	6.9376068115234375	1.7056057453155518	1.8923405408859253	1.8434163331985474	1.4962443113327026	False	[0 0 0 0 0 0 0 0 0]	[0 1 0 0 0 0 1 0 0]	[0 0 1 1 0 0]	[1 0 0 0 1 0]
1	0.30000001192092896	7.149842262268066	1.777711033821106	1.8595539331436157	1.8595408201217651	1.6530367136001587	False	[1 0 0 0 0 0 0 0 0]	[0 0 0 0 0 0 1 0 0]	[0 0 1 0 0 0]	[1 0 0 0 0 0]
1	-0.75	6.9846978187561035	1.7275431156158447	1.9297716617584229	1.85807466506958	1.4693083763122559	False	[0 0 0 0 0 0 0 0 0]	[0 1 0 0 0 0 1 0 0]	[0 0 1 1 0 0]	[1 0 0 0 1 0]
1	0.3100000023841858	7.113208770751953	1.7740974426269531	1.831523060798645	1.8617215156555176	1.6458667516708374	False	[1 0 0 0 0 0 0 0 0]	[0 0 0 0 0 0 1 0 0]	[0 0 1 0 0 0]	[1 0 0 0 0 0]
1	-0.75	7.037413597106934	1.7707406282424927	1.9155503511428833	1.86838960647583	1.4827325344085693	False	[0 0 0 0 0 0 0 0 0]	[0 1 0 0 0 0 1 0 0]	[0 0 1 1 0 0]	[1 0 0 0 1 0]
1	0.3100000023841858	7.162834167480469	1.7890721559524536	1.8660006523132324	1.859242558479309	1.6485189199447632	False	[1 0 0 0 0 0 0 0 0]	[0 0 0 0 0 0 1 0 0]	[0 0 1 0 0 0]	[1 0 0 0 0 0]
1	-0.75	6.967167854309082	1.6929762363433838	1.9062938690185547	1.8724678754806519	1.4954302310943604	False	[0 0 0 0 0 0 0 0 0]	[0 1 0 0 0 0 1 0 0]	[0 0 1 1 0 0]	[1 0 0 0 1 0]
1	0.32499998807907104	7.213328838348389	1.792436957359314	1.872833251953125	1.8844244480133057	1.6636337041854858	False	[1 0 0 0 0 0 0 0 0]	[0 0 0 0 0 0 1 0 0]	[0 0 1 0 0 0]	[1 0 0 0 0 0]
1	-0.75	7.000761032104492	1.7312740087509155	1.9094942808151245	1.8584009408950806	1.501591682434082	False	[0 0 0 0 0 0 0 0 0]	[0 1 0 0 0 0 1 0 0]	[0 0 1 1 0 0]	[1 0 0 0 1 0]
1	0.33000001311302185	7.146825313568115	1.7656646966934204	1.856490135192871	1.8673944473266602	1.6572762727737427	False	[1 0 0 0 0 0 0 0 0]	[0 0 0 0 0 0 1 0 0]	[0 0 1 0 0 0]	[1 0 0 0 0 0]
1	-0.75	6.964872360229492	1.6813586950302124	1.9138774871826172	1.8583704233169556	1.5112658739089966	False	[0 0 0 0 0 0 0 0 0]	[0 1 0 0 0 0 1 0 0]	[0 0 1 1 0 0]	[1 0 0 0 1 0]
1	0.3449999988079071	7.207338809967041	1.8076502084732056	1.8505572080612183	1.8801870346069336	1.6689444780349731	False	[1 0 0 0 0 0 0 0 0]	[0 0 0 0 0 0 1 0 0]	[0 0 1 0 0 0]	[1 0 0 0 0 0]
1	-0.75	6.936263561248779	1.7030616998672485	1.8957264423370361	1.8573933839797974	1.4800820350646973	False	[0 0 0 0 0 0 0 0 0]	[0 1 0 0 0 0 1 0 0]	[0 0 1 1 0 0]	[1 0 0 0 1 0]
1	0.3199999928474426	7.164920330047607	1.8052327632904053	1.8364841938018799	1.8600109815597534	1.6631923913955688	False	[1 0 0 0 0 0 0 0 0]	[0 0 0 0 0 0 1 0 0]	[0 0 1 0 0 0]	[1 0 0 0 0 0]
1	-0.75	6.930045127868652	1.6945886611938477	1.8913748264312744	1.8584426641464233	1.4856390953063965	False	[0 0 0 0 0 0 0 0 0]	[0 1 0 0 0 0 1 0 0]	[0 0 1 1 0 0]	[1 0 0 0 1 0]
2	-0.25	5.961179733276367	1.089206576347351	2.0114471912384033	1.4317209720611572	1.4288054704666138	False	[1 0 0 0 0 0 0 0 0]	[0 0 0 0 0 0 0 1 0]	[0 0 0 1 0 0]	[1 0 0 0 0 0]
2	-0.5	6.585897922515869	1.2644151449203491	2.10402250289917	1.5445799827575684	1.6728801727294922	False	[0 0 0 0 0 0 0 0 0]	[0 1 0 0 0 0 0 1 0]	[0 0 0 0 0 0]	[1 0 0 0 0 0]
2	0.2800000011920929	7.050893306732178	1.5595065355300903	2.05271315574646	1.828507900238037	1.6101655960083008	False	[0 0 0 0 1 0 0 0 0]	[0 1 0 0 0 0 0 0 0]	[1 0 0 0 0 0]	[1 0 0 0 0 0]
2	-0.25	6.113115310668945	1.0853607654571533	2.068084955215454	1.3203036785125732	1.6393660306930542	False	[1 0 0 0 1 0 0 0 0]	[0 1 0 0 0 0 0 1 0]	[1 0 0 1 0 0]	[0 0 0 0 0 0]
2	0.23999999463558197	5.861871242523193	1.18882155418396	2.0241570472717285	1.0372998714447021	1.6115926504135132	False	[0 0 0 0 1 0 0 0 0]	[0 1 0 0 0 0 1 1 0]	[1 0 0 0 0 0]	[1 0 0 0 0 0]
2	-0.25	5.4974799156188965	0.9250073432922363	2.0115041732788086	1.360009789466858	1.2009586095809937	False	[1 0 0 0 1 0 0 0 0]	[0 1 0 0 0 0 0 1 0]	[1 0 0 1 0 0]	[0 0 0 0 0 0]
2	0.2150000035762787	5.934258460998535	1.305666208267212	1.9756196737289429	1.0057932138442993	1.6471797227859497	False	[0 0 0 0 1 0 0 0 0]	[0 1 0 0 0 0 1 1 0]	[1 0 0 0 0 0]	[1 0 0 0 0 0]
2	-0.25	5.524840354919434	0.9498161673545837	2.03047513961792	1.2889752388000488	1.2555739879608154	False	[1 0 0 0 1 0 0 0 0]	[0 1 0 0 0 0 0 1 0]	[1 0 0 1 0 0]	[0 0 0 0 0 0]
2	0.24500000476837158	5.827435493469238	1.254184365272522	1.9860777854919434	0.9492127895355225	1.6379605531692505	False	[0 0 0 0 1 0 0 0 0]	[0 1 0 0 0 0 1 1 0]	[1 0 0 0 0 0]	[1 0 0 0 0 0]
2	-0.25	5.604004859924316	1.0156972408294678	2.003011465072632	1.2885875701904297	1.2967087030410767	False	[1 0 0 0 1 0 0 0 0]	[0 1 0 0 0 0 0 1 0]	[1 0 0 1 0 0]	[0 0 0 0 0 0]
2	0.2199999988079071	5.8648786544799805	1.2213292121887207	2.01298451423645	1.0260484218597412	1.6045167446136475	False	[0 0 0 0 1 0 0 0 0]	[0 1 0 0 0 0 1 1 0]	[1 0 0 0 0 0]	[1 0 0 0 0 0]
2	-0.25	5.57742977142334	0.973534107208252	2.026242733001709	1.3302909135818481	1.2473620176315308	False	[1 0 0 0 1 0 0 0 0]	[0 1 0 0 0 0 0 1 0]	[1 0 0 1 0 0]	[0 0 0 0 0 0]
2	0.2199999988079071	5.853569507598877	1.163602590560913	2.0492022037506104	1.0190223455429077	1.6217422485351562	False	[0 0 0 0 1 0 0 0 0]	[0 1 0 0 0 0 1 1 0]	[1 0 0 0 0 0]	[1 0 0 0 0 0]
2	-0.25	5.570766448974609	0.953590452671051	2.0284738540649414	1.3050422668457031	1.283659815788269	False	[1 0 0 0 1 0 0 0 0]	[0 1 0 0 0 0 0 1 0]	[1 0 0 1 0 0]	[0 0 0 0 0 0]
2	0.1899999976158142	5.790409564971924	1.1522523164749146	2.037351608276367	0.9943916201591492	1.6064143180847168	False	[0 0 0 0 1 0 0 0 0]	[0 1 0 0 0 0 1 1 0]	[1 0 0 0 0 0]	[1 0 0 0 0 0]
2	-0.25	5.675254821777344	1.0405713319778442	2.0080814361572266	1.346987247467041	1.2796149253845215	False	[1 0 0 0 1 0 0 0 0]	[0 1 0 0 0 0 0 1 0]	[1 0 0 1 0 0]	[0 0 0 0 0 0]
2	0.19499999284744263	5.856588363647461	1.1744626760482788	2.0293478965759277	0.9988588690757751	1.6539186239242554	False	[0 0 0 0 1 0 0 0 0]	[0 1 0 0 0 0 1 1 0]	[1 0 0 0 0 0]	[1 0 0 0 0 0]
2	-0.25	5.5495381355285645	0.9551504850387573	2.017273187637329	1.28971529006958	1.287399172782898	False	[1 0 0 0 1 0 0 0 0]	[0 1 0 0 0 0 0 1 0]	[1 0 0 1 0 0]	[0 0 0 0 0 0]
2	0.19499999284744263	5.8315606117248535	1.1415486335754395	2.0452489852905273	1.009682059288025	1.6350809335708618	False	[0 0 0 0 1 0 0 0 0]	[0 1 0 0 0 0 1 1 0]	[1 0 0 0 0 0]	[1 0 0 0 0 0]
2	-0.25	5.55896520614624	0.9336203336715698	2.028176784515381	1.3084315061569214	1.288736343383789	False	[1 0 0 0 1 0 0 0 0]	[0 1 0 0 0 0 0 1 0]	[1 0 0 1 0 0]	[0 0 0 0 0 0]
2	0.23000000417232513	5.975272178649902	1.2228597402572632	2.0382919311523438	1.095678687095642	1.6184413433074951	False	[0 0 0 0 1 0 0 0 0]	[0 1 0 0 0 0 1 1 0]	[1 0 0 0 0 0]	[1 0 0 0 0 0]
2	-0.25	5.535562038421631	1.0097756385803223	1.9985551834106445	1.2498624324798584	1.2773690223693848	False	[1 0 0 0 1 0 0 0 0]	[0 1 0 0 0 0 0 1 0]	[1 0 0 1 0 0]	[0 0 0 0 0 0]
2	0.23999999463558197	5.902731418609619	1.1549206972122192	2.0529775619506836	1.102638840675354	1.5921945571899414	False	[0 0 0 0 1 0 0 0 0]	[0 1 0 0 0 0 1 1 0]	[1 0 0 0 0 0]	[1 0 0 0 0 0]
2	-0.25	5.583953857421875	1.0093646049499512	2.0089492797851562	1.2753353118896484	1.29030442237854	False	[1 0 0 0 1 0 0 0 0]	[0 1 0 0 0 0 0 1 0]	[1 0 0 1 0 0]	[0 0 0 0 0 0]
2	0.22499999403953552	5.911616802215576	1.2918208837509155	1.968895435333252	0.9902169704437256	1.660683274269104	False	[0 0 0 0 1 0 0 0 0]	[0 1 0 0 0 0 1 1 0]	[1 0 0 0 0 0]	[1 0 0 0 0 0]
2	-0.25	5.61898946762085	1.0035706758499146	2.008420705795288	1.2960479259490967	1.3109498023986816	False	[1 0 0 0 1 0 0 0 0]	[0 1 0 0 0 0 0 1 0]	[1 0 0 1 0 0]	[0 0 0 0 0 0]
2	0.23499999940395355	5.801194667816162	1.1449494361877441	2.0404505729675293	0.9842978715896606	1.631496787071228	False	[0 0 0 0 1 0 0 0 0]	[0 1 0 0 0 0 1 1 0]	[1 0 0 0 0 0]	[1 0 0 0 0 0]
2	-0.25	5.588982582092285	1.0107992887496948	1.996748924255371	1.2521799802780151	1.3292542695999146	False	[1 0 0 0 1 0 0 0 0]	[0 1 0 0 0 0 0 1 0]	[1 0 0 1 0 0]	[0 0 0 0 0 0]
2	0.22499999403953552	5.8021039962768555	1.1211299896240234	2.041663646697998	1.0306551456451416	1.6086548566818237	False	[0 0 0 0 1 0 0 0 0]	[0 1 0 0 0 0 1 1 0]	[1 0 0 0 0 0]	[1 0 0 0 0 0]
2	-0.25	5.618153095245361	1.075296401977539	1.9794799089431763	1.271859884262085	1.2915167808532715	False	[1 0 0 0 1 0 0 0 0]	[0 1 0 0 0 0 0 1 0]	[1 0 0 1 0 0]	[0 0 0 0 0 0]
3	-0.25	3.4383656978607178	1.253890872001648	1.292879581451416	0.6096643805503845	0.2819306552410126	False	[0 0 0 0 1 0 0 0 0]	[0 0 0 0 0 0 0 1 0]	[0 0 0 1 0 0]	[1 0 0 0 0 0]
3	-0.5	5.514845371246338	1.6278127431869507	1.765750765800476	0.9152055382728577	1.2060761451721191	False	[1 0 0 0 1 0 0 0 0]	[0 0 0 0 0 0 0 0 0]	[0 0 0 0 0 0]	[0 0 0 0 0 0]
3	-0.25	4.43057918548584	1.1275296211242676	1.308862566947937	0.8290964961051941	1.165090560913086	False	[1 0 0 0 0 0 0 0 0]	[0 0 0 0 0 0 0 1 0]	[0 0 0 1 0 0]	[1 0 0 0 0 0]
3	-0.5	5.254461765289307	1.4596177339553833	1.6263337135314941	0.887829065322876	1.2806813716888428	False	[1 0 0 0 1 0 0 0 0]	[0 0 0 0 0 0 0 0 0]	[0 0 0 0 0 0]	[0 0 0 0 0 0]
3	-0.25	4.382484436035156	1.1025192737579346	1.3249387741088867	0.7940042614936829	1.161022424697876	False	[1 0 0 0 0 0 0 0 0]	[0 0 0 0 0 0 0 1 0]	[0 0 0 1 0 0]	[1 0 0 0 0 0]
3	-0.5	5.239707946777344	1.482187271118164	1.629064679145813	0.8601938486099243	1.2682621479034424	False	[1 0 0 0 1 0 0 0 0]	[0 0 0 0 0 0 0 0 0]	[0 0 0 0 0 0]	[0 0 0 0 0 0]
3	-0.25	4.462617874145508	1.0896495580673218	1.2917790412902832	0.8561853170394897	1.2250034809112549	False	[1 0 0 0 0 0 0 0 0]	[0 0 0 0 0 0 0 1 0]	[0 0 0 1 0 0]	[1 0 0 0 0 0]
3	-0.5	5.308942794799805	1.4922484159469604	1.644410490989685	0.9123581647872925	1.2599258422851562	False	[1 0 0 0 1 0 0 0 0]	[0 0 0 0 0 0 0 0 0]	[0 0 0 0 0 0]	[0 0 0 0 0 0]
3	-0.25	4.372662544250488	1.070207118988037	1.309451699256897	0.8201239109039307	1.1728798151016235	False	[1 0 0 0 0 0 0 0 0]	[0 0 0 0 0 0 0 1 0]	[0 0 0 1 0 0]	[1 0 0 0 0 0]
3	-0.5	5.224001884460449	1.4350056648254395	1.5873576402664185	0.9230407476425171	1.2785978317260742	False	[1 0 0 0 1 0 0 0 0]	[0 0 0 0 0 0 0 0 0]	[0 0 0 0 0 0]	[0 0 0 0 0 0]
3	-0.25	4.438530921936035	1.105948805809021	1.3110263347625732	0.829524040222168	1.192031741142273	False	[1 0 0 0 0 0 0 0 0]	[0 0 0 0 0 0 0 1 0]	[0 0 0 1 0 0]	[1 0 0 0 0 0]
3	-0.5	5.579093933105469	1.5838216543197632	1.7343313694000244	0.9547362327575684	1.3062045574188232	False	[1 0 0 0 1 0 0 0 0]	[0 0 0 0 0 0 0 0 0]	[0 0 0 0 0 0]	[0 0 0 0 0 0]
3	-0.25	4.392601490020752	1.092401385307312	1.3033185005187988	0.812897801399231	1.1839838027954102	False	[1 0 0 0 0 0 0 0 0]	[0 0 0 0 0 0 0 1 0]	[0 0 0 1 0 0]	[1 0 0 0 0 0]
3	-0.5	5.34881067276001	1.5301384925842285	1.6929367780685425	0.8738206624984741	1.2519145011901855	False	[1 0 0 0 1 0 0 0 0]	[0 0 0 0 0 0 0 0 0]	[0 0 0 0 0 0]	[0 0 0 0 0 0]
3	-0.25	4.436977386474609	1.1010316610336304	1.2944726943969727	0.8470978736877441	1.1943750381469727	False	[1 0 0 0 0 0 0 0 0]	[0 0 0 0 0 0 0 1 0]	[0 0 0 1 0 0]	[1 0 0 0 0 0]
3	-0.5	5.195823669433594	1.4698424339294434	1.6193976402282715	0.8502302169799805	1.2563532590866089	False	[1 0 0 0 1 0 0 0 0]	[0 0 0 0 0 0 0 0 0]	[0 0 0 0 0 0]	[0 0 0 0 0 0]
3	-0.25	4.442009449005127	1.0985372066497803	1.3022152185440063	0.8530164957046509	1.188240647315979	False	[1 0 0 0 0 0 0 0 0]	[0 0 0 0 0 0 0 1 0]	[0 0 0 1 0 0]	[1 0 0 0 0 0]
3	-0.5	5.161491394042969	1.403346061706543	1.606609582901001	0.8575609922409058	1.2939748764038086	False	[1 0 0 0 1 0 0 0 0]	[0 0 0 0 0 0 0 0 0]	[0 0 0 0 0 0]	[0 0 0 0 0 0]
3	-0.25	4.461058139801025	1.107893466949463	1.2805569171905518	0.8822949528694153	1.1903127431869507	False	[1 0 0 0 0 0 0 0 0]	[0 0 0 0 0 0 0 1 0]	[0 0 0 1 0 0]	[1 0 0 0 0 0]
3	-0.5	5.32452917098999	1.49847412109375	1.6572097539901733	0.8804996609687805	1.288345217704773	False	[1 0 0 0 1 0 0 0 0]	[0 0 0 0 0 0 0 0 0]	[0 0 0 0 0 0]	[0 0 0 0 0 0]
3	-0.25	4.414594650268555	1.0941509008407593	1.2818351984024048	0.8520183563232422	1.1865899562835693	False	[1 0 0 0 0 0 0 0 0]	[0 0 0 0 0 0 0 1 0]	[0 0 0 1 0 0]	[1 0 0 0 0 0]
3	-0.5	5.226533889770508	1.4901149272918701	1.6214841604232788	0.8694135546684265	1.2455213069915771	False	[1 0 0 0 1 0 0 0 0]	[0 0 0 0 0 0 0 0 0]	[0 0 0 0 0 0]	[0 0 0 0 0 0]
3	-0.25	4.428732872009277	1.0760372877120972	1.3060328960418701	0.824758768081665	1.221903920173645	False	[1 0 0 0 0 0 0 0 0]	[0 0 0 0 0 0 0 1 0]	[0 0 0 1 0 0]	[1 0 0 0 0 0]
3	-0.5	5.164022445678711	1.4305528402328491	1.579391360282898	0.8583731651306152	1.295704960823059	False	[1 0 0 0 1 0 0 0 0]	[0 0 0 0 0 0 0 0 0]	[0 0 0 0 0 0]	[0 0 0 0 0 0]
3	-0.25	4.398165225982666	1.0898723602294922	1.3222980499267578	0.8081520795822144	1.1778427362442017	False	[1 0 0 0 0 0 0 0 0]	[0 0 0 0 0 0 0 1 0]	[0 0 0 1 0 0]	[1 0 0 0 0 0]
3	-0.5	5.132626533508301	1.416722059249878	1.6008549928665161	0.8578910827636719	1.2571580410003662	False	[1 0 0 0 1 0 0 0 0]	[0 0 0 0 0 0 0 0 0]	[0 0 0 0 0 0]	[0 0 0 0 0 0]
3	-0.25	4.3481950759887695	1.0898175239562988	1.3349051475524902	0.77649986743927	1.146972417831421	False	[1 0 0 0 0 0 0 0 0]	[0 0 0 0 0 0 0 1 0]	[0 0 0 1 0 0]	[1 0 0 0 0 0]
3	-0.5	5.230705261230469	1.4345650672912598	1.5890752077102661	0.8918082118034363	1.3152570724487305	False	[1 0 0 0 1 0 0 0 0]	[0 0 0 0 0 0 0 0 0]	[0 0 0 0 0 0]	[0 0 0 0 0 0]
3	-0.25	4.399099826812744	1.1148711442947388	1.3123973608016968	0.8338618278503418	1.1379696130752563	False	[1 0 0 0 0 0 0 0 0]	[0 0 0 0 0 0 0 1 0]	[0 0 0 1 0 0]	[1 0 0 0 0 0]
3	-0.5	5.133144378662109	1.409400224685669	1.5866364240646362	0.8594183325767517	1.2776894569396973	False	[1 0 0 0 1 0 0 0 0]	[0 0 0 0 0 0 0 0 0]	[0 0 0 0 0 0]	[0 0 0 0 0 0]
4	-0.5	3.925328254699707	0.980372428894043	1.4073143005371094	1.3816813230514526	0.1559600979089737	False	[1 0 0 0 0 0 0 0 0]	[0 0 0 0 0 0 0 1 0]	[0 0 1 0 0 0]	[1 0 0 0 0 0]
4	-0.25	6.276827335357666	1.4277135133743286	2.0225558280944824	1.077412724494934	1.7491455078125	False	[1 0 0 0 0 0 1 0 0]	[0 0 0 0 0 0 1 1 0]	[0 0 1 0 0 1]	[1 0 0 0 1 0]
4	-0.5	6.236337661743164	1.505356788635254	1.9599779844284058	1.1765780448913574	1.5944247245788574	False	[0 0 0 0 0 0 1 0 0]	[0 0 0 0 0 0 0 1 0]	[0 0 1 0 0 0]	[0 0 0 0 1 0]
4	-0.25	6.368163108825684	1.4932005405426025	1.9925493001937866	1.181413173675537	1.7009999752044678	False	[0 0 0 0 0 0 0 0 0]	[0 0 0 0 0 0 1 1 0]	[0 0 1 0 0 1]	[0 0 0 0 0 0]
4	0.33500000834465027	5.414257049560547	1.5050036907196045	1.6016077995300293	1.5957279205322266	0.7119176983833313	False	[1 0 0 0 0 0 0 0 0]	[0 0 0 0 0 0 1 0 0]	[0 0 1 0 0 0]	[1 0 0 0 0 0]
4	-0.5	5.99791145324707	1.411423683166504	1.8152167797088623	1.2767069339752197	1.4945640563964844	False	[0 0 0 0 0 0 0 0 0]	[0 0 0 0 0 0 0 0 0]	[0 0 1 0 0 1]	[0 0 0 0 0 0]
4	-0.75	3.8914577960968018	0.9380953311920166	1.3403449058532715	1.4595355987548828	0.15348191559314728	False	[1 0 0 0 0 0 0 0 0]	[0 0 0 0 0 0 0 1 0]	[0 0 0 0 0 1]	[1 0 0 0 0 0]
4	0.26499998569488525	6.182128429412842	1.3474823236465454	2.031759262084961	1.0253840684890747	1.7775028944015503	False	[1 0 0 0 0 0 1 0 0]	[0 0 0 0 0 0 1 1 0]	[0 0 0 0 0 0]	[1 0 0 0 1 0]
4	-0.5	5.986530303955078	1.4701083898544312	1.8972188234329224	1.2294169664382935	1.3897863626480103	False	[1 0 0 0 0 0 0 0 0]	[0 0 0 1 0 0 1 1 0]	[0 0 0 0 1 0]	[0 0 0 0 1 0]
4	-0.75	6.583518028259277	1.767496109008789	1.9978668689727783	1.0739954710006714	1.7441599369049072	False	[1 0 0 0 0 0 1 0 0]	[0 0 0 1 0 0 1 1 1]	[0 0 0 0 1 1]	[0 0 0 0 0 0]
4	-0.5	5.996431350708008	1.8372611999511719	1.7121245861053467	1.4772484302520752	0.9697973132133484	False	[0 0 0 0 0 0 1 0 0]	[0 0 0 1 0 0 0 1 1]	[0 0 0 1 1 1]	[1 0 0 0 0 0]
4	-0.75	4.763047695159912	1.5189255475997925	1.6329190731048584	1.1974257230758667	0.4137774705886841	False	[1 0 0 0 0 0 1 0 0]	[0 0 0 1 0 0 1 1 1]	[0 0 0 0 1 1]	[0 0 0 0 0 0]
4	-0.5	5.857020378112793	1.7822898626327515	1.7299326658248901	1.4844779968261719	0.8603198528289795	False	[0 0 0 0 0 0 1 0 0]	[0 0 0 1 0 0 0 1 1]	[0 0 0 1 1 1]	[1 0 0 0 0 0]
4	-0.75	4.733517646789551	1.483691930770874	1.6567575931549072	1.203429102897644	0.3896389305591583	False	[1 0 0 0 0 0 1 0 0]	[0 0 0 1 0 0 1 1 1]	[0 0 0 0 1 1]	[0 0 0 0 0 0]
4	-0.5	6.215332508087158	1.7745252847671509	1.6906273365020752	1.4593580961227417	1.2908216714859009	False	[0 0 0 0 0 0 1 0 0]	[0 0 0 1 0 0 0 1 1]	[0 0 0 1 1 1]	[1 0 0 0 0 0]
4	-0.75	4.573267459869385	1.4925428628921509	1.6016212701797485	1.1299375295639038	0.34916597604751587	False	[1 0 0 0 0 0 1 0 0]	[0 0 0 1 0 0 1 1 1]	[0 0 0 0 1 1]	[0 0 0 0 0 0]
4	-0.5	5.83890438079834	1.7688252925872803	1.690185308456421	1.4808247089385986	0.8990686535835266	False	[0 0 0 0 0 0 1 0 0]	[0 0 0 1 0 0 0 1 1]	[0 0 0 1 1 1]	[1 0 0 0 0 0]
4	-0.75	4.782284736633301	1.496316909790039	1.6682567596435547	1.219982624053955	0.3977283239364624	False	[1 0 0 0 0 0 1 0 0]	[0 0 0 1 0 0 1 1 1]	[0 0 0 0 1 1]	[0 0 0 0 0 0]
4	-0.5	5.871091842651367	1.778683066368103	1.717758297920227	1.5006159543991089	0.8740342855453491	False	[0 0 0 0 0 0 1 0 0]	[0 0 0 1 0 0 0 1 1]	[0 0 0 1 1 1]	[1 0 0 0 0 0]
4	-0.75	4.6784892082214355	1.4855685234069824	1.6625101566314697	1.1780369281768799	0.3523736000061035	False	[1 0 0 0 0 0 1 0 0]	[0 0 0 1 0 0 1 1 1]	[0 0 0 0 1 1]	[0 0 0 0 0 0]
4	-0.5	5.645584583282471	1.717409610748291	1.7437224388122559	1.5058132410049438	0.6786394119262695	False	[0 0 0 0 0 0 1 0 0]	[0 0 0 1 0 0 0 1 1]	[0 0 0 1 1 1]	[1 0 0 0 0 0]
4	-0.75	5.020205974578857	1.5658146142959595	1.6934998035430908	1.267575979232788	0.4933150112628937	False	[1 0 0 0 0 0 1 0 0]	[0 0 0 1 0 0 1 1 1]	[0 0 0 0 1 1]	[0 0 0 0 0 0]
4	-0.5	6.002208709716797	1.799107313156128	1.677532434463501	1.4948515892028809	1.030717134475708	False	[0 0 0 0 0 0 1 0 0]	[0 0 0 1 0 0 0 1 1]	[0 0 0 1 1 1]	[1 0 0 0 0 0]
4	-0.75	4.753377914428711	1.506378412246704	1.6511613130569458	1.2010422945022583	0.3947960138320923	False	[1 0 0 0 0 0 1 0 0]	[0 0 0 1 0 0 1 1 1]	[0 0 0 0 1 1]	[0 0 0 0 0 0]
4	-0.5	5.8432698249816895	1.78302001953125	1.6943601369857788	1.4922716617584229	0.8736176490783691	False	[0 0 0 0 0 0 1 0 0]	[0 0 0 1 0 0 0 1 1]	[0 0 0 1 1 1]	[1 0 0 0 0 0]
4	-0.75	4.780638217926025	1.5472325086593628	1.6553441286087036	1.187812328338623	0.3902493119239807	False	[1 0 0 0 0 0 1 0 0]	[0 0 0 1 0 0 1 1 1]	[0 0 0 0 1 1]	[0 0 0 0 0 0]
4	-0.5	5.923724174499512	1.817561388015747	1.6575350761413574	1.4806617498397827	0.9679662585258484	False	[0 0 0 0 0 0 1 0 0]	[0 0 0 1 0 0 0 1 1]	[0 0 0 1 1 1]	[1 0 0 0 0 0]
4	-0.75	4.597420692443848	1.482909917831421	1.618241548538208	1.1693830490112305	0.3268864154815674	False	[1 0 0 0 0 0 1 0 0]	[0 0 0 1 0 0 1 1 1]	[0 0 0 0 1 1]	[0 0 0 0 0 0]
4	-0.5	5.811676025390625	1.7835121154785156	1.7352302074432373	1.4850256443023682	0.8079080581665039	False	[0 0 0 0 0 0 1 0 0]	[0 0 0 1 0 0 0 1 1]	[0 0 0 1 1 1]	[1 0 0 0 0 0]
4	-0.75	4.598649501800537	1.4363338947296143	1.642430067062378	1.2063360214233398	0.3135497272014618	False	[1 0 0 0 0 0 1 0 0]	[0 0 0 1 0 0 1 1 1]	[0 0 0 0 1 1]	[0 0 0 0 0 0]
5	0.32499998807907104	3.293067693710327	0.4248735308647156	1.6028504371643066	1.208930492401123	0.05641305819153786	False	[1 0 0 0 0 0 0 0 0]	[0 0 0 0 0 0 1 0 0]	[0 0 1 0 0 0]	[1 0 0 0 0 0]
5	-0.5	5.275103569030762	1.0609164237976074	1.8324614763259888	1.4888092279434204	0.892916738986969	False	[0 0 0 0 0 0 0 0 0]	[0 0 0 0 0 0 0 0 0]	[0 0 1 0 0 1]	[0 0 0 0 0 0]
5	-0.25	3.4529576301574707	0.49718403816223145	1.6202313899993896	1.285912275314331	0.04962986335158348	False	[1 0 0 0 0 0 0 0 0]	[0 0 0 0 0 0 1 0 0]	[0 0 0 0 0 1]	[1 0 0 0 0 0]
5	-0.25	6.171243667602539	1.3443918228149414	2.027928352355957	1.3639354705810547	1.4349877834320068	False	[1 0 0 0 0 0 1 0 0]	[0 0 0 0 0 0 1 0 1]	[0 0 0 0 0 0]	[1 1 0 0 0 0]
5	-0.75	5.672785758972168	1.1593536138534546	1.895572304725647	1.4233816862106323	1.194478154182434	False	[1 0 0 0 0 0 0 0 0]	[0 0 0 0 0 0 0 0 1]	[0 0 0 0 0 1]	[0 1 0 0 0 0]
5	0.25	6.11679744720459	1.39725661277771	2.0002949237823486	1.2477481365203857	1.4714977741241455	False	[1 0 0 0 0 0 1 0 0]	[0 0 0 0 0 0 1 0 1]	[0 0 0 0 0 0]	[0 0 0 0 0 0]
5	-0.5	4.206160545349121	0.7697241306304932	1.616115689277649	1.487458348274231	0.3328622281551361	False	[0 0 0 0 0 0 1 0 0]	[0 0 0 0 0 0 0 0 1]	[0 0 1 0 0 0]	[1 0 0 0 0 0]
5	-0.25	5.089125633239746	1.2053866386413574	1.7593438625335693	1.5699330568313599	0.5544620752334595	False	[1 0 0 0 0 0 1 0 0]	[0 0 0 0 0 0 1 0 1]	[0 0 1 0 0 1]	[0 0 0 0 0 0]
5	-0.5	4.618067741394043	1.022871732711792	1.716328501701355	1.534947156906128	0.34392088651657104	False	[0 0 0 0 0 0 1 0 0]	[0 0 0 0 0 0 0 0 1]	[0 0 1 0 0 0]	[1 0 0 0 0 0]
5	-0.25	4.950840950012207	1.1831319332122803	1.723143219947815	1.5642768144607544	0.48028895258903503	False	[1 0 0 0 0 0 1 0 0]	[0 0 0 0 0 0 1 0 1]	[0 0 1 0 0 1]	[0 0 0 0 0 0]
5	-0.75	4.8017449378967285	1.0570927858352661	1.7476234436035156	1.5319151878356934	0.46511343121528625	False	[0 0 0 0 0 0 1 0 0]	[1 0 0 0 0 0 1 0 1]	[0 0 0 0 0 1]	[1 0 0 0 0 0]
5	0.23999999463558197	5.684420108795166	1.4157601594924927	1.8243077993392944	1.465350866317749	0.9790016412734985	False	[1 0 0 0 0 0 1 0 0]	[1 0 0 0 0 0 0 0 1]	[0 0 0 0 0 0]	[0 0 0 0 0 0]
5	-0.5	4.213191032409668	0.7882593870162964	1.6034621000289917	1.477715253829956	0.3437541127204895	False	[0 0 0 0 0 0 1 0 0]	[1 0 0 0 0 0 0 1 1]	[0 0 1 0 0 0]	[1 0 0 0 0 0]
5	-0.75	5.68776273727417	1.2855513095855713	1.8674672842025757	1.381658673286438	1.1530858278274536	False	[0 0 0 0 0 0 0 0 0]	[1 0 0 1 0 0 0 1 1]	[0 0 1 0 0 1]	[1 0 0 0 1 0]
5	-0.75	5.0567731857299805	1.3782323598861694	1.7265592813491821	1.5687466859817505	0.38323500752449036	False	[1 0 0 0 0 0 0 0 0]	[0 0 0 1 0 0 0 1 1]	[0 0 1 0 1 1]	[0 0 0 0 1 0]
5	-0.5	5.627325057983398	1.5813019275665283	1.8361799716949463	1.4344497919082642	0.7753936648368835	False	[0 0 0 0 0 0 0 0 0]	[0 0 0 1 0 0 1 1 1]	[0 0 1 1 1 1]	[1 0 0 0 1 0]
5	-0.75	6.386699676513672	1.5795358419418335	1.9139907360076904	1.3851686716079712	1.5080047845840454	False	[1 0 0 0 0 0 0 0 0]	[0 0 0 1 0 0 0 1 1]	[0 0 1 1 1 0]	[0 0 0 0 1 0]
5	-0.5	5.693350791931152	1.6072399616241455	1.6729196310043335	1.4702818393707275	0.9429090619087219	False	[0 0 0 0 0 0 0 0 0]	[0 0 0 1 0 0 1 1 1]	[0 0 1 0 1 0]	[1 0 0 0 1 0]
5	-0.75	6.128578186035156	1.3235712051391602	2.0077366828918457	1.3716082572937012	1.4256618022918701	False	[1 0 0 0 0 0 0 0 0]	[0 0 0 1 0 0 1 0 1]	[0 0 1 0 1 1]	[0 0 0 0 1 0]
5	-0.5	6.545377731323242	1.7017804384231567	2.0096306800842285	1.3286521434783936	1.5053150653839111	False	[0 0 0 0 0 0 0 0 0]	[1 0 0 1 0 0 1 0 1]	[0 0 1 0 1 0]	[1 0 0 0 1 0]
5	-0.75	6.001131057739258	1.3869400024414062	1.971364974975586	1.444380283355713	1.1984455585479736	False	[1 0 0 0 0 0 0 0 0]	[0 0 0 1 0 0 1 0 1]	[0 0 1 0 1 1]	[0 0 0 0 1 0]
5	-0.5	6.5484113693237305	1.7046258449554443	2.003093719482422	1.2916135787963867	1.5490782260894775	False	[0 0 0 0 0 0 0 0 0]	[1 0 0 1 0 0 1 0 1]	[0 0 1 0 1 0]	[1 0 0 0 1 0]
5	-0.75	6.375307559967041	1.558190941810608	2.0123353004455566	1.4488557577133179	1.3559256792068481	False	[1 0 0 0 0 0 0 0 0]	[0 0 0 1 0 0 1 0 1]	[0 0 1 0 1 1]	[0 0 0 0 1 0]
5	-0.5	6.500579357147217	1.6747015714645386	2.002562999725342	1.2953283786773682	1.52798593044281	False	[0 0 0 0 0 0 0 0 0]	[1 0 0 1 0 0 1 0 1]	[0 0 1 0 1 0]	[1 0 0 0 1 0]
5	-0.75	6.143653392791748	1.4017316102981567	1.9885473251342773	1.3918216228485107	1.3615528345108032	False	[1 0 0 0 0 0 0 0 0]	[0 0 0 1 0 0 1 0 1]	[0 0 1 0 1 1]	[0 0 0 0 1 0]
5	-0.5	6.473162651062012	1.658119797706604	1.9990689754486084	1.3013527393341064	1.5146206617355347	False	[0 0 0 0 0 0 0 0 0]	[1 0 0 1 0 0 1 0 1]	[0 0 1 0 1 0]	[1 0 0 0 1 0]
5	-0.75	6.262444972991943	1.4742332696914673	2.0037081241607666	1.3562227487564087	1.4282807111740112	False	[1 0 0 0 0 0 0 0 0]	[0 0 0 1 0 0 1 0 1]	[0 0 1 0 1 1]	[0 0 0 0 1 0]
5	-0.5	6.406124591827393	1.6498162746429443	1.9922646284103394	1.2848650217056274	1.479178786277771	False	[0 0 0 0 0 0 0 0 0]	[1 0 0 1 0 0 1 0 1]	[0 0 1 0 1 0]	[1 0 0 0 1 0]
5	-0.75	6.258606910705566	1.464235544204712	1.9984397888183594	1.3919711112976074	1.4039599895477295	False	[1 0 0 0 0 0 0 0 0]	[0 0 0 1 0 0 1 0 1]	[0 0 1 0 1 1]	[0 0 0 0 1 0]
5	-0.5	6.39988899230957	1.6468620300292969	1.9893214702606201	1.355271577835083	1.4084340333938599	False	[0 0 0 0 0 0 0 0 0]	[1 0 0 1 0 0 1 0 1]	[0 0 1 0 1 0]	[1 0 0 0 1 0]
6	0.33500000834465027	2.6014959812164307	0.617103099822998	1.4809404611587524	0.47343337535858154	0.0300191268324852	False	[1 0 0 0 0 0 0 0 0]	[0 0 0 0 0 0 1 0 0]	[0 0 1 0 0 0]	[1 0 0 0 0 0]
6	0.11749999970197678	4.064282417297363	0.8511982560157776	1.8187912702560425	0.9418063163757324	0.4524866044521332	False	[1 0 0 0 0 0 1 0 0]	[1 0 0 0 0 0 1 0 0]	[0 0 0 0 0 0]	[0 0 0 0 0 0]
6	-0.5	3.1699602603912354	0.7758596539497375	1.6697558164596558	0.5770172476768494	0.14732742309570312	False	[0 0 0 0 0 0 1 0 0]	[1 0 0 0 0 0 0 0 0]	[0 0 1 0 0 0]	[1 0 0 0 0 0]
6	0.125	2.763490676879883	0.5599977374076843	1.4601044654846191	0.6770235300064087	0.06636466830968857	False	[1 0 0 0 0 0 1 0 0]	[1 0 0 0 0 0 1 0 0]	[0 0 0 0 0 0]	[0 0 0 0 0 0]
6	-0.5	3.106849193572998	0.772561252117157	1.6220974922180176	0.5835113525390625	0.12867911159992218	False	[0 0 0 0 0 0 1 0 0]	[1 0 0 0 0 0 0 0 0]	[0 0 1 0 0 0]	[1 0 0 0 0 0]
6	0.125	2.7651801109313965	0.5566105842590332	1.47272789478302	0.6655858755111694	0.0702558383345604	False	[1 0 0 0 0 0 1 0 0]	[1 0 0 0 0 0 1 0 0]	[0 0 0 0 0 0]	[0 0 0 0 0 0]
6	-0.5	3.329594135284424	0.7846140265464783	1.6998889446258545	0.6533250212669373	0.19176599383354187	False	[0 0 0 0 0 0 1 0 0]	[1 0 0 0 0 0 0 0 0]	[0 0 1 0 0 0]	[1 0 0 0 0 0]
6	0.12250000238418579	2.8647923469543457	0.6104289293289185	1.467111349105835	0.710236132144928	0.07701591402292252	False	[1 0 0 0 0 0 1 0 0]	[1 0 0 0 0 0 1 0 0]	[0 0 0 0 0 0]	[0 0 0 0 0 0]
6	-0.5	2.975419044494629	0.7490012049674988	1.5852820873260498	0.5583531856536865	0.0827825739979744	False	[0 0 0 0 0 0 1 0 0]	[1 0 0 0 0 0 0 0 0]	[0 0 1 0 0 0]	[1 0 0 0 0 0]
6	0.12250000238418579	2.83015775680542	0.5762105584144592	1.4996337890625	0.6764538288116455	0.07785972952842712	False	[1 0 0 0 0 0 1 0 0]	[1 0 0 0 0 0 1 0 0]	[0 0 0 0 0 0]	[0 0 0 0 0 0]
6	-0.5	3.0424892902374268	0.7735553979873657	1.5734589099884033	0.5963499546051025	0.09912485629320145	False	[0 0 0 0 0 0 1 0 0]	[1 0 0 0 0 0 0 0 0]	[0 0 1 0 0 0]	[1 0 0 0 0 0]
6	0.1274999976158142	2.824895143508911	0.5842228531837463	1.4823766946792603	0.6799283623695374	0.07836731523275375	False	[1 0 0 0 0 0 1 0 0]	[1 0 0 0 0 0 1 0 0]	[0 0 0 0 0 0]	[0 0 0 0 0 0]
6	-0.5	3.0341625213623047	0.7334092259407043	1.630568504333496	0.5639638900756836	0.10622107982635498	False	[0 0 0 0 0 0 1 0 0]	[1 0 0 0 0 0 0 0 0]	[0 0 1 0 0 0]	[1 0 0 0 0 0]
6	0.12999999523162842	2.8098416328430176	0.5522521138191223	1.5118725299835205	0.6647707223892212	0.0809464156627655	False	[1 0 0 0 0 0 1 0 0]	[1 0 0 0 0 0 1 0 0]	[0 0 0 0 0 0]	[0 0 0 0 0 0]
6	-0.5	3.185978412628174	0.7799344658851624	1.647231101989746	0.6167136430740356	0.14209946990013123	False	[0 0 0 0 0 0 1 0 0]	[1 0 0 0 0 0 0 0 0]	[0 0 1 0 0 0]	[1 0 0 0 0 0]
6	0.12250000238418579	2.803305149078369	0.5785467028617859	1.4594682455062866	0.6985018849372864	0.06678847223520279	False	[1 0 0 0 0 0 1 0 0]	[1 0 0 0 0 0 1 0 0]	[0 0 0 0 0 0]	[0 0 0 0 0 0]
6	-0.5	2.8902125358581543	0.7459840178489685	1.5449970960617065	0.5338680148124695	0.06536339968442917	False	[0 0 0 0 0 0 1 0 0]	[1 0 0 0 0 0 0 0 0]	[0 0 1 0 0 0]	[1 0 0 0 0 0]
6	0.12250000238418579	2.7870748043060303	0.5638024806976318	1.4771970510482788	0.677865743637085	0.06820966303348541	False	[1 0 0 0 0 0 1 0 0]	[1 0 0 0 0 0 1 0 0]	[0 0 0 0 0 0]	[0 0 0 0 0 0]
6	-0.5	3.0268948078155518	0.764612078666687	1.567752480506897	0.5994851589202881	0.09504503011703491	False	[0 0 0 0 0 0 1 0 0]	[1 0 0 0 0 0 0 0 0]	[0 0 1 0 0 0]	[1 0 0 0 0 0]
6	0.13500000536441803	2.7747600078582764	0.5583980083465576	1.4853609800338745	0.6613537073135376	0.06964761763811111	False	[1 0 0 0 0 0 1 0 0]	[1 0 0 0 0 0 1 0 0]	[0 0 0 0 0 0]	[0 0 0 0 0 0]
6	-0.5	3.2076563835144043	0.7771854400634766	1.6675529479980469	0.6052410006523132	0.15767689049243927	False	[0 0 0 0 0 0 1 0 0]	[1 0 0 0 0 0 0 0 0]	[0 0 1 0 0 0]	[1 0 0 0 0 0]
6	0.125	2.8010082244873047	0.5885162353515625	1.4572422504425049	0.6793696284294128	0.07588013261556625	False	[1 0 0 0 0 0 1 0 0]	[1 0 0 0 0 0 1 0 0]	[0 0 0 0 0 0]	[0 0 0 0 0 0]
6	-0.5	3.243307590484619	0.7911604642868042	1.662514090538025	0.622616708278656	0.16701626777648926	False	[0 0 0 0 0 0 1 0 0]	[1 0 0 0 0 0 0 0 0]	[0 0 1 0 0 0]	[1 0 0 0 0 0]
6	0.12250000238418579	2.7795300483703613	0.5705273747444153	1.4957244396209717	0.6400729417800903	0.07320558279752731	False	[1 0 0 0 0 0 1 0 0]	[1 0 0 0 0 0 1 0 0]	[0 0 0 0 0 0]	[0 0 0 0 0 0]
6	-0.5	3.159132719039917	0.7653732299804688	1.6530293226242065	0.6018702983856201	0.13885965943336487	False	[0 0 0 0 0 0 1 0 0]	[1 0 0 0 0 0 0 0 0]	[0 0 1 0 0 0]	[1 0 0 0 0 0]
6	0.125	2.8385860919952393	0.6071910262107849	1.4570990800857544	0.6992449760437012	0.07505102455615997	False	[1 0 0 0 0 0 1 0 0]	[1 0 0 0 0 0 1 0 0]	[0 0 0 0 0 0]	[0 0 0 0 0 0]
6	-0.5	3.194277763366699	0.7938585877418518	1.630143165588379	0.6234781742095947	0.14679794013500214	False	[0 0 0 0 0 0 1 0 0]	[1 0 0 0 0 0 0 0 0]	[0 0 1 0 0 0]	[1 0 0 0 0 0]
6	0.125	2.783527374267578	0.5691384077072144	1.475981593132019	0.6723036170005798	0.06610363721847534	False	[1 0 0 0 0 0 1 0 0]	[1 0 0 0 0 0 1 0 0]	[0 0 0 0 0 0]	[0 0 0 0 0 0]
6	-0.5	2.9374217987060547	0.748568058013916	1.566197156906128	0.5441514253616333	0.07850505411624908	False	[0 0 0 0 0 0 1 0 0]	[1 0 0 0 0 0 0 0 0]	[0 0 1 0 0 0]	[1 0 0 0 0 0]
6	0.12250000238418579	2.7940328121185303	0.5498776435852051	1.5068707466125488	0.6617119312286377	0.07557259500026703	False	[1 0 0 0 0 0 1 0 0]	[1 0 0 0 0 0 1 0 0]	[0 0 0 0 0 0]	[0 0 0 0 0 0]
7	0.3400000035762787	2.5235557556152344	0.7931970953941345	1.2076138257980347	0.5141465067863464	0.008598359301686287	False	[1 0 0 0 0 0 0 0 0]	[0 0 0 0 0 0 1 0 0]	[0 0 1 0 0 0]	[1 0 0 0 0 0]
7	0.12999999523162842	3.3699891567230225	0.9819976687431335	1.5803298950195312	0.6996806263923645	0.10798094421625137	False	[1 0 0 0 0 0 1 0 0]	[1 0 0 0 0 0 1 0 0]	[0 0 0 0 0 0]	[0 0 0 0 0 0]
7	0.20499999821186066	2.8126816749572754	0.8484585881233215	1.4105474948883057	0.5291993618011475	0.024476349353790283	False	[0 0 0 0 0 0 1 0 0]	[0 0 0 0 0 0 1 0 0]	[0 0 1 0 0 0]	[1 0 0 0 0 0]
7	0.11999999731779099	3.1141409873962402	0.972911536693573	1.4725925922393799	0.6025830507278442	0.0660538449883461	False	[1 0 0 0 0 0 1 0 0]	[1 0 0 0 0 0 1 0 0]	[0 0 0 0 0 0]	[0 0 0 0 0 0]
7	0.23499999940395355	2.761120080947876	0.8528094291687012	1.3959335088729858	0.4888472557067871	0.02352985180914402	False	[0 0 0 0 0 0 1 0 0]	[0 0 0 0 0 0 1 0 0]	[0 0 1 0 0 0]	[1 0 0 0 0 0]
7	0.1274999976158142	2.9805917739868164	0.9484714865684509	1.451393961906433	0.5455142259597778	0.03521197661757469	False	[1 0 0 0 0 0 1 0 0]	[1 0 0 0 0 0 1 0 0]	[0 0 0 0 0 0]	[0 0 0 0 0 0]
7	0.25999999046325684	2.8501648902893066	0.8633635640144348	1.419608235359192	0.5368169546127319	0.030375998467206955	False	[0 0 0 0 0 0 1 0 0]	[0 0 0 0 0 0 1 0 0]	[0 0 1 0 0 0]	[1 0 0 0 0 0]
7	0.12250000238418579	2.997110605239868	0.9515670537948608	1.4602913856506348	0.5409371852874756	0.04431483894586563	False	[1 0 0 0 0 0 1 0 0]	[1 0 0 0 0 0 1 0 0]	[0 0 0 0 0 0]	[0 0 0 0 0 0]
7	0.23499999940395355	2.741985321044922	0.8397448658943176	1.4093639850616455	0.46807631850242615	0.0248002540320158	False	[0 0 0 0 0 0 1 0 0]	[0 0 0 0 0 0 1 0 0]	[0 0 1 0 0 0]	[1 0 0 0 0 0]
7	0.13249999284744263	3.3160784244537354	0.9894356727600098	1.5381003618240356	0.6753544211387634	0.11318806558847427	False	[1 0 0 0 0 0 1 0 0]	[1 0 0 0 0 0 1 0 0]	[0 0 0 0 0 0]	[0 0 0 0 0 0]
7	0.2750000059604645	2.757347583770752	0.8369452357292175	1.3968656063079834	0.5049181580543518	0.018618544563651085	False	[0 0 0 0 0 0 1 0 0]	[0 0 0 0 0 0 1 0 0]	[0 0 1 0 0 0]	[1 0 0 0 0 0]
7	0.125	3.0218632221221924	0.9534119367599487	1.479087471961975	0.5386850237846375	0.05067873373627663	False	[1 0 0 0 0 0 1 0 0]	[1 0 0 0 0 0 1 0 0]	[0 0 0 0 0 0]	[0 0 0 0 0 0]
7	0.2849999964237213	2.816744089126587	0.8531835079193115	1.401004433631897	0.5371537208557129	0.02540227212011814	False	[0 0 0 0 0 0 1 0 0]	[0 0 0 0 0 0 1 0 0]	[0 0 1 0 0 0]	[1 0 0 0 0 0]
7	0.13500000536441803	3.0914998054504395	0.967411458492279	1.4891445636749268	0.5768585801124573	0.05808515474200249	False	[1 0 0 0 0 0 1 0 0]	[1 0 0 0 0 0 1 0 0]	[0 0 0 0 0 0]	[0 0 0 0 0 0]
7	0.26499998569488525	2.8378968238830566	0.8549107313156128	1.4315779209136963	0.5195693373680115	0.03183884918689728	False	[0 0 0 0 0 0 1 0 0]	[0 0 0 0 0 0 1 0 0]	[0 0 1 0 0 0]	[1 0 0 0 0 0]
7	0.1274999976158142	3.0470869541168213	0.9531255960464478	1.469936728477478	0.5802724957466125	0.04375214874744415	False	[1 0 0 0 0 0 1 0 0]	[1 0 0 0 0 0 1 0 0]	[0 0 0 0 0 0]	[0 0 0 0 0 0]
7	0.2549999952316284	2.893139362335205	0.86531001329422	1.4408525228500366	0.5506737232208252	0.036302946507930756	False	[0 0 0 0 0 0 1 0 0]	[0 0 0 0 0 0 1 0 0]	[0 0 1 0 0 0]	[1 0 0 0 0 0]
7	0.12250000238418579	3.2176589965820312	0.9759336709976196	1.5312583446502686	0.6259928941726685	0.08447396755218506	False	[1 0 0 0 0 0 1 0 0]	[1 0 0 0 0 0 1 0 0]	[0 0 0 0 0 0]	[0 0 0 0 0 0]
7	0.2800000011920929	2.859954357147217	0.861409068107605	1.4430173635482788	0.5174413919448853	0.03808649629354477	False	[0 0 0 0 0 0 1 0 0]	[0 0 0 0 0 0 1 0 0]	[0 0 1 0 0 0]	[1 0 0 0 0 0]
7	0.125	3.4657814502716064	0.9921579360961914	1.5678292512893677	0.7194732427597046	0.18632112443447113	False	[1 0 0 0 0 0 1 0 0]	[1 0 0 0 0 0 1 0 0]	[0 0 0 0 0 0]	[0 0 0 0 0 0]
7	0.26499998569488525	2.818777322769165	0.8554635047912598	1.412483811378479	0.5277414321899414	0.023088810965418816	False	[0 0 0 0 0 0 1 0 0]	[0 0 0 0 0 0 1 0 0]	[0 0 1 0 0 0]	[1 0 0 0 0 0]
7	0.125	3.1864566802978516	0.9809198975563049	1.5163809061050415	0.6123538613319397	0.07680202275514603	False	[1 0 0 0 0 0 1 0 0]	[1 0 0 0 0 0 1 0 0]	[0 0 0 0 0 0]	[0 0 0 0 0 0]
7	0.27000001072883606	2.761204719543457	0.850167989730835	1.4044365882873535	0.48283854126930237	0.02376146800816059	False	[0 0 0 0 0 0 1 0 0]	[0 0 0 0 0 0 1 0 0]	[0 0 1 0 0 0]	[1 0 0 0 0 0]
7	0.12999999523162842	3.063093423843384	0.9581278562545776	1.4656486511230469	0.5881122946739197	0.051204439252614975	False	[1 0 0 0 0 0 1 0 0]	[1 0 0 0 0 0 1 0 0]	[0 0 0 0 0 0]	[0 0 0 0 0 0]
7	0.23499999940395355	2.7518715858459473	0.8490721583366394	1.386847734451294	0.4913078844547272	0.024643607437610626	False	[0 0 0 0 0 0 1 0 0]	[0 0 0 0 0 0 1 0 0]	[0 0 1 0 0 0]	[1 0 0 0 0 0]
7	0.125	3.04386568069458	0.9468650817871094	1.4824097156524658	0.5721824765205383	0.042408473789691925	False	[1 0 0 0 0 0 1 0 0]	[1 0 0 0 0 0 1 0 0]	[0 0 0 0 0 0]	[0 0 0 0 0 0]
7	0.26499998569488525	2.901932954788208	0.883155345916748	1.4150137901306152	0.5611264705657959	0.042637359350919724	False	[0 0 0 0 0 0 1 0 0]	[0 0 0 0 0 0 1 0 0]	[0 0 1 0 0 0]	[1 0 0 0 0 0]
7	0.12999999523162842	2.998223066329956	0.9442482590675354	1.463636040687561	0.5568701028823853	0.033468421548604965	False	[1 0 0 0 0 0 1 0 0]	[1 0 0 0 0 0 1 0 0]	[0 0 0 0 0 0]	[0 0 0 0 0 0]
7	0.27000001072883606	2.903381109237671	0.8629637956619263	1.4452656507492065	0.5558308362960815	0.03932074084877968	False	[0 0 0 0 0 0 1 0 0]	[0 0 0 0 0 0 1 0 0]	[0 0 1 0 0 0]	[1 0 0 0 0 0]
7	0.125	3.0387468338012695	0.9610243439674377	1.4620094299316406	0.5648149251937866	0.05089819058775902	False	[1 0 0 0 0 0 1 0 0]	[1 0 0 0 0 0 1 0 0]	[0 0 0 0 0 0]	[0 0 0 0 0 0]
8	-0.5	2.2736222743988037	0.7973125576972961	1.2782118320465088	0.1964358687400818	0.0016619014786556363	False	[1 0 0 0 0 0 0 0 0]	[1 0 0 0 0 0 0 0 0]	[0 0 1 0 0 0]	[1 0 0 0 0 0]
8	-1.0	2.4890635013580322	0.8472113013267517	1.3878134489059448	0.24928395450115204	0.004754894413053989	False	[0 0 0 0 0 0 0 0 0]	[0 0 0 0 0 0 0 0 0]	[0 0 0 0 0 0]	[0 0 0 0 0 0]
8	-0.5	2.2764363288879395	0.8075633645057678	1.2608399391174316	0.20653493702411652	0.0014981200220063329	False	[1 0 0 0 0 0 0 0 0]	[1 0 0 0 0 0 0 0 0]	[0 0 1 0 0 0]	[1 0 0 0 0 0]
8	-1.0	2.445608139038086	0.8353967666625977	1.379974603652954	0.22478264570236206	0.00545396888628602	False	[0 0 0 0 0 0 0 0 0]	[0 0 0 0 0 0 0 0 0]	[0 0 0 0 0 0]	[0 0 0 0 0 0]
8	-0.5	2.2949812412261963	0.7998826503753662	1.2890430688858032	0.20439302921295166	0.0016626061405986547	False	[1 0 0 0 0 0 0 0 0]	[1 0 0 0 0 0 0 0 0]	[0 0 1 0 0 0]	[1 0 0 0 0 0]
8	-1.0	2.484158992767334	0.8486638069152832	1.3882150650024414	0.2411850094795227	0.0060950773768126965	False	[0 0 0 0 0 0 0 0 0]	[0 0 0 0 0 0 0 0 0]	[0 0 0 0 0 0]	[0 0 0 0 0 0]
8	-0.5	2.277419090270996	0.8066684007644653	1.26205313205719	0.20717757940292358	0.0015198441687971354	False	[1 0 0 0 0 0 0 0 0]	[1 0 0 0 0 0 0 0 0]	[0 0 1 0 0 0]	[1 0 0 0 0 0]
8	-1.0	2.465322732925415	0.8447837233543396	1.3747022151947021	0.23814930021762848	0.007687225937843323	False	[0 0 0 0 0 0 0 0 0]	[0 0 0 0 0 0 0 0 0]	[0 0 0 0 0 0]	[0 0 0 0 0 0]
8	-0.5	2.2676806449890137	0.8020994067192078	1.263352870941162	0.20069703459739685	0.0015313240000978112	False	[1 0 0 0 0 0 0 0 0]	[1 0 0 0 0 0 0 0 0]	[0 0 1 0 0 0]	[1 0 0 0 0 0]
8	-1.0	2.479691743850708	0.8452579379081726	1.3849431276321411	0.24472539126873016	0.004765233490616083	False	[0 0 0 0 0 0 0 0 0]	[0 0 0 0 0 0 0 0 0]	[0 0 0 0 0 0]	[0 0 0 0 0 0]
8	-0.5	2.2933504581451416	0.8052498698234558	1.2744696140289307	0.21211771667003632	0.0015132909175008535	False	[1 0 0 0 0 0 0 0 0]	[1 0 0 0 0 0 0 0 0]	[0 0 1 0 0 0]	[1 0 0 0 0 0]
8	-1.0	2.4511568546295166	0.8353332281112671	1.3810964822769165	0.2296765148639679	0.005050706211477518	False	[0 0 0 0 0 0 0 0 0]	[0 0 0 0 0 0 0 0 0]	[0 0 0 0 0 0]	[0 0 0 0 0 0]
8	-0.5	2.27072811126709	0.801445722579956	1.2668616771697998	0.20088449120521545	0.001536087947897613	False	[1 0 0 0 0 0 0 0 0]	[1 0 0 0 0 0 0 0 0]	[0 0 1 0 0 0]	[1 0 0 0 0 0]
8	-1.0	2.452407121658325	0.841084361076355	1.3731141090393066	0.23297058045864105	0.00523807667195797	False	[0 0 0 0 0 0 0 0 0]	[0 0 0 0 0 0 0 0 0]	[0 0 0 0 0 0]	[0 0 0 0 0 0]
8	-0.5	2.2523446083068848	0.800682544708252	1.2551288604736328	0.19493073225021362	0.0016023186035454273	False	[1 0 0 0 0 0 0 0 0]	[1 0 0 0 0 0 0 0 0]	[0 0 1 0 0 0]	[1 0 0 0 0 0]
8	-1.0	2.4600117206573486	0.8356379866600037	1.3781298398971558	0.24083107709884644	0.005412750411778688	False	[0 0 0 0 0 0 0 0 0]	[0 0 0 0 0 0 0 0 0]	[0 0 0 0 0 0]	[0 0 0 0 0 0]
8	-0.5	2.2753100395202637	0.8099751472473145	1.261257529258728	0.20264407992362976	0.0014331461861729622	False	[1 0 0 0 0 0 0 0 0]	[1 0 0 0 0 0 0 0 0]	[0 0 1 0 0 0]	[1 0 0 0 0 0]
8	-1.0	2.507936954498291	0.8511096835136414	1.3947205543518066	0.25668010115623474	0.005426633171737194	False	[0 0 0 0 0 0 0 0 0]	[0 0 0 0 0 0 0 0 0]	[0 0 0 0 0 0]	[0 0 0 0 0 0]
8	-0.5	2.281818151473999	0.8055620193481445	1.2647171020507812	0.21009394526481628	0.0014450823655351996	False	[1 0 0 0 0 0 0 0 0]	[1 0 0 0 0 0 0 0 0]	[0 0 1 0 0 0]	[1 0 0 0 0 0]
8	-1.0	2.5149879455566406	0.8457253575325012	1.4087307453155518	0.2545355260372162	0.005996479652822018	False	[0 0 0 0 0 0 0 0 0]	[0 0 0 0 0 0 0 0 0]	[0 0 0 0 0 0]	[0 0 0 0 0 0]
8	-0.5	2.3002030849456787	0.8027057647705078	1.284983515739441	0.21098744869232178	0.0015261928783729672	False	[1 0 0 0 0 0 0 0 0]	[1 0 0 0 0 0 0 0 0]	[0 0 1 0 0 0]	[1 0 0 0 0 0]
8	-1.0	2.4553709030151367	0.8442947268486023	1.3758220672607422	0.22933635115623474	0.005917743314057589	False	[0 0 0 0 0 0 0 0 0]	[0 0 0 0 0 0 0 0 0]	[0 0 0 0 0 0]	[0 0 0 0 0 0]
8	-0.5	2.2892637252807617	0.8028335571289062	1.2733932733535767	0.2115011215209961	0.001535911695100367	False	[1 0 0 0 0 0 0 0 0]	[1 0 0 0 0 0 0 0 0]	[0 0 1 0 0 0]	[1 0 0 0 0 0]
8	-1.0	2.4398601055145264	0.8530819416046143	1.3391528129577637	0.24324646592140198	0.00437889201566577	False	[0 0 0 0 0 0 0 0 0]	[0 0 0 0 0 0 0 0 0]	[0 0 0 0 0 0]	[0 0 0 0 0 0]
8	-0.5	2.2560253143310547	0.7989760637283325	1.2629871368408203	0.19250938296318054	0.0015527979703620076	False	[1 0 0 0 0 0 0 0 0]	[1 0 0 0 0 0 0 0 0]	[0 0 1 0 0 0]	[1 0 0 0 0 0]
8	-1.0	2.505023956298828	0.8480925559997559	1.4075976610183716	0.24421748518943787	0.005116531625390053	False	[0 0 0 0 0 0 0 0 0]	[0 0 0 0 0 0 0 0 0]	[0 0 0 0 0 0]	[0 0 0 0 0 0]
8	-0.5	2.24894380569458	0.8054037094116211	1.2475217580795288	0.1945304572582245	0.001487628323957324	False	[1 0 0 0 0 0 0 0 0]	[1 0 0 0 0 0 0 0 0]	[0 0 1 0 0 0]	[1 0 0 0 0 0]
8	-1.0	2.4727349281311035	0.8534480333328247	1.3672140836715698	0.24746713042259216	0.004605754278600216	False	[0 0 0 0 0 0 0 0 0]	[0 0 0 0 0 0 0 0 0]	[0 0 0 0 0 0]	[0 0 0 0 0 0]
8	-0.5	2.2910449504852295	0.804015576839447	1.2734384536743164	0.21209616959095	0.0014946628361940384	False	[1 0 0 0 0 0 0 0 0]	[1 0 0 0 0 0 0 0 0]	[0 0 1 0 0 0]	[1 0 0 0 0 0]
8	-1.0	2.4506218433380127	0.8541681170463562	1.3593332767486572	0.23225094377994537	0.0048694065771996975	False	[0 0 0 0 0 0 0 0 0]	[0 0 0 0 0 0 0 0 0]	[0 0 0 0 0 0]	[0 0 0 0 0 0]
9	0.36500000953674316	1.680456519126892	0.5708102583885193	0.9698253273963928	0.13894802331924438	0.0008729317924007773	False	[1 0 0 0 0 0 0 0 0]	[0 0 0 0 0 0 1 0 0]	[0 0 1 0 0 0]	[1 0 0 0 0 0]
9	-1.0	2.1840267181396484	0.7802485823631287	1.2108569145202637	0.14325150847434998	0.04966967925429344	False	[0 0 0 0 0 0 0 0 0]	[0 0 0 0 0 0 0 0 0]	[0 0 0 0 0 0]	[0 0 0 0 0 0]
9	0.3199999928474426	1.6959352493286133	0.5731574296951294	0.9670499563217163	0.15479153394699097	0.0009362576529383659	False	[1 0 0 0 0 0 0 0 0]	[0 0 0 0 0 0 1 0 0]	[0 0 1 0 0 0]	[1 0 0 0 0 0]
9	-1.0	2.0971081256866455	0.7847949862480164	1.1316354274749756	0.1375131905078888	0.04316439479589462	False	[0 0 0 0 0 0 0 0 0]	[0 0 0 0 0 0 0 0 0]	[0 0 0 0 0 0]	[0 0 0 0 0 0]
9	0.29499998688697815	1.691625714302063	0.5603994727134705	0.9792613983154297	0.15108507871627808	0.0008796807378530502	False	[1 0 0 0 0 0 0 0 0]	[0 0 0 0 0 0 1 0 0]	[0 0 1 0 0 0]	[1 0 0 0 0 0]
9	-0.5	2.0441553592681885	0.7814664840698242	1.0934576988220215	0.11982923746109009	0.04940198361873627	False	[0 0 0 0 0 0 0 0 0]	[1 0 0 0 0 0 1 0 0]	[0 0 0 0 0 0]	[0 0 0 0 0 0]
9	-0.5	1.7970376014709473	0.5812311768531799	1.1103168725967407	0.10382668673992157	0.0016628534067422152	False	[1 0 0 0 0 0 0 0 0]	[1 0 0 0 0 0 0 0 0]	[0 0 1 0 0 0]	[1 0 0 0 0 0]
9	-0.5	1.6712027788162231	0.5604609251022339	0.9745748043060303	0.13288840651512146	0.00327864196151495	False	[0 0 0 0 0 0 0 0 0]	[1 0 0 0 0 0 1 0 0]	[0 0 0 0 0 0]	[0 0 0 0 0 0]
9	-0.5	1.8486789464950562	0.5800713300704956	1.1492679119110107	0.11796294152736664	0.001376767293550074	False	[1 0 0 0 0 0 0 0 0]	[1 0 0 0 0 0 0 0 0]	[0 0 1 0 0 0]	[1 0 0 0 0 0]
9	-0.5	1.729309320449829	0.5632485151290894	0.9937596917152405	0.16783848404884338	0.004462611395865679	False	[0 0 0 0 0 0 0 0 0]	[1 0 0 0 0 0 1 0 0]	[0 0 0 0 0 0]	[0 0 0 0 0 0]
9	-0.5	1.8258112668991089	0.5680821537971497	1.1471421718597412	0.1090962365269661	0.0014906867872923613	False	[1 0 0 0 0 0 0 0 0]	[1 0 0 0 0 0 0 0 0]	[0 0 1 0 0 0]	[1 0 0 0 0 0]
9	-0.5	1.7042598724365234	0.5823705196380615	0.9658471941947937	0.15243028104305267	0.0036118607968091965	False	[0 0 0 0 0 0 0 0 0]	[1 0 0 0 0 0 1 0 0]	[0 0 0 0 0 0]	[0 0 0 0 0 0]
9	-0.5	1.8036640882492065	0.5903533101081848	1.1076688766479492	0.10415424406528473	0.0014877025969326496	False	[1 0 0 0 0 0 0 0 0]	[1 0 0 0 0 0 0 0 0]	[0 0 1 0 0 0]	[1 0 0 0 0 0]
9	-0.5	1.7268073558807373	0.573233425617218	0.9998412728309631	0.15049853920936584	0.003234172472730279	False	[0 0 0 0 0 0 0 0 0]	[1 0 0 0 0 0 1 0 0]	[0 0 0 0 0 0]	[0 0 0 0 0 0]
9	-0.5	1.7949975728988647	0.603611946105957	1.0868325233459473	0.10308029502630234	0.0014728542882949114	False	[1 0 0 0 0 0 0 0 0]	[1 0 0 0 0 0 0 0 0]	[0 0 1 0 0 0]	[1 0 0 0 0 0]
9	-0.5	1.6802361011505127	0.5802347660064697	0.967265248298645	0.1299523562192917	0.0027837224770337343	False	[0 0 0 0 0 0 0 0 0]	[1 0 0 0 0 0 1 0 0]	[0 0 0 0 0 0]	[0 0 0 0 0 0]
9	-0.5	1.792768955230713	0.5685012936592102	1.1223942041397095	0.100365050137043	0.0015083036851137877	False	[1 0 0 0 0 0 0 0 0]	[1 0 0 0 0 0 0 0 0]	[0 0 1 0 0 0]	[1 0 0 0 0 0]
9	-0.5	1.7231476306915283	0.5657612681388855	0.9901959300041199	0.16416603326797485	0.0030242984648793936	False	[0 0 0 0 0 0 0 0 0]	[1 0 0 0 0 0 1 0 0]	[0 0 0 0 0 0]	[0 0 0 0 0 0]
9	-0.5	1.8122543096542358	0.5835422873497009	1.121044397354126	0.10627374053001404	0.001393840997479856	False	[1 0 0 0 0 0 0 0 0]	[1 0 0 0 0 0 0 0 0]	[0 0 1 0 0 0]	[1 0 0 0 0 0]
9	-0.5	1.6700552701950073	0.5615931749343872	0.9721779227256775	0.13226360082626343	0.004020548425614834	False	[0 0 0 0 0 0 0 0 0]	[1 0 0 0 0 0 1 0 0]	[0 0 0 0 0 0]	[0 0 0 0 0 0]
9	-0.5	1.7789885997772217	0.5841925740242004	1.0988492965698242	0.0943019911646843	0.001644850242882967	False	[1 0 0 0 0 0 0 0 0]	[1 0 0 0 0 0 0 0 0]	[0 0 1 0 0 0]	[1 0 0 0 0 0]
9	-0.5	1.6853044033050537	0.5604795813560486	0.9820417761802673	0.13952282071113586	0.003260259050875902	False	[0 0 0 0 0 0 0 0 0]	[1 0 0 0 0 0 1 0 0]	[0 0 0 0 0 0]	[0 0 0 0 0 0]
9	-0.5	1.820785641670227	0.5830552577972412	1.1270519495010376	0.10931874811649323	0.0013596933567896485	False	[1 0 0 0 0 0 0 0 0]	[1 0 0 0 0 0 0 0 0]	[0 0 1 0 0 0]	[1 0 0 0 0 0]
9	-0.5	1.6827861070632935	0.5695098042488098	0.974292516708374	0.13593724370002747	0.003046660916879773	False	[0 0 0 0 0 0 0 0 0]	[1 0 0 0 0 0 1 0 0]	[0 0 0 0 0 0]	[0 0 0 0 0 0]
9	-0.5	1.7858835458755493	0.5750901103019714	1.111749291419983	0.09733204543590546	0.0017122533172369003	False	[1 0 0 0 0 0 0 0 0]	[1 0 0 0 0 0 0 0 0]	[0 0 1 0 0 0]	[1 0 0 0 0 0]
9	-0.5	1.7032394409179688	0.5741786956787109	0.9798927307128906	0.14539773762226105	0.00377027690410614	False	[0 0 0 0 0 0 0 0 0]	[1 0 0 0 0 0 1 0 0]	[0 0 0 0 0 0]	[0 0 0 0 0 0]
9	-0.5	1.8066811561584473	0.5810418128967285	1.11598539352417	0.10801756381988525	0.001636374625377357	False	[1 0 0 0 0 0 0 0 0]	[1 0 0 0 0 0 0 0 0]	[0 0 1 0 0 0]	[1 0 0 0 0 0]
9	-0.5	1.686179518699646	0.5593758225440979	0.9731171131134033	0.1489420086145401	0.004744663368910551	False	[0 0 0 0 0 0 0 0 0]	[1 0 0 0 0 0 1 0 0]	[0 0 0 0 0 0]	[0 0 0 0 0 0]
9	-0.5	1.7999030351638794	0.5847312808036804	1.1095404624938965	0.10418888926506042	0.0014422981766983867	False	[1 0 0 0 0 0 0 0 0]	[1 0 0 0 0 0 0 0 0]	[0 0 1 0 0 0]	[1 0 0 0 0 0]
9	-0.5	1.6976181268692017	0.5691897869110107	0.977717399597168	0.14725786447525024	0.0034531312994658947	False	[0 0 0 0 0 0 0 0 0]	[1 0 0 0 0 0 1 0 0]	[0 0 0 0 0 0]	[0 0 0 0 0 0]
10	0.3199999928474426	1.5587842464447021	0.6852826476097107	0.8494311571121216	0.023553168401122093	0.000517330365255475	False	[1 0 0 0 0 0 0 0 0]	[0 0 0 0 0 0 1 0 0]	[0 0 1 0 0 0]	[1 0 0 0 0 0]
10	-1.0	1.6107958555221558	0.798087477684021	0.6268602609634399	0.16752272844314575	0.018325425684452057	False	[0 0 0 0 0 0 0 0 0]	[0 0 0 0 0 0 0 0 0]	[0 0 0 0 0 0]	[0 0 0 0 0 0]
10	0.3449999988079071	1.567855954170227	0.6935027241706848	0.8472919464111328	0.02651907689869404	0.0005422550020739436	False	[1 0 0 0 0 0 0 0 0]	[0 0 0 0 0 0 1 0 0]	[0 0 1 0 0 0]	[1 0 0 0 0 0]
10	-1.0	1.7771601676940918	0.8225686550140381	0.6579573154449463	0.23375989496707916	0.06287433207035065	False	[0 0 0 0 0 0 0 0 0]	[0 0 0 0 0 0 0 0 0]	[0 0 0 0 0 0]	[0 0 0 0 0 0]
10	0.28999999165534973	1.5803974866867065	0.6898358464241028	0.8644095659255981	0.02558734081685543	0.0005646422505378723	False	[1 0 0 0 0 0 0 0 0]	[0 0 0 0 0 0 1 0 0]	[0 0 1 0 0 0]	[1 0 0 0 0 0]
10	-1.0	1.6808595657348633	0.8091264367103577	0.6423835754394531	0.20637987554073334	0.022969746962189674	False	[0 0 0 0 0 0 0 0 0]	[0 0 0 0 0 0 0 0 0]	[0 0 0 0 0 0]	[0 0 0 0 0 0]
10	0.3100000023841858	1.5726783275604248	0.694927990436554	0.8509331345558167	0.02633340284228325	0.0004837444284930825	False	[1 0 0 0 0 0 0 0 0]	[0 0 0 0 0 0 1 0 0]	[0 0 1 0 0 0]	[1 0 0 0 0 0]
10	-0.5	1.6985472440719604	0.812506377696991	0.6369705200195312	0.20516812801361084	0.04390212148427963	False	[1 0 0 0 0 0 1 0 0]	[0 0 0 0 0 0 0 0 0]	[0 0 0 0 0 0]	[0 0 0 0 0 0]
10	0.28999999165534973	1.6736679077148438	0.7422269582748413	0.8616122007369995	0.06922837346792221	0.0006003393791615963	False	[0 0 0 0 0 0 1 0 0]	[0 0 0 0 0 0 1 0 0]	[0 0 1 0 0 0]	[1 0 0 0 0 0]
10	-0.5	1.5826444625854492	0.7673384547233582	0.758243978023529	0.052975669503211975	0.00408637709915638	False	[1 0 0 0 0 0 1 0 0]	[0 0 0 0 0 0 0 0 0]	[0 0 0 0 0 0]	[0 0 0 0 0 0]
10	0.27250000834465027	1.6608823537826538	0.7431392073631287	0.849524974822998	0.06771086901426315	0.0005072230123914778	False	[0 0 0 0 0 0 1 0 0]	[0 0 0 0 0 0 1 0 0]	[0 0 1 0 0 0]	[1 0 0 0 0 0]
10	-0.5	1.6035809516906738	0.7707889080047607	0.7761414647102356	0.05160064622759819	0.005049949511885643	False	[1 0 0 0 0 0 1 0 0]	[0 0 0 0 0 0 0 0 0]	[0 0 0 0 0 0]	[0 0 0 0 0 0]
10	0.29499998688697815	1.5776393413543701	0.7356429696083069	0.7855122685432434	0.05565469712018967	0.0008295024745166302	False	[0 0 0 0 0 0 1 0 0]	[0 0 0 0 0 0 1 0 0]	[0 0 1 0 0 0]	[1 0 0 0 0 0]
10	-0.5	1.6493979692459106	0.7782623767852783	0.7974711656570435	0.07060737162828445	0.0030569820664823055	False	[1 0 0 0 0 0 1 0 0]	[0 0 0 0 0 0 0 0 0]	[0 0 0 0 0 0]	[0 0 0 0 0 0]
10	0.25	1.634331464767456	0.7438313364982605	0.8195809125900269	0.0702558234333992	0.0006634192541241646	False	[0 0 0 0 0 0 1 0 0]	[0 0 0 0 0 0 1 0 0]	[0 0 1 0 0 0]	[1 0 0 0 0 0]
10	-0.5	1.5785651206970215	0.764241635799408	0.764074981212616	0.04462592303752899	0.005622631870210171	False	[1 0 0 0 0 0 1 0 0]	[0 0 0 0 0 0 0 0 0]	[0 0 0 0 0 0]	[0 0 0 0 0 0]
10	0.2549999952316284	1.656426191329956	0.7425683736801147	0.8434820175170898	0.06967496871948242	0.0007008216925896704	False	[0 0 0 0 0 0 1 0 0]	[0 0 0 0 0 0 1 0 0]	[0 0 1 0 0 0]	[1 0 0 0 0 0]
10	-0.5	1.623490571975708	0.762936532497406	0.8001880049705505	0.057118721306324005	0.0032472540624439716	False	[1 0 0 0 0 0 1 0 0]	[0 0 0 0 0 0 0 0 0]	[0 0 0 0 0 0]	[0 0 0 0 0 0]
10	0.25	1.5844902992248535	0.7359691858291626	0.7878141403198242	0.05985977500677109	0.0008472443441860378	False	[0 0 0 0 0 0 1 0 0]	[0 0 0 0 0 0 1 0 0]	[0 0 1 0 0 0]	[1 0 0 0 0 0]
10	-0.5	1.6385407447814941	0.7654292583465576	0.8165038228034973	0.052537404000759125	0.004070310853421688	False	[1 0 0 0 0 0 1 0 0]	[0 0 0 0 0 0 0 0 0]	[0 0 0 0 0 0]	[0 0 0 0 0 0]
10	0.26499998569488525	1.599319338798523	0.7353114485740662	0.8041748404502869	0.05897519364953041	0.0008578529814258218	False	[0 0 0 0 0 0 1 0 0]	[0 0 0 0 0 0 1 0 0]	[0 0 1 0 0 0]	[1 0 0 0 0 0]
10	-0.5	1.5792499780654907	0.7775849103927612	0.7425380945205688	0.052848607301712036	0.006278346758335829	False	[1 0 0 0 0 0 1 0 0]	[0 0 0 0 0 0 0 0 0]	[0 0 0 0 0 0]	[0 0 0 0 0 0]
10	0.23000000417232513	1.7161095142364502	0.745917022228241	0.8939006328582764	0.07569939643144608	0.0005923360586166382	False	[0 0 0 0 0 0 1 0 0]	[0 0 0 0 0 0 1 0 0]	[0 0 1 0 0 0]	[1 0 0 0 0 0]
10	-0.5	1.5767693519592285	0.7681432366371155	0.7557793855667114	0.04748792573809624	0.005358682945370674	False	[1 0 0 0 0 0 1 0 0]	[0 0 0 0 0 0 0 0 0]	[0 0 0 0 0 0]	[0 0 0 0 0 0]
10	0.25999999046325684	1.6009107828140259	0.734062671661377	0.8100400567054749	0.05605023354291916	0.000757891102693975	False	[0 0 0 0 0 0 1 0 0]	[0 0 0 0 0 0 1 0 0]	[0 0 1 0 0 0]	[1 0 0 0 0 0]
10	-0.5	1.602198600769043	0.7720006108283997	0.7690965533256531	0.056502439081668854	0.004599027801305056	False	[1 0 0 0 0 0 1 0 0]	[0 0 0 0 0 0 0 0 0]	[0 0 0 0 0 0]	[0 0 0 0 0 0]
10	0.26499998569488525	1.6180225610733032	0.736685574054718	0.8204982280731201	0.060130491852760315	0.0007083764648996294	False	[0 0 0 0 0 0 1 0 0]	[0 0 0 0 0 0 1 0 0]	[0 0 1 0 0 0]	[1 0 0 0 0 0]
10	-0.5	1.5643024444580078	0.7641826272010803	0.7497143149375916	0.045524999499320984	0.004880514461547136	False	[1 0 0 0 0 0 1 0 0]	[0 0 0 0 0 0 0 0 0]	[0 0 0 0 0 0]	[0 0 0 0 0 0]
10	0.2549999952316284	1.6694896221160889	0.7506828904151917	0.8326785564422607	0.08546309173107147	0.0006652090232819319	False	[0 0 0 0 0 0 1 0 0]	[0 0 0 0 0 0 1 0 0]	[0 0 1 0 0 0]	[1 0 0 0 0 0]
10	-0.5	1.6312458515167236	0.7680113315582275	0.8044390082359314	0.0539238266646862	0.004871662240475416	False	[1 0 0 0 0 0 1 0 0]	[0 0 0 0 0 0 0 0 0]	[0 0 0 0 0 0]	[0 0 0 0 0 0]
