# num_workers = 32
# num_cells = 256
# seed_for_environment = 2002
# lr = 0.0003
# max_grad_norm = 1.0
# eval_rollout_length = 30
# scaling_factor = 1000
# frames_per_batch = 500
# sub_batch_size = 64
# num_epochs = 15
# clip_epsilon = 0.2
# gamma = 0.99
# lmbda = 0.95
# entropy_eps = 0.003
# env_reward_engineering = True
# env_minimum_number_of_qubits = 12
# log_name = None
# env_version = qecc/bbcode-ldpc-v0
# env_bit_flipping = True
# env_l = 6
# env_m = 6
# env_use_dict_observation = True
# env_number_of_decoder_iterations = 50
# env_number_of_samples = 50
# env_code_logging = False
# model_architecture = hybrid
# model_surrogate_model_path = /vol/bitbucket/osella/rl-qecc-data/supervisedLearning/2026-07-12_21-15-58/surrogate_6x6.pth
# model_use_pretrained_encoder = True
# index_to_unfreeze_encoder_updates = 0
# encoder_lr_factor = 0.1
# training_device = cpu
# Resolved arguments:
# Resolved_env_reward_engineering = True
# Resolved_env_bit_flipping = True
# Resolved_env_useDictObservation = True
# Resolved_env_code_logging = False
# Resolved_model_use_pretrained_encoder = True
# Resolved_trainingDevice = cpu
# Resolved_model_architecture = hybrid
# Just for information, not used in actual run: SLURM CPUS queried from os environment: 32
# Number of workers: 32
# Does torch identify cuda: False
evaluation number	reward	policy entropy	policy entropy aX	policy entropy bX	policy entropy aY	policy entropy bY	Encoder freeze	postAction_aX	postAction_bX	postAction_aY	postAction_bY
0	-0.3333333432674408	7.500163555145264	1.902916431427002	1.9084715843200684	1.8228942155838013	1.8658814430236816	False	[1 0 0 0 0 0]	[0 0 1 0 0 0]	[0 0 1 0 0 0]	[0 0 0 0 1 0]
0	0.125	7.656460762023926	1.9071835279464722	1.9336857795715332	1.8957359790802002	1.9198552370071411	False	[0 0 0 0 0 0]	[0 0 1 0 1 0]	[0 0 0 0 0 0]	[0 0 0 0 1 1]
0	-0.6666666865348816	7.580824851989746	1.902392864227295	1.9253358840942383	1.8595136404037476	1.8935824632644653	False	[1 0 0 0 0 0]	[0 0 1 1 1 0]	[0 0 1 0 0 0]	[0 0 0 0 0 1]
0	-1.0	7.677743911743164	1.926952838897705	1.9254416227340698	1.9060289859771729	1.9193201065063477	False	[1 0 0 0 0 0]	[0 1 1 1 1 0]	[0 0 1 1 0 0]	[0 0 0 0 0 0]
0	-0.6666666865348816	7.71788215637207	1.933942198753357	1.9285000562667847	1.9223791360855103	1.9330604076385498	False	[1 0 0 0 0 0]	[1 1 1 1 1 0]	[0 1 1 1 0 0]	[0 0 0 0 0 1]
0	-1.0	7.705769062042236	1.929211139678955	1.9248511791229248	1.9203139543533325	1.931392788887024	False	[1 0 0 0 0 0]	[0 1 1 1 1 0]	[0 0 1 1 0 0]	[0 0 0 0 0 0]
0	-0.6666666865348816	7.718542098999023	1.9338891506195068	1.9303697347640991	1.9215458631515503	1.932737112045288	False	[1 0 0 0 0 0]	[1 1 1 1 1 0]	[0 1 1 1 0 0]	[0 0 0 0 0 1]
0	-0.3333333432674408	7.709244728088379	1.9306602478027344	1.925908088684082	1.924259066581726	1.9284169673919678	False	[1 0 0 0 0 0]	[0 1 1 1 1 0]	[0 1 1 0 0 0]	[0 0 0 0 0 0]
0	-0.6666666865348816	7.711788177490234	1.9256610870361328	1.921911597251892	1.9290220737457275	1.9351931810379028	False	[1 0 0 0 0 0]	[1 1 1 1 1 0]	[0 0 1 0 0 0]	[0 0 0 0 0 1]
0	-1.0	7.698403358459473	1.9314970970153809	1.9257895946502686	1.9133059978485107	1.9278106689453125	False	[1 0 0 0 0 0]	[1 0 1 1 1 0]	[0 0 1 1 0 0]	[0 0 0 0 0 0]
0	-0.6666666865348816	7.712390422821045	1.940151333808899	1.9309672117233276	1.914405107498169	1.926867127418518	False	[1 0 0 0 0 0]	[0 0 1 1 1 0]	[0 0 1 0 0 0]	[0 0 0 0 0 1]
0	-1.0	7.678381443023682	1.9272221326828003	1.928749918937683	1.903124213218689	1.9192854166030884	False	[1 0 0 0 0 0]	[1 0 1 1 1 0]	[0 0 1 1 0 0]	[0 0 0 0 0 0]
0	-0.6666666865348816	7.709362506866455	1.9385501146316528	1.931113839149475	1.9152312278747559	1.9244675636291504	False	[1 0 0 0 0 0]	[0 0 1 1 1 0]	[0 0 1 0 0 0]	[0 0 0 0 0 1]
0	-1.0	7.680604934692383	1.9263783693313599	1.9250223636627197	1.9067177772521973	1.9224863052368164	False	[1 0 0 0 0 0]	[1 0 1 1 1 0]	[0 0 1 1 0 0]	[0 0 0 0 0 0]
0	-0.6666666865348816	7.707178592681885	1.9383840560913086	1.9321337938308716	1.9118962287902832	1.9247647523880005	False	[1 0 0 0 0 0]	[0 0 1 1 1 0]	[0 0 1 0 0 0]	[0 0 0 0 0 1]
0	-1.0	7.681988716125488	1.9294319152832031	1.9256963729858398	1.9069736003875732	1.919886827468872	False	[1 0 0 0 0 0]	[1 0 1 1 1 0]	[0 0 1 1 0 0]	[0 0 0 0 0 0]
0	-0.6666666865348816	7.71561336517334	1.9401311874389648	1.932700753211975	1.9161763191223145	1.926605224609375	False	[1 0 0 0 0 0]	[0 0 1 1 1 0]	[0 0 1 0 0 0]	[0 0 0 0 0 1]
0	-1.0	7.681016445159912	1.9267703294754028	1.9272077083587646	1.906968355178833	1.9200701713562012	False	[1 0 0 0 0 0]	[1 0 1 1 1 0]	[0 0 1 1 0 0]	[0 0 0 0 0 0]
0	-0.6666666865348816	7.707217693328857	1.9406764507293701	1.928946614265442	1.911944031715393	1.925650715827942	False	[1 0 0 0 0 0]	[0 0 1 1 1 0]	[0 0 1 0 0 0]	[0 0 0 0 0 1]
0	-1.0	7.684818267822266	1.9303401708602905	1.9288249015808105	1.9064630270004272	1.9191898107528687	False	[1 0 0 0 0 0]	[1 0 1 1 1 0]	[0 0 1 1 0 0]	[0 0 0 0 0 0]
0	-0.6666666865348816	7.714375019073486	1.9409459829330444	1.9324672222137451	1.913069486618042	1.9278923273086548	False	[1 0 0 0 0 0]	[0 0 1 1 1 0]	[0 0 1 0 0 0]	[0 0 0 0 0 1]
0	-1.0	7.678129196166992	1.9267085790634155	1.925062656402588	1.9057551622390747	1.9206030368804932	False	[1 0 0 0 0 0]	[0 1 1 1 1 0]	[0 0 1 1 0 0]	[0 0 0 0 0 0]
0	-0.6666666865348816	7.721567153930664	1.9334861040115356	1.9315518140792847	1.9224637746810913	1.9340652227401733	False	[1 0 0 0 0 0]	[1 1 1 1 1 0]	[0 1 1 1 0 0]	[0 0 0 0 0 1]
0	-1.0	7.708245754241943	1.9302501678466797	1.9265646934509277	1.922081708908081	1.9293495416641235	False	[1 0 0 0 0 0]	[0 1 1 1 1 0]	[0 0 1 1 0 0]	[0 0 0 0 0 0]
0	-0.6666666865348816	7.714241981506348	1.9310284852981567	1.9284693002700806	1.9217264652252197	1.9330174922943115	False	[1 0 0 0 0 0]	[1 1 1 1 1 0]	[0 1 1 1 0 0]	[0 0 0 0 0 1]
0	-1.0	7.704691410064697	1.929283618927002	1.9248900413513184	1.9205968379974365	1.9299207925796509	False	[1 0 0 0 0 0]	[0 1 1 1 1 0]	[0 0 1 1 0 0]	[0 0 0 0 0 0]
0	-0.6666666865348816	7.715850830078125	1.9346206188201904	1.928641676902771	1.919240951538086	1.9333478212356567	False	[1 0 0 0 0 0]	[1 1 1 1 1 0]	[0 1 1 1 0 0]	[0 0 0 0 0 1]
0	-0.3333333432674408	7.705927848815918	1.9292247295379639	1.9249929189682007	1.922369122505188	1.9293410778045654	False	[1 0 0 0 0 0]	[0 1 1 1 1 0]	[0 1 1 0 0 0]	[0 0 0 0 0 0]
0	-0.6666666865348816	7.706413269042969	1.923039436340332	1.923917293548584	1.9271571636199951	1.9322996139526367	False	[1 0 0 0 0 0]	[1 1 1 1 1 0]	[0 0 1 0 0 0]	[0 0 0 0 0 1]
0	-1.0	7.68666410446167	1.929654836654663	1.9210270643234253	1.9134305715560913	1.9225515127182007	False	[1 0 0 0 0 0]	[1 0 1 1 1 0]	[0 0 1 1 0 0]	[0 0 0 0 0 0]
1	-0.6666666865348816	5.807043075561523	0.9306108355522156	1.4021462202072144	1.7093429565429688	1.76494300365448	False	[0 0 0 0 1 0]	[0 0 1 0 0 0]	[0 0 0 1 0 0]	[0 0 0 0 0 1]
1	-1.0	7.451552867889404	1.865361213684082	1.8311762809753418	1.9238289594650269	1.8311864137649536	False	[0 0 0 0 0 0]	[0 0 0 0 0 0]	[0 0 1 1 0 0]	[0 0 0 0 0 1]
1	-0.6666666865348816	6.923521041870117	1.5555038452148438	1.8042793273925781	1.816686749458313	1.7470512390136719	False	[0 0 0 0 1 0]	[0 0 1 0 0 0]	[1 0 1 1 0 0]	[0 0 0 0 0 1]
1	-0.3333333432674408	7.06504487991333	1.6134322881698608	1.8171026706695557	1.820019245147705	1.8144909143447876	False	[0 0 0 0 0 0]	[0 1 1 0 0 0]	[1 1 1 1 0 0]	[0 0 0 0 0 1]
1	-0.8333333134651184	7.366064071655273	1.8698971271514893	1.8078433275222778	1.8574870824813843	1.830836534500122	False	[0 0 0 1 0 0]	[1 1 1 0 0 0]	[1 1 1 1 1 0]	[0 0 0 0 0 1]
1	-0.3333333432674408	7.293787002563477	1.780642032623291	1.829984188079834	1.79332435131073	1.889836311340332	False	[0 0 0 0 0 0]	[0 1 1 0 0 0]	[1 1 1 1 0 0]	[0 0 0 0 0 1]
1	-0.8333333134651184	7.343198299407959	1.8673946857452393	1.8000619411468506	1.8589328527450562	1.816808819770813	False	[0 0 0 1 0 0]	[1 1 1 0 0 0]	[1 1 1 1 1 0]	[0 0 0 0 0 1]
1	-0.3333333432674408	7.311705112457275	1.7827775478363037	1.8432832956314087	1.786153793334961	1.899490237236023	False	[0 0 0 0 0 0]	[0 1 1 0 0 0]	[1 1 1 1 0 0]	[0 0 0 0 0 1]
1	-0.8333333134651184	7.366330623626709	1.8719786405563354	1.7998918294906616	1.8597736358642578	1.8346868753433228	False	[0 0 0 1 0 0]	[1 1 1 0 0 0]	[1 1 1 1 1 0]	[0 0 0 0 0 1]
1	-0.6666666865348816	7.3391313552856445	1.8002839088439941	1.8374170064926147	1.8072620630264282	1.8941682577133179	False	[0 0 0 0 0 0]	[0 1 1 0 0 0]	[1 1 1 1 0 0]	[0 0 0 0 0 0]
1	-1.0	7.338899612426758	1.8395607471466064	1.8031048774719238	1.896524429321289	1.7997092008590698	False	[0 0 0 0 0 0]	[1 1 1 0 0 0]	[1 1 0 1 0 0]	[0 0 0 0 0 0]
1	-1.0	7.030452728271484	1.7502433061599731	1.6735268831253052	1.8507938385009766	1.7558891773223877	False	[0 0 0 1 0 0]	[0 1 1 0 0 0]	[1 1 0 0 0 0]	[0 0 0 0 0 0]
1	-1.0	7.058605194091797	1.804689645767212	1.8143223524093628	1.6442912817001343	1.7953017950057983	False	[0 0 0 1 0 0]	[0 1 0 0 0 0]	[1 1 0 1 0 0]	[0 0 0 0 0 0]
1	-1.0	6.594686031341553	1.6436222791671753	1.6410332918167114	1.6985764503479004	1.6114541292190552	False	[0 0 0 1 0 1]	[0 1 1 0 0 0]	[1 1 0 1 0 0]	[0 0 0 0 0 0]
1	-1.0	6.972907543182373	1.7902462482452393	1.8278281688690186	1.7281758785247803	1.6266571283340454	False	[0 0 0 1 0 1]	[0 1 1 0 1 0]	[1 1 0 0 0 0]	[0 0 0 0 0 0]
1	-1.0	6.920943260192871	1.905418872833252	1.748133659362793	1.5654066801071167	1.7019840478897095	False	[0 1 0 1 0 1]	[0 1 1 0 0 0]	[1 1 0 1 0 0]	[0 1 0 0 0 0]
1	-0.8333333134651184	6.777469635009766	1.722779631614685	1.6894652843475342	1.6239973306655884	1.7412278652191162	False	[0 1 0 0 0 1]	[0 1 1 0 1 0]	[1 1 0 0 0 0]	[0 1 0 0 0 0]
1	-1.0	7.084799289703369	1.8749758005142212	1.6607043743133545	1.8254287242889404	1.723690390586853	False	[0 1 0 0 0 1]	[1 1 1 0 1 0]	[1 1 0 1 0 0]	[0 1 0 0 0 0]
1	-1.0	6.988419532775879	1.8468910455703735	1.6303743124008179	1.8452342748641968	1.665919542312622	False	[0 1 0 1 0 1]	[0 1 1 0 1 0]	[1 1 0 0 0 0]	[0 1 0 0 0 0]
1	-1.0	7.062386512756348	1.7785723209381104	1.7701408863067627	1.7799854278564453	1.7336876392364502	False	[0 1 0 0 0 1]	[1 1 1 0 1 0]	[1 1 0 1 0 0]	[0 1 0 0 0 0]
1	-1.0	6.9636688232421875	1.8487861156463623	1.6246318817138672	1.862660527229309	1.627590298652649	False	[0 1 0 1 0 1]	[0 1 1 0 1 0]	[1 1 0 0 0 0]	[0 1 0 0 0 0]
1	-1.0	7.04570198059082	1.786594033241272	1.7582743167877197	1.7803573608398438	1.7204763889312744	False	[0 1 0 0 0 1]	[1 1 1 0 1 0]	[1 1 0 1 0 0]	[0 1 0 0 0 0]
1	-1.0	6.966300010681152	1.8511139154434204	1.6081045866012573	1.8432109355926514	1.6638710498809814	False	[0 1 0 1 0 1]	[0 1 1 0 1 0]	[1 1 0 0 0 0]	[0 1 0 0 0 0]
1	-1.0	7.145718097686768	1.8208496570587158	1.8094980716705322	1.7752056121826172	1.740164875984192	False	[0 1 0 0 0 1]	[1 1 1 0 1 0]	[1 1 0 1 0 0]	[0 1 0 0 0 0]
1	-1.0	7.010560989379883	1.8499829769134521	1.6243022680282593	1.8501062393188477	1.6861696243286133	False	[0 1 0 1 0 1]	[0 1 1 0 1 0]	[1 1 0 0 0 0]	[0 1 0 0 0 0]
1	-1.0	7.090452671051025	1.7994745969772339	1.7729766368865967	1.766838550567627	1.7511630058288574	False	[0 1 0 0 0 1]	[1 1 1 0 1 0]	[1 1 0 1 0 0]	[0 1 0 0 0 0]
1	-1.0	6.966614723205566	1.853462815284729	1.589496374130249	1.876802921295166	1.646852731704712	False	[0 1 0 1 0 1]	[0 1 1 0 1 0]	[1 1 0 0 0 0]	[0 1 0 0 0 0]
1	-1.0	7.092740058898926	1.8236873149871826	1.7891618013381958	1.7321710586547852	1.7477200031280518	False	[0 1 0 0 0 1]	[1 1 1 0 1 0]	[1 1 0 1 0 0]	[0 1 0 0 0 0]
1	-1.0	7.0058698654174805	1.8611631393432617	1.6293284893035889	1.8612332344055176	1.6541454792022705	False	[0 1 0 1 0 1]	[0 1 1 0 1 0]	[1 1 0 0 0 0]	[0 1 0 0 0 0]
1	-1.0	7.098132133483887	1.7973459959030151	1.7748749256134033	1.7844682931900024	1.741443157196045	False	[0 1 0 0 0 1]	[1 1 1 0 1 0]	[1 1 0 1 0 0]	[0 1 0 0 0 0]
2	0.25	5.538234710693359	1.353586196899414	1.2701387405395508	1.7285864353179932	1.1859238147735596	False	[0 0 0 0 1 0]	[0 0 1 0 0 0]	[0 0 0 0 0 1]	[0 0 0 0 1 0]
2	-0.6666666865348816	6.362453460693359	1.7128173112869263	1.62324059009552	1.4497028589248657	1.5766925811767578	False	[0 0 0 1 1 0]	[0 0 1 0 0 1]	[0 0 0 0 1 1]	[0 0 0 0 1 1]
2	-0.8333333134651184	5.846153259277344	1.575722575187683	1.6262269020080566	1.4815256595611572	1.1626778841018677	False	[0 0 0 0 1 0]	[1 0 1 0 0 1]	[0 0 0 0 0 1]	[0 0 0 0 1 0]
2	-0.6666666865348816	6.327467441558838	1.7733381986618042	1.4227416515350342	1.4767920970916748	1.6545957326889038	False	[0 0 0 1 1 0]	[1 0 1 0 0 1]	[1 0 0 0 0 1]	[0 0 0 0 1 1]
2	-0.8333333134651184	6.442106246948242	1.7245692014694214	1.5642262697219849	1.5655453205108643	1.5877656936645508	False	[0 0 0 0 1 0]	[1 0 1 0 0 1]	[0 0 0 0 0 1]	[0 0 0 0 1 0]
2	-0.6666666865348816	6.378187656402588	1.7836836576461792	1.4576267004013062	1.462099552154541	1.674777626991272	False	[0 0 0 1 1 0]	[1 0 1 0 0 1]	[1 0 0 0 0 1]	[0 0 0 0 1 1]
2	-0.8333333134651184	6.4848222732543945	1.732051134109497	1.598561406135559	1.5905874967575073	1.5636218786239624	False	[0 0 0 0 1 0]	[1 0 1 0 0 1]	[0 0 0 0 0 1]	[0 0 0 0 1 0]
2	-0.6666666865348816	6.427502632141113	1.7942869663238525	1.4742006063461304	1.4892562627792358	1.669758677482605	False	[0 0 0 1 1 0]	[1 0 1 0 0 1]	[1 0 0 0 0 1]	[0 0 0 0 1 1]
2	-0.8333333134651184	6.45198392868042	1.7280761003494263	1.5560059547424316	1.5637028217315674	1.6041990518569946	False	[0 0 0 0 1 0]	[1 0 1 0 0 1]	[0 0 0 0 0 1]	[0 0 0 0 1 0]
2	-0.6666666865348816	6.3230438232421875	1.7816166877746582	1.4117871522903442	1.4540574550628662	1.6755828857421875	False	[0 0 0 1 1 0]	[1 0 1 0 0 1]	[1 0 0 0 0 1]	[0 0 0 0 1 1]
2	-0.8333333134651184	6.3815016746521	1.7080973386764526	1.535561203956604	1.5376919507980347	1.6001509428024292	False	[0 0 0 0 1 0]	[1 0 1 0 0 1]	[0 0 0 0 0 1]	[0 0 0 0 1 0]
2	-0.6666666865348816	6.4166340827941895	1.7967944145202637	1.4554075002670288	1.4798035621643066	1.6846284866333008	False	[0 0 0 1 1 0]	[1 0 1 0 0 1]	[1 0 0 0 0 1]	[0 0 0 0 1 1]
2	-0.8333333134651184	6.448955535888672	1.715013027191162	1.5846281051635742	1.5704541206359863	1.5788604021072388	False	[0 0 0 0 1 0]	[1 0 1 0 0 1]	[0 0 0 0 0 1]	[0 0 0 0 1 0]
2	-0.6666666865348816	6.4030351638793945	1.7799012660980225	1.480255126953125	1.4707379341125488	1.6721408367156982	False	[0 0 0 1 1 0]	[1 0 1 0 0 1]	[1 0 0 0 0 1]	[0 0 0 0 1 1]
2	-0.8333333134651184	6.4558258056640625	1.7282658815383911	1.5722599029541016	1.5755729675292969	1.579727053642273	False	[0 0 0 0 1 0]	[1 0 1 0 0 1]	[0 0 0 0 0 1]	[0 0 0 0 1 0]
2	-0.6666666865348816	6.339788436889648	1.7816050052642822	1.4430198669433594	1.4692895412445068	1.6458739042282104	False	[0 0 0 1 1 0]	[1 0 1 0 0 1]	[1 0 0 0 0 1]	[0 0 0 0 1 1]
2	-0.8333333134651184	6.443330764770508	1.720029592514038	1.5751131772994995	1.573541283607483	1.5746469497680664	False	[0 0 0 0 1 0]	[1 0 1 0 0 1]	[0 0 0 0 0 1]	[0 0 0 0 1 0]
2	-0.6666666865348816	6.4616780281066895	1.7887043952941895	1.5105658769607544	1.4975444078445435	1.6648637056350708	False	[0 0 0 1 1 0]	[1 0 1 0 0 1]	[1 0 0 0 0 1]	[0 0 0 0 1 1]
2	-0.8333333134651184	6.520544528961182	1.7495133876800537	1.5644384622573853	1.6164096593856812	1.5901826620101929	False	[0 0 0 0 1 0]	[1 0 1 0 0 1]	[0 0 0 0 0 1]	[0 0 0 0 1 0]
2	-0.6666666865348816	6.338268756866455	1.7818949222564697	1.4455876350402832	1.4447087049484253	1.6660776138305664	False	[0 0 0 1 1 0]	[1 0 1 0 0 1]	[1 0 0 0 0 1]	[0 0 0 0 1 1]
2	-0.8333333134651184	6.4287190437316895	1.7208064794540405	1.5740703344345093	1.5785993337631226	1.5552431344985962	False	[0 0 0 0 1 0]	[1 0 1 0 0 1]	[0 0 0 0 0 1]	[0 0 0 0 1 0]
2	-0.6666666865348816	6.347710609436035	1.7889533042907715	1.4285295009613037	1.4566727876663208	1.6735550165176392	False	[0 0 0 1 1 0]	[1 0 1 0 0 1]	[1 0 0 0 0 1]	[0 0 0 0 1 1]
2	-0.8333333134651184	6.4872307777404785	1.7299041748046875	1.5956579446792603	1.5621172189712524	1.5995515584945679	False	[0 0 0 0 1 0]	[1 0 1 0 0 1]	[0 0 0 0 0 1]	[0 0 0 0 1 0]
2	-0.6666666865348816	6.322205543518066	1.794358253479004	1.4279217720031738	1.4442040920257568	1.6557215452194214	False	[0 0 0 1 1 0]	[1 0 1 0 0 1]	[1 0 0 0 0 1]	[0 0 0 0 1 1]
2	-0.8333333134651184	6.474336624145508	1.7447352409362793	1.5584698915481567	1.5724506378173828	1.5986812114715576	False	[0 0 0 0 1 0]	[1 0 1 0 0 1]	[0 0 0 0 0 1]	[0 0 0 0 1 0]
2	-0.6666666865348816	6.393833160400391	1.7766127586364746	1.452109694480896	1.488614559173584	1.676495909690857	False	[0 0 0 1 1 0]	[1 0 1 0 0 1]	[1 0 0 0 0 1]	[0 0 0 0 1 1]
2	-0.8333333134651184	6.422237396240234	1.7232780456542969	1.5528271198272705	1.571341633796692	1.5747902393341064	False	[0 0 0 0 1 0]	[1 0 1 0 0 1]	[0 0 0 0 0 1]	[0 0 0 0 1 0]
2	-0.6666666865348816	6.394279956817627	1.7855830192565918	1.4672951698303223	1.4825972318649292	1.6588044166564941	False	[0 0 0 1 1 0]	[1 0 1 0 0 1]	[1 0 0 0 0 1]	[0 0 0 0 1 1]
2	-0.8333333134651184	6.423027038574219	1.725013017654419	1.5655676126480103	1.5769490003585815	1.5554972887039185	False	[0 0 0 0 1 0]	[1 0 1 0 0 1]	[0 0 0 0 0 1]	[0 0 0 0 1 0]
2	-0.6666666865348816	6.474725723266602	1.7900619506835938	1.4949593544006348	1.521477222442627	1.6682274341583252	False	[0 0 0 1 1 0]	[1 0 1 0 0 1]	[1 0 0 0 0 1]	[0 0 0 0 1 1]
3	-0.6666666865348816	5.132121562957764	1.8681013584136963	0.3547157049179077	1.4248483180999756	1.4844564199447632	False	[0 1 0 0 0 0]	[0 0 1 0 0 0]	[0 0 0 1 0 0]	[0 0 0 0 1 0]
3	-0.6666666865348816	6.378871440887451	1.3190479278564453	1.7325302362442017	1.5754586458206177	1.7518348693847656	False	[0 1 0 0 1 0]	[0 0 1 0 0 0]	[0 0 0 1 1 0]	[0 0 0 0 1 0]
3	-0.8333333134651184	6.283088207244873	1.4296610355377197	1.699608325958252	1.3746180534362793	1.7792010307312012	False	[0 1 0 0 0 0]	[1 0 1 0 0 0]	[0 0 0 1 0 0]	[0 0 0 1 1 0]
3	-1.0	6.351260185241699	1.6178609132766724	1.3554474115371704	1.660861611366272	1.717090129852295	False	[0 1 0 1 0 0]	[1 0 0 0 0 0]	[0 0 0 1 1 0]	[0 0 0 1 1 0]
3	-1.0	5.992604732513428	1.662117600440979	1.4117823839187622	1.205413579940796	1.7132912874221802	False	[0 1 1 1 0 0]	[1 0 1 0 0 0]	[0 0 0 0 1 0]	[0 0 0 0 1 0]
3	-0.6666666865348816	5.506649971008301	1.491295337677002	1.2950568199157715	1.474754810333252	1.245543122291565	False	[0 1 0 1 0 0]	[1 0 1 0 0 0]	[0 0 0 0 0 0]	[0 0 0 1 1 0]
3	0.24500000476837158	6.339458465576172	1.3287782669067383	1.7522952556610107	1.494135856628418	1.7642488479614258	False	[0 1 0 1 1 0]	[1 0 1 0 1 0]	[0 0 0 1 0 0]	[0 1 0 1 1 0]
3	0.17000000178813934	5.277222633361816	1.4913358688354492	1.2439593076705933	0.917766809463501	1.6241607666015625	False	[1 1 0 1 1 0]	[1 0 0 0 1 0]	[0 0 0 0 0 0]	[0 1 0 0 1 0]
3	-0.3333333432674408	5.921834945678711	1.6631405353546143	0.881658136844635	1.6151397228240967	1.7618963718414307	False	[1 1 0 0 1 0]	[1 0 1 0 1 0]	[1 0 0 0 0 0]	[0 1 0 1 1 0]
3	-0.5	5.983684539794922	1.6107715368270874	1.1476210355758667	1.60812246799469	1.6171696186065674	False	[1 1 0 0 0 0]	[1 0 0 0 1 0]	[1 0 0 1 0 0]	[0 1 0 0 1 0]
3	-0.6666666865348816	6.070804595947266	1.2082048654556274	1.6524996757507324	1.3428195714950562	1.8672804832458496	False	[1 1 0 1 0 0]	[1 0 1 0 1 0]	[1 0 0 1 1 0]	[0 1 0 0 1 1]
3	-0.5	5.386701583862305	1.2915784120559692	1.7360960245132446	1.2927395105361938	1.0662877559661865	False	[1 1 0 0 0 0]	[1 0 0 0 1 0]	[1 0 0 1 0 0]	[0 1 0 0 1 0]
3	-0.6666666865348816	6.133604526519775	1.2756942510604858	1.6339480876922607	1.3456660509109497	1.8782962560653687	False	[1 1 0 1 0 0]	[1 0 1 0 1 0]	[1 0 0 1 1 0]	[0 1 0 0 1 1]
3	-0.5	5.343994617462158	1.2476563453674316	1.738651156425476	1.3082524538040161	1.0494346618652344	False	[1 1 0 0 0 0]	[1 0 0 0 1 0]	[1 0 0 1 0 0]	[0 1 0 0 1 0]
3	-0.6666666865348816	6.069587707519531	1.2603652477264404	1.5839121341705322	1.3413448333740234	1.883965253829956	False	[1 1 0 1 0 0]	[1 0 1 0 1 0]	[1 0 0 1 1 0]	[0 1 0 0 1 1]
3	-0.5	5.39060640335083	1.312941312789917	1.7121890783309937	1.2650024890899658	1.1004737615585327	False	[1 1 0 0 0 0]	[1 0 0 0 1 0]	[1 0 0 1 0 0]	[0 1 0 0 1 0]
3	-0.6666666865348816	6.058690071105957	1.211108684539795	1.6508766412734985	1.3369845151901245	1.8597201108932495	False	[1 1 0 1 0 0]	[1 0 1 0 1 0]	[1 0 0 1 1 0]	[0 1 0 0 1 1]
3	-0.5	5.362094879150391	1.2711745500564575	1.7217862606048584	1.3061038255691528	1.0630300045013428	False	[1 1 0 0 0 0]	[1 0 0 0 1 0]	[1 0 0 1 0 0]	[0 1 0 0 1 0]
3	-0.6666666865348816	6.10835075378418	1.2561343908309937	1.6089040040969849	1.365623116493225	1.8776894807815552	False	[1 1 0 1 0 0]	[1 0 1 0 1 0]	[1 0 0 1 1 0]	[0 1 0 0 1 1]
3	-0.5	5.315864562988281	1.263641595840454	1.7026344537734985	1.2693482637405396	1.08024001121521	False	[1 1 0 0 0 0]	[1 0 0 0 1 0]	[1 0 0 1 0 0]	[0 1 0 0 1 0]
3	-0.6666666865348816	6.0191755294799805	1.2020134925842285	1.6411983966827393	1.310167908668518	1.8657954931259155	False	[1 1 0 1 0 0]	[1 0 1 0 1 0]	[1 0 0 1 1 0]	[0 1 0 0 1 1]
3	-0.5	5.420647144317627	1.2509663105010986	1.735818862915039	1.339944839477539	1.0939173698425293	False	[1 1 0 0 0 0]	[1 0 0 0 1 0]	[1 0 0 1 0 0]	[0 1 0 0 1 0]
3	-0.6666666865348816	6.045229434967041	1.2098705768585205	1.620063304901123	1.350331425666809	1.8649638891220093	False	[1 1 0 1 0 0]	[1 0 1 0 1 0]	[1 0 0 1 1 0]	[0 1 0 0 1 1]
3	-0.5	5.3809814453125	1.273626446723938	1.7202024459838867	1.309549331665039	1.0776033401489258	False	[1 1 0 0 0 0]	[1 0 0 0 1 0]	[1 0 0 1 0 0]	[0 1 0 0 1 0]
3	-0.6666666865348816	6.044010162353516	1.206445574760437	1.6280595064163208	1.3415086269378662	1.8679962158203125	False	[1 1 0 1 0 0]	[1 0 1 0 1 0]	[1 0 0 1 1 0]	[0 1 0 0 1 1]
3	-0.5	5.341358184814453	1.2660741806030273	1.7033134698867798	1.3056888580322266	1.066282033920288	False	[1 1 0 0 0 0]	[1 0 0 0 1 0]	[1 0 0 1 0 0]	[0 1 0 0 1 0]
3	-0.6666666865348816	6.024918079376221	1.1954309940338135	1.6173675060272217	1.3448102474212646	1.8673089742660522	False	[1 1 0 1 0 0]	[1 0 1 0 1 0]	[1 0 0 1 1 0]	[0 1 0 0 1 1]
3	-0.5	5.394216060638428	1.2539646625518799	1.7306574583053589	1.319266438484192	1.0903276205062866	False	[1 1 0 0 0 0]	[1 0 0 0 1 0]	[1 0 0 1 0 0]	[0 1 0 0 1 0]
3	-0.6666666865348816	5.997066020965576	1.1836113929748535	1.6188572645187378	1.3238155841827393	1.8707813024520874	False	[1 1 0 1 0 0]	[1 0 1 0 1 0]	[1 0 0 1 1 0]	[0 1 0 0 1 1]
3	-0.5	5.339655876159668	1.2717342376708984	1.7136573791503906	1.2800575494766235	1.074206829071045	False	[1 1 0 0 0 0]	[1 0 0 0 1 0]	[1 0 0 1 0 0]	[0 1 0 0 1 0]
4	0.17499999701976776	2.1021385192871094	0.9789348244667053	0.2784081697463989	0.3695761561393738	0.47521913051605225	False	[1 0 0 0 0 0]	[0 0 1 0 0 0]	[0 0 0 1 0 0]	[0 0 0 0 1 0]
4	0.12999999523162842	3.1708667278289795	0.9304240345954895	0.4642179608345032	1.1613106727600098	0.6149142384529114	False	[0 0 0 0 0 0]	[0 0 0 0 0 0]	[0 0 0 0 0 0]	[0 0 0 0 0 0]
4	0.1899999976158142	2.14936900138855	0.9800092577934265	0.280062198638916	0.40186652541160583	0.4874308705329895	False	[1 0 0 0 0 0]	[0 0 1 0 0 0]	[0 0 0 1 0 0]	[0 0 0 0 1 0]
4	0.125	3.1651387214660645	0.9413012862205505	0.46791157126426697	1.1674922704696655	0.5884338021278381	False	[0 0 0 0 0 0]	[0 0 0 0 0 0]	[0 0 0 0 0 0]	[0 0 0 0 0 0]
4	0.17499999701976776	2.1391961574554443	0.9848487377166748	0.2879311442375183	0.414357990026474	0.45205822587013245	False	[1 0 0 0 0 0]	[0 0 1 0 0 0]	[0 0 0 1 0 0]	[0 0 0 0 1 0]
4	0.12250000238418579	3.21761417388916	0.8977615237236023	0.4395405054092407	1.1951422691345215	0.68517005443573	False	[0 0 0 0 0 0]	[0 0 0 0 0 0]	[0 0 0 0 0 0]	[0 0 0 0 0 0]
4	0.1899999976158142	2.1299564838409424	0.977141797542572	0.282855749130249	0.40644776821136475	0.4635111689567566	False	[1 0 0 0 0 0]	[0 0 1 0 0 0]	[0 0 0 1 0 0]	[0 0 0 0 1 0]
4	0.11999999731779099	3.1379036903381348	0.9866249561309814	0.46517640352249146	1.1098151206970215	0.5762873291969299	False	[0 0 0 0 0 0]	[0 0 0 0 0 0]	[0 0 0 0 0 0]	[0 0 0 0 0 0]
4	0.19499999284744263	2.1456680297851562	0.9970749616622925	0.2805916666984558	0.395006000995636	0.4729955494403839	False	[1 0 0 0 0 0]	[0 0 1 0 0 0]	[0 0 0 1 0 0]	[0 0 0 0 1 0]
4	0.1274999976158142	3.211305618286133	0.9878748655319214	0.4635615050792694	1.150118112564087	0.609751284122467	False	[0 0 0 0 0 0]	[0 0 0 0 0 0]	[0 0 0 0 0 0]	[0 0 0 0 0 0]
4	0.1850000023841858	2.1465296745300293	0.9946706891059875	0.2819845974445343	0.4011082053184509	0.4687662720680237	False	[1 0 0 0 0 0]	[0 0 1 0 0 0]	[0 0 0 1 0 0]	[0 0 0 0 1 0]
4	0.125	3.148693799972534	0.9533270001411438	0.4586164951324463	1.1453630924224854	0.5913872718811035	False	[0 0 0 0 0 0]	[0 0 0 0 0 0]	[0 0 0 0 0 0]	[0 0 0 0 0 0]
4	0.1850000023841858	2.1309447288513184	0.9758477807044983	0.2783347964286804	0.401544451713562	0.47521764039993286	False	[1 0 0 0 0 0]	[0 0 1 0 0 0]	[0 0 0 1 0 0]	[0 0 0 0 1 0]
4	0.11999999731779099	3.132789134979248	0.9860450029373169	0.4851435124874115	1.111019492149353	0.5505810379981995	False	[0 0 0 0 0 0]	[0 0 0 0 0 0]	[0 0 0 0 0 0]	[0 0 0 0 0 0]
4	0.1899999976158142	2.1270694732666016	0.9862284660339355	0.27847930788993835	0.39511534571647644	0.46724623441696167	False	[1 0 0 0 0 0]	[0 0 1 0 0 0]	[0 0 0 1 0 0]	[0 0 0 0 1 0]
4	0.11749999970197678	3.1558315753936768	0.9427251219749451	0.44207796454429626	1.1611206531524658	0.609907865524292	False	[0 0 0 0 0 0]	[0 0 0 0 0 0]	[0 0 0 0 0 0]	[0 0 0 0 0 0]
4	0.18000000715255737	2.1298608779907227	0.9762164354324341	0.283107727766037	0.39861977100372314	0.47191697359085083	False	[1 0 0 0 0 0]	[0 0 1 0 0 0]	[0 0 0 1 0 0]	[0 0 0 0 1 0]
4	0.125	3.123406410217285	0.9617606401443481	0.4637407660484314	1.1489431858062744	0.5489617586135864	False	[0 0 0 0 0 0]	[0 0 0 0 0 0]	[0 0 0 0 0 0]	[0 0 0 0 0 0]
4	0.20000000298023224	2.140623092651367	0.9954654574394226	0.27780675888061523	0.3988601565361023	0.46849068999290466	False	[1 0 0 0 0 0]	[0 0 1 0 0 0]	[0 0 0 1 0 0]	[0 0 0 0 1 0]
4	0.12250000238418579	3.195570230484009	0.9510010480880737	0.4712737202644348	1.1788277626037598	0.5944676399230957	False	[0 0 0 0 0 0]	[0 0 0 0 0 0]	[0 0 0 0 0 0]	[0 0 0 0 0 0]
4	0.17499999701976776	2.15364933013916	1.002389907836914	0.28609344363212585	0.39844536781311035	0.46672049164772034	False	[1 0 0 0 0 0]	[0 0 1 0 0 0]	[0 0 0 1 0 0]	[0 0 0 0 1 0]
4	0.12250000238418579	3.149573802947998	0.9515379667282104	0.4437532424926758	1.1558573246002197	0.5984252691268921	False	[0 0 0 0 0 0]	[0 0 0 0 0 0]	[0 0 0 0 0 0]	[0 0 0 0 0 0]
4	0.19750000536441803	2.123734474182129	0.9792851209640503	0.2860170602798462	0.3868800401687622	0.47155219316482544	False	[1 0 0 0 0 0]	[0 0 1 0 0 0]	[0 0 0 1 0 0]	[0 0 0 0 1 0]
4	0.125	3.2123591899871826	1.003278136253357	0.4627343714237213	1.1678742170333862	0.5784724354743958	False	[0 0 0 0 0 0]	[0 0 0 0 0 0]	[0 0 0 0 0 0]	[0 0 0 0 0 0]
4	0.17499999701976776	2.1015431880950928	0.9542707204818726	0.2749866843223572	0.393005907535553	0.4792800843715668	False	[1 0 0 0 0 0]	[0 0 1 0 0 0]	[0 0 0 1 0 0]	[0 0 0 0 1 0]
4	0.11500000208616257	3.163735866546631	0.9632989764213562	0.4532202482223511	1.1577616930007935	0.5894550681114197	False	[0 0 0 0 0 0]	[0 0 0 0 0 0]	[0 0 0 0 0 0]	[0 0 0 0 0 0]
4	0.19750000536441803	2.153243064880371	0.9947153329849243	0.2796033024787903	0.40640759468078613	0.47251683473587036	False	[1 0 0 0 0 0]	[0 0 1 0 0 0]	[0 0 0 1 0 0]	[0 0 0 0 1 0]
4	0.125	3.160630464553833	0.9743055105209351	0.46602529287338257	1.142686367034912	0.577613353729248	False	[0 0 0 0 0 0]	[0 0 0 0 0 0]	[0 0 0 0 0 0]	[0 0 0 0 0 0]
4	0.17749999463558197	2.1165597438812256	0.9738098382949829	0.27690058946609497	0.3854394257068634	0.4804098606109619	False	[1 0 0 0 0 0]	[0 0 1 0 0 0]	[0 0 0 1 0 0]	[0 0 0 0 1 0]
4	0.11749999970197678	3.187591552734375	0.9378838539123535	0.45849642157554626	1.1504878997802734	0.6407232880592346	False	[0 0 0 0 0 0]	[0 0 0 0 0 0]	[0 0 0 0 0 0]	[0 0 0 0 0 0]
5	0.16500000655651093	3.6611859798431396	1.2867459058761597	0.8014318943023682	0.5994964838027954	0.9735119938850403	False	[1 0 0 0 0 0]	[0 0 1 0 0 0]	[0 0 0 1 0 0]	[0 0 0 0 1 0]
5	0.13500000536441803	4.662182807922363	1.433708667755127	0.8228488564491272	1.3933219909667969	1.0123035907745361	False	[1 1 0 0 0 0]	[0 0 1 1 0 0]	[0 0 0 0 0 0]	[0 0 0 0 0 0]
5	-0.6666666865348816	4.933223724365234	1.3638101816177368	0.40024620294570923	1.624342679977417	1.5448248386383057	False	[0 1 0 0 0 0]	[0 0 1 0 0 0]	[1 0 0 0 0 0]	[0 0 1 0 0 0]
5	-0.6666666865348816	4.806654453277588	1.1947394609451294	0.9819351434707642	1.2503598928451538	1.37962007522583	False	[0 0 0 0 0 0]	[0 0 1 1 0 0]	[1 0 1 0 0 0]	[0 0 1 0 1 0]
5	-0.6666666865348816	4.080142498016357	0.9675009250640869	0.31998640298843384	1.2804467678070068	1.5122084617614746	False	[0 0 0 0 0 1]	[0 0 1 0 0 0]	[1 0 0 0 0 0]	[0 0 0 0 1 0]
5	-0.8333333134651184	5.094204902648926	1.3520442247390747	0.9589734673500061	1.548765778541565	1.2344212532043457	False	[1 0 0 0 0 1]	[0 0 1 1 0 0]	[0 0 0 0 0 0]	[0 0 0 0 1 1]
5	-0.6666666865348816	4.690084934234619	1.2879419326782227	0.677330493927002	1.514587163925171	1.2102254629135132	False	[0 0 0 0 0 1]	[0 0 1 0 0 0]	[0 0 0 0 0 1]	[0 0 0 0 1 0]
5	-0.6666666865348816	3.7490005493164062	0.6597155332565308	0.8646391034126282	1.7116390466690063	0.5130066275596619	False	[1 0 0 0 0 1]	[0 0 1 1 0 0]	[1 0 0 0 0 1]	[0 0 0 0 1 1]
5	-0.8333333134651184	3.6064271926879883	0.6755018830299377	0.9111258387565613	1.7111272811889648	0.3086722493171692	False	[0 0 0 0 0 1]	[0 0 0 1 0 0]	[0 0 0 0 0 1]	[0 0 0 0 1 0]
5	-0.6666666865348816	3.7025675773620605	0.7819433212280273	0.9291481971740723	1.6620004177093506	0.32947567105293274	False	[1 0 0 0 0 1]	[0 0 1 1 0 0]	[1 0 0 0 0 1]	[0 0 0 0 1 1]
5	-0.8333333134651184	3.569673538208008	0.6617262363433838	0.9011259078979492	1.710831880569458	0.29598939418792725	False	[0 0 0 0 0 1]	[0 0 0 1 0 0]	[0 0 0 0 0 1]	[0 0 0 0 1 0]
5	-0.6666666865348816	3.713106155395508	0.7894806861877441	0.9652690887451172	1.623332142829895	0.33502447605133057	False	[1 0 0 0 0 1]	[0 0 1 1 0 0]	[1 0 0 0 0 1]	[0 0 0 0 1 1]
5	-0.8333333134651184	3.618438720703125	0.6718583106994629	0.9212644100189209	1.703969955444336	0.32134610414505005	False	[0 0 0 0 0 1]	[0 0 0 1 0 0]	[0 0 0 0 0 1]	[0 0 0 0 1 0]
5	-0.6666666865348816	3.729623794555664	0.7887407541275024	0.9572901129722595	1.6439895629882812	0.33960336446762085	False	[1 0 0 0 0 1]	[0 0 1 1 0 0]	[1 0 0 0 0 1]	[0 0 0 0 1 1]
5	-0.8333333134651184	3.5563676357269287	0.6505007147789001	0.9070754051208496	1.6923977136611938	0.30639389157295227	False	[0 0 0 0 0 1]	[0 0 0 1 0 0]	[0 0 0 0 0 1]	[0 0 0 0 1 0]
5	-0.6666666865348816	3.7636404037475586	0.8451318740844727	0.9395000338554382	1.6398799419403076	0.33912843465805054	False	[1 0 0 0 0 1]	[0 0 1 1 0 0]	[1 0 0 0 0 1]	[0 0 0 0 1 1]
5	-0.8333333134651184	3.5734527111053467	0.6577937602996826	0.9057551622390747	1.7121864557266235	0.29771727323532104	False	[0 0 0 0 0 1]	[0 0 0 1 0 0]	[0 0 0 0 0 1]	[0 0 0 0 1 0]
5	-0.6666666865348816	3.7175405025482178	0.8122755289077759	0.940082311630249	1.6439695358276367	0.32121291756629944	False	[1 0 0 0 0 1]	[0 0 1 1 0 0]	[1 0 0 0 0 1]	[0 0 0 0 1 1]
5	-0.8333333134651184	3.5397045612335205	0.6520926356315613	0.8954824805259705	1.698047399520874	0.2940819263458252	False	[0 0 0 0 0 1]	[0 0 0 1 0 0]	[0 0 0 0 0 1]	[0 0 0 0 1 0]
5	-0.6666666865348816	3.7103888988494873	0.8275070190429688	0.9308586120605469	1.6201648712158203	0.33185845613479614	False	[1 0 0 0 0 1]	[0 0 1 1 0 0]	[1 0 0 0 0 1]	[0 0 0 0 1 1]
5	-0.8333333134651184	3.549898624420166	0.6559388041496277	0.900172233581543	1.6974644660949707	0.2963230311870575	False	[0 0 0 0 0 1]	[0 0 0 1 0 0]	[0 0 0 0 0 1]	[0 0 0 0 1 0]
5	-0.6666666865348816	3.7094671726226807	0.7937389612197876	0.9369945526123047	1.650667667388916	0.3280661106109619	False	[1 0 0 0 0 1]	[0 0 1 1 0 0]	[1 0 0 0 0 1]	[0 0 0 0 1 1]
5	-0.8333333134651184	3.604166030883789	0.6714435815811157	0.9214064478874207	1.7014342546463013	0.3098815977573395	False	[0 0 0 0 0 1]	[0 0 0 1 0 0]	[0 0 0 0 0 1]	[0 0 0 0 1 0]
5	-0.6666666865348816	3.6838948726654053	0.7301637530326843	0.9385839700698853	1.6709561347961426	0.3441910445690155	False	[1 0 0 0 0 1]	[0 0 1 1 0 0]	[1 0 0 0 0 1]	[0 0 0 0 1 1]
5	-0.8333333134651184	3.5585808753967285	0.663001537322998	0.9052010774612427	1.673385739326477	0.31699249148368835	False	[0 0 0 0 0 1]	[0 0 0 1 0 0]	[0 0 0 0 0 1]	[0 0 0 0 1 0]
5	-0.6666666865348816	3.7175228595733643	0.7875005602836609	0.9562841653823853	1.648301601409912	0.3254365622997284	False	[1 0 0 0 0 1]	[0 0 1 1 0 0]	[1 0 0 0 0 1]	[0 0 0 0 1 1]
5	-0.8333333134651184	3.609851360321045	0.6642988324165344	0.9197077751159668	1.7128597497940063	0.31298497319221497	False	[0 0 0 0 0 1]	[0 0 0 1 0 0]	[0 0 0 0 0 1]	[0 0 0 0 1 0]
5	-0.6666666865348816	3.626521587371826	0.7040722966194153	0.9344537854194641	1.6697874069213867	0.31820809841156006	False	[1 0 0 0 0 1]	[0 0 1 1 0 0]	[1 0 0 0 0 1]	[0 0 0 0 1 1]
5	-0.8333333134651184	3.575613260269165	0.6718415021896362	0.9012740850448608	1.6987175941467285	0.30378004908561707	False	[0 0 0 0 0 1]	[0 0 0 1 0 0]	[0 0 0 0 0 1]	[0 0 0 0 1 0]
5	-0.6666666865348816	3.749283790588379	0.7790859937667847	0.969539225101471	1.661687970161438	0.3389705717563629	False	[1 0 0 0 0 1]	[0 0 1 1 0 0]	[1 0 0 0 0 1]	[0 0 0 0 1 1]
6	0.2800000011920929	4.377030372619629	1.3607735633850098	0.38383761048316956	1.1313942670822144	1.5010247230529785	False	[0 0 0 0 1 0]	[0 0 1 0 0 0]	[1 0 0 0 0 0]	[0 0 0 1 0 0]
6	0.1850000023841858	4.861766338348389	1.4642670154571533	0.7424362897872925	1.321109414100647	1.3339537382125854	False	[1 0 0 0 1 0]	[0 0 0 0 0 0]	[0 0 0 0 0 0]	[1 0 0 1 0 0]
6	-0.3333333432674408	3.330530881881714	1.0902812480926514	0.19320254027843475	1.1117517948150635	0.9352954030036926	False	[1 0 0 0 0 0]	[0 0 1 0 0 0]	[0 0 0 0 1 0]	[1 0 0 0 0 0]
6	0.125	5.204174041748047	1.5765352249145508	1.0867745876312256	0.952782392501831	1.58808171749115	False	[1 0 0 0 1 0]	[0 0 0 0 0 0]	[0 0 0 0 0 0]	[0 0 0 0 0 0]
6	0.23000000417232513	3.7430968284606934	1.1826344728469849	0.6346280574798584	0.9465290904045105	0.9793052673339844	False	[1 1 0 0 1 0]	[0 0 1 0 0 0]	[0 0 0 1 0 0]	[0 0 0 0 1 0]
6	-0.6666666865348816	4.818491458892822	1.4350169897079468	1.1480709314346313	1.0936990976333618	1.1417046785354614	False	[1 1 0 0 0 0]	[0 0 0 0 0 0]	[0 0 0 1 1 0]	[1 0 0 0 1 0]
6	-0.5	5.217813968658447	1.6535446643829346	1.347449779510498	0.8805593848228455	1.336260199546814	False	[1 0 0 0 0 0]	[0 0 0 1 0 0]	[0 0 0 1 0 0]	[0 0 0 0 1 0]
6	-0.6666666865348816	4.369350433349609	1.547126293182373	0.38122352957725525	1.0280019044876099	1.4129986763000488	False	[1 0 0 0 0 1]	[0 0 0 0 0 0]	[1 0 0 1 0 0]	[1 0 0 0 1 0]
6	0.3149999976158142	4.4482421875	1.5376523733139038	0.9769765138626099	0.446725457906723	1.486887812614441	False	[1 0 0 1 0 1]	[0 0 1 0 0 0]	[1 0 0 1 1 0]	[0 0 0 0 1 0]
6	-0.8333333134651184	5.408813953399658	1.5276520252227783	0.9882519245147705	1.469450831413269	1.4234590530395508	False	[0 0 0 1 0 1]	[0 0 1 1 0 0]	[1 0 1 1 1 0]	[0 1 0 0 1 0]
6	-0.6666666865348816	5.222707748413086	1.4014590978622437	0.9371637105941772	1.5030006170272827	1.3810844421386719	False	[0 1 0 1 0 1]	[0 0 1 0 0 0]	[1 0 0 1 1 0]	[0 0 0 0 1 0]
6	-0.6666666865348816	5.693436145782471	1.4936188459396362	1.0493013858795166	1.437657117843628	1.7128589153289795	False	[0 1 0 1 1 1]	[0 0 1 1 0 0]	[1 0 1 1 1 0]	[0 1 0 0 1 0]
6	-0.6666666865348816	5.88298225402832	1.663201093673706	1.3899016380310059	1.3172297477722168	1.512649655342102	False	[0 1 0 1 0 1]	[0 0 1 0 0 0]	[1 0 1 1 0 0]	[0 0 0 0 1 0]
6	-0.8333333134651184	5.618862152099609	1.5544685125350952	1.287857174873352	1.1320466995239258	1.6444895267486572	False	[0 1 0 1 1 1]	[0 1 1 0 0 0]	[1 0 1 1 1 0]	[1 0 0 0 1 0]
6	-0.6666666865348816	5.1274871826171875	1.6138137578964233	1.2907177209854126	0.5977726578712463	1.62518310546875	False	[0 1 0 1 0 1]	[0 0 1 0 0 0]	[1 0 1 1 0 0]	[0 0 0 0 1 0]
6	-0.8333333134651184	5.542576789855957	1.4714618921279907	1.2510144710540771	1.139884114265442	1.6802160739898682	False	[0 1 0 1 1 1]	[0 1 1 0 0 0]	[1 0 1 1 1 0]	[1 0 0 0 1 0]
6	-0.6666666865348816	5.149715423583984	1.6343779563903809	1.3082164525985718	0.5806565880775452	1.6264644861221313	False	[0 1 0 1 0 1]	[0 0 1 0 0 0]	[1 0 1 1 0 0]	[0 0 0 0 1 0]
6	-0.8333333134651184	5.557398796081543	1.5345134735107422	1.232732892036438	1.1177605390548706	1.6723921298980713	False	[0 1 0 1 1 1]	[0 1 1 0 0 0]	[1 0 1 1 1 0]	[1 0 0 0 1 0]
6	-0.6666666865348816	5.220001220703125	1.6315088272094727	1.3501925468444824	0.6119418740272522	1.626358151435852	False	[0 1 0 1 0 1]	[0 0 1 0 0 0]	[1 0 1 1 0 0]	[0 0 0 0 1 0]
6	-0.8333333134651184	5.578209400177002	1.5255323648452759	1.303263783454895	1.0830199718475342	1.6663932800292969	False	[0 1 0 1 1 1]	[0 1 1 0 0 0]	[1 0 1 1 1 0]	[1 0 0 0 1 0]
6	-0.6666666865348816	5.035593032836914	1.5944626331329346	1.216827154159546	0.5706870555877686	1.6536160707473755	False	[0 1 0 1 0 1]	[0 0 1 0 0 0]	[1 0 1 1 0 0]	[0 0 0 0 1 0]
6	-0.8333333134651184	5.610273361206055	1.5155231952667236	1.342215895652771	1.1157021522521973	1.6368319988250732	False	[0 1 0 1 1 1]	[0 1 1 0 0 0]	[1 0 1 1 1 0]	[1 0 0 0 1 0]
6	-0.6666666865348816	5.095302581787109	1.6123385429382324	1.2618298530578613	0.5975784063339233	1.6235554218292236	False	[0 1 0 1 0 1]	[0 0 1 0 0 0]	[1 0 1 1 0 0]	[0 0 0 0 1 0]
6	-0.8333333134651184	5.555339813232422	1.525010108947754	1.3135278224945068	1.0886400938034058	1.6281617879867554	False	[0 1 0 1 1 1]	[0 1 1 0 0 0]	[1 0 1 1 1 0]	[1 0 0 0 1 0]
6	-0.6666666865348816	5.127983570098877	1.581420660018921	1.3105261325836182	0.6184105277061462	1.6176263093948364	False	[0 1 0 1 0 1]	[0 0 1 0 0 0]	[1 0 1 1 0 0]	[0 0 0 0 1 0]
6	-0.8333333134651184	5.622365951538086	1.5603630542755127	1.3383163213729858	1.0991710424423218	1.624515414237976	False	[0 1 0 1 1 1]	[0 1 1 0 0 0]	[1 0 1 1 1 0]	[1 0 0 0 1 0]
6	-0.6666666865348816	5.06974458694458	1.6157472133636475	1.229570746421814	0.5891934037208557	1.6352332830429077	False	[0 1 0 1 0 1]	[0 0 1 0 0 0]	[1 0 1 1 0 0]	[0 0 0 0 1 0]
6	-0.8333333134651184	5.557950973510742	1.54570472240448	1.29729163646698	1.0586419105529785	1.6563125848770142	False	[0 1 0 1 1 1]	[0 1 1 0 0 0]	[1 0 1 1 1 0]	[1 0 0 0 1 0]
6	-0.6666666865348816	5.110437393188477	1.622481107711792	1.2626585960388184	0.5830129384994507	1.642284870147705	False	[0 1 0 1 0 1]	[0 0 1 0 0 0]	[1 0 1 1 0 0]	[0 0 0 0 1 0]
6	-0.8333333134651184	5.593652248382568	1.525030255317688	1.2908815145492554	1.1367971897125244	1.640943169593811	False	[0 1 0 1 1 1]	[0 1 1 0 0 0]	[1 0 1 1 1 0]	[1 0 0 0 1 0]
7	-0.8333333134651184	3.245349407196045	0.6559877991676331	0.686286985874176	0.8152472376823425	1.087827444076538	False	[0 1 0 0 0 0]	[0 0 0 1 0 0]	[0 0 0 1 0 0]	[0 0 0 0 1 0]
7	0.13249999284744263	4.213095188140869	1.264357566833496	0.37621009349823	1.1305537223815918	1.4419735670089722	False	[0 1 0 0 0 1]	[0 0 0 0 0 0]	[1 0 0 1 0 0]	[0 0 0 0 0 0]
7	-0.6666666865348816	5.126601219177246	1.1441806554794312	1.3528170585632324	0.9473173022270203	1.6822861433029175	False	[0 1 0 1 0 1]	[0 0 1 0 0 0]	[1 0 0 1 1 0]	[0 0 0 0 1 0]
7	-0.6666666865348816	6.126987457275391	1.4649463891983032	1.5491594076156616	1.4304933547973633	1.6823883056640625	False	[0 0 0 1 0 1]	[0 0 1 0 1 0]	[1 0 0 1 0 0]	[1 0 0 0 1 0]
7	-0.6666666865348816	5.631494522094727	1.721039056777954	1.4819358587265015	0.8748106956481934	1.5537091493606567	False	[0 0 0 1 1 1]	[0 0 0 0 1 0]	[1 0 0 1 1 0]	[0 0 0 0 1 0]
7	-0.6666666865348816	4.566978931427002	0.5312982797622681	1.3181416988372803	1.7112069129943848	1.0063319206237793	False	[0 1 0 1 1 1]	[0 0 0 0 1 1]	[1 0 0 0 1 0]	[0 0 0 0 0 0]
7	-0.8333333134651184	4.189079761505127	1.484951376914978	0.4322200417518616	1.5195201635360718	0.7523881196975708	False	[0 1 1 1 1 1]	[0 0 1 0 1 1]	[1 0 1 0 1 0]	[0 0 0 1 0 0]
7	-0.6666666865348816	4.109375	1.2722958326339722	1.1709094047546387	0.9117158055305481	0.7544536590576172	False	[0 1 1 1 0 1]	[0 0 0 0 1 1]	[1 0 1 0 0 0]	[0 0 0 0 0 0]
7	-0.1666666716337204	4.0580291748046875	1.4851453304290771	0.8157877326011658	1.1494925022125244	0.6076037883758545	False	[0 1 0 1 0 1]	[0 0 1 0 1 1]	[1 0 1 0 1 0]	[0 0 0 0 0 1]
7	-0.6666666865348816	4.741988182067871	1.6478317975997925	1.052219271659851	0.7835180163383484	1.2584190368652344	False	[0 0 0 1 0 1]	[0 0 0 0 1 1]	[1 0 1 0 0 0]	[0 0 0 0 0 0]
7	-0.8333333134651184	3.8555831909179688	1.3088862895965576	0.44873231649398804	1.0233538150787354	1.0746105909347534	False	[0 0 1 1 0 1]	[0 0 1 0 1 1]	[1 0 1 1 0 0]	[0 0 0 1 0 0]
7	-0.6666666865348816	3.388913154602051	1.2258895635604858	0.8893275260925293	1.018617868423462	0.25507795810699463	False	[0 0 1 1 1 1]	[0 0 0 0 1 1]	[1 0 1 0 0 0]	[0 0 0 0 0 0]
7	-0.8333333134651184	5.349047660827637	1.2361921072006226	0.8942956328392029	1.5963854789733887	1.6221745014190674	False	[0 1 1 1 1 1]	[0 0 1 0 1 1]	[1 0 1 1 0 0]	[1 0 0 0 0 0]
7	-0.8333333134651184	4.855111598968506	1.5525667667388916	1.2650856971740723	0.4177943170070648	1.6196649074554443	False	[0 1 1 1 0 1]	[0 1 1 0 1 1]	[1 0 1 1 1 0]	[1 0 0 1 0 0]
7	-0.6666666865348816	4.511625289916992	1.3749420642852783	1.5001510381698608	0.7069560885429382	0.9295759201049805	False	[0 1 1 1 1 1]	[0 1 0 0 1 1]	[1 0 1 1 0 0]	[1 0 0 0 0 0]
7	-0.8333333134651184	5.024003982543945	1.497715711593628	1.2625705003738403	0.5996001958847046	1.6641175746917725	False	[0 1 0 1 1 1]	[0 1 1 0 1 1]	[1 0 1 1 1 0]	[1 0 0 1 0 0]
7	-0.6666666865348816	3.643280029296875	1.090553641319275	1.142005205154419	0.9919915199279785	0.41872984170913696	False	[0 1 0 1 0 1]	[0 1 0 0 1 1]	[1 0 1 1 0 0]	[1 0 0 0 0 0]
7	-0.1666666716337204	3.314373016357422	1.021636962890625	0.46524959802627563	0.4273328185081482	1.4001535177230835	False	[0 1 1 1 0 1]	[0 1 1 0 1 1]	[1 0 1 0 0 0]	[1 0 0 1 0 0]
7	0.1599999964237213	3.5155744552612305	1.0381289720535278	0.6781437993049622	1.589785099029541	0.2095164954662323	False	[0 1 1 1 1 1]	[0 1 0 0 1 1]	[1 0 0 0 0 0]	[1 0 0 0 0 0]
7	-0.3333333432674408	4.3709025382995605	1.5429195165634155	1.0785496234893799	0.6202656626701355	1.1291677951812744	False	[0 1 1 0 1 1]	[0 1 1 0 1 1]	[1 0 0 0 1 0]	[1 0 0 1 0 0]
7	0.1274999976158142	4.43234920501709	1.3045786619186401	1.2977098226547241	0.6250091791152954	1.2050516605377197	False	[0 1 1 0 0 1]	[0 1 0 0 1 1]	[1 0 0 0 0 0]	[1 0 0 0 0 0]
7	-0.1666666716337204	4.144314765930176	1.5360167026519775	0.45622605085372925	0.6422464847564697	1.509825587272644	False	[0 1 1 1 0 1]	[0 1 1 0 1 1]	[1 0 0 0 1 0]	[1 0 0 1 0 0]
7	-0.6666666865348816	3.4299964904785156	1.3035844564437866	0.6688414216041565	1.2117611169815063	0.24580951035022736	False	[1 1 1 1 0 1]	[0 1 0 0 1 1]	[1 0 0 1 1 0]	[1 0 0 0 0 0]
7	-0.6666666865348816	4.975400924682617	1.2814357280731201	1.2380943298339844	0.9634562134742737	1.4924147129058838	False	[1 1 1 0 0 1]	[0 1 1 0 1 1]	[1 0 0 1 0 0]	[1 0 0 0 0 1]
7	-0.3333333432674408	3.950685501098633	1.283742904663086	0.874947190284729	0.564603865146637	1.2273916006088257	False	[1 1 1 1 0 1]	[0 1 0 0 1 1]	[1 0 0 1 1 0]	[1 0 0 1 0 1]
7	-0.1666666716337204	3.327815532684326	1.123831033706665	0.7276948094367981	0.22585609555244446	1.2504336833953857	False	[0 1 1 1 0 1]	[0 1 1 0 1 1]	[1 0 0 0 1 0]	[1 0 0 1 0 0]
7	-0.6666666865348816	3.2310473918914795	1.288062572479248	0.6379794478416443	1.0666685104370117	0.23833690583705902	False	[1 1 1 1 0 1]	[0 1 0 0 1 1]	[1 0 0 1 1 0]	[1 0 0 0 0 0]
7	-0.6666666865348816	4.832988262176514	1.2600188255310059	1.162304401397705	0.9320746660232544	1.4785906076431274	False	[1 1 1 0 0 1]	[0 1 1 0 1 1]	[1 0 0 1 0 0]	[1 0 0 0 0 1]
7	-0.3333333432674408	3.99505877494812	1.2652983665466309	0.9264204502105713	0.5516721606254578	1.2516677379608154	False	[1 1 1 1 0 1]	[0 1 0 0 1 1]	[1 0 0 1 1 0]	[1 0 0 1 0 1]
7	-0.1666666716337204	3.265988349914551	1.1088398694992065	0.7021896839141846	0.2171933501958847	1.2377655506134033	False	[0 1 1 1 0 1]	[0 1 1 0 1 1]	[1 0 0 0 1 0]	[1 0 0 1 0 0]
8	-0.8333333134651184	2.092060089111328	0.5345206260681152	0.5808478593826294	0.05907118320465088	0.9176203012466431	False	[0 1 0 0 0 0]	[0 0 0 1 0 0]	[0 0 0 1 0 0]	[0 0 0 0 1 0]
8	-0.8333333134651184	5.008913516998291	1.7119072675704956	0.8810796141624451	0.9724999666213989	1.4434266090393066	False	[1 1 0 0 0 0]	[0 0 0 0 0 0]	[0 0 1 1 0 0]	[0 0 0 0 1 1]
8	-0.5	4.7552595138549805	1.6584478616714478	0.5969382524490356	1.4797606468200684	1.0201127529144287	False	[1 0 0 0 0 0]	[0 0 0 1 0 0]	[0 0 0 1 0 0]	[0 0 0 0 1 0]
8	0.12999999523162842	2.307457685470581	0.3235655426979065	0.4964503049850464	0.33435961604118347	1.153082251548767	False	[1 1 0 0 0 0]	[0 0 0 0 0 0]	[0 0 0 0 0 0]	[0 0 0 0 0 0]
8	-0.6666666865348816	4.612731456756592	1.3249561786651611	0.6364725232124329	1.046286702156067	1.6050163507461548	False	[1 0 0 0 0 0]	[0 0 1 0 0 0]	[0 0 1 0 0 0]	[0 0 0 1 0 0]
8	-0.6666666865348816	3.935920476913452	1.1904547214508057	0.3213765621185303	1.017105221748352	1.4069840908050537	False	[1 1 0 0 0 0]	[0 0 0 0 0 0]	[0 0 0 0 0 0]	[0 0 0 1 0 1]
8	-0.5	3.821157455444336	1.1141077280044556	0.7324463725090027	0.497219443321228	1.4773839712142944	False	[1 0 0 0 0 0]	[0 0 0 1 0 0]	[0 0 0 1 0 0]	[0 0 0 1 1 1]
8	-0.6666666865348816	2.605196475982666	1.1308623552322388	0.2905419170856476	0.14241443574428558	1.0413777828216553	False	[1 1 0 0 0 0]	[0 0 0 0 0 0]	[0 0 0 0 0 0]	[0 0 0 1 0 1]
8	-0.5	3.8398406505584717	1.1866110563278198	0.7293973565101624	0.43428516387939453	1.4895470142364502	False	[1 0 0 0 0 0]	[0 0 0 1 0 0]	[0 0 0 1 0 0]	[0 0 0 1 1 1]
8	-0.6666666865348816	2.689208745956421	1.0737265348434448	0.3824271559715271	0.15255263447761536	1.0805025100708008	False	[1 1 0 0 0 0]	[0 0 0 0 0 0]	[0 0 0 0 0 0]	[0 0 0 1 0 1]
8	-0.5	3.7925503253936768	1.060059666633606	0.7235418558120728	0.5385591983795166	1.4703896045684814	False	[1 0 0 0 0 0]	[0 0 0 1 0 0]	[0 0 0 1 0 0]	[0 0 0 1 1 1]
8	-0.6666666865348816	2.6949973106384277	1.1447049379348755	0.3390427827835083	0.14112477004528046	1.0701249837875366	False	[1 1 0 0 0 0]	[0 0 0 0 0 0]	[0 0 0 0 0 0]	[0 0 0 1 0 1]
8	-0.5	3.7468996047973633	1.0794669389724731	0.7227774858474731	0.47373610734939575	1.470919132232666	False	[1 0 0 0 0 0]	[0 0 0 1 0 0]	[0 0 0 1 0 0]	[0 0 0 1 1 1]
8	-0.6666666865348816	2.667208194732666	1.0967592000961304	0.332413911819458	0.14736579358577728	1.0906691551208496	False	[1 1 0 0 0 0]	[0 0 0 0 0 0]	[0 0 0 0 0 0]	[0 0 0 1 0 1]
8	-0.5	3.7640414237976074	1.243408203125	0.6789905428886414	0.3980931043624878	1.4435495138168335	False	[1 0 0 0 0 0]	[0 0 0 1 0 0]	[0 0 0 1 0 0]	[0 0 0 1 1 1]
8	-0.6666666865348816	2.59035325050354	1.083204746246338	0.29304882884025574	0.1530606597661972	1.0610389709472656	False	[1 1 0 0 0 0]	[0 0 0 0 0 0]	[0 0 0 0 0 0]	[0 0 0 1 0 1]
8	-0.5	3.797837257385254	1.0572272539138794	0.7305872440338135	0.5214878916740417	1.4885350465774536	False	[1 0 0 0 0 0]	[0 0 0 1 0 0]	[0 0 0 1 0 0]	[0 0 0 1 1 1]
8	-0.6666666865348816	2.587322235107422	1.0589219331741333	0.30409902334213257	0.15417514741420746	1.0701260566711426	False	[1 1 0 0 0 0]	[0 0 0 0 0 0]	[0 0 0 0 0 0]	[0 0 0 1 0 1]
8	-0.5	3.8405137062072754	1.1287959814071655	0.7344218492507935	0.49680250883102417	1.4804933071136475	False	[1 0 0 0 0 0]	[0 0 0 1 0 0]	[0 0 0 1 0 0]	[0 0 0 1 1 1]
8	-0.6666666865348816	2.6013989448547363	1.115356206893921	0.2973041832447052	0.1384521722793579	1.0502865314483643	False	[1 1 0 0 0 0]	[0 0 0 0 0 0]	[0 0 0 0 0 0]	[0 0 0 1 0 1]
8	-0.5	3.839402198791504	1.1797378063201904	0.7391622066497803	0.45044100284576416	1.4700614213943481	False	[1 0 0 0 0 0]	[0 0 0 1 0 0]	[0 0 0 1 0 0]	[0 0 0 1 1 1]
8	-0.6666666865348816	2.6224935054779053	1.0992828607559204	0.31761813163757324	0.14747992157936096	1.058112621307373	False	[1 1 0 0 0 0]	[0 0 0 0 0 0]	[0 0 0 0 0 0]	[0 0 0 1 0 1]
8	-0.5	3.7842516899108887	1.1234455108642578	0.715233325958252	0.4741358458995819	1.471436858177185	False	[1 0 0 0 0 0]	[0 0 0 1 0 0]	[0 0 0 1 0 0]	[0 0 0 1 1 1]
8	-0.6666666865348816	2.6868715286254883	1.1160656213760376	0.3351514935493469	0.14835822582244873	1.0872961282730103	False	[1 1 0 0 0 0]	[0 0 0 0 0 0]	[0 0 0 0 0 0]	[0 0 0 1 0 1]
8	-0.5	3.7704920768737793	1.0865930318832397	0.7264394164085388	0.4852730929851532	1.4721864461898804	False	[1 0 0 0 0 0]	[0 0 0 1 0 0]	[0 0 0 1 0 0]	[0 0 0 1 1 1]
8	-0.6666666865348816	2.6991872787475586	1.1040705442428589	0.3620390295982361	0.1481427550315857	1.084934949874878	False	[1 1 0 0 0 0]	[0 0 0 0 0 0]	[0 0 0 0 0 0]	[0 0 0 1 0 1]
8	-0.5	3.724018096923828	1.0383390188217163	0.7102313041687012	0.5028654336929321	1.4725823402404785	False	[1 0 0 0 0 0]	[0 0 0 1 0 0]	[0 0 0 1 0 0]	[0 0 0 1 1 1]
8	-0.6666666865348816	2.6844985485076904	1.1517963409423828	0.331494003534317	0.1382456123828888	1.0629626512527466	False	[1 1 0 0 0 0]	[0 0 0 0 0 0]	[0 0 0 0 0 0]	[0 0 0 1 0 1]
8	-0.5	3.963463306427002	1.2507221698760986	0.7431884407997131	0.4916938543319702	1.4778590202331543	False	[1 0 0 0 0 0]	[0 0 0 1 0 0]	[0 0 0 1 0 0]	[0 0 0 1 1 1]
8	-0.6666666865348816	2.644580841064453	1.0945634841918945	0.345088928937912	0.14556841552257538	1.0593599081039429	False	[1 1 0 0 0 0]	[0 0 0 0 0 0]	[0 0 0 0 0 0]	[0 0 0 1 0 1]
9	-0.6666666865348816	2.1370179653167725	0.38727641105651855	0.5721473693847656	0.03578181192278862	1.1418124437332153	False	[0 1 0 0 0 0]	[0 0 0 1 0 0]	[0 0 0 1 0 0]	[0 0 0 0 0 1]
9	0.1550000011920929	3.4955105781555176	1.4139020442962646	0.6836922764778137	0.8020439743995667	0.5958724021911621	False	[0 0 0 0 0 0]	[0 0 0 0 0 0]	[0 0 1 1 0 0]	[0 0 0 0 0 0]
9	-0.8333333134651184	1.873799443244934	0.27539581060409546	0.5293332934379578	0.21802136301994324	0.8510489463806152	False	[0 1 0 0 0 0]	[0 0 0 1 0 0]	[0 0 1 0 0 0]	[0 0 0 0 0 1]
9	0.125	4.321986675262451	1.4746423959732056	1.1818203926086426	0.6016831398010254	1.0638409852981567	False	[0 0 0 0 0 0]	[0 0 1 1 0 0]	[0 0 0 0 0 0]	[0 0 0 0 0 0]
9	-0.8333333134651184	2.3083157539367676	0.5336921215057373	0.2575186491012573	0.17782507836818695	1.3392798900604248	False	[0 1 0 0 0 0]	[0 0 1 0 0 0]	[0 0 0 1 0 0]	[0 0 0 0 0 1]
9	-0.8333333134651184	4.678768634796143	1.4200841188430786	0.6274265050888062	1.3007493019104004	1.3305087089538574	False	[1 1 0 0 0 0]	[0 0 0 0 0 0]	[0 0 1 1 0 0]	[1 0 0 0 0 1]
9	-0.6666666865348816	3.6593823432922363	0.9694579839706421	0.5363871455192566	0.8837679028511047	1.2697694301605225	False	[1 0 0 0 0 0]	[0 0 1 0 0 0]	[0 0 1 1 1 0]	[1 0 0 0 0 0]
9	-0.8333333134651184	4.063546180725098	1.2709344625473022	0.8763399720191956	0.6643352508544922	1.2519361972808838	False	[1 1 0 0 0 0]	[0 0 0 0 0 0]	[0 0 1 1 0 0]	[1 0 0 0 0 1]
9	-0.6666666865348816	3.7066709995269775	0.9798848628997803	0.5750722289085388	0.8968087434768677	1.2549049854278564	False	[1 0 0 0 0 0]	[0 0 1 0 0 0]	[0 0 1 1 1 0]	[0 0 0 0 0 1]
9	-0.8333333134651184	2.9248592853546143	0.3034510612487793	1.0361785888671875	1.0838141441345215	0.501415491104126	False	[1 1 0 0 0 0]	[0 0 1 1 0 0]	[0 0 0 1 1 0]	[0 0 0 0 0 0]
9	-0.8333333134651184	4.890063762664795	1.0090960264205933	1.1195015907287598	1.240404486656189	1.5210614204406738	False	[0 1 0 0 0 0]	[0 0 0 1 0 0]	[0 0 1 1 1 0]	[1 0 0 0 0 0]
9	-0.8333333134651184	4.694159507751465	1.5321168899536133	0.9794102907180786	0.9923979043960571	1.1902347803115845	False	[0 1 0 1 0 0]	[0 0 1 1 0 0]	[0 0 1 1 0 0]	[0 0 0 0 0 0]
9	0.15000000596046448	5.071665287017822	1.1222069263458252	0.9039887189865112	1.4899309873580933	1.555538535118103	False	[1 1 0 1 0 0]	[0 0 0 1 0 0]	[0 0 1 0 0 0]	[1 0 0 0 0 0]
9	-0.6666666865348816	4.239727973937988	1.2163424491882324	0.900780975818634	0.8337851762771606	1.2888195514678955	False	[1 0 0 1 0 0]	[0 0 1 1 0 0]	[0 0 1 1 0 0]	[1 0 0 1 0 0]
9	-0.5	4.883354663848877	1.432033896446228	0.7957594394683838	1.1869966983795166	1.468564748764038	False	[0 0 0 1 0 0]	[0 0 0 1 0 0]	[0 0 1 0 0 0]	[0 0 0 1 0 0]
9	-0.3333333432674408	3.0151185989379883	0.8805288672447205	0.3369863033294678	0.283195823431015	1.5144076347351074	False	[0 1 0 1 0 0]	[0 0 0 0 0 0]	[0 0 1 1 0 0]	[1 0 0 1 0 0]
9	-0.3333333432674408	3.6719627380371094	1.2555537223815918	0.9954965710639954	0.05488678440451622	1.3660255670547485	False	[1 1 0 1 0 0]	[0 0 1 0 0 0]	[0 0 1 0 0 0]	[1 0 0 0 0 0]
9	0.1599999964237213	4.184789180755615	1.4965457916259766	0.40445902943611145	1.0280276536941528	1.2557568550109863	False	[1 1 1 1 0 0]	[0 0 0 0 0 0]	[0 0 1 0 1 0]	[1 0 0 1 0 0]
9	-0.6666666865348816	3.3486430644989014	1.4384632110595703	0.8914794325828552	0.06878441572189331	0.9499158263206482	False	[1 0 1 1 0 0]	[0 0 1 0 0 0]	[0 0 1 1 1 0]	[1 0 0 0 0 0]
9	-0.6666666865348816	4.233517646789551	1.2164487838745117	0.8903319239616394	0.8066769242286682	1.320060133934021	False	[1 1 1 1 0 0]	[0 0 0 0 0 0]	[0 0 1 1 0 0]	[0 0 0 0 0 0]
9	-0.8333333134651184	4.096564769744873	1.1748403310775757	1.3666685819625854	0.04223660007119179	1.5128191709518433	False	[1 0 1 1 0 0]	[0 0 1 0 0 0]	[0 0 1 0 0 0]	[0 0 0 1 0 0]
9	-0.3333333432674408	3.7253026962280273	0.3878188133239746	1.1750562191009521	1.130924940109253	1.031502604484558	False	[1 1 1 1 0 0]	[0 0 0 0 0 0]	[0 0 0 0 0 0]	[0 0 0 1 0 1]
9	-0.8333333134651184	3.6954452991485596	0.8851035833358765	1.1867879629135132	0.018783697858452797	1.6047699451446533	False	[1 0 1 1 0 0]	[0 0 0 1 0 0]	[0 0 0 1 0 0]	[1 0 0 1 0 1]
9	-0.3333333432674408	2.707932949066162	0.32382649183273315	0.6301640272140503	0.18556039035320282	1.568381905555725	False	[1 1 1 1 0 0]	[0 0 0 0 0 0]	[0 0 0 0 0 0]	[0 0 0 1 0 1]
9	-0.8333333134651184	3.682546615600586	0.8512822389602661	1.2053335905075073	0.01827283762395382	1.6076579093933105	False	[1 0 1 1 0 0]	[0 0 0 1 0 0]	[0 0 0 1 0 0]	[1 0 0 1 0 1]
9	-0.3333333432674408	2.784731864929199	0.3954818546772003	0.6398489475250244	0.2069547474384308	1.542446255683899	False	[1 1 1 1 0 0]	[0 0 0 0 0 0]	[0 0 0 0 0 0]	[0 0 0 1 0 1]
9	-0.8333333134651184	3.8300585746765137	0.9676219820976257	1.2282788753509521	0.01889045536518097	1.6152673959732056	False	[1 0 1 1 0 0]	[0 0 0 1 0 0]	[0 0 0 1 0 0]	[1 0 0 1 0 1]
9	-0.3333333432674408	2.818035840988159	0.41319766640663147	0.6375348567962646	0.1792226880788803	1.588080644607544	False	[1 1 1 1 0 0]	[0 0 0 0 0 0]	[0 0 0 0 0 0]	[0 0 0 1 0 1]
9	-0.8333333134651184	3.8038580417633057	0.9963616132736206	1.1665208339691162	0.010774458758533001	1.6302013397216797	False	[1 0 1 1 0 0]	[0 0 0 1 0 0]	[0 0 0 1 0 0]	[1 0 0 1 0 1]
9	-0.3333333432674408	2.726341724395752	0.33730459213256836	0.6284595131874084	0.19438780844211578	1.5661898851394653	False	[1 1 1 1 0 0]	[0 0 0 0 0 0]	[0 0 0 0 0 0]	[0 0 0 1 0 1]
10	0.14249999821186066	2.782700300216675	0.7498974800109863	1.0771567821502686	0.0032279696315526962	0.9524180889129639	False	[0 0 0 1 0 0]	[0 0 0 1 0 0]	[0 0 0 1 0 0]	[0 0 0 0 0 1]
10	0.13500000536441803	2.0153627395629883	0.07590454816818237	0.6575840711593628	0.007806465961039066	1.274067759513855	False	[0 1 0 1 0 0]	[0 0 0 0 0 0]	[0 0 0 0 0 0]	[0 0 0 0 0 0]
10	0.125	2.5056631565093994	0.6705129146575928	0.7982189655303955	0.0004704835591837764	1.0364607572555542	False	[0 0 0 1 0 0]	[0 0 0 1 0 0]	[0 0 0 1 0 0]	[0 0 0 1 0 0]
10	0.14499999582767487	2.524639129638672	0.9626336693763733	0.4909781217575073	0.00039641448529437184	1.0706310272216797	False	[0 1 0 1 0 0]	[0 0 0 0 0 0]	[0 0 0 0 0 0]	[0 0 0 0 0 0]
10	0.125	2.452157974243164	0.6993544697761536	0.7621095180511475	0.0004503056698013097	0.9902437329292297	False	[0 0 0 1 0 0]	[0 0 0 1 0 0]	[0 0 0 1 0 0]	[0 0 0 1 0 0]
10	0.13500000536441803	2.477382183074951	0.9405450820922852	0.4806020259857178	0.0003809954796452075	1.0558542013168335	False	[0 1 0 1 0 0]	[0 0 0 0 0 0]	[0 0 0 0 0 0]	[0 0 0 0 0 0]
10	0.125	2.398367166519165	0.652705192565918	0.7556964755058289	0.0004674657538998872	0.9894980192184448	False	[0 0 0 1 0 0]	[0 0 0 1 0 0]	[0 0 0 1 0 0]	[0 0 0 1 0 0]
10	0.12999999523162842	2.5133519172668457	0.9448267221450806	0.4908369779586792	0.00041693050297908485	1.0772714614868164	False	[0 1 0 1 0 0]	[0 0 0 0 0 0]	[0 0 0 0 0 0]	[0 0 0 0 0 0]
10	0.13500000536441803	2.428649663925171	0.6753896474838257	0.7524316310882568	0.0004612052289303392	1.0003671646118164	False	[0 0 0 1 0 0]	[0 0 0 1 0 0]	[0 0 0 1 0 0]	[0 0 0 1 0 0]
10	0.12250000238418579	2.507978916168213	0.9571131467819214	0.48657792806625366	0.0004010882694274187	1.0638866424560547	False	[0 1 0 1 0 0]	[0 0 0 0 0 0]	[0 0 0 0 0 0]	[0 0 0 0 0 0]
10	0.12250000238418579	2.3942172527313232	0.5726001858711243	0.7985621690750122	0.0005314793670549989	1.0225234031677246	False	[0 0 0 1 0 0]	[0 0 0 1 0 0]	[0 0 0 1 0 0]	[0 0 0 1 0 0]
10	0.125	2.492114543914795	0.950141191482544	0.47853153944015503	0.000404814665671438	1.0630370378494263	False	[0 1 0 1 0 0]	[0 0 0 0 0 0]	[0 0 0 0 0 0]	[0 0 0 0 0 0]
10	0.125	2.4726805686950684	0.7076079845428467	0.757483184337616	0.00044594219070859253	1.007143497467041	False	[0 0 0 1 0 0]	[0 0 0 1 0 0]	[0 0 0 1 0 0]	[0 0 0 1 0 0]
10	0.12250000238418579	2.4842047691345215	0.9423291087150574	0.4953692555427551	0.0003935034037567675	1.0461127758026123	False	[0 1 0 1 0 0]	[0 0 0 0 0 0]	[0 0 0 0 0 0]	[0 0 0 0 0 0]
10	0.125	2.4162890911102295	0.6755115985870361	0.7405167818069458	0.00044870589044876397	0.9998120665550232	False	[0 0 0 1 0 0]	[0 0 0 1 0 0]	[0 0 0 1 0 0]	[0 0 0 1 0 0]
10	0.12999999523162842	2.516632556915283	0.9793312549591064	0.49440354108810425	0.000377437740098685	1.0425201654434204	False	[0 1 0 1 0 0]	[0 0 0 0 0 0]	[0 0 0 0 0 0]	[0 0 0 0 0 0]
10	0.12999999523162842	2.4064719676971436	0.6664925813674927	0.7403965592384338	0.0004583476984407753	0.9991244673728943	False	[0 0 0 1 0 0]	[0 0 0 1 0 0]	[0 0 0 1 0 0]	[0 0 0 1 0 0]
10	0.13500000536441803	2.501664638519287	0.9575892090797424	0.4825797975063324	0.00039970592479221523	1.061095952987671	False	[0 1 0 1 0 0]	[0 0 0 0 0 0]	[0 0 0 0 0 0]	[0 0 0 0 0 0]
10	0.125	2.4263463020324707	0.7179190516471863	0.7151021957397461	0.0004316385311540216	0.9928933382034302	False	[0 0 0 1 0 0]	[0 0 0 1 0 0]	[0 0 0 1 0 0]	[0 0 0 1 0 0]
10	0.12999999523162842	2.498563289642334	0.9484560489654541	0.48667025566101074	0.00039185278001241386	1.0630452632904053	False	[0 1 0 1 0 0]	[0 0 0 0 0 0]	[0 0 0 0 0 0]	[0 0 0 0 0 0]
10	0.125	2.462416172027588	0.6774284839630127	0.7715084552764893	0.00047024164814502	1.0130088329315186	False	[0 0 0 1 0 0]	[0 0 0 1 0 0]	[0 0 0 1 0 0]	[0 0 0 1 0 0]
10	0.12999999523162842	2.495957374572754	0.9429806470870972	0.48126131296157837	0.00040838238783180714	1.0713069438934326	False	[0 1 0 1 0 0]	[0 0 0 0 0 0]	[0 0 0 0 0 0]	[0 0 0 0 0 0]
10	0.125	2.463977813720703	0.6529718637466431	0.8066777586936951	0.0004839989705942571	1.0038443803787231	False	[0 0 0 1 0 0]	[0 0 0 1 0 0]	[0 0 0 1 0 0]	[0 0 0 1 0 0]
10	0.13500000536441803	2.517686367034912	0.9760701656341553	0.49048012495040894	0.00036950327921658754	1.0507664680480957	False	[0 1 0 1 0 0]	[0 0 0 0 0 0]	[0 0 0 0 0 0]	[0 0 0 0 0 0]
10	0.125	2.3743948936462402	0.6957112550735474	0.7352304458618164	0.0004317728744354099	0.9430214762687683	False	[0 0 0 1 0 0]	[0 0 0 1 0 0]	[0 0 0 1 0 0]	[0 0 0 1 0 0]
10	0.13249999284744263	2.501520872116089	0.9626672267913818	0.48085662722587585	0.00038009590934962034	1.057616949081421	False	[0 1 0 1 0 0]	[0 0 0 0 0 0]	[0 0 0 0 0 0]	[0 0 0 0 0 0]
10	0.12999999523162842	2.4675841331481934	0.6840411424636841	0.7528282403945923	0.0004744191828649491	1.0302404165267944	False	[0 0 0 1 0 0]	[0 0 0 1 0 0]	[0 0 0 1 0 0]	[0 0 0 1 0 0]
10	0.125	2.4692444801330566	0.959857165813446	0.465226948261261	0.00036628154339268804	1.0437941551208496	False	[0 1 0 1 0 0]	[0 0 0 0 0 0]	[0 0 0 0 0 0]	[0 0 0 0 0 0]
10	0.125	2.4550652503967285	0.7115346193313599	0.7498223781585693	0.00043351948261260986	0.9932747483253479	False	[0 0 0 1 0 0]	[0 0 0 1 0 0]	[0 0 0 1 0 0]	[0 0 0 1 0 0]
10	0.12999999523162842	2.485081672668457	0.9737184047698975	0.5061641931533813	0.00034943121136166155	1.0048496723175049	False	[0 1 0 1 0 0]	[0 0 0 0 0 0]	[0 0 0 0 0 0]	[0 0 0 0 0 0]
11	0.1274999976158142	2.9141814708709717	0.8844562768936157	1.096542477607727	0.0021380900871008635	0.9310445785522461	False	[0 0 0 1 0 0]	[0 0 0 1 0 0]	[0 0 0 1 0 0]	[0 0 0 1 0 0]
11	0.1274999976158142	2.6185410022735596	1.0320210456848145	0.9164069890975952	0.0006954371929168701	0.6694174408912659	False	[1 0 0 1 0 0]	[0 0 0 0 0 0]	[0 0 0 0 0 0]	[0 0 0 0 0 0]
11	-0.5	2.407205581665039	0.9369006752967834	0.8514171838760376	0.000573379744309932	0.6183143854141235	False	[1 1 0 1 0 0]	[0 0 0 1 0 0]	[0 0 0 1 0 0]	[0 0 0 1 0 0]
11	0.17000000178813934	3.295050621032715	0.9044638872146606	1.2039380073547363	0.3135945200920105	0.8730541467666626	False	[0 1 0 1 0 0]	[1 0 0 1 0 0]	[0 0 0 0 0 0]	[0 0 0 0 0 0]
11	-0.5	2.50296688079834	0.9695438742637634	1.0512497425079346	0.031456589698791504	0.45071661472320557	False	[1 1 0 1 0 0]	[1 0 1 1 0 0]	[0 0 0 1 0 0]	[0 0 0 1 0 0]
11	0.1550000011920929	4.471708297729492	1.0230884552001953	1.454421877861023	1.0738133192062378	0.9203844666481018	False	[1 1 0 1 1 0]	[1 0 0 1 0 0]	[0 1 0 1 0 0]	[0 0 0 0 0 0]
11	-0.6666666865348816	2.6853160858154297	0.9619191884994507	1.2472648620605469	0.16096098721027374	0.3151710033416748	False	[1 1 0 0 1 0]	[1 0 1 1 0 0]	[0 1 0 0 0 0]	[0 0 0 1 0 0]
11	-0.3333333432674408	3.755403518676758	1.2696812152862549	0.36035382747650146	0.7737315893173218	1.3516368865966797	False	[0 1 0 0 1 0]	[1 0 0 1 0 0]	[0 1 1 0 0 0]	[1 0 0 1 0 0]
11	-0.6666666865348816	3.261723279953003	0.876494288444519	0.9165365695953369	0.388813316822052	1.0798790454864502	False	[1 1 0 0 1 0]	[1 0 1 1 0 0]	[0 1 1 1 0 0]	[1 0 0 0 0 0]
11	-0.5	4.073022842407227	1.3242055177688599	0.422878235578537	1.2069737911224365	1.1189652681350708	False	[0 1 0 0 1 0]	[1 0 0 1 0 0]	[0 1 0 1 0 0]	[1 0 0 1 0 0]
11	-0.5	3.0979409217834473	0.9828476905822754	1.216231346130371	0.08641867339611053	0.8124433159828186	False	[1 1 0 0 1 0]	[0 0 0 1 0 0]	[0 1 0 0 0 0]	[1 0 0 0 0 0]
11	-0.8333333134651184	3.063011646270752	1.0507147312164307	0.5224675536155701	0.5053368806838989	0.984492301940918	False	[0 1 0 0 1 0]	[0 0 1 1 0 0]	[0 1 0 1 0 0]	[1 0 0 1 0 0]
11	-0.8333333134651184	4.409351348876953	1.2582968473434448	0.6456263065338135	1.1690939664840698	1.3363343477249146	False	[0 1 0 0 0 0]	[0 0 0 1 0 0]	[0 1 1 1 0 0]	[0 0 0 1 0 0]
11	-0.5	4.344284534454346	0.9305362105369568	1.0914535522460938	1.0502054691314697	1.2720893621444702	False	[0 1 0 0 1 0]	[1 0 0 1 0 0]	[0 1 1 0 0 0]	[0 0 0 0 0 0]
11	-0.6666666865348816	3.256457805633545	1.0241553783416748	0.3645113408565521	0.7141031622886658	1.1536879539489746	False	[1 1 0 0 1 0]	[1 0 1 1 0 0]	[0 1 1 1 0 0]	[1 0 0 0 0 0]
11	-0.5	4.0854105949401855	1.341372013092041	0.4155750572681427	1.1152597665786743	1.21320378780365	False	[0 1 0 0 1 0]	[1 0 0 1 0 0]	[0 1 0 1 0 0]	[1 0 0 1 0 0]
11	-0.5	3.0329086780548096	1.0607963800430298	1.2346105575561523	0.10302720963954926	0.6344747543334961	False	[1 1 0 0 1 0]	[0 0 0 1 0 0]	[0 1 0 0 0 0]	[1 0 0 0 0 0]
11	-0.8333333134651184	3.1150131225585938	1.0534443855285645	0.5810226798057556	0.4377242624759674	1.0428217649459839	False	[0 1 0 0 1 0]	[0 0 1 1 0 0]	[0 1 0 1 0 0]	[1 0 0 1 0 0]
11	-0.8333333134651184	4.392776966094971	1.2761167287826538	0.640722393989563	1.0903981924057007	1.3855394124984741	False	[0 1 0 0 0 0]	[0 0 0 1 0 0]	[0 1 1 1 0 0]	[0 0 0 1 0 0]
11	-0.5	4.631197929382324	0.943303108215332	1.1844055652618408	1.1821882724761963	1.321300983428955	False	[0 1 0 0 1 0]	[1 0 0 1 0 0]	[0 1 1 0 0 0]	[0 0 0 0 0 0]
11	-0.6666666865348816	3.2078025341033936	1.0121372938156128	0.3943997025489807	0.6589832305908203	1.142282247543335	False	[1 1 0 0 1 0]	[1 0 1 1 0 0]	[0 1 1 1 0 0]	[1 0 0 0 0 0]
11	-0.5	4.069027900695801	1.3259607553482056	0.4198524057865143	1.228509783744812	1.09470534324646	False	[0 1 0 0 1 0]	[1 0 0 1 0 0]	[0 1 0 1 0 0]	[1 0 0 1 0 0]
11	-0.5	3.0489308834075928	1.0039891004562378	1.2325029373168945	0.0994347631931305	0.7130038142204285	False	[1 1 0 0 1 0]	[0 0 0 1 0 0]	[0 1 0 0 0 0]	[1 0 0 0 0 0]
11	-0.8333333134651184	3.057605743408203	1.049587368965149	0.539306640625	0.45429688692092896	1.014414668083191	False	[0 1 0 0 1 0]	[0 0 1 1 0 0]	[0 1 0 1 0 0]	[1 0 0 1 0 0]
11	-0.5	4.392397880554199	1.2612557411193848	0.6522444486618042	1.120676040649414	1.3582217693328857	False	[1 1 0 0 1 0]	[0 0 0 1 0 0]	[0 1 1 1 0 0]	[0 0 0 1 0 0]
11	-0.8333333134651184	3.3855948448181152	0.9381890296936035	1.1287449598312378	0.4264979362487793	0.8921628594398499	False	[0 1 0 0 1 0]	[0 0 1 1 0 0]	[0 1 1 0 0 0]	[0 0 0 0 0 0]
11	-0.5	3.416778087615967	1.3118741512298584	0.2403731346130371	0.5980217456817627	1.2665090560913086	False	[0 1 0 0 0 0]	[0 0 0 1 0 0]	[0 1 0 0 0 0]	[1 0 0 0 0 0]
11	-0.6666666865348816	3.3712880611419678	0.9621208906173706	0.4823732376098633	0.8306425213813782	1.096151351928711	False	[1 1 0 0 0 0]	[0 0 1 1 0 0]	[0 1 0 1 0 0]	[0 0 0 0 0 0]
11	0.16500000655651093	4.452160835266113	1.2233079671859741	0.7230597138404846	1.1635584831237793	1.3422343730926514	False	[0 1 0 0 0 0]	[0 0 0 1 0 0]	[0 0 0 1 0 0]	[0 0 0 1 0 0]
11	0.15000000596046448	2.6106433868408203	0.8240707516670227	1.2142244577407837	0.06928066909313202	0.5030676126480103	False	[1 1 0 0 0 0]	[1 0 0 1 0 0]	[0 0 0 0 0 0]	[0 0 0 0 0 0]
12	0.14000000059604645	2.83880615234375	0.9742022156715393	0.8930819630622864	0.0010976513149216771	0.9704241752624512	False	[0 1 0 0 0 0]	[0 0 0 1 0 0]	[0 0 0 1 0 0]	[0 0 0 1 0 0]
12	0.12999999523162842	2.4820640087127686	0.7371763586997986	0.9772940278053284	0.038986239582300186	0.7286073565483093	False	[1 1 0 0 0 0]	[0 0 0 0 0 0]	[0 0 0 0 0 0]	[0 0 0 0 0 0]
12	0.12250000238418579	2.5822126865386963	0.6655521392822266	0.8916702270507812	0.003928357735276222	1.0210620164871216	False	[1 0 0 0 0 0]	[0 0 0 1 0 0]	[0 0 0 1 0 0]	[0 0 0 1 0 0]
12	0.125	3.400891065597534	1.1719419956207275	0.9595910310745239	0.0012349664466455579	1.268122911453247	False	[0 0 0 0 0 0]	[0 0 0 0 0 0]	[0 0 0 0 0 0]	[0 0 0 0 0 0]
12	0.16249999403953552	2.8867011070251465	0.9877291917800903	0.871349573135376	0.0011319968616589904	1.0264902114868164	False	[0 1 0 0 0 0]	[0 0 0 1 0 0]	[0 0 0 1 0 0]	[0 0 0 1 0 0]
12	0.1274999976158142	2.501857042312622	0.6514191031455994	1.0070782899856567	0.026350796222686768	0.8170090317726135	False	[1 1 0 0 0 0]	[0 0 0 0 0 0]	[0 0 0 0 0 0]	[0 0 0 0 0 0]
12	0.14499999582767487	2.470038652420044	0.5443108677864075	0.9012354612350464	0.004873023834079504	1.0196192264556885	False	[1 0 0 0 0 0]	[0 0 0 1 0 0]	[0 0 0 1 0 0]	[0 0 0 1 0 0]
12	0.12250000238418579	3.3944339752197266	1.1742541790008545	0.9600222110748291	0.0012202669167891145	1.2589372396469116	False	[0 0 0 0 0 0]	[0 0 0 0 0 0]	[0 0 0 0 0 0]	[0 0 0 0 0 0]
12	0.15000000596046448	2.8965001106262207	0.9813179969787598	0.8603197932243347	0.0011947792954742908	1.0536673069000244	False	[0 1 0 0 0 0]	[0 0 0 1 0 0]	[0 0 0 1 0 0]	[0 0 0 1 0 0]
12	0.13249999284744263	2.4786033630371094	0.6813753247261047	0.9881779551506042	0.03285861015319824	0.7761915922164917	False	[1 1 0 0 0 0]	[0 0 0 0 0 0]	[0 0 0 0 0 0]	[0 0 0 0 0 0]
12	0.125	2.4287819862365723	0.43874990940093994	0.9270423650741577	0.006775574292987585	1.0562142133712769	False	[1 0 0 0 0 0]	[0 0 0 1 0 0]	[0 0 0 1 0 0]	[0 0 0 1 0 0]
12	0.1274999976158142	3.320167303085327	1.1498908996582031	0.9587548971176147	0.0011911405017599463	1.2103302478790283	False	[1 1 0 0 0 0]	[0 0 0 0 0 0]	[0 0 0 0 0 0]	[0 0 0 0 0 0]
12	0.12999999523162842	2.440988302230835	0.5530198812484741	0.8618010878562927	0.004765577148646116	1.0214017629623413	False	[1 0 0 0 0 0]	[0 0 0 1 0 0]	[0 0 0 1 0 0]	[0 0 0 1 0 0]
12	0.12999999523162842	3.399873733520508	1.1552211046218872	0.9599766731262207	0.0012202656362205744	1.2834558486938477	False	[1 1 0 0 0 0]	[0 0 0 0 0 0]	[0 0 0 0 0 0]	[0 0 0 0 0 0]
12	0.125	2.4793994426727295	0.6888465881347656	0.8330247402191162	0.003570893546566367	0.953957200050354	False	[1 0 0 0 0 0]	[0 0 0 1 0 0]	[0 0 0 1 0 0]	[0 0 0 1 0 0]
12	0.125	3.443394184112549	1.1790437698364258	0.964479923248291	0.0012675590114668012	1.2986029386520386	False	[0 0 0 0 0 0]	[0 0 0 0 0 0]	[0 0 0 0 0 0]	[0 0 0 0 0 0]
12	0.1599999964237213	2.8089308738708496	0.9854028224945068	0.8541625142097473	0.001078909495845437	0.9682865142822266	False	[0 1 0 0 0 0]	[0 0 0 1 0 0]	[0 0 0 1 0 0]	[0 0 0 1 0 0]
12	0.13500000536441803	2.421755790710449	0.7628195881843567	0.9602617025375366	0.03891998901963234	0.6597545146942139	False	[1 1 0 0 0 0]	[0 0 0 0 0 0]	[0 0 0 0 0 0]	[0 0 0 0 0 0]
12	0.14000000059604645	2.69692325592041	0.7457273006439209	0.8520832657814026	0.0037390775978565216	1.0953737497329712	False	[1 0 0 0 0 0]	[0 0 0 1 0 0]	[0 0 0 1 0 0]	[0 0 0 1 0 0]
12	0.11999999731779099	3.3366289138793945	1.1580088138580322	0.9604082107543945	0.0011405582772567868	1.2170714139938354	False	[0 0 0 0 0 0]	[0 0 0 0 0 0]	[0 0 0 0 0 0]	[0 0 0 0 0 0]
12	0.14000000059604645	2.8145456314086914	0.9911003112792969	0.8603018522262573	0.0010325091425329447	0.9621111154556274	False	[0 1 0 0 0 0]	[0 0 0 1 0 0]	[0 0 0 1 0 0]	[0 0 0 1 0 0]
12	0.125	2.45456600189209	0.7372181415557861	0.9839785695075989	0.035034265369176865	0.6983351111412048	False	[1 1 0 0 0 0]	[0 0 0 0 0 0]	[0 0 0 0 0 0]	[0 0 0 0 0 0]
12	0.12999999523162842	2.715691089630127	0.7253978848457336	0.9095752239227295	0.004265971481800079	1.0764518976211548	False	[1 0 0 0 0 0]	[0 0 0 1 0 0]	[0 0 0 1 0 0]	[0 0 0 1 0 0]
12	0.125	3.4458112716674805	1.1629765033721924	0.9612667560577393	0.001288841012865305	1.3202790021896362	False	[0 0 0 0 0 0]	[0 0 0 0 0 0]	[0 0 0 0 0 0]	[0 0 0 0 0 0]
12	0.16249999403953552	2.9041075706481934	0.9941729307174683	0.9016035795211792	0.0011104977456852794	1.0072205066680908	False	[0 1 0 0 0 0]	[0 0 0 1 0 0]	[0 0 0 1 0 0]	[0 0 0 1 0 0]
12	0.14499999582767487	2.4698092937469482	0.6459189653396606	0.9846956133842468	0.03013942763209343	0.8090552687644958	False	[1 1 0 0 0 0]	[0 0 1 1 0 0]	[0 0 0 0 0 0]	[0 0 0 0 0 0]
12	0.15000000596046448	2.911548137664795	1.062164068222046	0.6164590120315552	0.306552529335022	0.9263724088668823	False	[0 1 0 0 0 0]	[0 0 0 1 0 0]	[0 0 0 1 0 0]	[0 0 0 1 0 0]
12	0.12999999523162842	2.4904651641845703	0.6575487852096558	1.0129570960998535	0.02514374628663063	0.7948155403137207	False	[1 1 0 0 0 0]	[0 0 0 0 0 0]	[0 0 0 0 0 0]	[0 0 0 0 0 0]
12	0.12250000238418579	2.5261099338531494	0.7686547636985779	0.8228119611740112	0.0030098550487309694	0.931633472442627	False	[1 0 0 0 0 0]	[0 0 0 1 0 0]	[0 0 0 1 0 0]	[0 0 0 1 0 0]
12	0.125	3.389590263366699	1.1679513454437256	0.9563218355178833	0.0012190063716843724	1.264098048210144	False	[0 0 0 0 0 0]	[0 0 0 0 0 0]	[0 0 0 0 0 0]	[0 0 0 0 0 0]
13	0.1274999976158142	1.1947506666183472	0.7472972273826599	0.42011910676956177	0.00031849052174948156	0.027015749365091324	False	[0 0 0 1 0 0]	[0 0 0 1 0 0]	[0 0 0 1 0 0]	[0 0 0 1 0 0]
13	0.11999999731779099	1.690157175064087	0.6572080850601196	0.6321916580200195	0.0003617325855884701	0.40039581060409546	False	[1 0 0 1 0 0]	[0 0 0 0 0 0]	[0 0 0 0 0 0]	[0 0 0 0 0 0]
13	0.12999999523162842	1.3830054998397827	0.7474761009216309	0.5441941022872925	0.00023710494861006737	0.09109820425510406	False	[1 0 0 0 0 0]	[0 0 0 1 0 0]	[0 0 0 1 0 0]	[0 0 0 1 0 0]
13	0.125	1.759367823600769	0.6049947738647461	0.8157521486282349	0.0008581326110288501	0.337762713432312	False	[0 0 0 0 0 0]	[0 0 0 0 0 0]	[0 0 0 0 0 0]	[0 0 0 0 0 0]
13	0.12999999523162842	1.2228665351867676	0.7776549458503723	0.4210713803768158	0.00030823543784208596	0.023831959813833237	False	[0 0 0 1 0 0]	[0 0 0 1 0 0]	[0 0 0 1 0 0]	[0 0 0 1 0 0]
13	0.125	1.7807666063308716	0.6571416854858398	0.6329479217529297	0.0003416546678636223	0.4903353452682495	False	[1 0 0 1 0 0]	[0 0 0 0 0 0]	[0 0 0 0 0 0]	[0 0 0 0 0 0]
13	0.13500000536441803	1.3883652687072754	0.7565767765045166	0.5412999391555786	0.0002455209323670715	0.09024298936128616	False	[1 0 0 0 0 0]	[0 0 0 1 0 0]	[0 0 0 1 0 0]	[0 0 0 1 0 0]
13	0.125	1.7708333730697632	0.5968997478485107	0.8172795176506042	0.000849774805828929	0.35580432415008545	False	[0 0 0 0 0 0]	[0 0 0 0 0 0]	[0 0 0 0 0 0]	[0 0 0 0 0 0]
13	0.125	1.1993509531021118	0.761524498462677	0.4095771312713623	0.00032216854742728174	0.027927163988351822	False	[0 0 0 1 0 0]	[0 0 0 1 0 0]	[0 0 0 1 0 0]	[0 0 0 1 0 0]
13	0.12999999523162842	1.804213285446167	0.6540865898132324	0.6370900869369507	0.00035648210905492306	0.5126802325248718	False	[1 0 0 1 0 0]	[0 0 0 0 0 0]	[0 0 0 0 0 0]	[0 0 0 0 0 0]
13	0.11999999731779099	1.383963942527771	0.7381762266159058	0.5494349598884583	0.00024421268608421087	0.09610847383737564	False	[1 0 0 0 0 0]	[0 0 0 1 0 0]	[0 0 0 1 0 0]	[0 0 0 1 0 0]
13	0.125	1.7210323810577393	0.592939019203186	0.8024163246154785	0.0008095234516076744	0.32486745715141296	False	[0 0 0 0 0 0]	[0 0 0 0 0 0]	[0 0 0 0 0 0]	[0 0 0 0 0 0]
13	0.12999999523162842	1.1970523595809937	0.7586402297019958	0.4130491614341736	0.0003098591114394367	0.02505318447947502	False	[0 0 0 1 0 0]	[0 0 0 1 0 0]	[0 0 0 1 0 0]	[0 0 0 1 0 0]
13	0.1274999976158142	1.7933930158615112	0.6500435471534729	0.6417414546012878	0.0003577805473469198	0.5012502670288086	False	[1 0 0 1 0 0]	[0 0 0 0 0 0]	[0 0 0 0 0 0]	[0 0 0 0 0 0]
13	0.14000000059604645	1.4135684967041016	0.7685832977294922	0.5563905835151672	0.00025592371821403503	0.088338702917099	False	[1 0 0 0 0 0]	[0 0 0 1 0 0]	[0 0 0 1 0 0]	[0 0 0 1 0 0]
13	0.125	1.7396810054779053	0.6062240600585938	0.805567741394043	0.0008156002149917185	0.32707351446151733	False	[0 0 0 0 0 0]	[0 0 0 0 0 0]	[0 0 0 0 0 0]	[0 0 0 0 0 0]
13	0.125	1.239515781402588	0.8120374083518982	0.4065209627151489	0.0003343549033161253	0.020623084157705307	False	[0 0 0 1 0 0]	[0 0 0 1 0 0]	[0 0 0 1 0 0]	[0 0 0 1 0 0]
13	0.125	1.7595630884170532	0.6645324230194092	0.6245181560516357	0.000357784447260201	0.470154732465744	False	[1 0 0 1 0 0]	[0 0 0 0 0 0]	[0 0 0 0 0 0]	[0 0 0 0 0 0]
13	0.12250000238418579	1.3794224262237549	0.767676591873169	0.5302610397338867	0.00024770753225311637	0.08123702555894852	False	[1 0 0 0 0 0]	[0 0 0 1 0 0]	[0 0 0 1 0 0]	[0 0 0 1 0 0]
13	0.125	1.7819664478302002	0.6042248606681824	0.817858099937439	0.0008633284596726298	0.35902026295661926	False	[0 0 0 0 0 0]	[0 0 0 0 0 0]	[0 0 0 0 0 0]	[0 0 0 0 0 0]
13	0.125	1.2026829719543457	0.7364364266395569	0.43327581882476807	0.0003279985685367137	0.03264269605278969	False	[0 0 0 1 0 0]	[0 0 0 1 0 0]	[0 0 0 1 0 0]	[0 0 0 1 0 0]
13	0.12999999523162842	1.76453697681427	0.6475075483322144	0.6367637515068054	0.0003558284370228648	0.47990986704826355	False	[1 0 0 1 0 0]	[0 0 0 0 0 0]	[0 0 0 0 0 0]	[0 0 0 0 0 0]
13	0.13500000536441803	1.3980361223220825	0.7613861560821533	0.5480597019195557	0.0002555346873123199	0.08833468705415726	False	[1 0 0 0 0 0]	[0 0 0 1 0 0]	[0 0 0 1 0 0]	[0 0 0 1 0 0]
13	0.12999999523162842	1.80854070186615	0.6004447937011719	0.8259067535400391	0.0008261985494755208	0.3813628852367401	False	[0 0 0 0 0 0]	[0 0 0 0 0 0]	[0 0 0 0 0 0]	[0 0 0 0 0 0]
13	0.1274999976158142	1.1848609447479248	0.7224453687667847	0.43002939224243164	0.00032207227195613086	0.032064132392406464	False	[0 0 0 1 0 0]	[0 0 0 1 0 0]	[0 0 0 1 0 0]	[0 0 0 1 0 0]
13	0.12250000238418579	1.7557772397994995	0.6520701050758362	0.6278584003448486	0.00032653158996254206	0.47552230954170227	False	[1 0 0 1 0 0]	[0 0 0 0 0 0]	[0 0 0 0 0 0]	[0 0 0 0 0 0]
13	0.13500000536441803	1.3727185726165771	0.7535643577575684	0.5319560170173645	0.00024861530982889235	0.08694958686828613	False	[1 0 0 0 0 0]	[0 0 0 1 0 0]	[0 0 0 1 0 0]	[0 0 0 1 0 0]
13	0.11999999731779099	1.7343332767486572	0.5914249420166016	0.7963926792144775	0.0007691471255384386	0.34574657678604126	False	[0 0 0 0 0 0]	[0 0 0 0 0 0]	[0 0 0 0 0 0]	[0 0 0 0 0 0]
13	0.13500000536441803	1.2302759885787964	0.7670387029647827	0.4332762360572815	0.00033310672733932734	0.02962789498269558	False	[0 0 0 1 0 0]	[0 0 0 1 0 0]	[0 0 0 1 0 0]	[0 0 0 1 0 0]
13	0.12250000238418579	1.8144434690475464	0.6544162034988403	0.6670238971710205	0.00037877977592870593	0.4926246702671051	False	[1 0 0 1 0 0]	[0 0 0 0 0 0]	[0 0 0 0 0 0]	[0 0 0 0 0 0]
14	0.1274999976158142	0.8710172176361084	0.20239219069480896	0.6399001479148865	0.00019246170995756984	0.028532475233078003	False	[0 0 0 1 0 0]	[0 0 0 1 0 0]	[0 0 0 1 0 0]	[0 0 0 1 0 0]
14	0.12999999523162842	1.4258521795272827	0.3730202913284302	0.8732178211212158	0.00045801702071912587	0.1791560798883438	False	[1 0 0 1 0 0]	[1 0 0 1 0 0]	[0 0 0 0 0 0]	[0 0 0 0 0 0]
14	0.11749999970197678	1.3880646228790283	0.4324309229850769	0.8861583471298218	0.0007068321574479342	0.06876861304044724	False	[0 0 0 1 0 0]	[1 0 0 0 0 0]	[0 0 0 1 0 0]	[0 0 0 1 0 0]
14	0.125	1.4812827110290527	0.42152169346809387	0.9878325462341309	0.0005454935599118471	0.07138299942016602	False	[1 0 0 1 0 0]	[1 0 0 1 0 0]	[0 0 0 0 0 0]	[0 0 0 0 0 0]
14	0.12250000238418579	1.3816955089569092	0.4332883358001709	0.8872724771499634	0.0006823987932875752	0.06045236065983772	False	[0 0 0 1 0 0]	[1 0 0 0 0 0]	[0 0 0 1 0 0]	[0 0 0 1 0 0]
14	0.12250000238418579	1.4770880937576294	0.4285714030265808	0.974134087562561	0.0005506356246769428	0.07383202016353607	False	[1 0 0 1 0 0]	[1 0 0 1 0 0]	[0 0 0 0 0 0]	[0 0 0 0 0 0]
14	0.13750000298023224	1.3924270868301392	0.4354626536369324	0.8881093859672546	0.0007414347492158413	0.0681135505437851	False	[0 0 0 1 0 0]	[1 0 0 0 0 0]	[0 0 0 1 0 0]	[0 0 0 1 0 0]
14	0.12999999523162842	1.456436038017273	0.4212908148765564	0.9661238193511963	0.0005313458386808634	0.06849008053541183	False	[1 0 0 1 0 0]	[1 0 0 1 0 0]	[0 0 0 0 0 0]	[0 0 0 0 0 0]
14	0.14000000059604645	1.388456106185913	0.4320068955421448	0.8931030631065369	0.0007203859277069569	0.06262574344873428	False	[0 0 0 1 0 0]	[1 0 0 0 0 0]	[0 0 0 1 0 0]	[0 0 0 1 0 0]
14	0.11749999970197678	1.510042667388916	0.4280274510383606	1.0077308416366577	0.0006050662486813962	0.07367926836013794	False	[1 0 0 1 0 0]	[1 0 0 1 0 0]	[0 0 0 0 0 0]	[0 0 0 0 0 0]
14	0.14499999582767487	1.3848594427108765	0.43113523721694946	0.8846020698547363	0.0007188712479546666	0.06840340048074722	False	[0 0 0 1 0 0]	[1 0 0 0 0 0]	[0 0 0 1 0 0]	[0 0 0 1 0 0]
14	0.125	1.4688297510147095	0.42509374022483826	0.9739280939102173	0.0005476927617564797	0.06926028430461884	False	[1 0 0 1 0 0]	[1 0 0 1 0 0]	[0 0 0 0 0 0]	[0 0 0 0 0 0]
14	0.13500000536441803	1.3846921920776367	0.42688414454460144	0.8991808891296387	0.00074191321618855	0.05788520723581314	False	[0 0 0 1 0 0]	[1 0 0 0 0 0]	[0 0 0 1 0 0]	[0 0 0 1 0 0]
14	0.13249999284744263	1.5030198097229004	0.4435163140296936	0.9797602891921997	0.0005465252907015383	0.07919660210609436	False	[1 0 0 1 0 0]	[1 0 0 1 0 0]	[0 0 0 0 0 0]	[0 0 0 0 0 0]
14	0.13500000536441803	1.392681360244751	0.44349220395088196	0.885936975479126	0.000671790330670774	0.06258051097393036	False	[0 0 0 1 0 0]	[1 0 0 0 0 0]	[0 0 0 1 0 0]	[0 0 0 1 0 0]
14	0.12999999523162842	1.4599937200546265	0.41847357153892517	0.9708636403083801	0.0005715148290619254	0.0700850859284401	False	[1 0 0 1 0 0]	[1 0 0 1 0 0]	[0 0 0 0 0 0]	[0 0 0 0 0 0]
14	0.14249999821186066	1.3889079093933105	0.4331284165382385	0.8911951780319214	0.0006810342310927808	0.06390316039323807	False	[0 0 0 1 0 0]	[1 0 0 0 0 0]	[0 0 0 1 0 0]	[0 0 0 1 0 0]
14	0.12999999523162842	1.4719003438949585	0.43880075216293335	0.9563688039779663	0.0005180815351195633	0.07621277868747711	False	[1 0 0 1 0 0]	[1 0 0 1 0 0]	[0 0 0 0 0 0]	[0 0 0 0 0 0]
14	0.12999999523162842	1.385430932044983	0.43395206332206726	0.8888022899627686	0.000706722610630095	0.061969924718141556	False	[0 0 0 1 0 0]	[1 0 0 0 0 0]	[0 0 0 1 0 0]	[0 0 0 1 0 0]
14	0.12250000238418579	1.526350736618042	0.44914740324020386	0.9822714924812317	0.0005323489313013852	0.09439942985773087	False	[1 0 0 1 0 0]	[1 0 0 1 0 0]	[0 0 0 0 0 0]	[0 0 0 0 0 0]
14	0.13500000536441803	1.3924771547317505	0.4390416145324707	0.8902297019958496	0.0006867003976367414	0.06251919269561768	False	[0 0 0 1 0 0]	[1 0 0 0 0 0]	[0 0 0 1 0 0]	[0 0 0 1 0 0]
14	0.12999999523162842	1.4954068660736084	0.4523754119873047	0.9571550488471985	0.0004970523295924067	0.08537939190864563	False	[1 0 0 1 0 0]	[1 0 0 1 0 0]	[0 0 0 0 0 0]	[0 0 0 0 0 0]
14	0.13750000298023224	1.3856537342071533	0.4363928437232971	0.8900775909423828	0.0006855819374322891	0.058497827500104904	False	[0 0 0 1 0 0]	[1 0 0 0 0 0]	[0 0 0 1 0 0]	[0 0 0 1 0 0]
14	0.1274999976158142	1.4724583625793457	0.40405791997909546	1.0083637237548828	0.000613200303632766	0.059423476457595825	False	[1 0 0 1 0 0]	[1 0 0 1 0 0]	[0 0 0 0 0 0]	[0 0 0 0 0 0]
14	0.125	1.3911603689193726	0.4316333532333374	0.894188404083252	0.0007379118469543755	0.06460069864988327	False	[0 0 0 1 0 0]	[1 0 0 0 0 0]	[0 0 0 1 0 0]	[0 0 0 1 0 0]
14	0.13750000298023224	1.45662522315979	0.4020220935344696	0.9927079677581787	0.0006176553433761001	0.06127756088972092	False	[1 0 0 1 0 0]	[1 0 0 1 0 0]	[0 0 0 0 0 0]	[0 0 0 0 0 0]
14	0.1274999976158142	1.3902729749679565	0.43602558970451355	0.8953554034233093	0.0006861456786282361	0.05820585414767265	False	[0 0 0 1 0 0]	[1 0 0 0 0 0]	[0 0 0 1 0 0]	[0 0 0 1 0 0]
14	0.12999999523162842	1.4481067657470703	0.41516178846359253	0.9683972597122192	0.000514877203386277	0.06403288245201111	False	[1 0 0 1 0 0]	[1 0 0 1 0 0]	[0 0 0 0 0 0]	[0 0 0 0 0 0]
14	0.12999999523162842	1.3750907182693481	0.4301465153694153	0.8821815252304077	0.0006780062685720623	0.06208460405468941	False	[0 0 0 1 0 0]	[1 0 0 0 0 0]	[0 0 0 1 0 0]	[0 0 0 1 0 0]
14	0.12250000238418579	1.441989779472351	0.4065634608268738	0.9894998669624329	0.0006011479999870062	0.045325297862291336	False	[1 0 0 1 0 0]	[1 0 0 1 0 0]	[0 0 0 0 0 0]	[0 0 0 0 0 0]
15	0.12999999523162842	1.3752697706222534	0.08070750534534454	0.627071738243103	2.0869118088739924e-05	0.6674696803092957	False	[0 0 0 1 0 0]	[0 0 0 1 0 0]	[0 0 0 1 0 0]	[0 0 0 1 0 0]
15	0.11999999731779099	1.8928937911987305	0.7623673677444458	0.715161919593811	2.9740020181634463e-05	0.41533488035202026	False	[0 0 0 0 0 0]	[0 0 0 0 0 0]	[0 0 0 0 0 0]	[0 0 0 0 0 0]
15	0.11999999731779099	1.364067792892456	0.08953001350164413	0.6279222965240479	2.0682877220679075e-05	0.6465948224067688	False	[0 0 0 1 0 0]	[0 0 0 1 0 0]	[0 0 0 1 0 0]	[0 0 0 1 0 0]
15	0.125	1.9289603233337402	0.7380732297897339	0.7180138230323792	2.769085949694272e-05	0.47284555435180664	False	[0 0 0 0 0 0]	[0 0 0 0 0 0]	[0 0 0 0 0 0]	[0 0 0 0 0 0]
15	0.125	1.4164011478424072	0.07297567278146744	0.6416460275650024	2.198169386247173e-05	0.7017573714256287	False	[0 0 0 1 0 0]	[0 0 0 1 0 0]	[0 0 0 1 0 0]	[0 0 0 1 0 0]
15	0.11749999970197678	1.8570901155471802	0.7766714096069336	0.7077807188034058	3.120208566542715e-05	0.3726067841053009	False	[0 0 0 0 0 0]	[0 0 0 0 0 0]	[0 0 0 0 0 0]	[0 0 0 0 0 0]
15	0.11999999731779099	1.3916125297546387	0.07653165608644485	0.64129239320755	2.0400895664351992e-05	0.673768162727356	False	[0 0 0 1 0 0]	[0 0 0 1 0 0]	[0 0 0 1 0 0]	[0 0 0 1 0 0]
15	0.125	1.9384857416152954	0.7400718927383423	0.7231267690658569	2.872176446544472e-05	0.47525835037231445	False	[0 0 0 0 0 0]	[0 0 0 0 0 0]	[0 0 0 0 0 0]	[0 0 0 0 0 0]
15	0.1274999976158142	1.4335291385650635	0.07664177566766739	0.6511887907981873	2.1905552785028704e-05	0.7056765556335449	False	[0 0 0 1 0 0]	[0 0 0 1 0 0]	[0 0 0 1 0 0]	[0 0 0 1 0 0]
15	0.125	1.9500927925109863	0.7624187469482422	0.7316136360168457	2.968463013530709e-05	0.4560306966304779	False	[0 0 0 0 0 0]	[0 0 0 0 0 0]	[0 0 0 0 0 0]	[0 0 0 0 0 0]
15	0.13500000536441803	1.3763630390167236	0.0753428265452385	0.6319031119346619	2.014706660702359e-05	0.6690969467163086	False	[0 0 0 1 0 0]	[0 0 0 1 0 0]	[0 0 0 1 0 0]	[0 0 0 1 0 0]
15	0.12250000238418579	1.8881638050079346	0.7580441236495972	0.7138338685035706	2.8604665203602053e-05	0.41625720262527466	False	[0 0 0 0 0 0]	[0 0 0 0 0 0]	[0 0 0 0 0 0]	[0 0 0 0 0 0]
15	0.12999999523162842	1.394392728805542	0.07008674740791321	0.6349928379058838	2.0939720343449153e-05	0.6892921924591064	False	[0 0 0 1 0 0]	[0 0 0 1 0 0]	[0 0 0 1 0 0]	[0 0 0 1 0 0]
15	0.12250000238418579	1.9244846105575562	0.7560586929321289	0.7323638200759888	3.067367651965469e-05	0.4360314607620239	False	[0 0 0 0 0 0]	[0 0 0 0 0 0]	[0 0 0 0 0 0]	[0 0 0 0 0 0]
15	0.125	1.3602604866027832	0.08301568776369095	0.6274933218955994	2.0277750081731938e-05	0.6497311592102051	False	[0 0 0 1 0 0]	[0 0 0 1 0 0]	[0 0 0 1 0 0]	[0 0 0 1 0 0]
15	0.12250000238418579	1.9596552848815918	0.7202074527740479	0.7204763889312744	2.7293797757010907e-05	0.5189441442489624	False	[0 0 0 0 0 0]	[0 0 0 0 0 0]	[0 0 0 0 0 0]	[0 0 0 0 0 0]
15	0.12250000238418579	1.3861175775527954	0.0719464123249054	0.6376758813858032	2.001309439947363e-05	0.6764752864837646	False	[0 0 0 1 0 0]	[0 0 0 1 0 0]	[0 0 0 1 0 0]	[0 0 0 1 0 0]
15	0.12250000238418579	1.8985589742660522	0.7599464654922485	0.7115707397460938	2.9292190447449684e-05	0.42701247334480286	False	[0 0 0 0 0 0]	[0 0 0 0 0 0]	[0 0 0 0 0 0]	[0 0 0 0 0 0]
15	0.13500000536441803	1.3795292377471924	0.0720333606004715	0.6326702237129211	2.013697121583391e-05	0.6748055219650269	False	[0 0 0 1 0 0]	[0 0 0 1 0 0]	[0 0 0 1 0 0]	[0 0 0 1 0 0]
15	0.12250000238418579	1.9546520709991455	0.7479379177093506	0.7249336242675781	2.9248059945530258e-05	0.48175132274627686	False	[0 0 0 0 0 0]	[0 0 0 0 0 0]	[0 0 0 0 0 0]	[0 0 0 0 0 0]
15	0.11999999731779099	1.3958449363708496	0.08160717040300369	0.6455225348472595	2.081295315292664e-05	0.6686944961547852	False	[0 0 0 1 0 0]	[0 0 0 1 0 0]	[0 0 0 1 0 0]	[0 0 0 1 0 0]
15	0.12250000238418579	1.8758342266082764	0.8035767078399658	0.7176614999771118	3.1694507924839854e-05	0.3545643091201782	False	[0 0 0 0 0 0]	[0 0 0 0 0 0]	[0 0 0 0 0 0]	[0 0 0 0 0 0]
15	0.125	1.4236267805099487	0.08068053424358368	0.6502528190612793	2.1399564502644353e-05	0.6926720142364502	False	[0 0 0 1 0 0]	[0 0 0 1 0 0]	[0 0 0 1 0 0]	[0 0 0 1 0 0]
15	0.125	1.911454677581787	0.7439662218093872	0.7254606485366821	2.8963364457013085e-05	0.4419988691806793	False	[0 0 0 0 0 0]	[0 0 0 0 0 0]	[0 0 0 0 0 0]	[0 0 0 0 0 0]
15	0.12999999523162842	1.3644664287567139	0.09403115510940552	0.6336455345153809	2.0158237020950764e-05	0.6367695331573486	False	[0 0 0 1 0 0]	[0 0 0 1 0 0]	[0 0 0 1 0 0]	[0 0 0 1 0 0]
15	0.11999999731779099	1.9130547046661377	0.7689782977104187	0.7141625881195068	2.891521216952242e-05	0.4298848509788513	False	[0 0 0 0 0 0]	[0 0 0 0 0 0]	[0 0 0 0 0 0]	[0 0 0 0 0 0]
15	0.12250000238418579	1.404223918914795	0.08090250194072723	0.6442143321037292	2.04042335099075e-05	0.6790866255760193	False	[0 0 0 1 0 0]	[0 0 0 1 0 0]	[0 0 0 1 0 0]	[0 0 0 1 0 0]
15	0.1274999976158142	1.938234567642212	0.730929970741272	0.7225161194801331	2.8985910830670036e-05	0.48475947976112366	False	[0 0 0 0 0 0]	[0 0 0 0 0 0]	[0 0 0 0 0 0]	[0 0 0 0 0 0]
15	0.125	1.4132461547851562	0.06944728642702103	0.643531084060669	2.0985286028007977e-05	0.7002468109130859	False	[0 0 0 1 0 0]	[0 0 0 1 0 0]	[0 0 0 1 0 0]	[0 0 0 1 0 0]
15	0.125	1.9140944480895996	0.737844705581665	0.7195364236831665	2.8353382731438614e-05	0.4566849172115326	False	[0 0 0 0 0 0]	[0 0 0 0 0 0]	[0 0 0 0 0 0]	[0 0 0 0 0 0]
