# num_workers = 8
# num_cells = 256
# seed_for_environment = 4684157
# lr = 0.0003
# max_grad_norm = 1.0
# eval_rollout_length = 30
# scaling_factor = 1000
# frames_per_batch = 500
# sub_batch_size = 64
# num_epochs = 15
# clip_epsilon = 0.2
# gamma = 0.99
# lmbda = 0.95
# entropy_eps = 0.5
# env_reward_engineering = True
# env_minimum_number_of_qubits = 1
# log_name = None
# env_error_range = dataCollection
# env_version = qecc/bbcode-ldpc-v0
# env_bit_flipping = True
# env_l = 12
# env_m = 6
# env_use_dict_observation = True
# env_number_of_decoder_iterations = 50
# env_number_of_samples = 50
# env_code_logging = True
# model_architecture = hybrid
# model_surrogate_model_path = /rds/general/user/osella/home/rl-qecc-data//supervisedLearning/2026-07-12_20-18-32/surrogate_6x6.pth
# model_use_pretrained_encoder = False
# index_to_unfreeze_encoder_updates = 20
# encoder_lr_factor = 0.1
# training_device = cpu
# Resolved arguments:
# Resolved_env_reward_engineering = True
# Resolved_env_reward_integral = Between prob. of no error and curve.
# Resolved_env_bit_flipping = True
# Resolved_env_useDictObservation = True
# Resolved_env_code_logging = True
# Resolved_env_error_range = [np.float64(0.0001), np.float64(0.000215), np.float64(0.000464), np.float64(0.001), np.float64(0.002154), np.float64(0.003162), np.float64(0.004642), np.float64(0.01), np.float64(0.021544), np.float64(0.025075), np.float64(0.031623), np.float64(0.046416), np.float64(0.05005), np.float64(0.075025), np.float64(0.1)]
# Resolved_model_use_pretrained_encoder = False
# Resolved_trainingDevice = cpu
# Resolved_model_architecture = hybrid
# Number of workers: 8
# Does torch identify cuda: False
# encoder ***RANDOM WEIGHTS***
evaluation number	reward	policy entropy	policy entropy aX	policy entropy bX	policy entropy aY	policy entropy bY	Encoder freeze	postAction_aX	postAction_bX	postAction_aY	postAction_bY
0	0.3104501962661743	8.974507331848145	2.554055690765381	2.5538339614868164	1.937727928161621	1.9288897514343262	True	[1 0 0 0 0 0 0 0 0 0 0 0]	[0 0 0 0 0 0 0 0 0 0 1 0]	[0 0 0 0 1 0]	[0 0 0 0 0 1]
0	-1.0	8.984888076782227	2.5562117099761963	2.5554633140563965	1.9409481287002563	1.9322646856307983	True	[0 0 0 0 0 0 0 0 0 0 0 0]	[0 0 0 0 0 0 0 0 0 0 0 0]	[0 0 0 0 0 0]	[0 0 0 0 0 0]
0	0.34846583008766174	8.974281311035156	2.5542519092559814	2.5538556575775146	1.9375555515289307	1.9286179542541504	True	[1 0 0 0 0 0 0 0 0 0 0 0]	[0 0 0 0 0 0 0 0 0 0 1 0]	[0 0 0 0 1 0]	[0 0 0 0 0 1]
0	-1.0	8.984125137329102	2.555919885635376	2.555351495742798	1.940972089767456	1.9318816661834717	True	[0 0 0 0 0 0 0 0 0 0 0 0]	[0 0 0 0 0 0 0 0 0 0 0 0]	[0 0 0 0 0 0]	[0 0 0 0 0 0]
0	0.30414333939552307	8.974166870117188	2.5537426471710205	2.5539255142211914	1.9380147457122803	1.9284837245941162	True	[1 0 0 0 0 0 0 0 0 0 0 0]	[0 0 0 0 0 0 0 0 0 0 1 0]	[0 0 0 0 1 0]	[0 0 0 0 0 1]
0	-1.0	8.984698295593262	2.556155204772949	2.5555171966552734	1.9408271312713623	1.9321988821029663	True	[0 0 0 0 0 0 0 0 0 0 0 0]	[0 0 0 0 0 0 0 0 0 0 0 0]	[0 0 0 0 0 0]	[0 0 0 0 0 0]
0	0.32941126823425293	8.973751068115234	2.5541369915008545	2.5535707473754883	1.937601089477539	1.9284416437149048	True	[1 0 0 0 0 0 0 0 0 0 0 0]	[0 0 0 0 0 0 0 0 0 0 1 0]	[0 0 0 0 1 0]	[0 0 0 0 0 1]
0	-1.0	8.98367977142334	2.555842638015747	2.555264711380005	1.9408546686172485	1.9317182302474976	True	[0 0 0 0 0 0 0 0 0 0 0 0]	[0 0 0 0 0 0 0 0 0 0 0 0]	[0 0 0 0 0 0]	[0 0 0 0 0 0]
0	0.3075289726257324	8.973943710327148	2.5539138317108154	2.5535943508148193	1.9378907680511475	1.9285447597503662	True	[1 0 0 0 0 0 0 0 0 0 0 0]	[0 0 0 0 0 0 0 0 0 0 1 0]	[0 0 0 0 1 0]	[0 0 0 0 0 1]
0	-1.0	8.983589172363281	2.5558249950408936	2.55507493019104	1.9408477544784546	1.9318418502807617	True	[0 0 0 0 0 0 0 0 0 0 0 0]	[0 0 0 0 0 0 0 0 0 0 0 0]	[0 0 0 0 0 0]	[0 0 0 0 0 0]
0	0.31647324562072754	8.974095344543457	2.5539863109588623	2.553612470626831	1.937788724899292	1.9287078380584717	True	[1 0 0 0 0 0 0 0 0 0 0 0]	[0 0 0 0 0 0 0 0 0 0 1 0]	[0 0 0 0 1 0]	[0 0 0 0 0 1]
0	-1.0	8.984132766723633	2.555905342102051	2.555264711380005	1.9408342838287354	1.932128667831421	True	[0 0 0 0 0 0 0 0 0 0 0 0]	[0 0 0 0 0 0 0 0 0 0 0 0]	[0 0 0 0 0 0]	[0 0 0 0 0 0]
0	0.3114228844642639	8.973999977111816	2.55436110496521	2.553643226623535	1.937891960144043	1.9281034469604492	True	[1 0 0 0 0 0 0 0 0 0 0 0]	[0 0 0 0 0 0 0 0 0 0 1 0]	[0 0 0 0 1 0]	[0 0 0 0 0 1]
0	-1.0	8.984085083007812	2.556011915206909	2.5553596019744873	1.940662145614624	1.9320513010025024	True	[0 0 0 0 0 0 0 0 0 0 0 0]	[0 0 0 0 0 0 0 0 0 0 0 0]	[0 0 0 0 0 0]	[0 0 0 0 0 0]
0	0.3244762420654297	8.974225044250488	2.554030179977417	2.553907632827759	1.9378376007080078	1.9284495115280151	True	[1 0 0 0 0 0 0 0 0 0 0 0]	[0 0 0 0 0 0 0 0 0 0 1 0]	[0 0 0 0 1 0]	[0 0 0 0 0 1]
0	-1.0	8.984077453613281	2.5561745166778564	2.555171489715576	1.9408819675445557	1.931849718093872	True	[0 0 0 0 0 0 0 0 0 0 0 0]	[0 0 0 0 0 0 0 0 0 0 0 0]	[0 0 0 0 0 0]	[0 0 0 0 0 0]
0	0.3363453447818756	8.973701477050781	2.5539395809173584	2.553868055343628	1.937833547592163	1.9280606508255005	True	[1 0 0 0 0 0 0 0 0 0 0 0]	[0 0 0 0 0 0 0 0 0 0 1 0]	[0 0 0 0 1 0]	[0 0 0 0 0 1]
0	-1.0	8.983705520629883	2.555798053741455	2.5550642013549805	1.941003680229187	1.9318389892578125	True	[0 0 0 0 0 0 0 0 0 0 0 0]	[0 0 0 0 0 0 0 0 0 0 0 0]	[0 0 0 0 0 0]	[0 0 0 0 0 0]
0	0.32901647686958313	8.974401473999023	2.55426025390625	2.553861141204834	1.9381815195083618	1.9280986785888672	True	[1 0 0 0 0 0 0 0 0 0 0 0]	[0 0 0 0 0 0 0 0 0 0 1 0]	[0 0 0 0 1 0]	[0 0 0 0 0 1]
0	-1.0	8.983827590942383	2.556230068206787	2.555342197418213	1.940854787826538	1.9313998222351074	True	[0 0 0 0 0 0 0 0 0 0 0 0]	[0 0 0 0 0 0 0 0 0 0 0 0]	[0 0 0 0 0 0]	[0 0 0 0 0 0]
0	0.3276936113834381	8.974166870117188	2.5541470050811768	2.553631544113159	1.9377325773239136	1.9286558628082275	True	[1 0 0 0 0 0 0 0 0 0 0 0]	[0 0 0 0 0 0 0 0 0 0 1 0]	[0 0 0 0 1 0]	[0 0 0 0 0 1]
0	-1.0	8.98401927947998	2.556025266647339	2.555392026901245	1.9408372640609741	1.9317644834518433	True	[0 0 0 0 0 0 0 0 0 0 0 0]	[0 0 0 0 0 0 0 0 0 0 0 0]	[0 0 0 0 0 0]	[0 0 0 0 0 0]
0	0.32194438576698303	8.97451400756836	2.553985357284546	2.553720474243164	1.937896490097046	1.9289109706878662	True	[1 0 0 0 0 0 0 0 0 0 0 0]	[0 0 0 0 0 0 0 0 0 0 1 0]	[0 0 0 0 1 0]	[0 0 0 0 0 1]
0	-1.0	8.984703063964844	2.556169271469116	2.5553104877471924	1.9411360025405884	1.932087779045105	True	[0 0 0 0 0 0 0 0 0 0 0 0]	[0 0 0 0 0 0 0 0 0 0 0 0]	[0 0 0 0 0 0]	[0 0 0 0 0 0]
0	0.312148779630661	8.973503112792969	2.5539731979370117	2.553750991821289	1.9376943111419678	1.9280840158462524	True	[1 0 0 0 0 0 0 0 0 0 0 0]	[0 0 0 0 0 0 0 0 0 0 1 0]	[0 0 0 0 1 0]	[0 0 0 0 0 1]
0	-1.0	8.984445571899414	2.556091070175171	2.555447816848755	1.940690517425537	1.9322158098220825	True	[0 0 0 0 0 0 0 0 0 0 0 0]	[0 0 0 0 0 0 0 0 0 0 0 0]	[0 0 0 0 0 0]	[0 0 0 0 0 0]
0	0.3046475648880005	8.973678588867188	2.553779363632202	2.553894519805908	1.9378798007965088	1.9281257390975952	True	[1 0 0 0 0 0 0 0 0 0 0 0]	[0 0 0 0 0 0 0 0 0 0 1 0]	[0 0 0 0 1 0]	[0 0 0 0 0 1]
0	-0.5	8.98385238647461	2.555976152420044	2.555109977722168	1.940805435180664	1.9319612979888916	True	[1 1 0 0 0 0 0 0 0 0 0 0]	[0 0 0 0 0 0 0 0 0 0 0 0]	[0 0 0 0 0 0]	[0 0 0 0 0 0]
0	0.5229668021202087	8.983491897583008	2.555713176727295	2.5553855895996094	1.9405184984207153	1.9318742752075195	True	[0 1 0 0 0 0 0 0 0 0 0 0]	[0 0 0 0 0 0 0 0 0 0 1 0]	[0 0 0 0 1 0]	[0 0 0 0 0 1]
0	0.3579220473766327	8.984723091125488	2.5560357570648193	2.5543341636657715	1.9417579174041748	1.9325956106185913	True	[1 1 0 0 0 0 0 0 0 0 0 0]	[0 0 0 0 0 0 0 0 0 0 0 0]	[0 0 0 0 0 0]	[0 1 0 0 0 1]
1	0.19633853435516357	8.803942680358887	2.48153018951416	2.524503469467163	1.9026130437850952	1.8952958583831787	True	[0 0 0 0 0 0 0 0 0 1 0 0]	[0 0 0 1 0 0 0 0 0 0 0 0]	[0 0 0 0 1 0]	[0 0 0 0 1 0]
1	-1.0	8.931888580322266	2.533895492553711	2.5500383377075195	1.9275288581848145	1.9204258918762207	True	[0 0 0 0 0 0 0 0 0 0 0 0]	[0 0 0 0 0 0 0 0 0 0 0 0]	[0 0 0 0 0 0]	[0 0 0 0 0 0]
1	0.19061504304409027	8.80408000946045	2.4816036224365234	2.5244829654693604	1.9021248817443848	1.8958688974380493	True	[0 0 0 0 0 0 0 0 0 1 0 0]	[0 0 0 1 0 0 0 0 0 0 0 0]	[0 0 0 0 1 0]	[0 0 0 0 1 0]
1	-1.0	8.933629989624023	2.53474497795105	2.550291061401367	1.9280223846435547	1.9205715656280518	True	[0 0 0 0 0 0 0 0 0 0 0 0]	[0 0 0 0 0 0 0 0 0 0 0 0]	[0 0 0 0 0 0]	[0 0 0 0 0 0]
1	0.1907244622707367	8.803840637207031	2.481058120727539	2.5249135494232178	1.9023200273513794	1.895548939704895	True	[0 0 0 0 0 0 0 0 0 1 0 0]	[0 0 0 1 0 0 0 0 0 0 0 0]	[0 0 0 0 1 0]	[0 0 0 0 1 0]
1	-1.0	8.933565139770508	2.5347893238067627	2.550351858139038	1.9279109239578247	1.9205129146575928	True	[0 0 0 0 0 0 0 0 0 0 0 0]	[0 0 0 0 0 0 0 0 0 0 0 0]	[0 0 0 0 0 0]	[0 0 0 0 0 0]
1	0.18342360854148865	8.803107261657715	2.481435775756836	2.5244052410125732	1.9018951654434204	1.8953707218170166	True	[0 0 0 0 0 0 0 0 0 1 0 0]	[0 0 0 1 0 0 0 0 0 0 0 0]	[0 0 0 0 1 0]	[0 0 0 0 1 0]
1	-1.0	8.93204402923584	2.5335404872894287	2.550203800201416	1.9275398254394531	1.9207605123519897	True	[0 0 0 0 0 0 0 0 0 0 0 0]	[0 0 0 0 0 0 0 0 0 0 0 0]	[0 0 0 0 0 0]	[0 0 0 0 0 0]
1	0.18858829140663147	8.804685592651367	2.4819557666778564	2.524585485458374	1.9025789499282837	1.8955659866333008	True	[0 0 0 0 0 0 0 0 0 1 0 0]	[0 0 0 1 0 0 0 0 0 0 0 0]	[0 0 0 0 1 0]	[0 0 0 0 1 0]
1	-1.0	8.9327392578125	2.534113645553589	2.55004620552063	1.9277278184890747	1.920851230621338	True	[0 0 0 0 0 0 0 0 0 0 0 0]	[0 0 0 0 0 0 0 0 0 0 0 0]	[0 0 0 0 0 0]	[0 0 0 0 0 0]
1	0.19036166369915009	8.80286979675293	2.481212854385376	2.5246036052703857	1.9023058414459229	1.8947482109069824	True	[0 0 0 0 0 0 0 0 0 1 0 0]	[0 0 0 1 0 0 0 0 0 0 0 0]	[0 0 0 0 1 0]	[0 0 0 0 1 0]
1	-1.0	8.932497024536133	2.5343053340911865	2.5501670837402344	1.928075909614563	1.919948935508728	True	[0 0 0 0 0 0 0 0 0 0 0 0]	[0 0 0 0 0 0 0 0 0 0 0 0]	[0 0 0 0 0 0]	[0 0 0 0 0 0]
1	0.2169790416955948	8.803643226623535	2.4815609455108643	2.5242128372192383	1.9028619527816772	1.8950074911117554	True	[0 0 0 0 0 0 0 0 0 1 0 0]	[0 0 0 1 0 0 0 0 0 0 0 0]	[0 0 0 0 1 0]	[0 0 0 0 1 0]
1	-1.0	8.933733940124512	2.5343503952026367	2.5503039360046387	1.9281203746795654	1.920959711074829	True	[0 0 0 0 0 0 0 0 0 0 0 0]	[0 0 0 0 0 0 0 0 0 0 0 0]	[0 0 0 0 0 0]	[0 0 0 0 0 0]
1	0.2178860306739807	8.802213668823242	2.4809372425079346	2.5239017009735107	1.9022631645202637	1.895111083984375	True	[0 0 0 0 0 0 0 0 0 1 0 0]	[0 0 0 1 0 0 0 0 0 0 0 0]	[0 0 0 0 1 0]	[0 0 0 0 1 0]
1	-1.0	8.933143615722656	2.533989429473877	2.550236701965332	1.9281456470489502	1.9207711219787598	True	[0 0 0 0 0 0 0 0 0 0 0 0]	[0 0 0 0 0 0 0 0 0 0 0 0]	[0 0 0 0 0 0]	[0 0 0 0 0 0]
1	0.2000204622745514	8.803170204162598	2.481260061264038	2.5244855880737305	1.902374505996704	1.895050287246704	True	[0 0 0 0 0 0 0 0 0 1 0 0]	[0 0 0 1 0 0 0 0 0 0 0 0]	[0 0 0 0 1 0]	[0 0 0 0 1 0]
1	-1.0	8.934244155883789	2.534820556640625	2.550306797027588	1.9280614852905273	1.9210549592971802	True	[0 0 0 0 0 0 0 0 0 0 0 0]	[0 0 0 0 0 0 0 0 0 0 0 0]	[0 0 0 0 0 0]	[0 0 0 0 0 0]
1	0.18841660022735596	8.804421424865723	2.4814701080322266	2.525167226791382	1.9028427600860596	1.894940972328186	True	[0 0 0 0 0 0 0 0 0 1 0 0]	[0 0 0 1 0 0 0 0 0 0 0 0]	[0 0 0 0 1 0]	[0 0 0 0 1 0]
1	-1.0	8.933365821838379	2.5340068340301514	2.5503337383270264	1.9278677701950073	1.921157717704773	True	[0 0 0 0 0 0 0 0 0 0 0 0]	[0 0 0 0 0 0 0 0 0 0 0 0]	[0 0 0 0 0 0]	[0 0 0 0 0 0]
1	0.1902722865343094	8.806327819824219	2.4831526279449463	2.5248653888702393	1.9026877880096436	1.8956222534179688	True	[0 0 0 0 0 0 0 0 0 1 0 0]	[0 0 0 1 0 0 0 0 0 0 0 0]	[0 0 0 0 1 0]	[0 0 0 0 1 0]
1	-1.0	8.932638168334961	2.534020185470581	2.550137758255005	1.927647352218628	1.9208321571350098	True	[0 0 0 0 0 0 0 0 0 0 0 0]	[0 0 0 0 0 0 0 0 0 0 0 0]	[0 0 0 0 0 0]	[0 0 0 0 0 0]
1	0.18746480345726013	8.804634094238281	2.4816391468048096	2.5253589153289795	1.9025166034698486	1.8951194286346436	True	[0 0 0 0 0 0 0 0 0 1 0 0]	[0 0 0 1 0 0 0 0 0 0 0 0]	[0 0 0 0 1 0]	[0 0 0 0 1 0]
1	-1.0	8.93297004699707	2.53438401222229	2.5500869750976562	1.9280096292495728	1.9204902648925781	True	[0 0 0 0 0 0 0 0 0 0 0 0]	[0 0 0 0 0 0 0 0 0 0 0 0]	[0 0 0 0 0 0]	[0 0 0 0 0 0]
1	0.2102835774421692	8.80672550201416	2.482539176940918	2.525357723236084	1.902763843536377	1.8960645198822021	True	[0 0 0 0 0 0 0 0 0 1 0 0]	[0 0 0 1 0 0 0 0 0 0 0 0]	[0 0 0 0 1 0]	[0 0 0 0 1 0]
1	-1.0	8.933255195617676	2.534658670425415	2.5501596927642822	1.9276378154754639	1.9207993745803833	True	[0 0 0 0 0 0 0 0 0 0 0 0]	[0 0 0 0 0 0 0 0 0 0 0 0]	[0 0 0 0 0 0]	[0 0 0 0 0 0]
1	0.2000267654657364	8.803391456604004	2.481149673461914	2.5249364376068115	1.9022802114486694	1.8950245380401611	True	[0 0 0 0 0 0 0 0 0 1 0 0]	[0 0 0 1 0 0 0 0 0 0 0 0]	[0 0 0 0 1 0]	[0 0 0 0 1 0]
1	-1.0	8.933195114135742	2.5341391563415527	2.5502560138702393	1.9281511306762695	1.9206483364105225	True	[0 0 0 0 0 0 0 0 0 0 0 0]	[0 0 0 0 0 0 0 0 0 0 0 0]	[0 0 0 0 0 0]	[0 0 0 0 0 0]
1	0.19937333464622498	8.804794311523438	2.481748342514038	2.5252182483673096	1.9024865627288818	1.895341157913208	True	[0 0 0 0 0 0 0 0 0 1 0 0]	[0 0 0 1 0 0 0 0 0 0 0 0]	[0 0 0 0 1 0]	[0 0 0 0 1 0]
1	-1.0	8.932456016540527	2.533986806869507	2.550109624862671	1.927842617034912	1.9205167293548584	True	[0 0 0 0 0 0 0 0 0 0 0 0]	[0 0 0 0 0 0 0 0 0 0 0 0]	[0 0 0 0 0 0]	[0 0 0 0 0 0]
2	0.3135295808315277	8.754048347473145	2.4936983585357666	2.509432315826416	1.858344316482544	1.8925731182098389	False	[0 0 0 0 1 0 0 0 0 0 0 0]	[0 0 0 0 0 1 0 0 0 0 0 0]	[1 0 0 0 0 0]	[0 0 0 0 1 0]
2	-0.5	8.937544822692871	2.5410616397857666	2.552799701690674	1.915164828300476	1.9285179376602173	False	[0 0 0 0 1 1 0 0 0 0 0 0]	[0 0 0 0 0 0 0 0 0 0 0 0]	[1 0 0 0 1 0]	[0 0 0 0 0 0]
2	0.3357374966144562	8.936924934387207	2.5409421920776367	2.552825450897217	1.9149749279022217	1.9281827211380005	False	[0 0 0 0 1 0 0 0 0 0 0 0]	[0 0 0 0 0 1 0 0 0 0 0 0]	[1 0 0 0 0 0]	[0 0 0 0 1 0]
2	-0.5	8.937344551086426	2.5410118103027344	2.552802562713623	1.9153193235397339	1.928210735321045	False	[0 0 0 0 1 1 0 0 0 0 0 0]	[0 0 0 0 0 0 0 0 0 0 0 0]	[1 0 0 0 1 0]	[0 0 0 0 0 0]
2	0.3291996717453003	8.937230110168457	2.5410289764404297	2.5529866218566895	1.915155053138733	1.928059697151184	False	[0 0 0 0 1 0 0 0 0 0 0 0]	[0 0 0 0 0 1 0 0 0 0 0 0]	[1 0 0 0 0 0]	[0 0 0 0 1 0]
2	-0.5	8.936747550964355	2.5411458015441895	2.5525503158569336	1.9151166677474976	1.9279346466064453	False	[0 0 0 0 1 1 0 0 0 0 0 0]	[0 0 0 0 0 0 0 0 0 0 0 0]	[1 0 0 0 1 0]	[0 0 0 0 0 0]
2	0.32957103848457336	8.937572479248047	2.541170120239258	2.552852153778076	1.9151383638381958	1.9284120798110962	False	[0 0 0 0 1 0 0 0 0 0 0 0]	[0 0 0 0 0 1 0 0 0 0 0 0]	[1 0 0 0 0 0]	[0 0 0 0 1 0]
2	-0.5	8.938148498535156	2.5412070751190186	2.5529699325561523	1.9156032800674438	1.9283677339553833	False	[0 0 0 0 1 1 0 0 0 0 0 0]	[0 0 0 0 0 0 0 0 0 0 0 0]	[1 0 0 0 1 0]	[0 0 0 0 0 0]
2	0.3396487832069397	8.936660766601562	2.5407605171203613	2.5527734756469727	1.915147066116333	1.9279789924621582	False	[0 0 0 0 1 0 0 0 0 0 0 0]	[0 0 0 0 0 1 0 0 0 0 0 0]	[1 0 0 0 0 0]	[0 0 0 0 1 0]
2	-0.5	8.936253547668457	2.540417194366455	2.5528836250305176	1.9151159524917603	1.9278367757797241	False	[0 0 0 0 1 1 0 0 0 0 0 0]	[0 0 0 0 0 0 0 0 0 0 0 0]	[1 0 0 0 1 0]	[0 0 0 0 0 0]
2	0.3173932731151581	8.936835289001465	2.5410399436950684	2.5526909828186035	1.9149315357208252	1.9281729459762573	False	[0 0 0 0 1 0 0 0 0 0 0 0]	[0 0 0 0 0 1 0 0 0 0 0 0]	[1 0 0 0 0 0]	[0 0 0 0 1 0]
2	-0.5	8.937204360961914	2.5409743785858154	2.5529112815856934	1.9151592254638672	1.9281597137451172	False	[0 0 0 0 1 1 0 0 0 0 0 0]	[0 0 0 0 0 0 0 0 0 0 0 0]	[1 0 0 0 1 0]	[0 0 0 0 0 0]
2	0.3371427059173584	8.936911582946777	2.540712356567383	2.5527992248535156	1.915173888206482	1.9282257556915283	False	[0 0 0 0 1 0 0 0 0 0 0 0]	[0 0 0 0 0 1 0 0 0 0 0 0]	[1 0 0 0 0 0]	[0 0 0 0 1 0]
2	-0.5	8.938090324401855	2.541186809539795	2.552884101867676	1.9155865907669067	1.928432583808899	False	[0 0 0 0 1 1 0 0 0 0 0 0]	[0 0 0 0 0 0 0 0 0 0 0 0]	[1 0 0 0 1 0]	[0 0 0 0 0 0]
2	0.3560275137424469	8.935979843139648	2.5407848358154297	2.5525405406951904	1.914719581604004	1.9279348850250244	False	[0 0 0 0 1 0 0 0 0 0 0 0]	[0 0 0 0 0 1 0 0 0 0 0 0]	[1 0 0 0 0 0]	[0 0 0 0 1 0]
2	-0.5	8.936687469482422	2.5411157608032227	2.5526938438415527	1.9150757789611816	1.927802562713623	False	[0 0 0 0 1 1 0 0 0 0 0 0]	[0 0 0 0 0 0 0 0 0 0 0 0]	[1 0 0 0 1 0]	[0 0 0 0 0 0]
2	0.32202306389808655	8.93627643585205	2.540929079055786	2.552717447280884	1.9146270751953125	1.9280028343200684	False	[0 0 0 0 1 0 0 0 0 0 0 0]	[0 0 0 0 0 1 0 0 0 0 0 0]	[1 0 0 0 0 0]	[0 0 0 0 1 0]
2	-0.5	8.938882827758789	2.541720390319824	2.552950620651245	1.9153995513916016	1.9288119077682495	False	[0 0 0 0 1 1 0 0 0 0 0 0]	[0 0 0 0 0 0 0 0 0 0 0 0]	[1 0 0 0 1 0]	[0 0 0 0 0 0]
2	0.30277422070503235	8.937555313110352	2.541149377822876	2.5528311729431152	1.915393352508545	1.9281808137893677	False	[0 0 0 0 1 0 0 0 0 0 0 0]	[0 0 0 0 0 1 0 0 0 0 0 0]	[1 0 0 0 0 0]	[0 0 0 0 1 0]
2	-0.5	8.93667221069336	2.5409183502197266	2.552720785140991	1.9150623083114624	1.927970290184021	False	[0 0 0 0 1 1 0 0 0 0 0 0]	[0 0 0 0 0 0 0 0 0 0 0 0]	[1 0 0 0 1 0]	[0 0 0 0 0 0]
2	0.341510146856308	8.936386108398438	2.5406525135040283	2.5526373386383057	1.9150221347808838	1.9280740022659302	False	[0 0 0 0 1 0 0 0 0 0 0 0]	[0 0 0 0 0 1 0 0 0 0 0 0]	[1 0 0 0 0 0]	[0 0 0 0 1 0]
2	-0.5	8.937843322753906	2.540952682495117	2.553040027618408	1.9154689311981201	1.928382158279419	False	[0 0 0 0 1 1 0 0 0 0 0 0]	[0 0 0 0 0 0 0 0 0 0 0 0]	[1 0 0 0 1 0]	[0 0 0 0 0 0]
2	0.28924837708473206	8.937125205993652	2.540860891342163	2.552828550338745	1.9152419567108154	1.9281940460205078	False	[0 0 0 0 1 0 0 0 0 0 0 0]	[0 0 0 0 0 1 0 0 0 0 0 0]	[1 0 0 0 0 0]	[0 0 0 0 1 0]
2	-0.5	8.936930656433105	2.540893793106079	2.5526204109191895	1.9151098728179932	1.928306221961975	False	[0 0 0 0 1 1 0 0 0 0 0 0]	[0 0 0 0 0 0 0 0 0 0 0 0]	[1 0 0 0 1 0]	[0 0 0 0 0 0]
2	0.32238346338272095	8.937185287475586	2.5408082008361816	2.5527329444885254	1.915053367614746	1.928591012954712	False	[0 0 0 0 1 0 0 0 0 0 0 0]	[0 0 0 0 0 1 0 0 0 0 0 0]	[1 0 0 0 0 0]	[0 0 0 0 1 0]
2	-0.5	8.936996459960938	2.540825128555298	2.5527729988098145	1.9151992797851562	1.928199291229248	False	[0 0 0 0 1 1 0 0 0 0 0 0]	[0 0 0 0 0 0 0 0 0 0 0 0]	[1 0 0 0 1 0]	[0 0 0 0 0 0]
2	0.33901020884513855	8.937857627868652	2.5412192344665527	2.552827835083008	1.915640115737915	1.928170084953308	False	[0 0 0 0 1 0 0 0 0 0 0 0]	[0 0 0 0 0 1 0 0 0 0 0 0]	[1 0 0 0 0 0]	[0 0 0 0 1 0]
2	-0.5	8.937823295593262	2.541656494140625	2.5528461933135986	1.9148882627487183	1.9284322261810303	False	[0 0 0 0 1 1 0 0 0 0 0 0]	[0 0 0 0 0 0 0 0 0 0 0 0]	[1 0 0 0 1 0]	[0 0 0 0 0 0]
2	0.3262173533439636	8.93610954284668	2.540703535079956	2.552791118621826	1.9150390625	1.927575945854187	False	[0 0 0 0 1 0 0 0 0 0 0 0]	[0 0 0 0 0 1 0 0 0 0 0 0]	[1 0 0 0 0 0]	[0 0 0 0 1 0]
2	-0.5	8.938343048095703	2.541271209716797	2.5530402660369873	1.9155077934265137	1.928523063659668	False	[0 0 0 0 1 1 0 0 0 0 0 0]	[0 0 0 0 0 0 0 0 0 0 0 0]	[1 0 0 0 1 0]	[0 0 0 0 0 0]
3	0.2005177140235901	8.810552597045898	2.4923856258392334	2.5085368156433105	1.912792682647705	1.8968373537063599	False	[0 0 0 0 0 0 0 0 0 0 0 1]	[0 0 0 0 0 0 0 0 0 0 1 0]	[1 0 0 0 0 0]	[1 0 0 0 0 0]
3	-0.5	8.915210723876953	2.533538341522217	2.5390167236328125	1.923256278038025	1.9193990230560303	False	[0 0 0 0 0 0 0 0 0 0 0 0]	[0 1 0 0 0 0 0 0 0 0 1 0]	[0 0 0 0 0 0]	[0 0 0 0 0 0]
3	0.026421483606100082	8.875116348266602	2.5185861587524414	2.5270843505859375	1.9191936254501343	1.9102518558502197	False	[0 0 0 0 0 0 0 0 0 0 0 1]	[0 1 0 0 0 0 0 0 0 0 0 0]	[1 0 0 0 0 0]	[1 0 0 0 0 0]
3	-1.0	8.915826797485352	2.534108877182007	2.5388479232788086	1.9231246709823608	1.919744849205017	False	[0 0 0 0 0 0 0 0 0 0 0 0]	[0 0 0 0 0 0 0 0 0 0 0 0]	[0 0 0 0 0 0]	[0 0 0 0 0 0]
3	0.1881384551525116	8.810193061828613	2.4925742149353027	2.507861375808716	1.912937879562378	1.8968192338943481	False	[0 0 0 0 0 0 0 0 0 0 0 1]	[0 0 0 0 0 0 0 0 0 0 1 0]	[1 0 0 0 0 0]	[1 0 0 0 0 0]
3	-0.5	8.914122581481934	2.5333471298217773	2.538501739501953	1.922713279724121	1.919560194015503	False	[0 0 0 0 0 0 0 0 0 0 0 0]	[0 1 0 0 0 0 0 0 0 0 1 0]	[0 0 0 0 0 0]	[0 0 0 0 0 0]
3	0.02977166697382927	8.873944282531738	2.518275499343872	2.5270373821258545	1.918776035308838	1.9098557233810425	False	[0 0 0 0 0 0 0 0 0 0 0 1]	[0 1 0 0 0 0 0 0 0 0 0 0]	[1 0 0 0 0 0]	[1 0 0 0 0 0]
3	-0.5	8.915018081665039	2.533921480178833	2.538652181625366	1.9230122566223145	1.9194316864013672	False	[0 0 0 0 0 0 0 0 0 0 0 0]	[0 1 0 0 0 0 0 0 0 0 1 0]	[0 0 0 0 0 0]	[0 0 0 0 0 0]
3	0.026627544313669205	8.873845100402832	2.5181922912597656	2.5272154808044434	1.9187071323394775	1.9097297191619873	False	[0 0 0 0 0 0 0 0 0 0 0 1]	[0 1 0 0 0 0 0 0 0 0 0 0]	[1 0 0 0 0 0]	[1 0 0 0 0 0]
3	-0.5	8.91554069519043	2.5339772701263428	2.5387539863586426	1.9229271411895752	1.9198830127716064	False	[0 0 0 0 0 0 0 0 0 0 0 0]	[0 1 0 0 0 0 0 0 0 0 1 0]	[0 0 0 0 0 0]	[0 0 0 0 0 0]
3	0.014001197181642056	8.875131607055664	2.518554449081421	2.527153730392456	1.9192695617675781	1.9101539850234985	False	[0 0 0 0 0 0 0 0 0 0 0 1]	[0 1 0 0 0 0 0 0 0 0 0 0]	[1 0 0 0 0 0]	[1 0 0 0 0 0]
3	-0.5	8.914453506469727	2.5334153175354004	2.5387930870056152	1.922744870185852	1.919500708580017	False	[0 0 0 0 0 0 0 0 0 0 0 0]	[0 1 0 0 0 0 0 0 0 0 1 0]	[0 0 0 0 0 0]	[0 0 0 0 0 0]
3	0.02007943205535412	8.875414848327637	2.5186827182769775	2.52738094329834	1.9191961288452148	1.9101556539535522	False	[0 0 0 0 0 0 0 0 0 0 0 1]	[0 1 0 0 0 0 0 0 0 0 0 0]	[1 0 0 0 0 0]	[1 0 0 0 0 0]
3	-0.5	8.914759635925293	2.5337657928466797	2.5389018058776855	1.9228830337524414	1.9192090034484863	False	[0 0 0 0 0 0 0 0 0 0 0 0]	[0 1 0 0 0 0 0 0 0 0 1 0]	[0 0 0 0 0 0]	[0 0 0 0 0 0]
3	0.03205049782991409	8.874214172363281	2.5181164741516113	2.526843309402466	1.9190270900726318	1.9102267026901245	False	[0 0 0 0 0 0 0 0 0 0 0 1]	[0 1 0 0 0 0 0 0 0 0 0 0]	[1 0 0 0 0 0]	[1 0 0 0 0 0]
3	-1.0	8.91629695892334	2.5340893268585205	2.5388269424438477	1.9233415126800537	1.920039415359497	False	[0 0 0 0 0 0 0 0 0 0 0 0]	[0 0 0 0 0 0 0 0 0 0 0 0]	[0 0 0 0 0 0]	[0 0 0 0 0 0]
3	0.21663866937160492	8.811531066894531	2.4928464889526367	2.5086517333984375	1.912853717803955	1.8971787691116333	False	[0 0 0 0 0 0 0 0 0 0 0 1]	[0 0 0 0 0 0 0 0 0 0 1 0]	[1 0 0 0 0 0]	[1 0 0 0 0 0]
3	-0.5	8.915325164794922	2.533717155456543	2.5389411449432373	1.9231406450271606	1.9195258617401123	False	[0 0 0 0 0 0 0 0 0 0 0 0]	[0 1 0 0 0 0 0 0 0 0 1 0]	[0 0 0 0 0 0]	[0 0 0 0 0 0]
3	0.02991892211139202	8.875028610229492	2.5186305046081543	2.527204990386963	1.9190363883972168	1.91015625	False	[0 0 0 0 0 0 0 0 0 0 0 1]	[0 1 0 0 0 0 0 0 0 0 0 0]	[1 0 0 0 0 0]	[1 0 0 0 0 0]
3	-1.0	8.91612720489502	2.533813714981079	2.539071798324585	1.9233438968658447	1.9198981523513794	False	[0 0 0 0 0 0 0 0 0 0 0 0]	[0 0 0 0 0 0 0 0 0 0 0 0]	[0 0 0 0 0 0]	[0 0 0 0 0 0]
3	0.20714427530765533	8.809704780578613	2.4926085472106934	2.508282423019409	1.912163257598877	1.896651029586792	False	[0 0 0 0 0 0 0 0 0 0 0 1]	[0 0 0 0 0 0 0 0 0 0 1 0]	[1 0 0 0 0 0]	[1 0 0 0 0 0]
3	-1.0	8.9143648147583	2.5336265563964844	2.5387799739837646	1.922875165939331	1.919082760810852	False	[0 0 0 0 0 0 0 0 0 0 0 0]	[0 0 0 0 0 0 0 0 0 0 0 0]	[0 0 0 0 0 0]	[0 0 0 0 0 0]
3	0.22911766171455383	8.808640480041504	2.4921109676361084	2.5083861351013184	1.9120174646377563	1.8961262702941895	False	[0 0 0 0 0 0 0 0 0 0 0 1]	[0 0 0 0 0 0 0 0 0 0 1 0]	[1 0 0 0 0 0]	[1 0 0 0 0 0]
3	-0.5	8.91609001159668	2.534132719039917	2.5390660762786865	1.923176646232605	1.919714093208313	False	[0 0 0 0 0 0 0 0 0 0 0 0]	[0 1 0 0 0 0 0 0 0 0 1 0]	[0 0 0 0 0 0]	[0 0 0 0 0 0]
3	0.02470085397362709	8.873802185058594	2.5179524421691895	2.526376485824585	1.9190402030944824	1.9104337692260742	False	[0 0 0 0 0 0 0 0 0 0 0 1]	[0 1 0 0 0 0 0 0 0 0 0 0]	[1 0 0 0 0 0]	[1 0 0 0 0 0]
3	-1.0	8.915092468261719	2.5337042808532715	2.5391623973846436	1.922947645187378	1.9192779064178467	False	[0 0 0 0 0 0 0 0 0 0 0 0]	[0 0 0 0 0 0 0 0 0 0 0 0]	[0 0 0 0 0 0]	[0 0 0 0 0 0]
3	0.21420839428901672	8.809464454650879	2.4924073219299316	2.5083320140838623	1.912297010421753	1.896427869796753	False	[0 0 0 0 0 0 0 0 0 0 0 1]	[0 0 0 0 0 0 0 0 0 0 1 0]	[1 0 0 0 0 0]	[1 0 0 0 0 0]
3	-0.5	8.915207862854004	2.533543586730957	2.5389628410339355	1.9231593608856201	1.9195419549942017	False	[0 0 0 0 0 0 0 0 0 0 0 0]	[0 1 0 0 0 0 0 0 0 0 1 0]	[0 0 0 0 0 0]	[0 0 0 0 0 0]
3	0.021685868501663208	8.875205993652344	2.518613338470459	2.5271308422088623	1.9191162586212158	1.9103463888168335	False	[0 0 0 0 0 0 0 0 0 0 0 1]	[0 1 0 0 0 0 0 0 0 0 0 0]	[1 0 0 0 0 0]	[1 0 0 0 0 0]
3	-1.0	8.914196014404297	2.533470392227173	2.538951873779297	1.9227137565612793	1.919060468673706	False	[0 0 0 0 0 0 0 0 0 0 0 0]	[0 0 0 0 0 0 0 0 0 0 0 0]	[0 0 0 0 0 0]	[0 0 0 0 0 0]
4	0.5399972796440125	8.822957038879395	2.5103819370269775	2.526137351989746	1.9147578477859497	1.8716803789138794	False	[0 0 0 0 0 1 0 0 0 0 0 0]	[0 0 0 0 0 0 0 0 0 0 1 0]	[0 1 0 0 0 0]	[0 1 0 0 0 0]
4	0.05442412942647934	8.94243049621582	2.5509305000305176	2.5476527214050293	1.9281141757965088	1.915733814239502	False	[0 0 0 0 0 1 0 0 0 0 0 1]	[0 0 0 0 0 0 0 1 0 0 1 0]	[0 0 0 0 0 0]	[0 1 0 0 1 0]
4	0.5492697358131409	8.873241424560547	2.529374837875366	2.535123348236084	1.9196863174438477	1.8890573978424072	False	[0 0 0 0 0 0 0 0 0 0 0 1]	[0 0 0 0 0 0 0 1 0 0 0 0]	[0 1 0 0 0 0]	[0 0 0 0 1 0]
4	-1.0	8.941764831542969	2.550618886947632	2.5473616123199463	1.927973985671997	1.915810465812683	False	[0 0 0 0 0 0 0 0 0 0 0 0]	[0 0 0 0 0 0 0 0 0 0 0 0]	[0 0 0 0 0 0]	[0 0 0 0 0 0]
4	0.480947881937027	8.82229995727539	2.510786533355713	2.525665760040283	1.9144270420074463	1.8714206218719482	False	[0 0 0 0 0 1 0 0 0 0 0 0]	[0 0 0 0 0 0 0 0 0 0 1 0]	[0 1 0 0 0 0]	[0 1 0 0 0 0]
4	0.04251912608742714	8.941997528076172	2.5508015155792236	2.5472192764282227	1.9281387329101562	1.9158387184143066	False	[0 0 0 0 0 1 0 0 0 0 0 1]	[0 0 0 0 0 0 0 1 0 0 1 0]	[0 0 0 0 0 0]	[0 1 0 0 1 0]
4	0.5615476369857788	8.873984336853027	2.5294189453125	2.5352437496185303	1.9200140237808228	1.8893074989318848	False	[0 0 0 0 0 0 0 0 0 0 0 1]	[0 0 0 0 0 0 0 1 0 0 0 0]	[0 1 0 0 0 0]	[0 0 0 0 1 0]
4	-1.0	8.941610336303711	2.5506298542022705	2.5474979877471924	1.9277856349945068	1.9156975746154785	False	[0 0 0 0 0 0 0 0 0 0 0 0]	[0 0 0 0 0 0 0 0 0 0 0 0]	[0 0 0 0 0 0]	[0 0 0 0 0 0]
4	0.532283365726471	8.825687408447266	2.511413097381592	2.52645206451416	1.914872646331787	1.872949481010437	False	[0 0 0 0 0 1 0 0 0 0 0 0]	[0 0 0 0 0 0 0 0 0 0 1 0]	[0 1 0 0 0 0]	[0 1 0 0 0 0]
4	0.03698621317744255	8.942591667175293	2.550926923751831	2.547739267349243	1.927952766418457	1.9159727096557617	False	[0 0 0 0 0 1 0 0 0 0 0 1]	[0 0 0 0 0 0 0 1 0 0 1 0]	[0 0 0 0 0 0]	[0 1 0 0 1 0]
4	0.5165790319442749	8.874594688415527	2.52950382232666	2.5353078842163086	1.920121431350708	1.8896621465682983	False	[0 0 0 0 0 0 0 0 0 0 0 1]	[0 0 0 0 0 0 0 1 0 0 0 0]	[0 1 0 0 0 0]	[0 0 0 0 1 0]
4	-1.0	8.941595077514648	2.550504207611084	2.547485589981079	1.9278061389923096	1.9157989025115967	False	[0 0 0 0 0 0 0 0 0 0 0 0]	[0 0 0 0 0 0 0 0 0 0 0 0]	[0 0 0 0 0 0]	[0 0 0 0 0 0]
4	0.512712836265564	8.823798179626465	2.5109057426452637	2.5261361598968506	1.914675235748291	1.8720815181732178	False	[0 0 0 0 0 1 0 0 0 0 0 0]	[0 0 0 0 0 0 0 0 0 0 1 0]	[0 1 0 0 0 0]	[0 1 0 0 0 0]
4	0.03821321204304695	8.943456649780273	2.5511257648468018	2.5478169918060303	1.9282746315002441	1.916239619255066	False	[0 0 0 0 0 1 0 0 0 0 0 1]	[0 0 0 0 0 0 0 1 0 0 1 0]	[0 0 0 0 0 0]	[0 1 0 0 1 0]
4	0.5179880857467651	8.872700691223145	2.529081106185913	2.534885883331299	1.9198209047317505	1.8889133930206299	False	[0 0 0 0 0 0 0 0 0 0 0 1]	[0 0 0 0 0 0 0 1 0 0 0 0]	[0 1 0 0 0 0]	[0 0 0 0 1 0]
4	-1.0	8.942601203918457	2.550956964492798	2.5475754737854004	1.928168535232544	1.9158999919891357	False	[0 0 0 0 0 0 0 0 0 0 0 0]	[0 0 0 0 0 0 0 0 0 0 0 0]	[0 0 0 0 0 0]	[0 0 0 0 0 0]
4	0.5260096192359924	8.826384544372559	2.511530876159668	2.5268607139587402	1.9149339199066162	1.8730590343475342	False	[0 0 0 0 0 1 0 0 0 0 0 0]	[0 0 0 0 0 0 0 0 0 0 1 0]	[0 1 0 0 0 0]	[0 1 0 0 0 0]
4	0.05109836161136627	8.943172454833984	2.550990343093872	2.547579765319824	1.9283487796783447	1.9162535667419434	False	[0 0 0 0 0 1 0 0 0 0 0 1]	[0 0 0 0 0 0 0 1 0 0 1 0]	[0 0 0 0 0 0]	[0 1 0 0 1 0]
4	0.544695258140564	8.872076034545898	2.528850555419922	2.534907817840576	1.9196689128875732	1.888648509979248	False	[0 0 0 0 0 0 0 0 0 0 0 1]	[0 0 0 0 0 0 0 1 0 0 0 0]	[0 1 0 0 0 0]	[0 0 0 0 1 0]
4	-1.0	8.941712379455566	2.5504536628723145	2.5473594665527344	1.9280149936676025	1.9158836603164673	False	[0 0 0 0 0 0 0 0 0 0 0 0]	[0 0 0 0 0 0 0 0 0 0 0 0]	[0 0 0 0 0 0]	[0 0 0 0 0 0]
4	0.5079548954963684	8.825337409973145	2.5111887454986572	2.5262835025787354	1.9152727127075195	1.872592568397522	False	[0 0 0 0 0 1 0 0 0 0 0 0]	[0 0 0 0 0 0 0 0 0 0 1 0]	[0 1 0 0 0 0]	[0 1 0 0 0 0]
4	0.03995209187269211	8.9429292678833	2.550877571105957	2.54760479927063	1.9282333850860596	1.9162139892578125	False	[0 0 0 0 0 1 0 0 0 0 0 1]	[0 0 0 0 0 0 0 1 0 0 1 0]	[0 0 0 0 0 0]	[0 1 0 0 1 0]
4	0.539889395236969	8.872949600219727	2.5290825366973877	2.535048484802246	1.9199899435043335	1.8888287544250488	False	[0 0 0 0 0 0 0 0 0 0 0 1]	[0 0 0 0 0 0 0 1 0 0 0 0]	[0 1 0 0 0 0]	[0 0 0 0 1 0]
4	-1.0	8.94308090209961	2.550895929336548	2.5476770401000977	1.928412914276123	1.9160956144332886	False	[0 0 0 0 0 0 0 0 0 0 0 0]	[0 0 0 0 0 0 0 0 0 0 0 0]	[0 0 0 0 0 0]	[0 0 0 0 0 0]
4	0.49757862091064453	8.82268238067627	2.5104427337646484	2.5260169506073	1.9147508144378662	1.8714712858200073	False	[0 0 0 0 0 1 0 0 0 0 0 0]	[0 0 0 0 0 0 0 0 0 0 1 0]	[0 1 0 0 0 0]	[0 1 0 0 0 0]
4	0.03940299525856972	8.942729949951172	2.5510077476501465	2.547423839569092	1.9281420707702637	1.9161558151245117	False	[0 0 0 0 0 1 0 0 0 0 0 1]	[0 0 0 0 0 0 0 1 0 0 1 0]	[0 0 0 0 0 0]	[0 1 0 0 1 0]
4	0.5678256750106812	8.872658729553223	2.5293691158294678	2.5348317623138428	1.9197078943252563	1.8887497186660767	False	[0 0 0 0 0 0 0 0 0 0 0 1]	[0 0 0 0 0 0 0 1 0 0 0 0]	[0 1 0 0 0 0]	[0 0 0 0 1 0]
4	-1.0	8.943008422851562	2.551088333129883	2.5477678775787354	1.9279496669769287	1.9162026643753052	False	[0 0 0 0 0 0 0 0 0 0 0 0]	[0 0 0 0 0 0 0 0 0 0 0 0]	[0 0 0 0 0 0]	[0 0 0 0 0 0]
4	0.495467871427536	8.823931694030762	2.510874032974243	2.526221752166748	1.9146908521652222	1.8721450567245483	False	[0 0 0 0 0 1 0 0 0 0 0 0]	[0 0 0 0 0 0 0 0 0 0 1 0]	[0 1 0 0 0 0]	[0 1 0 0 0 0]
4	0.04700719565153122	8.943077087402344	2.5511913299560547	2.547555446624756	1.928264856338501	1.916064977645874	False	[0 0 0 0 0 1 0 0 0 0 0 1]	[0 0 0 0 0 0 0 1 0 0 1 0]	[0 0 0 0 0 0]	[0 1 0 0 1 0]
5	0.4309427738189697	8.816534996032715	2.513098955154419	2.534014940261841	1.8916670083999634	1.8777544498443604	False	[0 1 0 0 0 0 0 0 0 0 0 0]	[0 0 1 0 0 0 0 0 0 0 0 0]	[0 1 0 0 0 0]	[1 0 0 0 0 0]
5	0.17289897799491882	8.878677368164062	2.532926321029663	2.535907030105591	1.9072338342666626	1.9026098251342773	False	[0 1 0 0 0 0 0 1 0 0 0 0]	[0 0 0 0 0 0 0 0 0 0 0 0]	[0 1 0 0 1 0]	[1 0 0 0 1 0]
5	0.4149118959903717	8.854362487792969	2.5260424613952637	2.5359911918640137	1.9006634950637817	1.8916658163070679	False	[0 1 0 0 0 0 0 0 0 0 0 0]	[0 0 1 0 0 0 0 0 0 0 0 0]	[0 0 0 0 1 0]	[0 0 0 0 1 0]
5	-0.5	8.879027366638184	2.533000946044922	2.535968065261841	1.9073901176452637	1.9026687145233154	False	[0 1 0 0 0 0 0 1 0 0 0 0]	[0 0 0 0 0 0 0 0 0 0 0 0]	[0 0 0 0 0 0]	[0 0 0 0 0 0]
5	0.422404021024704	8.832517623901367	2.5184683799743652	2.5351290702819824	1.8955397605895996	1.8833800554275513	False	[0 0 0 0 0 0 0 1 0 0 0 0]	[0 0 1 0 0 0 0 0 0 0 0 0]	[0 1 0 0 0 0]	[1 0 0 0 0 0]
5	0.04708079621195793	8.879794120788574	2.5333380699157715	2.535956859588623	1.9074485301971436	1.9030507802963257	False	[0 0 0 0 0 0 0 0 0 0 0 0]	[0 0 0 0 0 0 0 0 0 0 0 0]	[0 1 0 0 1 0]	[1 0 0 0 1 0]
5	0.44321152567863464	8.851977348327637	2.5249745845794678	2.5359902381896973	1.899975061416626	1.891038179397583	False	[0 0 0 0 0 0 0 1 0 0 0 0]	[0 0 1 0 0 0 0 0 0 0 0 0]	[0 0 0 0 1 0]	[1 0 0 0 0 0]
5	-0.5	8.882630348205566	2.5339856147766113	2.5367848873138428	1.9082372188568115	1.9036223888397217	False	[0 0 0 0 0 0 0 0 0 0 0 0]	[0 0 0 0 0 0 0 0 0 0 0 0]	[0 0 0 0 0 0]	[1 0 0 0 1 0]
5	0.4408983886241913	8.838788986206055	2.5206446647644043	2.535221576690674	1.8966422080993652	1.8862806558609009	False	[0 0 0 0 0 0 0 1 0 0 0 0]	[0 0 1 0 0 0 0 0 0 0 0 0]	[0 1 0 0 0 0]	[1 0 0 0 0 0]
5	0.04714926332235336	8.882179260253906	2.534069538116455	2.536461353302002	1.9083024263381958	1.9033458232879639	False	[0 0 0 0 0 0 0 0 0 0 0 0]	[0 0 0 0 0 0 0 0 0 0 0 0]	[0 1 0 0 1 0]	[1 0 0 0 1 0]
5	0.4398447573184967	8.854772567749023	2.52567195892334	2.5361099243164062	1.9009957313537598	1.8919947147369385	False	[0 0 0 0 0 0 0 1 0 0 0 0]	[0 0 1 0 0 0 0 0 0 0 0 0]	[0 0 0 0 1 0]	[0 0 0 0 1 0]
5	-1.0	8.881420135498047	2.5339252948760986	2.5366597175598145	1.9076688289642334	1.903165340423584	False	[0 0 0 0 0 0 0 0 0 0 0 0]	[0 0 0 0 0 0 0 0 0 0 0 0]	[0 0 0 0 0 0]	[0 0 0 0 0 0]
5	0.4318367540836334	8.81750774383545	2.5135719776153564	2.534125328063965	1.8916417360305786	1.878169059753418	False	[0 1 0 0 0 0 0 0 0 0 0 0]	[0 0 1 0 0 0 0 0 0 0 0 0]	[0 1 0 0 0 0]	[1 0 0 0 0 0]
5	0.1720474511384964	8.879033088684082	2.53311824798584	2.5360546112060547	1.9072787761688232	1.9025812149047852	False	[0 1 0 0 0 0 0 1 0 0 0 0]	[0 0 0 0 0 0 0 0 0 0 0 0]	[0 1 0 0 1 0]	[1 0 0 0 1 0]
5	0.45070189237594604	8.853981018066406	2.5256612300872803	2.536100387573242	1.9004762172698975	1.8917429447174072	False	[0 1 0 0 0 0 0 0 0 0 0 0]	[0 0 1 0 0 0 0 0 0 0 0 0]	[0 0 0 0 1 0]	[0 0 0 0 1 0]
5	-0.5	8.881758689880371	2.5341439247131348	2.535989761352539	1.9081264734268188	1.9034985303878784	False	[0 1 0 0 0 0 0 1 0 0 0 0]	[0 0 0 0 0 0 0 0 0 0 0 0]	[0 0 0 0 0 0]	[0 0 0 0 0 0]
5	0.4083347022533417	8.831993103027344	2.5185389518737793	2.5349879264831543	1.8949213027954102	1.883545160293579	False	[0 0 0 0 0 0 0 1 0 0 0 0]	[0 0 1 0 0 0 0 0 0 0 0 0]	[0 1 0 0 0 0]	[1 0 0 0 0 0]
5	0.04282301291823387	8.879369735717773	2.5333423614501953	2.536255359649658	1.9070725440979004	1.9026992321014404	False	[0 0 0 0 0 0 0 0 0 0 0 0]	[0 0 0 0 0 0 0 0 0 0 0 0]	[0 1 0 0 1 0]	[1 0 0 0 1 0]
5	0.42648079991340637	8.853231430053711	2.52530574798584	2.535858392715454	1.900684118270874	1.8913830518722534	False	[0 0 0 0 0 0 0 1 0 0 0 0]	[0 0 1 0 0 0 0 0 0 0 0 0]	[0 0 0 0 1 0]	[1 0 0 0 0 0]
5	-0.5	8.879171371459961	2.5329785346984863	2.535946846008301	1.9073364734649658	1.902909755706787	False	[0 0 0 0 0 0 0 0 0 0 0 0]	[0 0 0 0 0 0 0 0 0 0 0 0]	[0 0 0 0 0 0]	[1 0 0 0 1 0]
5	0.40863171219825745	8.840145111083984	2.5211427211761475	2.535630702972412	1.8968673944473267	1.8865047693252563	False	[0 0 0 0 0 0 0 1 0 0 0 0]	[0 0 1 0 0 0 0 0 0 0 0 0]	[0 1 0 0 0 0]	[1 0 0 0 0 0]
5	0.046790409833192825	8.879450798034668	2.5335192680358887	2.536113977432251	1.9072366952896118	1.902580738067627	False	[0 0 0 0 0 0 0 0 0 0 0 0]	[0 0 0 0 0 0 0 0 0 0 0 0]	[0 1 0 0 1 0]	[1 0 0 0 1 0]
5	0.4596366584300995	8.853472709655762	2.5253138542175293	2.5357840061187744	1.9005687236785889	1.891805648803711	False	[0 0 0 0 0 0 0 1 0 0 0 0]	[0 0 1 0 0 0 0 0 0 0 0 0]	[0 0 0 0 1 0]	[1 0 0 0 0 0]
5	-0.5	8.880035400390625	2.533243417739868	2.536062002182007	1.907772183418274	1.902957558631897	False	[0 0 0 0 0 0 0 0 0 0 0 0]	[0 0 0 0 0 0 0 0 0 0 0 0]	[0 0 0 0 0 0]	[1 0 0 0 1 0]
5	0.41446277499198914	8.839228630065918	2.520796298980713	2.535362482070923	1.8968865871429443	1.8861830234527588	False	[0 0 0 0 0 0 0 1 0 0 0 0]	[0 0 1 0 0 0 0 0 0 0 0 0]	[0 1 0 0 0 0]	[1 0 0 0 0 0]
5	0.05639128014445305	8.87999153137207	2.5334579944610596	2.5361223220825195	1.907304048538208	1.9031075239181519	False	[0 0 0 0 0 0 0 0 0 0 0 0]	[0 0 0 0 0 0 0 0 0 0 0 0]	[0 1 0 0 1 0]	[1 0 0 0 1 0]
5	0.4139520823955536	8.85376262664795	2.5254578590393066	2.53603196144104	1.9005539417266846	1.8917186260223389	False	[0 0 0 0 0 0 0 1 0 0 0 0]	[0 0 1 0 0 0 0 0 0 0 0 0]	[0 0 0 0 1 0]	[1 0 0 0 0 0]
5	-0.5	8.880443572998047	2.5337204933166504	2.536367416381836	1.9075489044189453	1.9028064012527466	False	[0 0 0 0 0 0 0 0 0 0 0 0]	[0 0 0 0 0 0 0 0 0 0 0 0]	[0 0 0 0 0 0]	[1 0 0 0 1 0]
5	0.4680437445640564	8.838750839233398	2.5207765102386475	2.535233497619629	1.8967132568359375	1.8860273361206055	False	[0 0 0 0 0 0 0 1 0 0 0 0]	[0 0 1 0 0 0 0 0 0 0 0 0]	[0 1 0 0 0 0]	[0 0 0 0 1 0]
5	-0.5	8.879799842834473	2.533620595932007	2.536212205886841	1.9072175025939941	1.90274977684021	False	[0 0 0 0 0 0 0 0 0 0 0 0]	[0 0 0 0 0 0 0 0 0 0 0 0]	[0 1 0 0 1 0]	[0 0 0 0 0 0]
6	0.535307765007019	8.869253158569336	2.527991771697998	2.550625801086426	1.8999030590057373	1.8907331228256226	False	[0 0 0 0 1 0 0 0 0 0 0 0]	[0 0 0 0 0 0 0 0 0 0 0 1]	[0 0 0 1 0 0]	[0 0 0 0 0 1]
6	0.03758472204208374	8.919587135314941	2.5456383228302	2.5510876178741455	1.9190993309020996	1.9037617444992065	False	[0 0 0 1 1 0 0 0 0 0 0 0]	[1 0 0 0 0 0 0 0 0 0 0 1]	[0 0 0 0 0 0]	[0 0 0 0 0 0]
6	0.19006004929542542	8.910383224487305	2.5418860912323	2.5522890090942383	1.9156090021133423	1.9005986452102661	False	[0 0 0 1 0 0 0 0 0 0 0 0]	[0 0 0 0 0 0 0 0 0 0 0 1]	[0 0 0 1 0 0]	[0 0 0 0 0 1]
6	0.022885026410222054	8.913414001464844	2.542673110961914	2.5526890754699707	1.9163095951080322	1.9017423391342163	False	[0 0 0 1 1 0 0 0 0 0 0 0]	[1 0 0 0 0 0 0 0 0 0 0 1]	[0 0 0 0 0 0]	[0 0 0 0 0 0]
6	0.2182331085205078	8.913798332214355	2.542393684387207	2.552791118621826	1.916710376739502	1.9019031524658203	False	[0 0 0 1 0 0 0 0 0 0 0 0]	[0 0 0 0 0 0 0 0 0 0 0 1]	[0 0 0 1 0 0]	[0 0 0 0 0 1]
6	0.02133210375905037	8.914463996887207	2.5427918434143066	2.5527572631835938	1.9165747165679932	1.9023396968841553	False	[0 0 0 1 1 0 0 0 0 0 0 0]	[1 0 0 0 0 0 0 0 0 0 0 1]	[0 0 0 0 0 0]	[0 0 0 0 0 0]
6	0.18916955590248108	8.914809226989746	2.5429611206054688	2.5528404712677	1.9166221618652344	1.9023853540420532	False	[0 0 0 1 0 0 0 0 0 0 0 0]	[0 0 0 0 0 0 0 0 0 0 0 1]	[0 0 0 1 0 0]	[0 0 0 0 0 1]
6	0.02552264928817749	8.913647651672363	2.5427520275115967	2.552600622177124	1.9167237281799316	1.9015711545944214	False	[0 0 0 1 1 0 0 0 0 0 0 0]	[1 0 0 0 0 0 0 0 0 0 0 1]	[0 0 0 0 0 0]	[0 0 0 0 0 0]
6	0.20892570912837982	8.913028717041016	2.5427639484405518	2.552602767944336	1.916168451309204	1.9014943838119507	False	[0 0 0 1 0 0 0 0 0 0 0 0]	[0 0 0 0 0 0 0 0 0 0 0 1]	[0 0 0 1 0 0]	[0 0 0 0 0 1]
6	0.02733631618320942	8.911641120910645	2.542231798171997	2.552349328994751	1.9160239696502686	1.901036262512207	False	[0 0 0 1 1 0 0 0 0 0 0 0]	[1 0 0 0 0 0 0 0 0 0 0 1]	[0 0 0 0 0 0]	[0 0 0 0 0 0]
6	0.1792113333940506	8.913702011108398	2.5427331924438477	2.5527079105377197	1.9165014028549194	1.901759386062622	False	[0 0 0 1 0 0 0 0 0 0 0 0]	[0 0 0 0 0 0 0 0 0 0 0 1]	[0 0 0 1 0 0]	[0 0 0 0 0 1]
6	0.03746447712182999	8.9126558303833	2.542365789413452	2.5525572299957275	1.9164530038833618	1.9012800455093384	False	[0 0 0 1 1 0 0 0 0 0 0 0]	[1 0 0 0 0 0 0 0 0 0 0 1]	[0 0 0 0 0 0]	[0 0 0 0 0 0]
6	0.20451174676418304	8.91211223602295	2.542323589324951	2.552386522293091	1.9162782430648804	1.901123285293579	False	[0 0 0 1 0 0 0 0 0 0 0 0]	[0 0 0 0 0 0 0 0 0 0 0 1]	[0 0 0 1 0 0]	[0 0 0 0 0 1]
6	0.028520293533802032	8.910429954528809	2.5420162677764893	2.5523128509521484	1.9157060384750366	1.9003952741622925	False	[0 0 0 1 1 0 0 0 0 0 0 0]	[1 0 0 0 0 0 0 0 0 0 0 1]	[0 0 0 0 0 0]	[0 0 0 0 0 0]
6	0.20023520290851593	8.914674758911133	2.542747974395752	2.5529308319091797	1.9165679216384888	1.9024282693862915	False	[0 0 0 1 0 0 0 0 0 0 0 0]	[0 0 0 0 0 0 0 0 0 0 0 1]	[0 0 0 1 0 0]	[0 0 0 0 0 1]
6	0.025645852088928223	8.910140037536621	2.5420849323272705	2.5520682334899902	1.916027307510376	1.8999593257904053	False	[0 0 0 1 1 0 0 0 0 0 0 0]	[1 0 0 0 0 0 0 0 0 0 0 1]	[0 0 0 0 0 0]	[0 0 0 0 0 0]
6	0.19446764886379242	8.91464614868164	2.54297137260437	2.55281662940979	1.9168543815612793	1.9020037651062012	False	[0 0 0 1 0 0 0 0 0 0 0 0]	[0 0 0 0 0 0 0 0 0 0 0 1]	[0 0 0 1 0 0]	[0 0 0 0 0 1]
6	0.028633199632167816	8.915645599365234	2.5431437492370605	2.5529730319976807	1.9169647693634033	1.9025635719299316	False	[0 0 0 1 1 0 0 0 0 0 0 0]	[1 0 0 0 0 0 0 0 0 0 0 1]	[0 0 0 0 0 0]	[0 0 0 0 0 0]
6	0.19768168032169342	8.911149024963379	2.5419106483459473	2.5524349212646484	1.915832757949829	1.900970458984375	False	[0 0 0 1 0 0 0 0 0 0 0 0]	[0 0 0 0 0 0 0 0 0 0 0 1]	[0 0 0 1 0 0]	[0 0 0 0 0 1]
6	0.028194738551974297	8.915847778320312	2.5430831909179688	2.5530505180358887	1.9166619777679443	1.903052568435669	False	[0 0 0 1 1 0 0 0 0 0 0 0]	[1 0 0 0 0 0 0 0 0 0 0 1]	[0 0 0 0 0 0]	[0 0 0 0 0 0]
6	0.1901465803384781	8.915311813354492	2.543088674545288	2.552785873413086	1.9166666269302368	1.90277099609375	False	[0 0 0 1 0 0 0 0 0 0 0 0]	[0 0 0 0 0 0 0 0 0 0 0 1]	[0 0 0 1 0 0]	[0 0 0 0 0 1]
6	0.03290695324540138	8.914021492004395	2.5426690578460693	2.552572011947632	1.9164891242980957	1.9022912979125977	False	[0 0 0 1 1 0 0 0 0 0 0 0]	[1 0 0 0 0 0 0 0 0 0 0 1]	[0 0 0 0 0 0]	[0 0 0 0 0 0]
6	0.19265367090702057	8.911481857299805	2.5420308113098145	2.5524227619171143	1.916061520576477	1.9009668827056885	False	[0 0 0 1 0 0 0 0 0 0 0 0]	[0 0 0 0 0 0 0 0 0 0 0 1]	[0 0 0 1 0 0]	[0 0 0 0 0 1]
6	0.02691209875047207	8.91480827331543	2.5429677963256836	2.5527992248535156	1.9167218208312988	1.9023194313049316	False	[0 0 0 1 1 0 0 0 0 0 0 0]	[1 0 0 0 0 0 0 0 0 0 0 1]	[0 0 0 0 0 0]	[0 0 0 0 0 0]
6	0.2131449282169342	8.91236400604248	2.5423786640167236	2.552473545074463	1.9162460565567017	1.9012655019760132	False	[0 0 0 1 0 0 0 0 0 0 0 0]	[0 0 0 0 0 0 0 0 0 0 0 1]	[0 0 0 1 0 0]	[0 0 0 0 0 1]
6	0.028478650376200676	8.910665512084961	2.5418636798858643	2.5522313117980957	1.9161545038223267	1.9004155397415161	False	[0 0 0 1 1 0 0 0 0 0 0 0]	[1 0 0 0 0 0 0 0 0 0 0 1]	[0 0 0 0 0 0]	[0 0 0 0 0 0]
6	0.1993565559387207	8.912557601928711	2.542595863342285	2.552412509918213	1.9162795543670654	1.9012701511383057	False	[0 0 0 1 0 0 0 0 0 0 0 0]	[0 0 0 0 0 0 0 0 0 0 0 1]	[0 0 0 1 0 0]	[0 0 0 0 0 1]
6	0.04373898357152939	8.910869598388672	2.541980743408203	2.5521903038024902	1.9160430431365967	1.9006562232971191	False	[0 0 0 1 1 0 0 0 0 0 0 0]	[1 0 0 0 0 0 0 0 0 0 0 1]	[0 0 0 0 0 0]	[0 0 0 0 0 0]
6	0.19025073945522308	8.9140625	2.5425844192504883	2.5528199672698975	1.9167118072509766	1.9019461870193481	False	[0 0 0 1 0 0 0 0 0 0 0 0]	[0 0 0 0 0 0 0 0 0 0 0 1]	[0 0 0 1 0 0]	[0 0 0 0 0 1]
6	0.022299349308013916	8.914244651794434	2.5427544116973877	2.552732229232788	1.9168086051940918	1.901949167251587	False	[0 0 0 1 1 0 0 0 0 0 0 0]	[1 0 0 0 0 0 0 0 0 0 0 1]	[0 0 0 0 0 0]	[0 0 0 0 0 0]
7	0.3114599883556366	8.83853816986084	2.508814573287964	2.5244429111480713	1.8996527194976807	1.905627965927124	False	[0 0 0 0 1 0 0 0 0 0 0 0]	[0 0 0 1 0 0 0 0 0 0 0 0]	[0 0 0 0 0 1]	[0 0 0 1 0 0]
7	0.0622517429292202	8.868799209594727	2.530534029006958	2.5271048545837402	1.907341718673706	1.9038177728652954	False	[0 0 0 0 0 0 0 0 0 0 0 0]	[0 0 0 0 0 0 0 0 0 0 0 0]	[0 0 1 0 0 1]	[0 0 0 1 1 0]
7	0.3034197688102722	8.864694595336914	2.5231478214263916	2.527052879333496	1.9081485271453857	1.9063456058502197	False	[0 0 0 0 1 0 0 0 0 0 0 0]	[0 0 0 1 0 0 0 0 0 0 0 0]	[0 0 1 0 0 0]	[0 0 0 0 1 0]
7	-1.0	8.865401268005371	2.5319793224334717	2.526219129562378	1.9055752754211426	1.9016271829605103	False	[0 0 0 0 0 0 0 0 0 0 0 0]	[0 0 0 0 0 0 0 0 0 0 0 0]	[0 0 0 0 0 0]	[0 0 0 0 0 0]
7	0.31150612235069275	8.840109825134277	2.509915828704834	2.5244944095611572	1.8999347686767578	1.9057648181915283	False	[0 0 0 0 1 0 0 0 0 0 0 0]	[0 0 0 1 0 0 0 0 0 0 0 0]	[0 0 0 0 0 1]	[0 0 0 1 0 0]
7	0.05043771117925644	8.867287635803223	2.53021502494812	2.526972770690918	1.9069093465805054	1.9031901359558105	False	[0 0 0 0 0 0 0 0 0 0 0 0]	[0 0 0 0 0 0 0 0 0 0 0 0]	[0 0 1 0 0 1]	[0 0 0 1 1 0]
7	0.3259567320346832	8.865159034729004	2.5232555866241455	2.527144432067871	1.9082562923431396	1.9065024852752686	False	[0 0 0 0 1 0 0 0 0 0 0 0]	[0 0 0 1 0 0 0 0 0 0 0 0]	[0 0 1 0 0 0]	[0 0 0 0 1 0]
7	-1.0	8.864078521728516	2.5313127040863037	2.526139259338379	1.9052562713623047	1.9013705253601074	False	[0 0 0 0 0 0 0 0 0 0 0 0]	[0 0 0 0 0 0 0 0 0 0 0 0]	[0 0 0 0 0 0]	[0 0 0 0 0 0]
7	0.3106333017349243	8.835591316223145	2.508251190185547	2.523865222930908	1.8987460136413574	1.9047285318374634	False	[0 0 0 0 1 0 0 0 0 0 0 0]	[0 0 0 1 0 0 0 0 0 0 0 0]	[0 0 0 0 0 1]	[0 0 0 1 0 0]
7	0.03633296117186546	8.865852355957031	2.530135154724121	2.5264363288879395	1.9066472053527832	1.9026334285736084	False	[0 0 0 0 0 0 0 0 0 0 0 0]	[0 0 0 0 0 0 0 0 0 0 0 0]	[0 0 1 0 0 1]	[0 0 0 1 1 0]
7	0.3120620548725128	8.86646842956543	2.5234451293945312	2.527566432952881	1.9085161685943604	1.9069406986236572	False	[0 0 0 0 1 0 0 0 0 0 0 0]	[0 0 0 1 0 0 0 0 0 0 0 0]	[0 0 1 0 0 0]	[0 0 0 0 1 0]
7	-1.0	8.863015174865723	2.5312752723693848	2.5257763862609863	1.9050763845443726	1.900887131690979	False	[0 0 0 0 0 0 0 0 0 0 0 0]	[0 0 0 0 0 0 0 0 0 0 0 0]	[0 0 0 0 0 0]	[0 0 0 0 0 0]
7	0.3157792389392853	8.838852882385254	2.5092337131500244	2.5245702266693115	1.8994848728179932	1.905564308166504	False	[0 0 0 0 1 0 0 0 0 0 0 0]	[0 0 0 1 0 0 0 0 0 0 0 0]	[0 0 0 0 0 1]	[0 0 0 1 0 0]
7	0.047433074563741684	8.862105369567871	2.528902530670166	2.5259861946105957	1.9059895277023315	1.9012271165847778	False	[0 0 0 0 0 0 0 0 0 0 0 0]	[0 0 0 0 0 0 0 0 0 0 0 0]	[0 0 1 0 0 1]	[0 0 0 1 1 0]
7	0.3366042673587799	8.863908767700195	2.5229902267456055	2.526972532272339	1.9079360961914062	1.9060100317001343	False	[0 0 0 0 1 0 0 0 0 0 0 0]	[0 0 0 1 0 0 0 0 0 0 0 0]	[0 0 1 0 0 0]	[0 0 0 0 1 0]
7	-1.0	8.866411209106445	2.531956911087036	2.5264909267425537	1.9055842161178589	1.9023795127868652	False	[0 0 0 0 0 0 0 0 0 0 0 0]	[0 0 0 0 0 0 0 0 0 0 0 0]	[0 0 0 0 0 0]	[0 0 0 0 0 0]
7	0.3035559356212616	8.839353561401367	2.509458541870117	2.5247795581817627	1.8994497060775757	1.905665397644043	False	[0 0 0 0 1 0 0 0 0 0 0 0]	[0 0 0 1 0 0 0 0 0 0 0 0]	[0 0 0 0 0 1]	[0 0 0 1 0 0]
7	0.0343204066157341	8.861896514892578	2.5288589000701904	2.5256972312927246	1.9058594703674316	1.901480793952942	False	[0 0 0 0 0 0 0 0 0 0 0 0]	[0 0 0 0 0 0 0 0 0 0 0 0]	[0 0 1 0 0 1]	[0 0 0 1 1 0]
7	0.32196033000946045	8.866952896118164	2.523695230484009	2.5276670455932617	1.9086899757385254	1.9069013595581055	False	[0 0 0 0 1 0 0 0 0 0 0 0]	[0 0 0 1 0 0 0 0 0 0 0 0]	[0 0 1 0 0 0]	[0 0 0 0 1 0]
7	-1.0	8.863322257995605	2.5312366485595703	2.526205062866211	1.9049837589263916	1.9008972644805908	False	[0 0 0 0 0 0 0 0 0 0 0 0]	[0 0 0 0 0 0 0 0 0 0 0 0]	[0 0 0 0 0 0]	[0 0 0 0 0 0]
7	0.3051920235157013	8.839558601379395	2.509307622909546	2.524925470352173	1.899660587310791	1.9056650400161743	False	[0 0 0 0 1 0 0 0 0 0 0 0]	[0 0 0 1 0 0 0 0 0 0 0 0]	[0 0 0 0 0 1]	[0 0 0 1 0 0]
7	0.04631631076335907	8.86400032043457	2.5295023918151855	2.5260605812072754	1.9061007499694824	1.9023370742797852	False	[0 0 0 0 0 0 0 0 0 0 0 0]	[0 0 0 0 0 0 0 0 0 0 0 0]	[0 0 1 0 0 1]	[0 0 0 1 1 0]
7	0.30358678102493286	8.863946914672852	2.5230374336242676	2.5266575813293457	1.9082194566726685	1.9060322046279907	False	[0 0 0 0 1 0 0 0 0 0 0 0]	[0 0 0 1 0 0 0 0 0 0 0 0]	[0 0 1 0 0 0]	[0 0 0 0 1 0]
7	-1.0	8.863171577453613	2.531269073486328	2.5260207653045654	1.9047529697418213	1.901129126548767	False	[0 0 0 0 0 0 0 0 0 0 0 0]	[0 0 0 0 0 0 0 0 0 0 0 0]	[0 0 0 0 0 0]	[0 0 0 0 0 0]
7	0.30061328411102295	8.839909553527832	2.5093109607696533	2.5249180793762207	1.899626612663269	1.9060537815093994	False	[0 0 0 0 1 0 0 0 0 0 0 0]	[0 0 0 1 0 0 0 0 0 0 0 0]	[0 0 0 0 0 1]	[0 0 0 1 0 0]
7	0.045738041400909424	8.868812561035156	2.530571699142456	2.526965379714966	1.90707266330719	1.9042025804519653	False	[0 0 0 0 0 0 0 0 0 0 0 0]	[0 0 0 0 0 0 0 0 0 0 0 0]	[0 0 1 0 0 1]	[0 0 0 1 1 0]
7	0.3254886865615845	8.8640718460083	2.5227108001708984	2.5269906520843506	1.9081475734710693	1.9062219858169556	False	[0 0 0 0 1 0 0 0 0 0 0 0]	[0 0 0 1 0 0 0 0 0 0 0 0]	[0 0 1 0 0 0]	[0 0 0 0 1 0]
7	-1.0	8.86612319946289	2.5322659015655518	2.5263679027557373	1.9056110382080078	1.9018783569335938	False	[0 0 0 0 0 0 0 0 0 0 0 0]	[0 0 0 0 0 0 0 0 0 0 0 0]	[0 0 0 0 0 0]	[0 0 0 0 0 0]
7	0.30469053983688354	8.838089942932129	2.509016990661621	2.5245070457458496	1.899352788925171	1.9052133560180664	False	[0 0 0 0 1 0 0 0 0 0 0 0]	[0 0 0 1 0 0 0 0 0 0 0 0]	[0 0 0 0 0 1]	[0 0 0 1 0 0]
7	0.04702869430184364	8.868936538696289	2.5306732654571533	2.526912212371826	1.9073326587677002	1.9040188789367676	False	[0 0 0 0 0 0 0 0 0 0 0 0]	[0 0 0 0 0 0 0 0 0 0 0 0]	[0 0 1 0 0 1]	[0 0 0 1 1 0]
8	-0.5	8.881111145019531	2.5156776905059814	2.5362117290496826	1.9028117656707764	1.9264097213745117	False	[0 1 0 0 0 0 0 0 0 0 0 0]	[1 0 0 0 0 0 0 0 0 0 0 0]	[0 0 0 1 0 0]	[1 0 0 0 0 0]
8	0.02680324763059616	8.899025917053223	2.529512882232666	2.537529706954956	1.909315586090088	1.9226679801940918	False	[0 0 0 0 0 0 0 0 0 0 0 0]	[0 0 0 0 0 0 0 0 0 0 0 0]	[0 0 0 1 0 1]	[1 0 0 0 1 0]
8	0.3590361475944519	8.898682594299316	2.524941921234131	2.5388317108154297	1.908947467803955	1.9259613752365112	False	[0 1 0 0 0 0 0 0 0 0 0 0]	[1 0 0 0 0 0 0 0 0 0 0 0]	[0 0 0 0 0 1]	[0 0 0 0 1 0]
8	-1.0	8.891921043395996	2.53100323677063	2.535212278366089	1.9063842296600342	1.9193211793899536	False	[0 0 0 0 0 0 0 0 0 0 0 0]	[0 0 0 0 0 0 0 0 0 0 0 0]	[0 0 0 0 0 0]	[0 0 0 0 0 0]
8	-0.5	8.875967025756836	2.5135300159454346	2.5351991653442383	1.9017221927642822	1.9255156517028809	False	[0 1 0 0 0 0 0 0 0 0 0 0]	[1 0 0 0 0 0 0 0 0 0 0 0]	[0 0 0 1 0 0]	[1 0 0 0 0 0]
8	0.018210044130682945	8.89981460571289	2.5295310020446777	2.537477731704712	1.9095988273620605	1.9232070446014404	False	[0 0 0 0 0 0 0 0 0 0 0 0]	[0 0 0 0 0 0 0 0 0 0 0 0]	[0 0 0 1 0 1]	[1 0 0 0 1 0]
8	0.31735095381736755	8.898763656616211	2.524543285369873	2.5389962196350098	1.9090453386306763	1.9261785745620728	False	[0 1 0 0 0 0 0 0 0 0 0 0]	[1 0 0 0 0 0 0 0 0 0 0 0]	[0 0 0 0 0 1]	[0 0 0 0 1 0]
8	-1.0	8.893853187561035	2.5318429470062256	2.535193920135498	1.9068905115127563	1.9199265241622925	False	[0 0 0 0 0 0 0 0 0 0 0 0]	[0 0 0 0 0 0 0 0 0 0 0 0]	[0 0 0 0 0 0]	[0 0 0 0 0 0]
8	-0.5	8.876314163208008	2.514045476913452	2.5352835655212402	1.901644229888916	1.9253416061401367	False	[0 1 0 0 0 0 0 0 0 0 0 0]	[1 0 0 0 0 0 0 0 0 0 0 0]	[0 0 0 1 0 0]	[1 0 0 0 0 0]
8	0.027422195300459862	8.897953987121582	2.5290987491607666	2.5373551845550537	1.909006953239441	1.9224927425384521	False	[0 0 0 0 0 0 0 0 0 0 0 0]	[0 0 0 0 0 0 0 0 0 0 0 0]	[0 0 0 1 0 1]	[1 0 0 0 1 0]
8	0.32958534359931946	8.898290634155273	2.524695873260498	2.5388967990875244	1.9089572429656982	1.9257397651672363	False	[0 1 0 0 0 0 0 0 0 0 0 0]	[1 0 0 0 0 0 0 0 0 0 0 0]	[0 0 0 0 0 1]	[0 0 0 0 1 0]
8	-1.0	8.89292049407959	2.531344413757324	2.5349442958831787	1.9066596031188965	1.91997230052948	False	[0 0 0 0 0 0 0 0 0 0 0 0]	[0 0 0 0 0 0 0 0 0 0 0 0]	[0 0 0 0 0 0]	[0 0 0 0 0 0]
8	-0.5	8.87529182434082	2.513336181640625	2.535187244415283	1.9015088081359863	1.9252597093582153	False	[0 1 0 0 0 0 0 0 0 0 0 0]	[1 0 0 0 0 0 0 0 0 0 0 0]	[0 0 0 1 0 0]	[1 0 0 0 0 0]
8	0.025699036195874214	8.900935173034668	2.529947280883789	2.5378546714782715	1.9098610877990723	1.9232723712921143	False	[0 0 0 0 0 0 0 0 0 0 0 0]	[0 0 0 0 0 0 0 0 0 0 0 0]	[0 0 0 1 0 1]	[1 0 0 0 1 0]
8	0.330891489982605	8.897829055786133	2.5244858264923096	2.538681983947754	1.9087600708007812	1.9259016513824463	False	[0 1 0 0 0 0 0 0 0 0 0 0]	[1 0 0 0 0 0 0 0 0 0 0 0]	[0 0 0 0 0 1]	[0 0 0 0 1 0]
8	-1.0	8.894512176513672	2.5320627689361572	2.5357635021209717	1.9069745540618896	1.9197111129760742	False	[0 0 0 0 0 0 0 0 0 0 0 0]	[0 0 0 0 0 0 0 0 0 0 0 0]	[0 0 0 0 0 0]	[0 0 0 0 0 0]
8	-0.5	8.878146171569824	2.5147905349731445	2.535684823989868	1.90211820602417	1.9255532026290894	False	[0 1 0 0 0 0 0 0 0 0 0 0]	[1 0 0 0 0 0 0 0 0 0 0 0]	[0 0 0 1 0 0]	[1 0 0 0 0 0]
8	0.018261650577187538	8.899203300476074	2.528996229171753	2.53749942779541	1.9096040725708008	1.9231035709381104	False	[0 0 0 0 0 0 0 0 0 0 0 0]	[0 0 0 0 0 0 0 0 0 0 0 0]	[0 0 0 1 0 1]	[1 0 0 0 1 0]
8	0.32335197925567627	8.90032958984375	2.5254905223846436	2.539156198501587	1.9094130992889404	1.926269292831421	False	[0 1 0 0 0 0 0 0 0 0 0 0]	[1 0 0 0 0 0 0 0 0 0 0 0]	[0 0 0 0 0 1]	[0 0 0 0 1 0]
8	-1.0	8.891843795776367	2.5312774181365967	2.534813165664673	1.9063855409622192	1.9193675518035889	False	[0 0 0 0 0 0 0 0 0 0 0 0]	[0 0 0 0 0 0 0 0 0 0 0 0]	[0 0 0 0 0 0]	[0 0 0 0 0 0]
8	-0.5	8.874418258666992	2.5129566192626953	2.534989595413208	1.9010772705078125	1.9253945350646973	False	[0 1 0 0 0 0 0 0 0 0 0 0]	[1 0 0 0 0 0 0 0 0 0 0 0]	[0 0 0 1 0 0]	[1 0 0 0 0 0]
8	0.025611447170376778	8.901556015014648	2.5299572944641113	2.538269519805908	1.9099987745285034	1.923330307006836	False	[0 0 0 0 0 0 0 0 0 0 0 0]	[0 0 0 0 0 0 0 0 0 0 0 0]	[0 0 0 1 0 1]	[1 0 0 0 1 0]
8	0.3202679455280304	8.90229606628418	2.5263290405273438	2.5397536754608154	1.9097498655319214	1.92646324634552	False	[0 1 0 0 0 0 0 0 0 0 0 0]	[1 0 0 0 0 0 0 0 0 0 0 0]	[0 0 0 0 0 1]	[0 0 0 0 1 0]
8	-1.0	8.892313957214355	2.5311813354492188	2.5348405838012695	1.9065940380096436	1.9196974039077759	False	[0 0 0 0 0 0 0 0 0 0 0 0]	[0 0 0 0 0 0 0 0 0 0 0 0]	[0 0 0 0 0 0]	[0 0 0 0 0 0]
8	-0.5	8.877016067504883	2.5146405696868896	2.535475969314575	1.9013186693191528	1.9255807399749756	False	[0 1 0 0 0 0 0 0 0 0 0 0]	[1 0 0 0 0 0 0 0 0 0 0 0]	[0 0 0 1 0 0]	[1 0 0 0 0 0]
8	0.03936612606048584	8.900008201599121	2.5293469429016113	2.5377509593963623	1.9096946716308594	1.9232158660888672	False	[0 0 0 0 0 0 0 0 0 0 0 0]	[0 0 0 0 0 0 0 0 0 0 0 0]	[0 0 0 1 0 1]	[1 0 0 0 1 0]
8	0.32005974650382996	8.899826049804688	2.525456428527832	2.538862943649292	1.9095004796981812	1.9260060787200928	False	[0 1 0 0 0 0 0 0 0 0 0 0]	[1 0 0 0 0 0 0 0 0 0 0 0]	[0 0 0 0 0 1]	[0 0 0 0 1 0]
8	-1.0	8.893638610839844	2.5316827297210693	2.535360813140869	1.9069231748580933	1.9196717739105225	False	[0 0 0 0 0 0 0 0 0 0 0 0]	[0 0 0 0 0 0 0 0 0 0 0 0]	[0 0 0 0 0 0]	[0 0 0 0 0 0]
8	-0.5	8.87614631652832	2.5139949321746826	2.535233736038208	1.9014750719070435	1.9254424571990967	False	[0 1 0 0 0 0 0 0 0 0 0 0]	[1 0 0 0 0 0 0 0 0 0 0 0]	[0 0 0 1 0 0]	[1 0 0 0 0 0]
8	0.02619779296219349	8.898370742797852	2.528884172439575	2.5373618602752686	1.9091918468475342	1.9229328632354736	False	[0 0 0 0 0 0 0 0 0 0 0 0]	[0 0 0 0 0 0 0 0 0 0 0 0]	[0 0 0 1 0 1]	[1 0 0 0 1 0]
9	0.21567395329475403	8.900774002075195	2.524571418762207	2.5498478412628174	1.911285161972046	1.9150691032409668	False	[0 0 0 0 0 0 0 1 0 0 0 0]	[0 0 0 0 0 0 0 0 0 0 1 0]	[0 1 0 0 0 0]	[0 0 0 0 1 0]
9	-1.0	8.895461082458496	2.534879207611084	2.549668312072754	1.9017045497894287	1.9092090129852295	False	[0 0 0 0 0 0 0 0 0 0 0 0]	[0 0 0 0 0 0 0 0 0 0 0 0]	[0 0 0 0 0 0]	[0 0 0 0 0 0]
9	0.43719378113746643	8.90188217163086	2.5248045921325684	2.549997329711914	1.911797285079956	1.915282964706421	False	[0 0 0 0 0 0 0 0 0 1 0 0]	[0 0 0 0 0 0 0 0 0 0 1 0]	[0 1 0 0 0 0]	[0 0 0 0 1 0]
9	-0.5	8.88979721069336	2.537224054336548	2.547229051589966	1.897707223892212	1.9076364040374756	False	[0 0 0 0 1 0 0 0 0 1 0 0]	[0 0 0 0 0 0 0 0 0 0 0 0]	[0 0 0 0 0 0]	[0 0 0 0 0 0]
9	0.3929457664489746	8.895170211791992	2.5341708660125732	2.549677848815918	1.9017643928527832	1.9095572233200073	False	[0 0 0 0 1 0 0 1 0 1 0 0]	[0 0 0 0 0 0 0 0 0 0 1 0]	[0 1 0 0 0 0]	[0 0 0 0 1 0]
9	-0.5	8.891680717468262	2.5378477573394775	2.5473663806915283	1.8985713720321655	1.9078953266143799	False	[0 0 0 0 0 0 0 1 0 1 0 0]	[0 0 0 0 0 0 0 0 0 0 0 0]	[0 0 0 0 0 0]	[0 0 0 0 0 0]
9	0.39870133996009827	8.900525093078613	2.5330402851104736	2.5506935119628906	1.9055629968643188	1.9112282991409302	False	[0 0 0 0 0 0 0 0 0 1 0 0]	[0 0 0 0 0 0 0 0 0 0 1 0]	[0 1 0 0 0 0]	[0 0 0 0 1 0]
9	-0.5	8.883763313293457	2.5352487564086914	2.5472593307495117	1.8947463035583496	1.906509280204773	False	[0 0 0 0 1 0 0 0 0 1 0 0]	[0 0 0 0 0 0 0 0 0 0 0 0]	[0 0 0 0 0 0]	[0 0 0 0 0 0]
9	0.4087066650390625	8.895569801330566	2.534581184387207	2.549696922302246	1.902066707611084	1.9092251062393188	False	[0 0 0 0 1 0 0 1 0 1 0 0]	[0 0 0 0 0 0 0 0 0 0 1 0]	[0 1 0 0 0 0]	[0 0 0 0 1 0]
9	-0.5	8.89232063293457	2.538220167160034	2.5471880435943604	1.8990669250488281	1.9078458547592163	False	[0 0 0 0 0 0 0 1 0 1 0 0]	[0 0 0 0 0 0 0 0 0 0 0 0]	[0 0 0 0 0 0]	[0 0 0 0 0 0]
9	0.41440102458000183	8.899127006530762	2.532808542251587	2.5504417419433594	1.9051799774169922	1.910697340965271	False	[0 0 0 0 0 0 0 0 0 1 0 0]	[0 0 0 0 0 0 0 0 0 0 1 0]	[0 1 0 0 0 0]	[0 0 0 0 1 0]
9	-0.5	8.88784408569336	2.53629732131958	2.5475072860717773	1.8967926502227783	1.9072470664978027	False	[0 0 0 0 1 0 0 0 0 1 0 0]	[0 0 0 0 0 0 0 0 0 0 0 0]	[0 0 0 0 0 0]	[0 0 0 0 0 0]
9	0.43710559606552124	8.889094352722168	2.5323777198791504	2.549332857131958	1.8990424871444702	1.9083408117294312	False	[0 0 0 0 1 0 0 1 0 1 0 0]	[0 0 0 0 0 0 0 0 0 0 1 0]	[0 1 0 0 0 0]	[0 0 0 0 1 0]
9	-0.5	8.889141082763672	2.537066698074341	2.5474629402160645	1.8972316980361938	1.9073798656463623	False	[0 0 0 0 0 0 0 1 0 1 0 0]	[0 0 0 0 0 0 0 0 0 0 0 0]	[0 0 0 0 0 0]	[0 0 0 0 0 0]
9	0.4471973180770874	8.901988983154297	2.5336835384368896	2.5508129596710205	1.9059289693832397	1.9115633964538574	False	[0 0 0 0 0 0 0 0 0 1 0 0]	[0 0 0 0 0 0 0 0 0 0 1 0]	[0 1 0 0 0 0]	[0 0 0 0 1 0]
9	-0.5	8.885643005371094	2.53582501411438	2.5472524166107178	1.8957725763320923	1.9067933559417725	False	[0 0 0 0 1 0 0 0 0 1 0 0]	[0 0 0 0 0 0 0 0 0 0 0 0]	[0 0 0 0 0 0]	[0 0 0 0 0 0]
9	0.4094299376010895	8.8931884765625	2.5334484577178955	2.549790382385254	1.9005481004714966	1.9094018936157227	False	[0 0 0 0 1 0 0 1 0 1 0 0]	[0 0 0 0 0 0 0 0 0 0 1 0]	[0 1 0 0 0 0]	[0 0 0 0 1 0]
9	-0.5	8.891894340515137	2.537851572036743	2.5472843647003174	1.8987934589385986	1.9079647064208984	False	[0 0 0 0 0 0 0 1 0 1 0 0]	[0 0 0 0 0 0 0 0 0 0 0 0]	[0 0 0 0 0 0]	[0 0 0 0 0 0]
9	0.42115098237991333	8.900997161865234	2.5332248210906982	2.5507164001464844	1.905687689781189	1.911367416381836	False	[0 0 0 0 0 0 0 0 0 1 0 0]	[0 0 0 0 0 0 0 0 0 0 1 0]	[0 1 0 0 0 0]	[0 0 0 0 1 0]
9	-0.5	8.887332916259766	2.53596830368042	2.5475049018859863	1.8964959383010864	1.907363772392273	False	[0 0 0 0 1 0 0 0 0 1 0 0]	[0 0 0 0 0 0 0 0 0 0 0 0]	[0 0 0 0 0 0]	[0 0 0 0 0 0]
9	0.398937463760376	8.892484664916992	2.5331547260284424	2.549571990966797	1.9005675315856934	1.9091910123825073	False	[0 0 0 0 1 0 0 1 0 1 0 0]	[0 0 0 0 0 0 0 0 0 0 1 0]	[0 1 0 0 0 0]	[0 0 0 0 1 0]
9	-0.5	8.895236015319824	2.53883695602417	2.547511100769043	1.900172472000122	1.9087148904800415	False	[0 0 0 0 0 0 0 1 0 1 0 0]	[0 0 0 0 0 0 0 0 0 0 0 0]	[0 0 0 0 0 0]	[0 0 0 0 0 0]
9	0.41712987422943115	8.898347854614258	2.5322632789611816	2.5504345893859863	1.9046269655227661	1.9110231399536133	False	[0 0 0 0 0 0 0 0 0 1 0 0]	[0 0 0 0 0 0 0 0 0 0 1 0]	[0 1 0 0 0 0]	[0 0 0 0 1 0]
9	-0.5	8.887066841125488	2.536208152770996	2.547159433364868	1.8966923952102661	1.9070069789886475	False	[0 0 0 0 1 0 0 0 0 1 0 0]	[0 0 0 0 0 0 0 0 0 0 0 0]	[0 0 0 0 0 0]	[0 0 0 0 0 0]
9	0.38956430554389954	8.893532752990723	2.5338990688323975	2.54955792427063	1.900968313217163	1.909106969833374	False	[0 0 0 0 1 0 0 1 0 1 0 0]	[0 0 0 0 0 0 0 0 0 0 1 0]	[0 1 0 0 0 0]	[0 0 0 0 1 0]
9	-0.5	8.89311408996582	2.5383903980255127	2.547177314758301	1.8995450735092163	1.9080017805099487	False	[0 0 0 0 0 0 0 1 0 1 0 0]	[0 0 0 0 0 0 0 0 0 0 0 0]	[0 0 0 0 0 0]	[0 0 0 0 0 0]
9	0.4320374131202698	8.899951934814453	2.532862424850464	2.5506701469421387	1.9051918983459473	1.9112272262573242	False	[0 0 0 0 0 0 0 0 0 1 0 0]	[0 0 0 0 0 0 0 0 0 0 1 0]	[0 1 0 0 0 0]	[0 0 0 0 1 0]
9	-0.5	8.888022422790527	2.5367281436920166	2.5472445487976074	1.8968101739883423	1.9072391986846924	False	[0 0 0 0 1 0 0 0 0 1 0 0]	[0 0 0 0 0 0 0 0 0 0 0 0]	[0 0 0 0 0 0]	[0 0 0 0 0 0]
9	0.39826613664627075	8.892337799072266	2.533174514770508	2.5496535301208496	1.9004665613174438	1.9090434312820435	False	[0 0 0 0 1 0 0 1 0 1 0 0]	[0 0 0 0 0 0 0 0 0 0 1 0]	[0 1 0 0 0 0]	[0 0 0 0 1 0]
9	-0.5	8.891215324401855	2.5378894805908203	2.547024726867676	1.8987417221069336	1.9075597524642944	False	[0 0 0 0 0 0 0 1 0 1 0 0]	[0 0 0 0 0 0 0 0 0 0 0 0]	[0 0 0 0 0 0]	[0 0 0 0 0 0]
10	0.5610132813453674	8.919879913330078	2.528765916824341	2.5372023582458496	1.9268858432769775	1.9270261526107788	False	[0 0 0 0 0 0 0 0 0 1 0 0]	[0 1 0 0 0 0 0 0 0 0 0 0]	[0 0 0 0 1 0]	[0 1 0 0 0 0]
10	0.41268569231033325	8.93790054321289	2.5386979579925537	2.5526070594787598	1.9204949140548706	1.9261012077331543	False	[0 0 0 0 1 0 0 0 0 1 0 0]	[0 1 0 0 0 0 0 0 0 0 1 0]	[0 0 1 0 1 0]	[0 1 1 0 0 0]
10	0.5244114398956299	8.926791191101074	2.538907766342163	2.5513792037963867	1.9137924909591675	1.9227114915847778	False	[0 0 0 0 0 0 0 0 0 1 0 0]	[0 1 0 0 0 0 0 0 0 0 0 0]	[0 0 0 0 1 0]	[0 1 0 0 0 0]
10	0.384428471326828	8.938106536865234	2.5394504070281982	2.5528366565704346	1.9197916984558105	1.9260278940200806	False	[0 0 0 0 1 0 0 0 0 1 0 0]	[0 1 0 0 0 0 0 0 0 0 1 0]	[0 0 1 0 1 0]	[0 1 1 0 0 0]
10	0.5589523315429688	8.926207542419434	2.538552761077881	2.5513551235198975	1.9136552810668945	1.9226444959640503	False	[0 0 0 0 0 0 0 0 0 1 0 0]	[0 1 0 0 0 0 0 0 0 0 0 0]	[0 0 0 0 1 0]	[0 1 0 0 0 0]
10	0.3868314325809479	8.936358451843262	2.538766860961914	2.5523746013641357	1.9195657968521118	1.9256514310836792	False	[0 0 0 0 1 0 0 0 0 1 0 0]	[0 1 0 0 0 0 0 0 0 0 1 0]	[0 0 1 0 1 0]	[0 1 1 0 0 0]
10	0.5657686591148376	8.92752456665039	2.538849353790283	2.5516486167907715	1.9139583110809326	1.923067569732666	False	[0 0 0 0 0 0 0 0 0 1 0 0]	[0 1 0 0 0 0 0 0 0 0 0 0]	[0 0 0 0 1 0]	[0 1 0 0 0 0]
10	0.4224150776863098	8.93470573425293	2.538736343383789	2.552187204360962	1.918642282485962	1.9251399040222168	False	[0 0 0 0 1 0 0 0 0 1 0 0]	[0 1 0 0 0 0 0 0 0 0 1 0]	[0 0 1 0 1 0]	[0 1 1 0 0 0]
10	0.5066572427749634	8.92987060546875	2.5387191772460938	2.5518808364868164	1.915594220161438	1.923676609992981	False	[0 0 0 0 0 0 0 0 0 1 0 0]	[0 1 0 0 0 0 0 0 0 0 0 0]	[0 0 0 0 1 0]	[0 1 0 0 0 0]
10	0.35193362832069397	8.936528205871582	2.5384225845336914	2.5523874759674072	1.920189380645752	1.9255292415618896	False	[0 0 0 0 1 0 0 0 0 1 0 0]	[0 1 0 0 0 0 0 0 0 0 1 0]	[0 0 1 0 1 0]	[0 0 0 0 0 0]
10	0.33024516701698303	8.942407608032227	2.5394551753997803	2.553788900375366	1.9225969314575195	1.9265661239624023	False	[0 0 0 0 1 0 0 0 0 0 0 0]	[0 1 0 0 0 0 0 0 0 0 0 0]	[0 0 1 0 0 0]	[0 1 0 0 0 0]
10	0.35203856229782104	8.941150665283203	2.5384321212768555	2.5533218383789062	1.9232025146484375	1.9261945486068726	False	[0 0 0 0 1 0 0 0 0 1 0 0]	[0 1 0 0 0 0 0 0 0 0 1 0]	[0 0 1 0 1 0]	[0 0 0 0 0 0]
10	0.3497437834739685	8.93908977508545	2.539397954940796	2.553314685821533	1.9206929206848145	1.9256842136383057	False	[0 0 0 0 1 0 0 0 0 0 0 0]	[0 1 0 0 0 0 0 0 0 0 0 0]	[0 0 1 0 0 0]	[0 1 0 0 0 0]
10	0.33849671483039856	8.942567825317383	2.539083242416382	2.553331136703491	1.9233038425445557	1.9268492460250854	False	[0 0 0 0 1 0 0 0 0 1 0 0]	[0 1 0 0 0 0 0 0 0 0 1 0]	[0 0 1 0 1 0]	[0 0 0 0 0 0]
10	0.3521592319011688	8.939946174621582	2.5389530658721924	2.5532705783843994	1.9219849109649658	1.9257371425628662	False	[0 0 0 0 1 0 0 0 0 0 0 0]	[0 1 0 0 0 0 0 0 0 0 0 0]	[0 0 1 0 0 0]	[0 1 0 0 0 0]
10	0.31877321004867554	8.94420337677002	2.538996696472168	2.5534558296203613	1.9243416786193848	1.927409052848816	False	[0 0 0 0 1 0 0 0 0 1 0 0]	[0 1 0 0 0 0 0 0 0 0 1 0]	[0 0 1 0 1 0]	[0 0 0 0 0 0]
10	0.3433953821659088	8.940359115600586	2.539167881011963	2.553506851196289	1.921729564666748	1.9259552955627441	False	[0 0 0 0 1 0 0 0 0 0 0 0]	[0 1 0 0 0 0 0 0 0 0 0 0]	[0 0 1 0 0 0]	[0 1 0 0 0 0]
10	0.3131500482559204	8.943621635437012	2.5386152267456055	2.553327798843384	1.9246350526809692	1.9270437955856323	False	[0 0 0 0 1 0 0 0 0 1 0 0]	[0 1 0 0 0 0 0 0 0 0 1 0]	[0 0 1 0 1 0]	[0 0 0 0 0 0]
10	0.34373989701271057	8.940792083740234	2.538792133331299	2.5534496307373047	1.9224820137023926	1.92606782913208	False	[0 0 0 0 1 0 0 0 0 0 0 0]	[0 1 0 0 0 0 0 0 0 0 0 0]	[0 0 1 0 0 0]	[0 1 0 0 0 0]
10	0.318103164434433	8.94199275970459	2.538926839828491	2.5533053874969482	1.9232454299926758	1.9265154600143433	False	[0 0 0 0 1 0 0 0 0 1 0 0]	[0 1 0 0 0 0 0 0 0 0 1 0]	[0 0 1 0 1 0]	[0 0 0 0 0 0]
10	0.34469524025917053	8.938389778137207	2.5392751693725586	2.5532045364379883	1.9204663038253784	1.9254435300827026	False	[0 0 0 0 1 0 0 0 0 0 0 0]	[0 1 0 0 0 0 0 0 0 0 0 0]	[0 0 1 0 0 0]	[0 1 0 0 0 0]
10	0.31067705154418945	8.94481372833252	2.538572311401367	2.5534675121307373	1.9253654479980469	1.92740797996521	False	[0 0 0 0 1 0 0 0 0 1 0 0]	[0 1 0 0 0 0 0 0 0 0 1 0]	[0 0 1 0 1 0]	[0 0 0 0 0 0]
10	0.32914894819259644	8.940646171569824	2.5392847061157227	2.5533053874969482	1.9218499660491943	1.9262055158615112	False	[0 0 0 0 1 0 0 0 0 0 0 0]	[0 1 0 0 0 0 0 0 0 0 0 0]	[0 0 1 0 0 0]	[0 1 0 0 0 0]
10	0.342573881149292	8.943306922912598	2.5388026237487793	2.553469657897949	1.924047827720642	1.9269864559173584	False	[0 0 0 0 1 0 0 0 0 1 0 0]	[0 1 0 0 0 0 0 0 0 0 1 0]	[0 0 1 0 1 0]	[0 0 0 0 0 0]
10	0.3269585371017456	8.938125610351562	2.5394716262817383	2.5531668663024902	1.9200901985168457	1.925397276878357	False	[0 0 0 0 1 0 0 0 0 0 0 0]	[0 1 0 0 0 0 0 0 0 0 0 0]	[0 0 1 0 0 0]	[0 1 0 0 0 0]
10	0.33040720224380493	8.942964553833008	2.538658857345581	2.5534703731536865	1.9239485263824463	1.9268860816955566	False	[0 0 0 0 1 0 0 0 0 1 0 0]	[0 1 0 0 0 0 0 0 0 0 1 0]	[0 0 1 0 1 0]	[0 0 0 0 0 0]
10	0.31097203493118286	8.938737869262695	2.5394089221954346	2.5531349182128906	1.9206838607788086	1.9255108833312988	False	[0 0 0 0 1 0 0 0 0 0 0 0]	[0 1 0 0 0 0 0 0 0 0 0 0]	[0 0 1 0 0 0]	[0 1 0 0 0 0]
10	0.34512948989868164	8.942341804504395	2.538600206375122	2.553395986557007	1.9239563941955566	1.926389455795288	False	[0 0 0 0 1 0 0 0 0 1 0 0]	[0 1 0 0 0 0 0 0 0 0 1 0]	[0 0 1 0 1 0]	[0 0 0 0 0 0]
10	0.30071815848350525	8.940414428710938	2.5394701957702637	2.5535948276519775	1.9212056398391724	1.9261436462402344	False	[0 0 0 0 1 0 0 0 0 0 0 0]	[0 1 0 0 0 0 0 0 0 0 0 0]	[0 0 1 0 0 0]	[0 1 0 0 0 0]
10	0.3415144085884094	8.944883346557617	2.538926124572754	2.5535244941711426	1.9248380661010742	1.9275943040847778	False	[0 0 0 0 1 0 0 0 0 1 0 0]	[0 1 0 0 0 0 0 0 0 0 1 0]	[0 0 1 0 1 0]	[0 0 0 0 0 0]
11	0.5420356392860413	8.85261344909668	2.5340864658355713	2.5015950202941895	1.910946249961853	1.9059851169586182	False	[1 0 0 0 0 0 0 0 0 0 0 0]	[0 0 0 0 0 0 0 1 0 0 0 0]	[0 1 0 0 0 0]	[0 0 0 0 1 0]
11	0.33185097575187683	8.838973999023438	2.527960777282715	2.5103838443756104	1.899591326713562	1.9010376930236816	False	[1 0 0 0 1 0 0 0 0 0 0 0]	[0 0 0 0 0 0 0 0 0 0 0 0]	[0 0 0 0 0 0]	[0 0 0 1 1 0]
11	0.3338924050331116	8.856465339660645	2.5327601432800293	2.512080430984497	1.9056593179702759	1.9059654474258423	False	[0 0 0 0 1 0 0 0 0 0 0 0]	[0 0 0 0 0 0 0 1 0 0 0 0]	[0 1 0 0 0 0]	[0 0 0 0 1 0]
11	0.3734581768512726	8.848783493041992	2.53094482421875	2.509887933731079	1.903857707977295	1.904093623161316	False	[1 0 0 0 1 0 0 0 0 0 0 0]	[0 0 0 0 0 0 0 0 0 0 0 0]	[0 0 0 0 0 0]	[0 0 0 1 1 0]
11	0.34257155656814575	8.85789680480957	2.533068895339966	2.512817144393921	1.9059261083602905	1.9060850143432617	False	[0 0 0 0 1 0 0 0 0 0 0 0]	[0 0 0 0 0 0 0 1 0 0 0 0]	[0 1 0 0 0 0]	[0 0 0 0 1 0]
11	0.3651166558265686	8.852819442749023	2.5318081378936768	2.511436939239502	1.9046411514282227	1.904933214187622	False	[1 0 0 0 1 0 0 0 0 0 0 0]	[0 0 0 0 0 0 0 0 0 0 0 0]	[0 0 0 0 0 0]	[0 0 0 1 1 0]
11	0.3242607116699219	8.857605934143066	2.5328404903411865	2.5129425525665283	1.90572988986969	1.9060931205749512	False	[0 0 0 0 1 0 0 0 0 0 0 0]	[0 0 0 0 0 0 0 1 0 0 0 0]	[0 1 0 0 0 0]	[0 0 0 0 1 0]
11	0.3579859137535095	8.853116035461426	2.531850576400757	2.512052297592163	1.9041216373443604	1.9050915241241455	False	[1 0 0 0 1 0 0 0 0 0 0 0]	[0 0 0 0 0 0 0 0 0 0 0 0]	[0 0 0 0 0 0]	[0 0 0 1 1 0]
11	0.3574506938457489	8.85659122467041	2.532727003097534	2.511599063873291	1.9061592817306519	1.906105637550354	False	[0 0 0 0 1 0 0 0 0 0 0 0]	[0 0 0 0 0 0 0 1 0 0 0 0]	[0 1 0 0 0 0]	[0 0 0 0 1 0]
11	0.3688196539878845	8.852230072021484	2.531825304031372	2.511054277420044	1.904593825340271	1.9047563076019287	False	[1 0 0 0 1 0 0 0 0 0 0 0]	[0 0 0 0 0 0 0 0 0 0 0 0]	[0 0 0 0 0 0]	[0 0 0 1 1 0]
11	0.3515489995479584	8.85814094543457	2.5329532623291016	2.513098955154419	1.9061014652252197	1.9059873819351196	False	[0 0 0 0 1 0 0 0 0 0 0 0]	[0 0 0 0 0 0 0 1 0 0 0 0]	[0 1 0 0 0 0]	[0 0 0 0 1 0]
11	0.3499588966369629	8.855833053588867	2.5322248935699463	2.513859272003174	1.9045658111572266	1.9051826000213623	False	[1 0 0 0 1 0 0 0 0 0 0 0]	[0 0 0 0 0 0 0 0 0 0 0 0]	[0 0 0 0 0 0]	[0 0 0 1 1 0]
11	0.31528908014297485	8.857136726379395	2.532731533050537	2.512437343597412	1.9059107303619385	1.906057357788086	False	[0 0 0 0 1 0 0 0 0 0 0 0]	[0 0 0 0 0 0 0 1 0 0 0 0]	[0 1 0 0 0 0]	[0 0 0 0 1 0]
11	0.35205772519111633	8.851227760314941	2.53145432472229	2.5110676288604736	1.9042980670928955	1.9044078588485718	False	[1 0 0 0 1 0 0 0 0 0 0 0]	[0 0 0 0 0 0 0 0 0 0 0 0]	[0 0 0 0 0 0]	[0 0 0 1 1 0]
11	0.3710670471191406	8.857625007629395	2.5329511165618896	2.512655258178711	1.9058516025543213	1.9061670303344727	False	[0 0 0 0 1 0 0 0 0 0 0 0]	[0 0 0 0 0 0 0 1 0 0 0 0]	[0 1 0 0 0 0]	[0 0 0 0 1 0]
11	0.3396981954574585	8.852346420288086	2.5317094326019287	2.5121631622314453	1.9040077924728394	1.9044660329818726	False	[1 0 0 0 1 0 0 0 0 0 0 0]	[0 0 0 0 0 0 0 0 0 0 0 0]	[0 0 0 0 0 0]	[0 0 0 1 1 0]
11	0.33238378167152405	8.856701850891113	2.5326268672943115	2.5117359161376953	1.906039834022522	1.906299114227295	False	[0 0 0 0 1 0 0 0 0 0 0 0]	[0 0 0 0 0 0 0 1 0 0 0 0]	[0 1 0 0 0 0]	[0 0 0 0 1 0]
11	0.36748602986335754	8.851452827453613	2.5315141677856445	2.511146068572998	1.9041775465011597	1.9046145677566528	False	[1 0 0 0 1 0 0 0 0 0 0 0]	[0 0 0 0 0 0 0 0 0 0 0 0]	[0 0 0 0 0 0]	[0 0 0 1 1 0]
11	0.3430617153644562	8.857702255249023	2.532968282699585	2.512687921524048	1.9059932231903076	1.9060524702072144	False	[0 0 0 0 1 0 0 0 0 0 0 0]	[0 0 0 0 0 0 0 1 0 0 0 0]	[0 1 0 0 0 0]	[0 0 0 0 1 0]
11	0.3571307361125946	8.853570938110352	2.5320000648498535	2.512356996536255	1.9041701555252075	1.905043363571167	False	[1 0 0 0 1 0 0 0 0 0 0 0]	[0 0 0 0 0 0 0 0 0 0 0 0]	[0 0 0 0 0 0]	[0 0 0 1 1 0]
11	0.34322354197502136	8.853507041931152	2.5322906970977783	2.5110387802124023	1.90516996383667	1.9050081968307495	False	[0 0 0 0 1 0 0 0 0 0 0 0]	[0 0 0 0 0 0 0 1 0 0 0 0]	[0 1 0 0 0 0]	[0 0 0 0 1 0]
11	0.3630838692188263	8.854598999023438	2.5321574211120605	2.512622833251953	1.9047759771347046	1.9050425291061401	False	[1 0 0 0 1 0 0 0 0 0 0 0]	[0 0 0 0 0 0 0 0 0 0 0 0]	[0 0 0 0 0 0]	[0 0 0 1 1 0]
11	0.37230753898620605	8.859426498413086	2.5331037044525146	2.5136749744415283	1.9062362909317017	1.9064112901687622	False	[0 0 0 0 1 0 0 0 0 0 0 0]	[0 0 0 0 0 0 0 1 0 0 0 0]	[0 1 0 0 0 0]	[0 0 0 0 1 0]
11	0.3335493803024292	8.857185363769531	2.532590389251709	2.514072895050049	1.9049211740493774	1.905600666999817	False	[1 0 0 0 1 0 0 0 0 0 0 0]	[0 0 0 0 0 0 0 0 0 0 0 0]	[0 0 0 0 0 0]	[0 0 0 1 1 0]
11	0.3459838628768921	8.856729507446289	2.53263521194458	2.512166738510132	1.9057374000549316	1.906190276145935	False	[0 0 0 0 1 0 0 0 0 0 0 0]	[0 0 0 0 0 0 0 1 0 0 0 0]	[0 1 0 0 0 0]	[0 0 0 0 1 0]
11	0.3571729362010956	8.852185249328613	2.5315730571746826	2.5113754272460938	1.9043831825256348	1.9048532247543335	False	[1 0 0 0 1 0 0 0 0 0 0 0]	[0 0 0 0 0 0 0 0 0 0 0 0]	[0 0 0 0 0 0]	[0 0 0 1 1 0]
11	0.3228563964366913	8.860934257507324	2.5336341857910156	2.5146186351776123	1.9061524868011475	1.9065287113189697	False	[0 0 0 0 1 0 0 0 0 0 0 0]	[0 0 0 0 0 0 0 1 0 0 0 0]	[0 1 0 0 0 0]	[0 0 0 0 1 0]
11	0.37269994616508484	8.853602409362793	2.5317959785461426	2.512213945388794	1.9045408964157104	1.9050512313842773	False	[1 0 0 0 1 0 0 0 0 0 0 0]	[0 0 0 0 0 0 0 0 0 0 0 0]	[0 0 0 0 0 0]	[0 0 0 1 1 0]
11	0.32654115557670593	8.85859203338623	2.53314471244812	2.5132195949554443	1.9058716297149658	1.9063560962677002	False	[0 0 0 0 1 0 0 0 0 0 0 0]	[0 0 0 0 0 0 0 1 0 0 0 0]	[0 1 0 0 0 0]	[0 0 0 0 1 0]
11	0.3784230053424835	8.852434158325195	2.5316014289855957	2.5116729736328125	1.9045658111572266	1.904593825340271	False	[1 0 0 0 1 0 0 0 0 0 0 0]	[0 0 0 0 0 0 0 0 0 0 0 0]	[0 0 0 0 0 0]	[0 0 0 1 1 0]
