# num_workers = 7
# num_cells = 256
# seed_for_environment = 1732050
# lr = 0.0003
# max_grad_norm = 1.0
# eval_rollout_length = 30
# scaling_factor = 1000
# frames_per_batch = 500
# sub_batch_size = 64
# num_epochs = 15
# clip_epsilon = 0.2
# gamma = 0.99
# lmbda = 0.95
# entropy_eps = 0.003
# env_reward_engineering = True
# env_minimum_number_of_qubits = 8
# log_name = search_9_6_seed_1732050
# env_error_range = linear5
# env_version = qecc/bbcode-ldpc-v0
# env_bit_flipping = True
# env_l = 9
# env_m = 6
# env_use_dict_observation = True
# env_number_of_decoder_iterations = 50
# env_number_of_samples = 50
# env_code_logging = False
# model_architecture = hybrid
# model_surrogate_model_path = /vol/bitbucket/osella/rl-qecc-data//supervisedLearning/2026-07-12_21-15-58/surrogate_6x6.pth
# model_use_pretrained_encoder = True
# index_to_unfreeze_encoder_updates = 10
# encoder_lr_factor = 0.1
# training_device = cpu
# Resolved arguments:
# Resolved_env_reward_engineering = True
# Resolved_env_bit_flipping = True
# Resolved_env_useDictObservation = True
# Resolved_env_code_logging = False
# Resolved_env_error_range = [np.float64(0.0001), np.float64(0.025075), np.float64(0.05005), np.float64(0.075025), np.float64(0.1)]
# Resolved_model_use_pretrained_encoder = True
# Resolved_trainingDevice = cpu
# Resolved_model_architecture = hybrid
# Just for information, not used in actual run: SLURM CPUS queried from os environment: 96
# Number of workers: 7
# Does torch identify cuda: False
evaluation number	reward	policy entropy	policy entropy aX	policy entropy bX	policy entropy aY	policy entropy bY	Encoder freeze	postAction_aX	postAction_bX	postAction_aY	postAction_bY
0	-0.25	8.34815788269043	2.2460930347442627	2.27756929397583	1.8962208032608032	1.928274393081665	True	[0 0 0 0 0 1 0 0 0]	[0 0 0 0 0 0 0 1 0]	[0 0 1 0 0 0]	[0 1 0 0 0 0]
0	-0.75	8.4485502243042	2.2865772247314453	2.281024932861328	1.938140869140625	1.9428069591522217	True	[0 0 0 1 0 1 0 0 0]	[0 1 0 0 0 0 0 1 0]	[1 0 1 0 0 0]	[1 1 0 0 0 0]
0	-0.75	8.443284034729004	2.2827513217926025	2.2825138568878174	1.9377799034118652	1.9402387142181396	True	[0 0 0 0 0 1 0 0 0]	[0 0 0 0 0 0 0 1 0]	[1 0 1 1 0 0]	[1 1 0 0 1 0]
0	-0.75	8.437959671020508	2.2861781120300293	2.2909345626831055	1.9298782348632812	1.9309682846069336	True	[0 0 0 1 0 1 0 0 0]	[0 1 0 0 0 0 0 1 0]	[1 0 1 0 0 0]	[1 1 0 0 0 0]
0	-0.75	8.443415641784668	2.282456636428833	2.285639762878418	1.9355595111846924	1.9397603273391724	True	[0 0 0 0 0 1 0 0 0]	[0 0 0 0 0 0 0 1 0]	[1 0 1 1 0 0]	[1 1 0 0 1 0]
0	-0.75	8.433082580566406	2.282578229904175	2.291858673095703	1.9295570850372314	1.9290887117385864	True	[0 0 0 1 0 1 0 0 0]	[0 1 0 0 0 0 0 1 0]	[1 0 1 0 0 0]	[1 1 0 0 0 0]
0	-0.25	8.444329261779785	2.2845029830932617	2.2835419178009033	1.935344934463501	1.9409401416778564	True	[0 0 0 0 0 1 0 0 0]	[0 0 0 0 0 0 0 1 0]	[1 0 1 0 0 1]	[1 1 0 0 1 0]
0	-0.75	8.440778732299805	2.2823894023895264	2.2925713062286377	1.928701400756836	1.9371166229248047	True	[0 0 0 1 0 1 0 0 0]	[0 1 0 0 0 0 0 1 0]	[1 0 1 0 0 0]	[1 1 0 0 0 0]
0	-0.25	8.440929412841797	2.281702756881714	2.2835121154785156	1.9363908767700195	1.9393235445022583	True	[0 0 0 0 0 1 0 0 0]	[0 0 0 0 0 0 0 1 0]	[1 0 1 0 0 1]	[1 1 0 0 1 0]
0	-0.75	8.43881607055664	2.2844791412353516	2.29012131690979	1.9290096759796143	1.9352060556411743	True	[0 0 0 1 0 1 0 0 0]	[0 1 0 0 0 0 0 1 0]	[1 0 1 0 0 0]	[1 1 0 0 0 0]
0	-0.75	8.438742637634277	2.2817625999450684	2.280844211578369	1.9350519180297852	1.9410841464996338	True	[0 0 0 0 0 1 0 0 0]	[0 0 0 0 0 0 0 1 0]	[1 0 1 1 0 0]	[1 1 0 0 1 0]
0	-0.75	8.431864738464355	2.2819108963012695	2.290590763092041	1.9291706085205078	1.9301925897598267	True	[0 0 0 1 0 1 0 0 0]	[0 1 0 0 0 0 0 1 0]	[1 0 1 0 0 0]	[1 1 0 0 0 0]
0	-0.75	8.442068099975586	2.282984972000122	2.2824606895446777	1.936704158782959	1.9399183988571167	True	[0 0 0 0 0 1 0 0 0]	[0 0 0 0 0 0 0 1 0]	[1 0 1 1 0 0]	[1 1 0 0 1 0]
0	-0.75	8.43163013458252	2.2826387882232666	2.2904531955718994	1.928858757019043	1.9296793937683105	True	[0 0 0 1 0 1 0 0 0]	[0 1 0 0 0 0 0 1 0]	[1 0 1 0 0 0]	[1 1 0 0 0 0]
0	-0.75	8.440340995788574	2.282148838043213	2.284395694732666	1.933314323425293	1.940482258796692	True	[0 0 0 0 0 1 0 0 0]	[0 0 0 0 0 0 0 1 0]	[1 0 1 1 0 0]	[1 1 0 0 1 0]
0	-0.75	8.430658340454102	2.284672260284424	2.292043924331665	1.9270163774490356	1.9269256591796875	True	[0 0 0 1 0 1 0 0 0]	[0 1 0 0 0 0 0 1 0]	[1 0 1 0 0 0]	[1 1 0 0 0 0]
0	-0.75	8.441930770874023	2.2853245735168457	2.2838618755340576	1.9336986541748047	1.939045786857605	True	[0 0 0 0 0 1 0 0 0]	[0 0 0 0 0 0 0 1 0]	[1 0 1 1 0 0]	[1 1 0 0 1 0]
0	-0.75	8.429911613464355	2.281303882598877	2.2903409004211426	1.929373025894165	1.9288939237594604	True	[0 0 0 1 0 1 0 0 0]	[0 1 0 0 0 0 0 1 0]	[1 0 1 0 0 0]	[1 1 0 0 0 0]
0	-0.75	8.440556526184082	2.282644748687744	2.2833566665649414	1.9350454807281494	1.939509391784668	True	[0 0 0 0 0 1 0 0 0]	[0 0 0 0 0 0 0 1 0]	[1 0 1 0 0 1]	[0 1 0 0 0 0]
0	0.24500000476837158	8.443870544433594	2.28769588470459	2.287174701690674	1.9301700592041016	1.9388301372528076	True	[0 0 0 1 0 1 0 0 0]	[0 1 0 0 0 0 0 1 0]	[1 0 1 0 0 0]	[0 0 0 0 0 0]
0	0.23000000417232513	8.443899154663086	2.2798051834106445	2.2869210243225098	1.93617582321167	1.9409970045089722	True	[0 0 0 0 0 1 0 0 0]	[0 0 0 0 0 0 0 1 0]	[1 0 0 0 0 0]	[1 0 0 0 0 0]
0	-0.75	8.424518585205078	2.275178909301758	2.291600227355957	1.9266456365585327	1.931093454360962	True	[0 1 0 0 0 1 0 0 0]	[0 1 0 0 0 0 0 1 0]	[1 0 1 0 0 0]	[1 1 0 0 0 0]
0	-0.75	8.438081741333008	2.2788543701171875	2.2825820446014404	1.9371473789215088	1.9394981861114502	True	[0 1 0 1 0 1 0 0 0]	[0 0 0 0 0 0 0 1 0]	[1 0 1 1 0 0]	[1 1 0 0 1 0]
0	-0.75	8.424941062927246	2.282888889312744	2.2860541343688965	1.9230951070785522	1.9329031705856323	True	[0 1 0 0 0 1 0 0 0]	[0 1 0 0 0 0 0 1 0]	[1 0 1 0 0 0]	[1 1 0 0 0 0]
0	-0.75	8.438620567321777	2.278994083404541	2.28350830078125	1.9361096620559692	1.9400086402893066	True	[0 1 0 1 0 1 0 0 0]	[0 0 0 0 0 0 0 1 0]	[1 0 1 0 0 1]	[0 1 0 0 0 0]
0	-0.75	8.430756568908691	2.2807087898254395	2.280629873275757	1.9286497831344604	1.9407682418823242	True	[0 1 0 0 0 1 0 0 0]	[0 1 0 0 0 0 0 1 0]	[1 0 1 0 0 0]	[0 1 0 0 1 0]
0	-0.25	8.4393892288208	2.2813169956207275	2.283731698989868	1.9357261657714844	1.9386143684387207	True	[0 1 0 1 0 1 0 0 0]	[0 0 0 0 0 0 0 1 0]	[1 0 1 0 0 1]	[1 1 0 0 1 0]
0	-0.75	8.423213958740234	2.2767369747161865	2.286048173904419	1.9242334365844727	1.936195731163025	True	[0 1 0 0 0 1 0 0 0]	[0 1 0 0 0 0 0 1 0]	[1 0 1 1 0 1]	[1 1 0 0 0 0]
0	-0.75	8.43586254119873	2.2844836711883545	2.2919225692749023	1.9263179302215576	1.933138132095337	True	[0 1 0 1 0 1 0 0 0]	[0 0 0 0 0 0 0 1 0]	[1 0 1 1 0 0]	[1 1 0 0 1 0]
0	-0.75	8.42540168762207	2.2825028896331787	2.2866616249084473	1.92470121383667	1.9315358400344849	True	[0 1 0 0 0 1 0 0 0]	[0 1 0 0 0 0 0 1 0]	[1 0 1 0 0 0]	[1 1 0 0 0 0]
