# num_workers = 7
# num_cells = 256
# seed_for_environment = 1618033
# lr = 0.0003
# max_grad_norm = 1.0
# eval_rollout_length = 30
# scaling_factor = 1000
# frames_per_batch = 500
# sub_batch_size = 64
# num_epochs = 15
# clip_epsilon = 0.2
# gamma = 0.99
# lmbda = 0.95
# entropy_eps = 0.003
# env_reward_engineering = True
# env_minimum_number_of_qubits = 8
# log_name = search_9_6_seed_1618033
# env_error_range = linear5
# env_version = qecc/bbcode-ldpc-v0
# env_bit_flipping = True
# env_l = 9
# env_m = 6
# env_use_dict_observation = True
# env_number_of_decoder_iterations = 50
# env_number_of_samples = 50
# env_code_logging = False
# model_architecture = hybrid
# model_surrogate_model_path = /vol/bitbucket/osella/rl-qecc-data//supervisedLearning/2026-07-12_20-18-32/surrogate_6x6.pth
# model_use_pretrained_encoder = True
# index_to_unfreeze_encoder_updates = 10
# encoder_lr_factor = 0.1
# training_device = cpu
# Resolved arguments:
# Resolved_env_reward_engineering = True
# Resolved_env_bit_flipping = True
# Resolved_env_useDictObservation = True
# Resolved_env_code_logging = False
# Resolved_env_error_range = [np.float64(0.0001), np.float64(0.025075), np.float64(0.05005), np.float64(0.075025), np.float64(0.1)]
# Resolved_model_use_pretrained_encoder = True
# Resolved_trainingDevice = cpu
# Resolved_model_architecture = hybrid
# Just for information, not used in actual run: SLURM CPUS queried from os environment: 96
# Number of workers: 7
# Does torch identify cuda: False
evaluation number	reward	policy entropy	policy entropy aX	policy entropy bX	policy entropy aY	policy entropy bY	Encoder freeze	postAction_aX	postAction_bX	postAction_aY	postAction_bY
0	-1.0	8.30611515045166	2.2863776683807373	2.2851898670196533	1.8951879739761353	1.8393597602844238	True	[0 0 0 0 1 0 0 0 0]	[0 0 0 0 1 0 0 0 0]	[0 0 0 0 0 1]	[0 0 0 0 0 0]
0	-0.5	8.299654960632324	2.270061731338501	2.2859370708465576	1.8802129030227661	1.8634437322616577	True	[0 0 0 0 0 0 0 0 0]	[0 0 0 0 1 1 0 0 0]	[0 0 0 0 0 0]	[0 0 0 0 0 0]
0	-0.75	8.304569244384766	2.290309190750122	2.285855293273926	1.8946276903152466	1.8337769508361816	True	[0 0 0 0 1 0 0 0 0]	[0 0 0 0 1 1 0 0 0]	[0 0 0 0 0 1]	[0 0 0 0 0 0]
0	-0.5	8.297880172729492	2.268798589706421	2.2878429889678955	1.8824487924575806	1.8587899208068848	True	[0 0 0 0 0 0 0 0 0]	[0 0 0 0 0 1 0 0 0]	[0 0 0 0 0 0]	[0 0 0 0 0 0]
0	-1.0	8.282271385192871	2.2791481018066406	2.286468505859375	1.8752694129943848	1.8413851261138916	True	[0 0 0 0 1 0 0 0 0]	[0 0 0 0 0 1 0 0 0]	[0 0 0 0 0 1]	[0 0 0 0 0 0]
0	-0.5	8.301807403564453	2.2634294033050537	2.2851998805999756	1.873232126235962	1.8799452781677246	True	[0 0 0 0 0 0 0 0 0]	[0 0 0 0 1 1 0 0 0]	[0 0 0 0 0 0]	[0 0 0 0 0 0]
0	-1.0	8.286246299743652	2.283571720123291	2.2884488105773926	1.890892744064331	1.8233327865600586	True	[0 0 0 0 1 0 0 0 0]	[0 0 0 0 0 1 0 0 0]	[0 0 0 0 0 1]	[0 0 0 0 0 0]
0	-0.5	8.2986478805542	2.2553303241729736	2.283773422241211	1.8730545043945312	1.8864898681640625	True	[0 0 0 0 0 0 0 0 0]	[0 0 0 0 1 1 0 0 0]	[0 0 0 0 0 0]	[0 0 0 0 0 0]
0	-0.75	8.291281700134277	2.2879176139831543	2.284571647644043	1.892315149307251	1.8264766931533813	True	[0 0 0 0 1 0 0 0 0]	[0 0 0 0 1 1 0 0 0]	[0 0 0 0 0 1]	[0 0 0 0 0 0]
0	-0.5	8.30355453491211	2.266611337661743	2.2864816188812256	1.881361722946167	1.8690991401672363	True	[0 0 0 0 0 0 0 0 0]	[0 0 0 0 0 1 0 0 0]	[0 0 0 0 0 0]	[0 0 0 0 0 0]
0	-1.0	8.285914421081543	2.280275821685791	2.2894041538238525	1.8790442943572998	1.8371894359588623	True	[0 0 0 0 1 0 0 0 0]	[0 0 0 0 0 1 0 0 0]	[0 0 0 0 0 1]	[0 0 0 0 0 0]
0	-0.5	8.314229011535645	2.2685816287994385	2.2904529571533203	1.881157636642456	1.874036431312561	True	[0 0 0 0 0 0 0 0 0]	[0 0 0 0 1 1 0 0 0]	[0 0 0 0 0 0]	[0 0 0 0 0 0]
0	-0.75	8.300804138183594	2.288599967956543	2.2862184047698975	1.8903021812438965	1.8356833457946777	True	[0 0 0 0 1 0 0 0 0]	[0 0 0 0 1 1 0 0 0]	[0 0 0 0 0 1]	[0 0 0 0 0 0]
0	-0.5	8.298517227172852	2.2748875617980957	2.2882471084594727	1.8859342336654663	1.8494477272033691	True	[0 0 0 0 0 0 0 0 0]	[0 0 0 0 0 1 0 0 0]	[0 0 0 0 0 0]	[0 0 0 0 0 0]
0	-1.0	8.294857025146484	2.285593032836914	2.284135580062866	1.88779616355896	1.8373312950134277	True	[0 0 0 0 1 0 0 0 0]	[0 0 0 0 0 1 0 0 0]	[0 0 0 0 0 1]	[0 0 0 0 0 0]
0	-0.5	8.304189682006836	2.269218683242798	2.287726402282715	1.8771519660949707	1.8700929880142212	True	[0 0 0 0 0 0 0 0 0]	[0 0 0 0 1 1 0 0 0]	[0 0 0 0 0 0]	[0 0 0 0 0 0]
0	-1.0	8.302070617675781	2.2886016368865967	2.287191152572632	1.891883134841919	1.834394097328186	True	[0 0 0 0 1 0 0 0 0]	[0 0 0 0 0 1 0 0 0]	[0 0 0 0 0 1]	[0 0 0 0 0 0]
0	-0.5	8.29621696472168	2.2684695720672607	2.2885196208953857	1.8742154836654663	1.8650126457214355	True	[0 0 0 0 0 0 0 0 0]	[0 0 0 0 1 1 0 0 0]	[0 0 0 0 0 0]	[0 0 0 0 0 0]
0	-0.75	8.295058250427246	2.287613868713379	2.286895990371704	1.8918297290802002	1.8287194967269897	True	[0 0 0 0 1 0 0 0 0]	[0 0 0 0 1 1 0 0 0]	[0 0 0 0 0 1]	[0 0 0 0 0 0]
0	-0.5	8.301596641540527	2.26873779296875	2.286954164505005	1.8829915523529053	1.8629132509231567	True	[0 0 0 0 0 0 0 0 0]	[0 0 0 0 0 1 0 0 0]	[0 0 0 0 0 0]	[0 0 0 0 0 0]
0	-1.0	8.297660827636719	2.283205509185791	2.2887682914733887	1.8842607736587524	1.841425895690918	True	[0 0 0 0 1 0 0 0 0]	[0 0 0 0 0 1 0 0 0]	[0 0 0 0 0 1]	[0 0 0 0 0 0]
0	-0.5	8.305621147155762	2.2611007690429688	2.285722494125366	1.8805851936340332	1.8782122135162354	True	[0 0 0 0 0 0 0 0 0]	[0 0 0 0 1 1 0 0 0]	[0 0 0 0 0 0]	[0 0 0 0 0 0]
0	-1.0	8.28875732421875	2.2869622707366943	2.287152051925659	1.885617733001709	1.8290257453918457	True	[0 0 0 0 1 0 0 0 0]	[0 0 0 0 0 1 0 0 0]	[0 0 0 0 0 1]	[0 0 0 0 0 0]
0	-0.5	8.276898384094238	2.264616012573242	2.2813832759857178	1.8636696338653564	1.8672298192977905	True	[0 0 0 0 0 0 0 0 0]	[1 0 0 0 0 1 0 0 0]	[0 0 0 0 0 0]	[0 0 0 0 0 0]
0	-0.5	8.306673049926758	2.283658027648926	2.286752700805664	1.8857530355453491	1.8505088090896606	True	[0 0 0 0 1 0 0 0 0]	[1 0 0 0 1 1 0 0 0]	[0 0 0 0 0 1]	[0 0 0 0 0 0]
0	-0.5	8.320366859436035	2.2711665630340576	2.2847230434417725	1.8828271627426147	1.8816499710083008	True	[0 0 0 0 0 0 0 0 0]	[1 0 0 0 0 1 0 0 0]	[0 0 0 0 0 0]	[0 0 0 0 0 0]
0	-0.5	8.312545776367188	2.2857518196105957	2.2875239849090576	1.8899059295654297	1.8493643999099731	True	[0 0 0 0 1 0 0 0 0]	[1 0 0 0 1 1 0 0 0]	[0 0 0 0 0 1]	[0 0 0 0 0 0]
0	-0.5	8.304828643798828	2.270556688308716	2.2837018966674805	1.881002426147461	1.8695683479309082	True	[0 0 0 0 0 0 0 0 0]	[1 0 0 0 0 1 0 0 0]	[0 0 0 0 0 0]	[0 0 0 0 0 0]
0	-0.5	8.3052978515625	2.2873735427856445	2.286472797393799	1.8904142379760742	1.8410372734069824	True	[0 0 0 0 1 0 0 0 0]	[1 0 0 0 1 1 0 0 0]	[0 0 0 0 0 1]	[0 0 0 0 0 0]
0	-0.5	8.305071830749512	2.2700159549713135	2.2829043865203857	1.8828848600387573	1.8692668676376343	True	[0 0 0 0 0 0 0 0 0]	[1 0 0 0 0 1 0 0 0]	[0 0 0 0 0 0]	[0 0 0 0 0 0]
