# num_workers = 64
# num_cells = 256
# seed_for_environment = 121111
# lr = 0.0003
# max_grad_norm = 1.0
# eval_rollout_length = 30
# scaling_factor = 1000
# frames_per_batch = 1000
# sub_batch_size = 64
# num_epochs = 10
# clip_epsilon = 0.2
# gamma = 0.99
# lmbda = 0.95
# entropy_eps = 0.3
# reward_engineering = False
# minimum_number_of_qubits = 6
# log_name = None
# Number of workers: 64
# Does torch identify cuda: False
evaluation number	reward	policy entropy
0	-0.3333333432674408	99.2533950805664
0	0.024974999949336052	99.36393737792969
0	-1.0	99.25138854980469
0	-0.3333333432674408	99.22603607177734
0	-0.3333333432674408	99.28133392333984
0	-0.6666666865348816	99.28826141357422
0	-1.0	99.20457458496094
0	-1.0	99.14481353759766
0	-1.0	99.35139465332031
0	-0.3333333432674408	99.32949829101562
0	-1.0	99.34051513671875
0	-0.3333333432674408	99.26069641113281
0	-0.3333333432674408	99.25360107421875
0	-0.6666666865348816	99.1843490600586
0	-0.6666666865348816	99.29988098144531
0	0.03146849945187569	99.3493881225586
0	-1.0	99.4129409790039
0	-1.0	99.3487777709961
0	0.0359640009701252	99.4263916015625
0	-1.0	99.25434112548828
0	-1.0	99.33563232421875
0	-1.0	99.229248046875
0	0.029470499604940414	99.39292907714844
0	-0.3333333432674408	99.17981719970703
0	0.03146849945187569	99.08247375488281
0	-1.0	99.4486083984375
0	-1.0	99.41381072998047
0	-1.0	99.1976089477539
0	-1.0	99.42259216308594
0	0.031968001276254654	99.44474792480469
1	-1.0	99.51988220214844
1	0.033216748386621475	99.47128295898438
1	0.027472499758005142	99.47245025634766
1	0.025973999872803688	99.381103515625
1	-1.0	99.34940338134766
1	0.023976000025868416	99.44607543945312
1	-1.0	99.38752746582031
1	-1.0	99.44955444335938
1	-0.6666666865348816	99.38140106201172
1	-0.3333333432674408	99.47979736328125
1	-1.0	99.47889709472656
1	-1.0	99.52920532226562
1	-1.0	99.50868225097656
1	-1.0	99.45862579345703
1	-1.0	99.48367309570312
1	0.029969999566674232	99.4339370727539
1	-0.3333333432674408	99.54346466064453
1	-1.0	99.39680480957031
1	0.03496500104665756	99.3455581665039
1	-1.0	99.44983673095703
1	-1.0	99.424560546875
1	-0.3333333432674408	99.4442138671875
1	-1.0	99.48126220703125
1	-0.6666666865348816	99.37067413330078
1	-1.0	99.38098907470703
1	-1.0	99.51637268066406
1	-0.6666666865348816	99.36344909667969
1	-0.3333333432674408	99.49944305419922
1	-0.3333333432674408	99.39019775390625
1	-0.3333333432674408	99.36429595947266
2	-1.0	99.52217102050781
2	0.020979000255465508	99.4956283569336
2	0.025724250823259354	99.44524383544922
2	-1.0	99.56710815429688
2	0.03096899949014187	99.47453308105469
2	-1.0	99.51006317138672
2	-1.0	99.42796325683594
2	-1.0	99.48744201660156
2	-0.3333333432674408	99.48593139648438
2	0.026972999796271324	99.53450775146484
2	-1.0	99.45906066894531
2	-0.3333333432674408	99.46558380126953
2	0.0359640009701252	99.47602844238281
2	-1.0	99.55824279785156
2	-0.3333333432674408	99.62017059326172
2	-1.0	99.49923706054688
2	0.036963000893592834	99.50853729248047
2	-1.0	99.37327575683594
2	0.02547449991106987	99.44699096679688
2	-1.0	99.41460418701172
2	-1.0	99.43952941894531
2	0.020979000255465508	99.52183532714844
2	-1.0	99.51876831054688
2	-0.3333333432674408	99.54047393798828
2	-0.3333333432674408	99.49951171875
2	-1.0	99.3883285522461
2	-0.6666666865348816	99.53507995605469
2	0.024475499987602234	99.43473052978516
2	-0.3333333432674408	99.5323257446289
2	-0.3333333432674408	99.35113525390625
3	0.028970999643206596	99.46112823486328
3	-0.6666666865348816	99.63810729980469
3	-0.3333333432674408	99.44891357421875
3	-1.0	99.46971130371094
3	-1.0	99.691162109375
3	-1.0	99.65910339355469
3	-1.0	99.52381134033203
3	0.02547449991106987	99.68147277832031
3	-1.0	99.60365295410156
3	-1.0	99.60054016113281
3	0.02797199971973896	99.67761993408203
3	0.023476500064134598	99.64408874511719
3	-1.0	99.61046600341797
3	-1.0	99.58877563476562
3	-1.0	99.65284729003906
3	-1.0	99.6395263671875
3	-1.0	99.69264221191406
3	-0.6666666865348816	99.63719177246094
3	-1.0	99.53243255615234
3	-1.0	99.59716796875
3	-1.0	99.61996459960938
3	0.028970999643206596	99.68421173095703
3	-1.0	99.6438217163086
3	-1.0	99.6238784790039
3	-1.0	99.52722930908203
3	-1.0	99.58394622802734
3	-1.0	99.60365295410156
3	-0.6666666865348816	99.58554077148438
3	-1.0	99.54698944091797
3	-0.6666666865348816	99.66412353515625
4	-1.0	99.50459289550781
4	-1.0	99.6314926147461
4	-0.3333333432674408	99.56140899658203
4	-0.3333333432674408	99.52134704589844
4	-0.3333333432674408	99.4795913696289
4	-1.0	99.46126556396484
4	-1.0	99.54154968261719
4	-1.0	99.57557678222656
4	-1.0	99.67536926269531
4	-0.3333333432674408	99.60543060302734
4	-1.0	99.5976333618164
4	-1.0	99.5332260131836
4	-1.0	99.50370788574219
4	-1.0	99.5500717163086
4	-0.3333333432674408	99.59542083740234
4	-1.0	99.60945129394531
4	-0.3333333432674408	99.53805541992188
4	-0.3333333432674408	99.59860229492188
4	-1.0	99.52019500732422
4	-1.0	99.62576293945312
4	-0.6666666865348816	99.48666381835938
4	-0.3333333432674408	99.56417846679688
4	-1.0	99.61624908447266
4	-1.0	99.57364654541016
4	-1.0	99.58197021484375
4	-1.0	99.55345153808594
4	-0.6666666865348816	99.62420654296875
4	-1.0	99.59642791748047
4	-1.0	99.49324798583984
4	0.03096899949014187	99.57193756103516
5	-0.3333333432674408	99.48135375976562
5	-0.3333333432674408	99.42764282226562
5	-1.0	99.39016723632812
5	-1.0	99.46162414550781
5	0.02847149968147278	99.4985580444336
5	-1.0	99.35272216796875
5	-1.0	99.53071594238281
5	-1.0	99.52881622314453
5	-1.0	99.52694702148438
5	-1.0	99.59794616699219
5	-1.0	99.40628814697266
5	-0.3333333432674408	99.37471771240234
5	0.029969999566674232	99.42797088623047
5	-1.0	99.4013442993164
5	-1.0	99.31510925292969
5	0.025973999872803688	99.3533935546875
5	-0.3333333432674408	99.4343032836914
5	-1.0	99.54783630371094
5	-1.0	99.51995849609375
5	-0.3333333432674408	99.46220397949219
5	-1.0	99.52035522460938
5	-1.0	99.57685852050781
5	-1.0	99.51416015625
5	-1.0	99.42237854003906
5	-1.0	99.4275131225586
5	-1.0	99.49962615966797
5	0.028970999643206596	99.55474853515625
5	-0.3333333432674408	99.48453521728516
5	-0.3333333432674408	99.56803894042969
5	-1.0	99.40310668945312
6	-0.6666666865348816	99.62752532958984
6	-1.0	99.65303039550781
6	-0.6666666865348816	99.6479263305664
6	-0.6666666865348816	99.65099334716797
6	-0.6666666865348816	99.69468688964844
6	-1.0	99.52123260498047
6	-0.3333333432674408	99.6476058959961
6	0.027472499758005142	99.671875
6	-1.0	99.6487045288086
6	-0.3333333432674408	99.58516693115234
6	-1.0	99.62813568115234
6	-0.3333333432674408	99.73877716064453
6	-1.0	99.67509460449219
6	-1.0	99.62255859375
6	-1.0	99.67864227294922
6	-1.0	99.7259521484375
6	-0.3333333432674408	99.5223388671875
6	0.02847149968147278	99.66218566894531
6	-1.0	99.61787414550781
6	-0.6666666865348816	99.5896987915039
6	-1.0	99.7196044921875
6	0.014485499821603298	99.68252563476562
6	-1.0	99.67564392089844
6	0.024475499987602234	99.66206359863281
6	-1.0	99.54444885253906
6	-1.0	99.6749267578125
6	-1.0	99.70878601074219
6	-1.0	99.6142349243164
6	-1.0	99.60145568847656
6	-1.0	99.6438980102539
7	-0.3333333432674408	99.42304992675781
7	-1.0	99.49423217773438
7	-1.0	99.46107482910156
7	-1.0	99.31360626220703
7	-0.3333333432674408	99.57567596435547
7	-0.6666666865348816	99.31570434570312
7	0.03896100074052811	99.01930236816406
7	-1.0	99.40885925292969
7	-1.0	99.16270446777344
7	-0.3333333432674408	99.25718688964844
7	-1.0	99.13395690917969
7	-1.0	99.2998046875
7	-1.0	99.04144287109375
7	-0.6666666865348816	99.41471099853516
7	-0.3333333432674408	99.49824523925781
7	-1.0	99.49686431884766
7	-0.6666666865348816	99.2215576171875
7	0.021478500217199326	99.4402847290039
7	-1.0	99.31742095947266
7	-0.6666666865348816	99.17887878417969
7	-1.0	99.33122253417969
7	-1.0	99.4190673828125
7	-1.0	99.5295639038086
7	-0.3333333432674408	99.58125305175781
7	-1.0	99.57862854003906
7	-1.0	99.55146789550781
7	-0.3333333432674408	99.47514343261719
7	-1.0	99.56491088867188
7	-0.3333333432674408	99.45376586914062
7	-1.0	99.53771209716797
8	-1.0	99.62252807617188
8	0.03146849945187569	99.60044860839844
8	-1.0	99.73593139648438
8	-0.6666666865348816	99.53267669677734
8	-0.6666666865348816	99.67050170898438
8	-1.0	99.74430847167969
8	-0.3333333432674408	99.66236877441406
8	0.02797199971973896	99.73039245605469
8	-1.0	99.65061950683594
8	0.029969999566674232	99.66675567626953
8	-1.0	99.65093231201172
8	-1.0	99.61237335205078
8	-1.0	99.68011474609375
8	-1.0	99.6815185546875
8	-1.0	99.60946655273438
8	-1.0	99.61334991455078
8	-1.0	99.65608978271484
8	-0.6666666865348816	99.61102294921875
8	0.021478500217199326	99.68722534179688
8	0.02847149968147278	99.723876953125
8	0.024974999949336052	99.74474334716797
8	0.018981000408530235	99.69782257080078
8	0.02297700010240078	99.71974182128906
8	-0.3333333432674408	99.68342590332031
8	-0.3333333432674408	99.72602844238281
8	-0.6666666865348816	99.70071411132812
8	0.03496500104665756	99.67735290527344
8	-1.0	99.72894287109375
8	-1.0	99.66831970214844
8	0.02247750014066696	99.7420425415039
9	0.031968001276254654	99.6091079711914
9	-1.0	99.61083984375
9	-1.0	99.65404510498047
9	-1.0	99.67958068847656
9	-1.0	99.62152862548828
9	-0.3333333432674408	99.55635070800781
9	-1.0	99.66989135742188
9	-1.0	99.59207916259766
9	-1.0	99.70176696777344
9	-1.0	99.5991439819336
9	-0.3333333432674408	99.71527862548828
9	-1.0	99.64567565917969
9	0.034465499222278595	99.6302490234375
9	-0.6666666865348816	99.54589080810547
9	-1.0	99.70663452148438
9	-0.3333333432674408	99.68102264404297
9	-1.0	99.68743896484375
9	-1.0	99.70257568359375
9	-1.0	99.63446807861328
9	-1.0	99.6466293334961
9	-0.3333333432674408	99.67039489746094
9	-1.0	99.70297241210938
9	0.01998000033199787	99.6160888671875
9	-1.0	99.63443756103516
9	-1.0	99.70375061035156
9	-0.3333333432674408	99.63993835449219
9	-0.3333333432674408	99.67420959472656
9	-0.6666666865348816	99.62127685546875
9	-1.0	99.65487670898438
9	-1.0	99.64776611328125
10	-1.0	99.54513549804688
10	-0.6666666865348816	99.46768951416016
10	-1.0	99.54810333251953
10	0.024974999949336052	99.42166137695312
10	-1.0	99.4844741821289
10	-1.0	99.45648193359375
10	-1.0	99.59698486328125
10	-1.0	99.524169921875
10	-1.0	99.55128479003906
10	-1.0	99.63690948486328
10	-0.3333333432674408	99.49201202392578
10	-1.0	99.29679870605469
10	-1.0	99.44664764404297
10	-1.0	99.43197631835938
10	-1.0	99.52043914794922
10	-1.0	99.56368255615234
10	-1.0	99.39796447753906
10	-1.0	99.530517578125
10	-1.0	99.47754669189453
10	-1.0	99.37877655029297
10	-1.0	99.4961929321289
10	-1.0	99.56394958496094
10	-0.6666666865348816	99.32386016845703
10	-1.0	99.32081604003906
10	-0.3333333432674408	99.50396728515625
10	-0.3333333432674408	99.47917175292969
10	-1.0	99.53762817382812
10	-0.3333333432674408	99.49267578125
10	-1.0	99.46904754638672
10	-0.3333333432674408	99.40167236328125
11	-0.3333333432674408	99.4743423461914
11	-1.0	99.59972381591797
11	-0.3333333432674408	99.50906372070312
11	-1.0	99.62992095947266
11	-1.0	99.48580932617188
11	-1.0	99.5845718383789
11	-1.0	99.32052612304688
11	-0.3333333432674408	99.59550476074219
11	-1.0	99.57125091552734
11	-1.0	99.51228332519531
11	0.01423574984073639	99.64861297607422
11	-1.0	99.48490905761719
11	-0.3333333432674408	99.69602966308594
11	-1.0	99.47749328613281
11	-1.0	99.61997985839844
11	-0.3333333432674408	99.5821762084961
11	-1.0	99.64221954345703
11	-1.0	99.53462219238281
11	-1.0	99.53539276123047
11	-0.6666666865348816	99.55525207519531
11	-1.0	99.6585922241211
11	-1.0	99.58122253417969
11	-0.3333333432674408	99.54070281982422
11	-1.0	99.65242767333984
11	-0.3333333432674408	99.49237060546875
11	-1.0	99.65823364257812
11	-0.6666666865348816	99.35260009765625
11	-1.0	99.64434814453125
11	-1.0	99.54905700683594
11	-1.0	99.48343658447266
12	-1.0	99.65715026855469
12	0.024475499987602234	99.72103881835938
12	-1.0	99.71624755859375
12	-1.0	99.51631927490234
12	-1.0	99.7421875
12	-0.3333333432674408	99.73631286621094
12	0.01748250052332878	99.60063171386719
12	-0.3333333432674408	99.63182067871094
12	0.025973999872803688	99.60270690917969
12	-1.0	99.67802429199219
12	-0.3333333432674408	99.55461883544922
12	-0.3333333432674408	99.6862564086914
12	-1.0	99.61683654785156
12	-1.0	99.70599365234375
12	-0.3333333432674408	99.73084259033203
12	-1.0	99.69534301757812
12	-0.3333333432674408	99.67518615722656
12	-1.0	99.73271942138672
12	0.018981000408530235	99.67686462402344
12	0.025973999872803688	99.73567962646484
12	-0.3333333432674408	99.65287780761719
12	-1.0	99.68594360351562
12	-0.3333333432674408	99.67876434326172
12	-1.0	99.67020416259766
12	-0.3333333432674408	99.59835052490234
12	0.02297700010240078	99.6400375366211
12	-1.0	99.72444152832031
12	-1.0	99.6624755859375
12	-1.0	99.53878784179688
12	-0.3333333432674408	99.62960815429688
13	0.021978000178933144	99.59349060058594
13	-0.3333333432674408	99.6633529663086
13	-0.3333333432674408	99.77302551269531
13	0.028970999643206596	99.27932739257812
13	-0.6666666865348816	99.59796142578125
13	-1.0	99.72093200683594
13	-1.0	99.68299865722656
13	-0.3333333432674408	99.54556274414062
13	0.026972999796271324	99.64076232910156
13	-1.0	99.68045043945312
13	-1.0	99.54618835449219
13	-1.0	99.7007827758789
13	-1.0	99.67046356201172
13	-1.0	99.58301544189453
13	-1.0	99.57697296142578
13	-0.3333333432674408	99.71478271484375
13	-1.0	99.72853088378906
13	-1.0	99.57854461669922
13	0.019480500370264053	99.698486328125
13	-1.0	99.70720672607422
13	-1.0	99.72005462646484
13	0.024475499987602234	99.6491928100586
13	-0.6666666865348816	99.61749267578125
13	-0.3333333432674408	99.57657623291016
13	-1.0	99.70455932617188
13	0.026972999796271324	99.72887420654297
13	-1.0	99.547119140625
13	-1.0	99.67263793945312
13	-0.6666666865348816	99.69490814208984
13	-0.6666666865348816	99.62686920166016
14	-0.3333333432674408	99.75664520263672
14	-1.0	99.7037582397461
14	-1.0	99.66844177246094
14	-1.0	99.6692123413086
14	-1.0	99.63368225097656
14	-1.0	99.75703430175781
14	-0.3333333432674408	99.63018798828125
14	-1.0	99.67706298828125
14	-0.3333333432674408	99.68807983398438
14	-0.3333333432674408	99.74839782714844
14	-1.0	99.69032287597656
14	0.015984000638127327	99.51331329345703
14	-1.0	99.64982604980469
14	-1.0	99.6719741821289
14	-0.3333333432674408	99.7682876586914
14	-1.0	99.71076202392578
14	-1.0	99.70111846923828
14	0.026473499834537506	99.71542358398438
14	-1.0	99.67790985107422
14	0.03896100074052811	99.67008972167969
14	-1.0	99.6265869140625
14	-1.0	99.7420883178711
14	-1.0	99.67547607421875
14	-1.0	99.63700103759766
14	-0.3333333432674408	99.66613006591797
14	-0.3333333432674408	99.69586944580078
14	-1.0	99.740478515625
14	-0.3333333432674408	99.74292755126953
14	-0.6666666865348816	99.70606231689453
14	-1.0	99.6968002319336
15	0.024475499987602234	99.7538070678711
15	0.03046949952840805	99.7162094116211
15	-1.0	99.75209045410156
15	-1.0	99.76254272460938
15	-1.0	99.76963806152344
15	-1.0	99.69387817382812
15	-0.3333333432674408	99.75044250488281
15	-1.0	99.75595092773438
15	-1.0	99.75211334228516
15	-1.0	99.76744079589844
15	-1.0	99.73191833496094
15	-1.0	99.74677276611328
15	-1.0	99.75738525390625
15	-0.6666666865348816	99.73258209228516
15	-1.0	99.74923706054688
15	-1.0	99.7046127319336
15	-1.0	99.6935043334961
15	-0.3333333432674408	99.73040771484375
15	-1.0	99.77200317382812
15	0.029470499604940414	99.61909484863281
15	-0.3333333432674408	99.66852569580078
15	-1.0	99.70541381835938
15	-0.3333333432674408	99.73115539550781
15	-1.0	99.74986267089844
15	0.021478500217199326	99.77796173095703
15	-0.3333333432674408	99.76622009277344
15	-1.0	99.75694274902344
15	-1.0	99.73981475830078
15	-1.0	99.71302795410156
15	-0.3333333432674408	99.7227783203125
16	-1.0	99.76842498779297
16	-0.3333333432674408	99.75577545166016
16	-1.0	99.73001098632812
16	-1.0	99.747314453125
16	-0.3333333432674408	99.7610092163086
16	-1.0	99.7581558227539
16	-1.0	99.72879791259766
16	-1.0	99.7782211303711
16	-0.3333333432674408	99.7264404296875
16	-0.3333333432674408	99.72770690917969
16	-0.6666666865348816	99.76567077636719
16	-1.0	99.72854614257812
16	-0.6666666865348816	99.76431274414062
16	-1.0	99.75789642333984
16	-1.0	99.7486572265625
16	-1.0	99.74893188476562
16	-1.0	99.68218994140625
16	-1.0	99.75409698486328
16	-1.0	99.7713623046875
16	-1.0	99.73651885986328
16	0.02797199971973896	99.75244140625
16	-1.0	99.76586151123047
16	0.025973999872803688	99.74217987060547
16	-1.0	99.71722412109375
16	-1.0	99.68798828125
16	-1.0	99.73771667480469
16	-0.3333333432674408	99.74364471435547
16	-1.0	99.71427917480469
16	-1.0	99.73625946044922
16	-1.0	99.74371337890625
17	-0.3333333432674408	99.75094604492188
17	-1.0	99.74446105957031
17	-1.0	99.73188781738281
17	-1.0	99.75432586669922
17	-1.0	99.75508880615234
17	-0.3333333432674408	99.74771118164062
17	-1.0	99.75035095214844
17	-1.0	99.768310546875
17	-1.0	99.7738265991211
17	0.029969999566674232	99.77558898925781
17	-1.0	99.7452392578125
17	-1.0	99.71602630615234
17	-1.0	99.7510986328125
17	-1.0	99.677490234375
17	-0.3333333432674408	99.74555969238281
17	-1.0	99.77682495117188
17	-1.0	99.6944808959961
17	-1.0	99.74738311767578
17	-0.3333333432674408	99.71394348144531
17	-1.0	99.74030303955078
17	0.03646349906921387	99.75695037841797
17	-0.3333333432674408	99.72775268554688
17	0.03296700119972229	99.7676010131836
17	0.014984999783337116	99.64930725097656
17	-1.0	99.73136901855469
17	-1.0	99.7610092163086
17	-1.0	99.74520874023438
17	-1.0	99.74248504638672
17	-0.3333333432674408	99.7623062133789
17	-0.3333333432674408	99.74508666992188
18	-1.0	99.66275024414062
18	-1.0	99.72952270507812
18	-1.0	99.70523834228516
18	0.02797199971973896	99.63880157470703
18	0.0179820004850626	99.66398620605469
18	0.029969999566674232	99.6262435913086
18	-0.3333333432674408	99.769287109375
18	0.029969999566674232	99.72191619873047
18	-0.3333333432674408	99.73377990722656
18	0.031968001276254654	99.77163696289062
18	0.020979000255465508	99.60877990722656
18	0.02297700010240078	99.74139404296875
18	-0.3333333432674408	99.62678527832031
18	-1.0	99.73359680175781
18	-0.3333333432674408	99.71551513671875
18	0.018481500446796417	99.6903305053711
18	-0.3333333432674408	99.64688873291016
18	-1.0	99.6039810180664
18	0.014485499821603298	99.74176025390625
18	-1.0	99.72061920166016
18	0.02847149968147278	99.71997833251953
18	-1.0	99.72120666503906
18	-0.3333333432674408	99.67784118652344
18	-1.0	99.68687438964844
18	-1.0	99.74957275390625
18	-1.0	99.7416000366211
18	-0.3333333432674408	99.6849594116211
18	-1.0	99.6460189819336
18	0.02047950029373169	99.76127624511719
18	0.024475499987602234	99.75064086914062
19	-0.3333333432674408	99.73064422607422
19	-1.0	99.7540054321289
19	-0.3333333432674408	99.704833984375
19	-0.3333333432674408	99.75260162353516
19	-1.0	99.73188018798828
19	-1.0	99.75049591064453
19	-0.3333333432674408	99.74076843261719
19	-1.0	99.7535171508789
19	-1.0	99.74557495117188
19	-1.0	99.7371826171875
19	-0.3333333432674408	99.7147445678711
19	-0.6666666865348816	99.73513793945312
19	-1.0	99.7065658569336
19	-1.0	99.75638580322266
19	-1.0	99.75413513183594
19	0.026972999796271324	99.76114654541016
19	-1.0	99.7405776977539
19	-1.0	99.65882873535156
19	-1.0	99.74498748779297
19	-1.0	99.78531646728516
19	0.023476500064134598	99.76429748535156
19	-1.0	99.69676208496094
19	-0.6666666865348816	99.74848175048828
19	0.02297700010240078	99.70954132080078
19	-1.0	99.73796081542969
19	-1.0	99.7755355834961
19	-1.0	99.76993560791016
19	-1.0	99.77542114257812
19	-1.0	99.76860809326172
19	-0.3333333432674408	99.7336654663086
20	0.023476500064134598	99.6042709350586
20	-1.0	99.66566467285156
20	-1.0	99.68839263916016
20	-1.0	99.59941101074219
20	-0.6666666865348816	99.70274353027344
20	-1.0	99.59386444091797
20	-1.0	99.66806030273438
20	-1.0	99.67008972167969
20	-1.0	99.68949127197266
20	0.023976000025868416	99.7176284790039
20	0.015484499745070934	99.71871948242188
20	-0.3333333432674408	99.48639678955078
20	-1.0	99.71063995361328
20	-1.0	99.72969818115234
20	-1.0	99.58265686035156
20	-1.0	99.74068450927734
20	-1.0	99.6952896118164
20	-0.3333333432674408	99.65980529785156
20	0.023976000025868416	99.65986633300781
20	-1.0	99.70614624023438
20	-1.0	99.70795440673828
20	0.03096899949014187	99.65914154052734
20	-0.3333333432674408	99.67903900146484
20	-1.0	99.74495697021484
20	-1.0	99.63824462890625
20	-1.0	99.62112426757812
20	-0.3333333432674408	99.66248321533203
20	-0.3333333432674408	99.56512451171875
20	-1.0	99.67167663574219
20	-1.0	99.61958312988281
21	-1.0	99.70976257324219
21	0.02847149968147278	99.51115417480469
21	-1.0	99.58991241455078
21	-0.3333333432674408	99.45411682128906
21	0.014984999783337116	99.59561920166016
21	-0.6666666865348816	99.51651763916016
21	-0.6666666865348816	99.38723754882812
21	-1.0	99.6434097290039
21	0.020979000255465508	99.65504455566406
21	-0.3333333432674408	99.42247009277344
21	-1.0	99.34683990478516
21	-1.0	99.42366027832031
21	-1.0	99.46227264404297
21	0.03146849945187569	99.65501403808594
21	-1.0	99.35249328613281
21	-1.0	99.58866882324219
21	-1.0	99.4481201171875
21	-1.0	99.66020965576172
21	-1.0	99.46270751953125
21	-1.0	99.36251831054688
21	-1.0	99.3716049194336
21	-0.3333333432674408	99.6002426147461
21	-0.3333333432674408	99.45356750488281
21	-1.0	99.68964385986328
21	-1.0	99.46377563476562
21	-1.0	99.3721923828125
21	-1.0	99.72654724121094
21	-0.3333333432674408	99.61258697509766
21	-1.0	99.59180450439453
21	-1.0	99.69508361816406
22	-1.0	99.71749114990234
22	-1.0	99.76907348632812
22	-1.0	99.73221588134766
22	-1.0	99.77252960205078
22	-0.3333333432674408	99.74868774414062
22	-0.3333333432674408	99.76952362060547
22	-1.0	99.74659729003906
22	-1.0	99.77020263671875
22	-0.3333333432674408	99.7568359375
22	0.023976000025868416	99.76385498046875
22	-0.3333333432674408	99.77889251708984
22	0.02797199971973896	99.72329711914062
22	-1.0	99.72685241699219
22	-1.0	99.77822875976562
22	-1.0	99.76398468017578
22	-1.0	99.6722183227539
22	-1.0	99.7697982788086
22	0.03046949952840805	99.76504516601562
22	-0.3333333432674408	99.72246551513672
22	-0.6666666865348816	99.76429748535156
22	-1.0	99.74762725830078
22	-0.3333333432674408	99.7416763305664
22	-1.0	99.74557495117188
22	-1.0	99.74821472167969
22	-1.0	99.73991394042969
22	-0.3333333432674408	99.70955657958984
22	0.033966001123189926	99.74432373046875
22	-0.3333333432674408	99.75515747070312
22	-0.3333333432674408	99.73867797851562
22	-1.0	99.71597290039062
23	-1.0	99.7211685180664
23	-1.0	99.74734497070312
23	-1.0	99.66935729980469
23	-1.0	99.57746887207031
23	0.024475499987602234	99.72166442871094
23	-1.0	99.6358642578125
23	0.026972999796271324	99.76343536376953
23	-0.3333333432674408	99.70787048339844
23	0.02247750014066696	99.60824584960938
23	-0.3333333432674408	99.68217468261719
23	-1.0	99.66954040527344
23	-1.0	99.68962860107422
23	-1.0	99.66909790039062
23	0.012487499974668026	99.75772094726562
23	-1.0	99.66142272949219
23	-1.0	99.69791412353516
23	-1.0	99.69556427001953
23	-1.0	99.64472198486328
23	-1.0	99.74636840820312
23	-0.3333333432674408	99.57292175292969
23	-1.0	99.70875549316406
23	-0.3333333432674408	99.68338775634766
23	-1.0	99.7309341430664
23	-1.0	99.6697006225586
23	-1.0	99.70999908447266
23	0.036963000893592834	99.69428253173828
23	-1.0	99.69102478027344
23	-1.0	99.733154296875
23	0.027472499758005142	99.6602783203125
23	0.027472499758005142	99.66907501220703
24	-0.3333333432674408	99.76422119140625
24	-1.0	99.77879333496094
24	-1.0	99.72903442382812
24	-0.3333333432674408	99.76253509521484
24	0.021478500217199326	99.761474609375
24	-0.3333333432674408	99.76730346679688
24	-0.3333333432674408	99.72459411621094
24	-0.3333333432674408	99.7671127319336
24	-1.0	99.76933288574219
24	-0.3333333432674408	99.74832916259766
24	-0.3333333432674408	99.7769546508789
24	-1.0	99.77783966064453
24	-1.0	99.75703430175781
24	-1.0	99.78981018066406
24	-1.0	99.77410125732422
24	0.015484499745070934	99.7800521850586
24	-1.0	99.7486343383789
24	-1.0	99.7774658203125
24	-0.3333333432674408	99.73018646240234
24	-1.0	99.76385498046875
24	-1.0	99.76448059082031
24	-1.0	99.76791381835938
24	-1.0	99.78215026855469
24	-1.0	99.77658081054688
24	-1.0	99.76856231689453
24	-0.3333333432674408	99.74488830566406
24	-1.0	99.68644714355469
24	-1.0	99.78211212158203
24	-1.0	99.78377532958984
24	-1.0	99.78575897216797
25	-0.3333333432674408	99.62583923339844
25	-1.0	99.47807312011719
25	-0.3333333432674408	99.51170349121094
25	-1.0	99.50656127929688
25	0.03371625021100044	99.65943908691406
25	-0.6666666865348816	99.47858428955078
25	-1.0	99.52263641357422
25	0.026972999796271324	99.574951171875
25	-1.0	99.48738861083984
25	-1.0	99.70700073242188
25	-1.0	99.64334106445312
25	-0.3333333432674408	99.5627670288086
25	-0.3333333432674408	99.59907531738281
25	0.02047950029373169	99.48240661621094
25	-0.3333333432674408	99.59315490722656
25	-1.0	99.49047088623047
25	-0.3333333432674408	99.56858825683594
25	0.02247750014066696	99.54248809814453
25	-1.0	99.6056137084961
25	-1.0	99.56442260742188
25	-0.3333333432674408	99.49689483642578
25	-1.0	99.54532623291016
25	-1.0	99.66468048095703
25	-0.3333333432674408	99.54258728027344
25	-1.0	99.28387451171875
25	-0.3333333432674408	99.52930450439453
25	-0.3333333432674408	99.3687973022461
25	-1.0	99.59353637695312
25	-0.3333333432674408	99.5747299194336
25	0.02247750014066696	99.42498779296875
26	-0.6666666865348816	99.75858306884766
26	0.021978000178933144	99.62773132324219
26	-1.0	99.65673828125
26	-1.0	99.75492095947266
26	-1.0	99.70478820800781
26	-1.0	99.75497436523438
26	-1.0	99.74287414550781
26	-0.3333333432674408	99.75440979003906
26	-1.0	99.72857666015625
26	-1.0	99.79109191894531
26	-0.3333333432674408	99.75882720947266
26	-0.3333333432674408	99.72857666015625
26	-1.0	99.76217651367188
26	-1.0	99.71708679199219
26	0.028970999643206596	99.69066619873047
26	-1.0	99.76641845703125
26	-0.6666666865348816	99.73240661621094
26	-0.6666666865348816	99.750732421875
26	-1.0	99.78306579589844
26	-1.0	99.77325439453125
26	-1.0	99.72908782958984
26	-1.0	99.78421020507812
26	-0.3333333432674408	99.73246765136719
26	-1.0	99.71267700195312
26	-0.6666666865348816	99.75350189208984
26	-1.0	99.72257232666016
26	-0.3333333432674408	99.76770782470703
26	0.028970999643206596	99.77352905273438
26	-1.0	99.76054382324219
26	-1.0	99.55946350097656
27	-1.0	99.58718872070312
27	-1.0	99.69800567626953
27	0.02797199971973896	99.6829605102539
27	-1.0	99.69437408447266
27	-0.3333333432674408	99.69581604003906
27	-1.0	99.73001861572266
27	0.03146849945187569	99.695556640625
27	-0.3333333432674408	99.67999267578125
27	-0.3333333432674408	99.746826171875
27	0.028970999643206596	99.73576354980469
27	0.026972999796271324	99.70130157470703
27	-1.0	99.69318389892578
27	-1.0	99.67804718017578
27	-0.3333333432674408	99.70465850830078
27	-1.0	99.7685546875
27	-0.3333333432674408	99.69538879394531
27	-1.0	99.72898864746094
27	-1.0	99.77978515625
27	-1.0	99.68376159667969
27	-1.0	99.7264404296875
27	-1.0	99.67062377929688
27	-1.0	99.67930603027344
27	-1.0	99.74966430664062
27	-0.3333333432674408	99.73717498779297
27	-0.3333333432674408	99.78150177001953
27	-0.6666666865348816	99.72550201416016
27	-1.0	99.78655242919922
27	-0.3333333432674408	99.74671936035156
27	-1.0	99.71070861816406
27	-0.3333333432674408	99.72270202636719
28	0.02797199971973896	99.77045440673828
28	0.02797199971973896	99.74058532714844
28	-1.0	99.7531509399414
28	-1.0	99.60739135742188
28	-1.0	99.69833374023438
28	-0.6666666865348816	99.71900177001953
28	-1.0	99.6772232055664
28	-0.3333333432674408	99.76506042480469
28	-0.3333333432674408	99.7128677368164
28	-1.0	99.72598266601562
28	-1.0	99.70783996582031
28	-0.3333333432674408	99.75990295410156
28	-0.3333333432674408	99.71719360351562
28	-1.0	99.69032287597656
28	-1.0	99.734130859375
28	-0.3333333432674408	99.78005981445312
28	-1.0	99.74462127685547
28	-1.0	99.71006774902344
28	-1.0	99.78295135498047
28	-1.0	99.77645111083984
28	-1.0	99.71698760986328
28	-1.0	99.61930847167969
28	-1.0	99.78460693359375
28	-1.0	99.70529174804688
28	-1.0	99.67485809326172
28	-1.0	99.6813735961914
28	0.03246749937534332	99.71613311767578
28	-1.0	99.74482727050781
28	-1.0	99.74748992919922
28	0.01998000033199787	99.76124572753906
29	0.028970999643206596	99.77490234375
29	-1.0	99.71156311035156
29	0.020979000255465508	99.75341796875
29	0.029470499604940414	99.75862884521484
29	0.02847149968147278	99.72203826904297
29	-1.0	99.76649475097656
29	-0.6666666865348816	99.68999481201172
29	-0.3333333432674408	99.74531555175781
29	-1.0	99.75563049316406
29	-1.0	99.79594421386719
29	-1.0	99.67475891113281
29	-0.3333333432674408	99.7274169921875
29	-0.3333333432674408	99.75352478027344
29	-0.6666666865348816	99.77557373046875
29	-0.6666666865348816	99.77168273925781
29	-1.0	99.76869201660156
29	-1.0	99.67033386230469
29	-1.0	99.73248291015625
29	0.03146849945187569	99.7802963256836
29	-1.0	99.76323699951172
29	-1.0	99.73584747314453
29	-1.0	99.72028350830078
29	-0.6666666865348816	99.76240539550781
29	-1.0	99.68633270263672
29	-1.0	99.71992492675781
29	-1.0	99.77226257324219
29	-1.0	99.7708740234375
29	-0.3333333432674408	99.72273254394531
29	-0.6666666865348816	99.77033996582031
29	-0.3333333432674408	99.75077819824219
30	-0.3333333432674408	99.72688293457031
30	0.024974999949336052	99.71782684326172
30	0.031968001276254654	99.676513671875
30	-1.0	99.71102142333984
30	-1.0	99.73015594482422
30	-1.0	99.63220977783203
30	-1.0	99.54249572753906
30	-1.0	99.69416809082031
30	0.023476500064134598	99.75025177001953
30	-1.0	99.72589874267578
30	-1.0	99.65086364746094
30	0.0359640009701252	99.57489013671875
30	-1.0	99.68473052978516
30	0.025973999872803688	99.65401458740234
30	0.025973999872803688	99.70524597167969
30	-0.3333333432674408	99.70561218261719
30	-1.0	99.68995666503906
30	-0.6666666865348816	99.70390319824219
30	-0.3333333432674408	99.66244506835938
30	-1.0	99.74625396728516
30	-1.0	99.73365020751953
30	-0.3333333432674408	99.607421875
30	-1.0	99.73184967041016
30	-1.0	99.66499328613281
30	-1.0	99.67186737060547
30	-1.0	99.6763687133789
30	-1.0	99.70248413085938
30	-1.0	99.7275161743164
30	-0.3333333432674408	99.71288299560547
30	-0.3333333432674408	99.76036071777344
31	-0.3333333432674408	99.77442169189453
31	-1.0	99.7204360961914
31	-1.0	99.71730041503906
31	-1.0	99.72822570800781
31	-1.0	99.76749420166016
31	-0.6666666865348816	99.75965881347656
31	-1.0	99.74840545654297
31	0.024974999949336052	99.76454162597656
31	-0.3333333432674408	99.78292083740234
31	-1.0	99.71574401855469
31	-1.0	99.73727416992188
31	-1.0	99.74219512939453
31	-0.3333333432674408	99.72032165527344
31	-1.0	99.70622253417969
31	-0.6666666865348816	99.77083587646484
31	-1.0	99.6767578125
31	-1.0	99.76163482666016
31	-0.6666666865348816	99.71133422851562
31	-0.3333333432674408	99.68964385986328
31	-1.0	99.7198257446289
31	-1.0	99.7544937133789
31	0.026473499834537506	99.75529479980469
31	-1.0	99.72468566894531
31	-0.6666666865348816	99.76502227783203
31	-1.0	99.70803833007812
31	-1.0	99.73571014404297
31	-1.0	99.7695083618164
31	-0.3333333432674408	99.70862579345703
31	-1.0	99.79863739013672
31	-1.0	99.62064361572266
32	-1.0	99.69059753417969
32	-0.3333333432674408	99.73394775390625
32	-1.0	99.73568725585938
32	-0.6666666865348816	99.51982879638672
32	-1.0	99.69535827636719
32	-0.6666666865348816	99.64474487304688
32	-1.0	99.69218444824219
32	0.015984000638127327	99.73493957519531
32	-1.0	99.73435974121094
32	-1.0	99.7495346069336
32	-1.0	99.72059631347656
32	-1.0	99.7229232788086
32	-0.6666666865348816	99.76477813720703
32	0.02047950029373169	99.71295166015625
32	0.016983000561594963	99.73081970214844
32	-1.0	99.69618225097656
32	-1.0	99.66646575927734
32	-0.6666666865348816	99.71315002441406
32	-0.3333333432674408	99.6341323852539
32	-1.0	99.60009002685547
32	-1.0	99.67355346679688
32	-0.3333333432674408	99.5023422241211
32	-1.0	99.63801574707031
32	-0.3333333432674408	99.68659973144531
32	-0.3333333432674408	99.71813201904297
32	-1.0	99.64187622070312
32	-1.0	99.62950897216797
32	-1.0	99.65158081054688
32	-0.3333333432674408	99.740478515625
32	-0.6666666865348816	99.73250579833984
33	0.03096899949014187	99.73767852783203
33	-1.0	99.74408721923828
33	-0.6666666865348816	99.74113464355469
33	-0.3333333432674408	99.7691421508789
33	-1.0	99.76199340820312
33	-0.6666666865348816	99.72561645507812
33	0.014485499821603298	99.76134490966797
33	-0.3333333432674408	99.75320434570312
33	0.029969999566674232	99.77363586425781
33	-0.3333333432674408	99.72209167480469
33	0.02847149968147278	99.68388366699219
33	-1.0	99.76179504394531
33	0.02297700010240078	99.70359802246094
33	-0.6666666865348816	99.76693725585938
33	-0.3333333432674408	99.76473236083984
33	-0.6666666865348816	99.74592590332031
33	0.026972999796271324	99.68732452392578
33	-1.0	99.76030731201172
33	-1.0	99.73946380615234
33	-1.0	99.74485778808594
33	-0.3333333432674408	99.77188873291016
33	-1.0	99.78502655029297
33	-1.0	99.76824951171875
33	-1.0	99.67992401123047
33	-1.0	99.70767974853516
33	0.015484499745070934	99.71056365966797
33	-0.6666666865348816	99.74939727783203
33	-1.0	99.76431274414062
33	-0.3333333432674408	99.75715637207031
33	-1.0	99.6957015991211
34	-1.0	99.7578125
34	-1.0	99.7664566040039
34	0.028970999643206596	99.76318359375
34	-0.3333333432674408	99.74703979492188
34	-1.0	99.74605560302734
34	0.025973999872803688	99.7441635131836
34	-1.0	99.75875854492188
34	-1.0	99.7366943359375
34	-1.0	99.70843505859375
34	0.02247750014066696	99.75507354736328
34	-1.0	99.72404479980469
34	0.023976000025868416	99.77287292480469
34	-1.0	99.68685913085938
34	-1.0	99.69378662109375
34	0.024974999949336052	99.75341796875
34	-1.0	99.72821807861328
34	-0.6666666865348816	99.78369140625
34	-1.0	99.73631286621094
34	-1.0	99.72000122070312
34	-1.0	99.74173736572266
34	-0.6666666865348816	99.71302795410156
34	-1.0	99.73860931396484
34	-1.0	99.66334533691406
34	-1.0	99.77373504638672
34	-1.0	99.67311096191406
34	-1.0	99.70860290527344
34	-1.0	99.69730377197266
34	-1.0	99.7147445678711
34	-1.0	99.76569366455078
34	-1.0	99.73445892333984
35	0.023976000025868416	99.7061767578125
35	-1.0	99.7231216430664
35	-0.3333333432674408	99.71563720703125
35	-1.0	99.7370376586914
35	0.02247750014066696	99.75604248046875
35	-0.6666666865348816	99.65260314941406
35	-1.0	99.75447082519531
35	0.024475499987602234	99.77259063720703
35	-0.3333333432674408	99.74977111816406
35	-0.3333333432674408	99.75177001953125
35	-1.0	99.76290130615234
35	0.031968001276254654	99.75971984863281
35	-1.0	99.77362060546875
35	-1.0	99.78153228759766
35	-0.3333333432674408	99.66548156738281
35	-0.3333333432674408	99.66891479492188
35	0.03096899949014187	99.68634033203125
35	-1.0	99.75066375732422
35	-0.3333333432674408	99.7684326171875
35	-0.3333333432674408	99.74930572509766
35	-1.0	99.71772003173828
35	0.024725250899791718	99.78189849853516
35	-1.0	99.72358703613281
35	-0.3333333432674408	99.74884033203125
35	-0.3333333432674408	99.72700500488281
35	-0.3333333432674408	99.67860412597656
35	-1.0	99.66998291015625
35	-1.0	99.73091125488281
35	0.024974999949336052	99.70494079589844
35	-1.0	99.7104721069336
36	-0.3333333432674408	99.68950653076172
36	-1.0	99.74795532226562
36	-1.0	99.75929260253906
36	-1.0	99.75901794433594
36	0.029470499604940414	99.74140930175781
36	-1.0	99.61923217773438
36	-1.0	99.73259735107422
36	-0.3333333432674408	99.65692138671875
36	-1.0	99.69261169433594
36	-0.3333333432674408	99.75254821777344
36	-1.0	99.75835418701172
36	-1.0	99.56163787841797
36	-1.0	99.64041900634766
36	-1.0	99.71495056152344
36	-1.0	99.69837951660156
36	-1.0	99.68879699707031
36	-1.0	99.67499542236328
36	-1.0	99.71680450439453
36	-1.0	99.75008392333984
36	-0.6666666865348816	99.67051696777344
36	-0.3333333432674408	99.73938751220703
36	-0.3333333432674408	99.70417785644531
36	-1.0	99.7296142578125
36	0.015234749764204025	99.77894592285156
36	-1.0	99.72264862060547
36	-1.0	99.6761703491211
36	-1.0	99.70350646972656
36	-1.0	99.7365951538086
36	-1.0	99.72840881347656
36	0.02847149968147278	99.70811462402344
37	-1.0	99.78057098388672
37	-1.0	99.71472930908203
37	-0.3333333432674408	99.75306701660156
37	-0.3333333432674408	99.68226623535156
37	-1.0	99.75868225097656
37	-0.3333333432674408	99.7086181640625
37	0.025973999872803688	99.71247863769531
37	-1.0	99.78693389892578
37	-1.0	99.7025146484375
37	-1.0	99.77323150634766
37	-1.0	99.7780532836914
37	-1.0	99.73625183105469
37	-0.6666666865348816	99.73455047607422
37	-0.3333333432674408	99.73080444335938
37	-1.0	99.74021911621094
37	-0.6666666865348816	99.7594985961914
37	-1.0	99.64128875732422
37	-1.0	99.75739288330078
37	0.024475499987602234	99.74502563476562
37	-1.0	99.68360900878906
37	-0.3333333432674408	99.68671417236328
37	-1.0	99.69538879394531
37	-0.6666666865348816	99.69530487060547
37	-1.0	99.71159362792969
37	-1.0	99.76741027832031
37	-0.6666666865348816	99.74833679199219
37	0.021978000178933144	99.67828369140625
37	-1.0	99.7794189453125
37	-1.0	99.7255859375
37	0.024475499987602234	99.69683837890625
38	-0.3333333432674408	99.77713012695312
38	-0.3333333432674408	99.72025299072266
38	-0.3333333432674408	99.75021362304688
38	-1.0	99.71549987792969
38	-1.0	99.75889587402344
38	-0.3333333432674408	99.75483703613281
38	-1.0	99.74517822265625
38	-1.0	99.75012969970703
38	-1.0	99.73052978515625
38	-1.0	99.73011779785156
38	-0.3333333432674408	99.74717712402344
38	-1.0	99.72530364990234
38	-1.0	99.68144226074219
38	-1.0	99.727783203125
38	-1.0	99.74220275878906
38	-1.0	99.70171356201172
38	-1.0	99.71410369873047
38	-1.0	99.74222564697266
38	-1.0	99.70022583007812
38	-1.0	99.71644592285156
38	0.021478500217199326	99.72384643554688
38	-1.0	99.74120330810547
38	-1.0	99.73126983642578
38	0.023976000025868416	99.75739288330078
38	-1.0	99.73121643066406
38	-0.6666666865348816	99.75323486328125
38	-1.0	99.6882553100586
38	-0.6666666865348816	99.76261138916016
38	-1.0	99.73504638671875
38	-1.0	99.7640151977539
39	-1.0	99.6170883178711
39	-1.0	99.70552062988281
39	-1.0	99.72864532470703
39	-1.0	99.75332641601562
39	-1.0	99.68736267089844
39	0.02797199971973896	99.74637603759766
39	0.03096899949014187	99.69890594482422
39	-1.0	99.779296875
39	-0.3333333432674408	99.75232696533203
39	-1.0	99.74652099609375
39	-1.0	99.722412109375
39	-1.0	99.68164825439453
39	-0.3333333432674408	99.7765884399414
39	0.013736249879002571	99.75669860839844
39	-1.0	99.6505355834961
39	-0.3333333432674408	99.7304916381836
39	-0.3333333432674408	99.74588775634766
39	-0.6666666865348816	99.75155639648438
39	-1.0	99.64347839355469
39	-1.0	99.75955200195312
39	-0.3333333432674408	99.7174072265625
39	-1.0	99.70883178710938
39	-1.0	99.76809692382812
39	0.02547449991106987	99.70904541015625
39	-1.0	99.77164459228516
39	-0.6666666865348816	99.73770141601562
39	-1.0	99.73932647705078
39	-0.3333333432674408	99.75695037841797
39	-0.3333333432674408	99.73291778564453
39	-1.0	99.73750305175781
40	0.013736249879002571	99.76811218261719
40	-1.0	99.7401123046875
40	-1.0	99.74534606933594
40	-1.0	99.77031707763672
40	-1.0	99.7551040649414
40	-1.0	99.75486755371094
40	-0.3333333432674408	99.70665740966797
40	-1.0	99.76024627685547
40	-0.3333333432674408	99.74838256835938
40	-1.0	99.74813842773438
40	0.033966001123189926	99.77230834960938
40	-1.0	99.76583099365234
40	-1.0	99.76219177246094
40	0.021978000178933144	99.75225830078125
40	-1.0	99.76284790039062
40	-1.0	99.76084899902344
40	-1.0	99.75105285644531
40	-1.0	99.76800537109375
40	0.017232749611139297	99.75708770751953
40	0.02797199971973896	99.73560333251953
40	-1.0	99.76578521728516
40	0.021978000178933144	99.72909545898438
40	-0.6666666865348816	99.75065612792969
40	-1.0	99.70470428466797
40	-1.0	99.75881958007812
40	-0.3333333432674408	99.7064208984375
40	-1.0	99.737060546875
40	-1.0	99.73409271240234
40	-1.0	99.7386474609375
40	0.02547449991106987	99.67562866210938
41	-1.0	99.74308776855469
41	-1.0	99.72835540771484
41	0.02847149968147278	99.75759887695312
41	-1.0	99.75853729248047
41	-0.6666666865348816	99.73221588134766
41	-1.0	99.74667358398438
41	-1.0	99.74652099609375
41	-1.0	99.70809936523438
41	-1.0	99.72586059570312
41	-1.0	99.7720947265625
41	-0.3333333432674408	99.76801300048828
41	-0.3333333432674408	99.74262237548828
41	-0.3333333432674408	99.75897216796875
41	-1.0	99.74864196777344
41	-1.0	99.76458740234375
41	-1.0	99.7850570678711
41	-0.3333333432674408	99.74441528320312
41	-1.0	99.71553802490234
41	0.0359640009701252	99.77051544189453
41	-1.0	99.77397918701172
41	-0.3333333432674408	99.75623321533203
41	-1.0	99.77691650390625
41	-0.3333333432674408	99.75701904296875
41	-1.0	99.78279876708984
41	-1.0	99.73877716064453
41	-0.6666666865348816	99.73853302001953
41	-1.0	99.703857421875
41	-1.0	99.75652313232422
41	0.02547449991106987	99.77373504638672
41	-1.0	99.75023651123047
42	-1.0	99.7439193725586
42	-1.0	99.74185943603516
42	-1.0	99.76643371582031
42	-1.0	99.77871704101562
42	-0.3333333432674408	99.70040893554688
42	-1.0	99.74766540527344
42	0.03146849945187569	99.7801742553711
42	-1.0	99.77018737792969
42	-1.0	99.7358169555664
42	-0.3333333432674408	99.76422119140625
42	-1.0	99.76419830322266
42	-1.0	99.74337005615234
42	-1.0	99.7670669555664
42	-1.0	99.77215576171875
42	-1.0	99.72681427001953
42	-1.0	99.70852661132812
42	-1.0	99.71964263916016
42	-1.0	99.76332092285156
42	-1.0	99.75596618652344
42	-0.3333333432674408	99.78089904785156
42	-1.0	99.7417221069336
42	-0.3333333432674408	99.76425170898438
42	-1.0	99.7496337890625
42	-0.6666666865348816	99.78057098388672
42	-1.0	99.77654266357422
42	-1.0	99.76690673828125
42	-1.0	99.77995300292969
42	0.021978000178933144	99.75347900390625
42	-0.3333333432674408	99.77726745605469
42	-1.0	99.77137756347656
43	-0.3333333432674408	99.78689575195312
43	-1.0	99.75511169433594
43	0.029470499604940414	99.72584533691406
43	-0.6666666865348816	99.70674133300781
43	-1.0	99.76245880126953
43	-0.6666666865348816	99.72737121582031
43	-1.0	99.69424438476562
43	-0.6666666865348816	99.6969985961914
43	-1.0	99.7629165649414
43	-1.0	99.6676025390625
43	-0.3333333432674408	99.71308898925781
43	-1.0	99.71094512939453
43	0.026972999796271324	99.6380615234375
43	-0.6666666865348816	99.70720672607422
43	-1.0	99.77243041992188
43	-1.0	99.7069091796875
43	0.021478500217199326	99.73957824707031
43	-0.3333333432674408	99.65382385253906
43	-1.0	99.67787170410156
43	-0.3333333432674408	99.68096923828125
43	-1.0	99.71719360351562
43	-0.6666666865348816	99.64642333984375
43	-1.0	99.74752807617188
43	-0.3333333432674408	99.68305206298828
43	-0.3333333432674408	99.57955169677734
43	-0.3333333432674408	99.73231506347656
43	-1.0	99.76347351074219
43	-0.3333333432674408	99.69366455078125
43	-1.0	99.69074249267578
43	-1.0	99.7181396484375
44	-0.6666666865348816	99.73290252685547
44	-1.0	99.74576568603516
44	-0.6666666865348816	99.7342758178711
44	-1.0	99.68145751953125
44	-0.3333333432674408	99.7624282836914
44	-1.0	99.75891876220703
44	0.01998000033199787	99.69119262695312
44	-0.3333333432674408	99.73796844482422
44	-0.6666666865348816	99.71739959716797
44	-1.0	99.73703002929688
44	-1.0	99.68082427978516
44	-1.0	99.707763671875
44	-1.0	99.71070861816406
44	-1.0	99.75038146972656
44	-1.0	99.73101043701172
44	-1.0	99.77233123779297
44	-1.0	99.76226806640625
44	0.018481500446796417	99.69786071777344
44	-1.0	99.75772857666016
44	-1.0	99.6788330078125
44	-1.0	99.74786376953125
44	-1.0	99.73419189453125
44	-1.0	99.78387451171875
44	-0.3333333432674408	99.71186828613281
44	-1.0	99.73802947998047
44	-1.0	99.76355743408203
44	-0.3333333432674408	99.74263763427734
44	-1.0	99.71163940429688
44	-1.0	99.73713684082031
44	-1.0	99.70489501953125
45	-1.0	99.74569702148438
45	-0.3333333432674408	99.74901580810547
45	-1.0	99.69790649414062
45	-0.3333333432674408	99.76874542236328
45	-1.0	99.72895050048828
45	-1.0	99.73979187011719
45	-1.0	99.72682189941406
45	-0.6666666865348816	99.72183990478516
45	-0.3333333432674408	99.6888427734375
45	-1.0	99.69410705566406
45	-1.0	99.69720458984375
45	-1.0	99.71847534179688
45	-0.3333333432674408	99.74349212646484
45	-0.3333333432674408	99.75634002685547
45	-1.0	99.71771240234375
45	-1.0	99.72642517089844
45	-1.0	99.72945404052734
45	-1.0	99.74661254882812
45	-1.0	99.78842163085938
45	-0.3333333432674408	99.74358367919922
45	-1.0	99.75241088867188
45	-1.0	99.64470672607422
45	-1.0	99.7233657836914
45	-1.0	99.76725769042969
45	-1.0	99.7740707397461
45	-1.0	99.72745513916016
45	-1.0	99.75135803222656
45	-1.0	99.72686767578125
45	-1.0	99.74341583251953
45	-1.0	99.68769073486328
46	-1.0	99.7762222290039
46	-0.3333333432674408	99.7374267578125
46	-1.0	99.75732421875
46	-0.3333333432674408	99.74777221679688
46	-1.0	99.7559585571289
46	-0.6666666865348816	99.76263427734375
46	-0.3333333432674408	99.75231170654297
46	-1.0	99.77999114990234
46	-0.3333333432674408	99.76908111572266
46	0.029969999566674232	99.7452392578125
46	-1.0	99.73637390136719
46	0.02547449991106987	99.74413299560547
46	-0.3333333432674408	99.74298095703125
46	-1.0	99.769775390625
46	-1.0	99.74594116210938
46	-1.0	99.71223449707031
46	-1.0	99.73443603515625
46	-1.0	99.75569915771484
46	-0.3333333432674408	99.76995086669922
46	-1.0	99.77397918701172
46	-1.0	99.76377868652344
46	-1.0	99.76600646972656
46	-1.0	99.75434875488281
46	-0.3333333432674408	99.76676940917969
46	-1.0	99.77129364013672
46	-1.0	99.7806625366211
46	-0.3333333432674408	99.75228118896484
46	-1.0	99.78472137451172
46	-1.0	99.76240539550781
46	-1.0	99.76776123046875
47	-0.6666666865348816	99.7125015258789
47	-1.0	99.7349624633789
47	-0.3333333432674408	99.76986694335938
47	-1.0	99.74748992919922
47	-1.0	99.7613296508789
47	-0.6666666865348816	99.74600219726562
47	-1.0	99.74555969238281
47	-1.0	99.76666259765625
47	-0.3333333432674408	99.77613830566406
47	-1.0	99.77620697021484
47	-0.3333333432674408	99.77247619628906
47	-1.0	99.77681732177734
47	-1.0	99.77631378173828
47	-0.6666666865348816	99.75702667236328
47	-1.0	99.77982330322266
47	-1.0	99.70458221435547
47	-0.3333333432674408	99.74849700927734
47	-0.3333333432674408	99.7702865600586
47	-1.0	99.76239013671875
47	-0.6666666865348816	99.76273345947266
47	-1.0	99.74334716796875
47	-1.0	99.78147888183594
47	-1.0	99.778076171875
47	0.021978000178933144	99.74064636230469
47	-1.0	99.73027801513672
47	-1.0	99.73589324951172
47	-1.0	99.78678131103516
47	-1.0	99.75654602050781
47	-0.3333333432674408	99.73651123046875
47	-1.0	99.77281188964844
48	-1.0	99.71897888183594
48	-1.0	99.75772094726562
48	0.03096899949014187	99.71898651123047
48	-1.0	99.742919921875
48	-0.6666666865348816	99.76648712158203
48	-0.3333333432674408	99.70722198486328
48	-1.0	99.77564239501953
48	-1.0	99.75782012939453
48	-0.3333333432674408	99.64934539794922
48	-1.0	99.72478485107422
48	-1.0	99.77152252197266
48	-0.6666666865348816	99.73310089111328
48	-1.0	99.75305938720703
48	-1.0	99.7411117553711
48	-1.0	99.7486801147461
48	-0.3333333432674408	99.75941467285156
48	-1.0	99.72135162353516
48	-1.0	99.773681640625
48	-0.6666666865348816	99.73992919921875
48	-1.0	99.7577133178711
48	0.023476500064134598	99.69973754882812
48	-1.0	99.71417236328125
48	-1.0	99.760498046875
48	-1.0	99.785400390625
48	-0.6666666865348816	99.69656372070312
48	-0.3333333432674408	99.77046203613281
48	-0.3333333432674408	99.72557067871094
48	-0.3333333432674408	99.71443176269531
48	-1.0	99.7548599243164
48	-1.0	99.66725158691406
49	-1.0	99.6873779296875
49	-1.0	99.73722076416016
49	-1.0	99.70881652832031
49	-1.0	99.65652465820312
49	-1.0	99.7586898803711
49	-1.0	99.74796295166016
49	-1.0	99.72587585449219
49	-1.0	99.71531677246094
49	-1.0	99.71353912353516
49	-1.0	99.71261596679688
49	-0.3333333432674408	99.7157974243164
49	-1.0	99.74980926513672
49	-1.0	99.7004165649414
49	-0.6666666865348816	99.73167419433594
49	-1.0	99.71306610107422
49	-1.0	99.75342559814453
49	-1.0	99.71712493896484
49	-0.6666666865348816	99.73516845703125
49	-0.3333333432674408	99.71180725097656
49	-0.3333333432674408	99.72903442382812
49	-1.0	99.72457885742188
49	-0.3333333432674408	99.72167205810547
49	-0.6666666865348816	99.73078155517578
49	-1.0	99.73263549804688
49	0.029470499604940414	99.7576904296875
49	-1.0	99.67829895019531
49	-1.0	99.70857238769531
49	0.02797199971973896	99.69548797607422
49	0.027472499758005142	99.73396301269531
49	0.026972999796271324	99.73365783691406
50	-1.0	99.7554702758789
50	-0.3333333432674408	99.76325225830078
50	-1.0	99.75054168701172
50	-1.0	99.60589599609375
50	-0.6666666865348816	99.76351928710938
50	-1.0	99.71353149414062
50	0.02797199971973896	99.78461456298828
50	0.02797199971973896	99.73822021484375
50	0.018481500446796417	99.76850891113281
50	0.027472499758005142	99.7554702758789
50	-1.0	99.62613677978516
50	-0.6666666865348816	99.74674224853516
50	-1.0	99.72481536865234
50	-1.0	99.7607192993164
50	0.01748250052332878	99.71542358398438
50	-1.0	99.77052307128906
50	-1.0	99.75837707519531
50	-1.0	99.73301696777344
50	0.020979000255465508	99.72927856445312
50	-1.0	99.75187683105469
50	-0.6666666865348816	99.75495910644531
50	0.026972999796271324	99.7110824584961
50	-1.0	99.74172973632812
50	-1.0	99.62744140625
50	-0.3333333432674408	99.73403930664062
50	-1.0	99.74610900878906
50	-1.0	99.7293701171875
50	-1.0	99.6147232055664
50	-1.0	99.75784301757812
50	-1.0	99.750244140625
51	-1.0	99.75012969970703
51	0.031968001276254654	99.75807189941406
51	-0.6666666865348816	99.77520751953125
51	-1.0	99.7667465209961
51	-0.3333333432674408	99.73486328125
51	-0.6666666865348816	99.701171875
51	-1.0	99.6884994506836
51	-1.0	99.72254180908203
51	-1.0	99.75379943847656
51	-0.6666666865348816	99.72821044921875
51	-0.6666666865348816	99.76048278808594
51	-0.3333333432674408	99.76773834228516
51	0.031968001276254654	99.7245101928711
51	-1.0	99.72068786621094
51	-1.0	99.62061309814453
51	-1.0	99.7159652709961
51	-0.6666666865348816	99.76400756835938
51	-1.0	99.66604614257812
51	-1.0	99.77385711669922
51	-1.0	99.69136047363281
51	-1.0	99.75067901611328
51	-1.0	99.74234008789062
51	-1.0	99.68067932128906
51	-1.0	99.76531219482422
51	-1.0	99.73240661621094
51	-1.0	99.698974609375
51	-1.0	99.70928192138672
51	-0.3333333432674408	99.7359390258789
51	-1.0	99.75357818603516
51	-1.0	99.71871948242188
52	-0.3333333432674408	99.69226837158203
52	-1.0	99.73564147949219
52	-0.3333333432674408	99.7685775756836
52	-1.0	99.76377868652344
52	-1.0	99.72532653808594
52	-0.3333333432674408	99.74581909179688
52	-1.0	99.76610565185547
52	-1.0	99.75619506835938
52	-0.3333333432674408	99.7599868774414
52	-1.0	99.76612091064453
52	-1.0	99.73470306396484
52	-0.3333333432674408	99.72078704833984
52	-1.0	99.75244140625
52	-1.0	99.74833679199219
52	-1.0	99.72000885009766
52	-1.0	99.74461364746094
52	-1.0	99.72518920898438
52	-1.0	99.67771911621094
52	0.029470499604940414	99.77057647705078
52	-1.0	99.77022552490234
52	-1.0	99.76905822753906
52	-0.6666666865348816	99.75865173339844
52	-1.0	99.76557922363281
52	-0.3333333432674408	99.76371765136719
52	-1.0	99.772705078125
52	-1.0	99.7331771850586
52	-1.0	99.75426483154297
52	-1.0	99.74785614013672
52	0.02247750014066696	99.75443267822266
52	-1.0	99.73666381835938
53	-1.0	99.73116302490234
53	-1.0	99.75559997558594
53	-0.3333333432674408	99.73431396484375
53	-1.0	99.70829772949219
53	0.024974999949336052	99.74996948242188
53	-1.0	99.64327239990234
53	-1.0	99.75694274902344
53	-1.0	99.7469253540039
53	-1.0	99.73844146728516
53	-1.0	99.74675750732422
53	-1.0	99.75745391845703
53	-0.3333333432674408	99.78541564941406
53	-0.3333333432674408	99.72206115722656
53	-1.0	99.7088623046875
53	0.026972999796271324	99.7454833984375
53	-0.3333333432674408	99.78163146972656
53	-1.0	99.75689697265625
53	-0.6666666865348816	99.76052856445312
53	-1.0	99.75082397460938
53	-0.6666666865348816	99.754638671875
53	-1.0	99.76494598388672
53	-1.0	99.75869750976562
53	-0.3333333432674408	99.66004943847656
53	-1.0	99.66034698486328
53	-1.0	99.76451110839844
53	-1.0	99.74581146240234
53	-0.6666666865348816	99.70909881591797
53	-1.0	99.77899932861328
53	-1.0	99.78266906738281
53	-1.0	99.7082290649414
54	-0.3333333432674408	99.74107360839844
54	-0.3333333432674408	99.67706298828125
54	-1.0	99.72008514404297
54	-0.6666666865348816	99.71133422851562
54	0.026473499834537506	99.71656036376953
54	-1.0	99.74813842773438
54	-1.0	99.73099517822266
54	0.026473499834537506	99.73147583007812
54	-1.0	99.701904296875
54	-1.0	99.68418884277344
54	0.031968001276254654	99.67562866210938
54	-1.0	99.70079040527344
54	-1.0	99.70718383789062
54	-0.3333333432674408	99.76351928710938
54	-1.0	99.64340209960938
54	-1.0	99.74734497070312
54	-1.0	99.74238586425781
54	-0.6666666865348816	99.68883514404297
54	0.021478500217199326	99.74087524414062
54	-1.0	99.72277069091797
54	-1.0	99.72762298583984
54	-0.3333333432674408	99.6956787109375
54	-1.0	99.69261932373047
54	-1.0	99.59969329833984
54	-1.0	99.73121643066406
54	-1.0	99.64302825927734
54	-1.0	99.7378921508789
54	0.02797199971973896	99.7269287109375
54	-0.3333333432674408	99.72489929199219
54	-1.0	99.77342987060547
55	-1.0	99.72842407226562
55	-1.0	99.77326965332031
55	-1.0	99.75598907470703
55	-1.0	99.74610137939453
55	-1.0	99.75775909423828
55	-1.0	99.7580795288086
55	-1.0	99.77987670898438
55	-0.6666666865348816	99.74244689941406
55	-1.0	99.7598648071289
55	0.03246749937534332	99.7359619140625
55	-1.0	99.771240234375
55	-0.3333333432674408	99.77047729492188
55	-0.3333333432674408	99.74969482421875
55	-1.0	99.7413101196289
55	-1.0	99.76445770263672
55	-1.0	99.74730682373047
55	-1.0	99.74351501464844
55	-1.0	99.70646667480469
55	0.026972999796271324	99.7585220336914
55	-1.0	99.743896484375
55	-0.3333333432674408	99.71747589111328
55	-1.0	99.7687759399414
55	0.029470499604940414	99.77904510498047
55	-1.0	99.73789978027344
55	-0.6666666865348816	99.70223236083984
55	-1.0	99.71931457519531
55	-0.3333333432674408	99.76557922363281
55	0.02297700010240078	99.72749328613281
55	-1.0	99.75308227539062
55	-1.0	99.77449035644531
56	0.015734249725937843	99.75247955322266
56	-1.0	99.67261505126953
56	0.020729249343276024	99.78054809570312
56	0.02547449991106987	99.77118682861328
56	0.02547449991106987	99.75059509277344
56	-1.0	99.7425765991211
56	-0.3333333432674408	99.73008728027344
56	-1.0	99.71867370605469
56	-1.0	99.7454833984375
56	-0.3333333432674408	99.75120544433594
56	-1.0	99.74008178710938
56	-0.3333333432674408	99.7299575805664
56	-1.0	99.72186279296875
56	-0.3333333432674408	99.74008178710938
56	-0.3333333432674408	99.7264175415039
56	0.03046949952840805	99.75209045410156
56	-1.0	99.66888427734375
56	-0.6666666865348816	99.76918029785156
56	-0.3333333432674408	99.71800231933594
56	-1.0	99.76081085205078
56	-1.0	99.74810028076172
56	0.03146849945187569	99.70667266845703
56	-1.0	99.75103759765625
56	0.02847149968147278	99.73187255859375
56	-0.3333333432674408	99.7822036743164
56	-1.0	99.76317596435547
56	0.01398599985986948	99.71408081054688
56	0.028970999643206596	99.71844482421875
56	-1.0	99.76077270507812
56	-1.0	99.76624298095703
57	-1.0	99.74871826171875
57	-1.0	99.70594024658203
57	-1.0	99.765625
57	-0.6666666865348816	99.75962829589844
57	-1.0	99.73949432373047
57	-1.0	99.6905746459961
57	-1.0	99.75218200683594
57	-1.0	99.70553588867188
57	0.029969999566674232	99.78042602539062
57	-1.0	99.73442840576172
57	-1.0	99.7228012084961
57	-1.0	99.7653579711914
57	-0.3333333432674408	99.77920532226562
57	-0.6666666865348816	99.7078857421875
57	-1.0	99.74508666992188
57	-1.0	99.73922729492188
57	-1.0	99.73262023925781
57	-1.0	99.7970199584961
57	-1.0	99.7770767211914
57	-1.0	99.75233459472656
57	-1.0	99.73500061035156
57	-1.0	99.7412109375
57	-1.0	99.76807403564453
57	-1.0	99.77898406982422
57	-1.0	99.78364562988281
57	-1.0	99.76466369628906
57	-1.0	99.74909210205078
57	-0.6666666865348816	99.74147033691406
57	-1.0	99.76606750488281
57	-0.6666666865348816	99.76075744628906
58	-1.0	99.72798919677734
58	-1.0	99.70438385009766
58	-1.0	99.72480773925781
58	-0.3333333432674408	99.73290252685547
58	-1.0	99.76115417480469
58	-1.0	99.75670623779297
58	-1.0	99.67032623291016
58	0.012986999936401844	99.71800231933594
58	-1.0	99.69438171386719
58	-0.3333333432674408	99.76988983154297
58	-1.0	99.71977233886719
58	-1.0	99.76646423339844
58	-0.3333333432674408	99.72396087646484
58	0.030219750478863716	99.767578125
58	-0.3333333432674408	99.69197845458984
58	-1.0	99.72268676757812
58	0.026972999796271324	99.72309112548828
58	0.031968001276254654	99.77587127685547
58	-0.3333333432674408	99.66771697998047
58	-0.3333333432674408	99.71603393554688
58	-0.3333333432674408	99.74797058105469
58	-0.3333333432674408	99.73867797851562
58	0.027472499758005142	99.76158905029297
58	-1.0	99.73198699951172
58	-0.3333333432674408	99.76022338867188
58	-1.0	99.71497344970703
58	-1.0	99.7603988647461
58	-1.0	99.6648178100586
58	-1.0	99.7554931640625
58	-1.0	99.76834106445312
59	-1.0	99.722900390625
59	-1.0	99.66500854492188
59	0.024475499987602234	99.7598648071289
59	-1.0	99.75117492675781
59	-1.0	99.62562561035156
59	-0.3333333432674408	99.73436737060547
59	-0.3333333432674408	99.75763702392578
59	-0.6666666865348816	99.7353744506836
59	-1.0	99.75249481201172
59	0.03046949952840805	99.78115844726562
59	0.019730249419808388	99.73453521728516
59	-1.0	99.76991271972656
59	-1.0	99.71981811523438
59	-1.0	99.69384765625
59	0.03296700119972229	99.70618438720703
59	0.02797199971973896	99.69690704345703
59	-1.0	99.69624328613281
59	-1.0	99.73151397705078
59	0.02297700010240078	99.7538070678711
59	-1.0	99.77783203125
59	0.018981000408530235	99.7066650390625
59	-1.0	99.701904296875
59	-1.0	99.77486419677734
59	0.016983000561594963	99.77499389648438
59	-1.0	99.74837493896484
59	-1.0	99.77173614501953
59	-1.0	99.74272155761719
59	0.027472499758005142	99.74107360839844
59	-1.0	99.76995849609375
59	-0.3333333432674408	99.75330352783203
60	-0.3333333432674408	99.71974182128906
60	-0.3333333432674408	99.77182006835938
60	-1.0	99.67079162597656
60	-1.0	99.72080993652344
60	-1.0	99.72236633300781
60	-1.0	99.68659973144531
60	0.029969999566674232	99.6815185546875
60	-0.3333333432674408	99.7192153930664
60	-1.0	99.7254638671875
60	-1.0	99.74130249023438
60	-0.3333333432674408	99.6812744140625
60	-1.0	99.75473022460938
60	-1.0	99.75102996826172
60	-1.0	99.72439575195312
60	-1.0	99.7325439453125
60	-1.0	99.71879577636719
60	-1.0	99.76354217529297
60	-1.0	99.65444946289062
60	-0.3333333432674408	99.74455261230469
60	-1.0	99.70857238769531
60	-1.0	99.75828552246094
60	-1.0	99.75563049316406
60	-0.6666666865348816	99.6914291381836
60	-0.3333333432674408	99.7696533203125
60	-0.3333333432674408	99.7259521484375
60	-0.3333333432674408	99.773193359375
60	-1.0	99.76026916503906
60	0.026972999796271324	99.76377868652344
60	-1.0	99.74373626708984
60	-1.0	99.77871704101562
61	-0.6666666865348816	99.75585174560547
61	-1.0	99.72940826416016
61	-0.3333333432674408	99.75685119628906
61	-1.0	99.74555969238281
61	-0.6666666865348816	99.74053955078125
61	-0.6666666865348816	99.77119445800781
61	-0.3333333432674408	99.74205017089844
61	-1.0	99.73600769042969
61	-0.3333333432674408	99.76297760009766
61	0.029470499604940414	99.75825500488281
61	-1.0	99.72628021240234
61	-1.0	99.77384948730469
61	-1.0	99.69830322265625
61	-0.3333333432674408	99.75806427001953
61	-0.3333333432674408	99.73298645019531
61	0.014485499821603298	99.71372985839844
61	-0.3333333432674408	99.7358627319336
61	-1.0	99.75466918945312
61	-0.3333333432674408	99.73497772216797
61	-1.0	99.72966003417969
61	0.021478500217199326	99.68712615966797
61	-1.0	99.78836059570312
61	0.0359640009701252	99.7431869506836
61	-1.0	99.74988555908203
61	-1.0	99.73709106445312
61	-0.3333333432674408	99.70811462402344
61	-0.3333333432674408	99.76875305175781
61	-0.3333333432674408	99.7712173461914
61	-1.0	99.7643051147461
61	0.024974999949336052	99.7292251586914
62	-1.0	99.73763275146484
62	-1.0	99.69548034667969
62	-0.3333333432674408	99.75325012207031
62	-1.0	99.75241088867188
62	-1.0	99.7586441040039
62	-1.0	99.70751953125
62	0.026972999796271324	99.74755859375
62	-1.0	99.75961303710938
62	-1.0	99.75409698486328
62	-1.0	99.77362823486328
62	-1.0	99.73269653320312
62	-1.0	99.7651596069336
62	0.014485499821603298	99.74695587158203
62	-1.0	99.75639343261719
62	-1.0	99.72452545166016
62	-1.0	99.7392807006836
62	-0.3333333432674408	99.69103240966797
62	-1.0	99.75796508789062
62	-1.0	99.71441650390625
62	-1.0	99.73472595214844
62	-0.3333333432674408	99.74823760986328
62	-0.3333333432674408	99.71046447753906
62	-1.0	99.77181243896484
62	-1.0	99.7646255493164
62	-1.0	99.7626953125
62	-1.0	99.74549865722656
62	0.029470499604940414	99.77018737792969
62	-1.0	99.78508758544922
62	-1.0	99.72744750976562
62	-1.0	99.65605163574219
63	-1.0	99.74174499511719
63	-0.3333333432674408	99.74159240722656
63	-0.3333333432674408	99.75504302978516
63	-0.3333333432674408	99.71696472167969
63	-1.0	99.76426696777344
63	0.033966001123189926	99.7076187133789
63	-0.3333333432674408	99.70405578613281
63	0.03646349906921387	99.7305908203125
63	-0.3333333432674408	99.70489501953125
63	-1.0	99.73246002197266
63	-1.0	99.7050552368164
63	-1.0	99.77787017822266
63	-0.6666666865348816	99.73841857910156
63	-1.0	99.72173309326172
63	-1.0	99.76322174072266
63	-1.0	99.77539825439453
63	-0.3333333432674408	99.73099517822266
63	-1.0	99.73493957519531
63	-1.0	99.63706970214844
63	0.03146849945187569	99.70379638671875
63	-1.0	99.65669250488281
63	-1.0	99.72974395751953
63	-1.0	99.72747802734375
63	-1.0	99.69444274902344
63	-0.3333333432674408	99.75293731689453
63	-0.3333333432674408	99.72991180419922
63	-0.6666666865348816	99.73959350585938
63	-1.0	99.75408172607422
63	-1.0	99.73918151855469
63	-0.3333333432674408	99.73672485351562
64	-1.0	99.75364685058594
64	-1.0	99.76622009277344
64	-0.3333333432674408	99.69538116455078
64	-0.3333333432674408	99.67125701904297
64	-1.0	99.7746810913086
64	-0.3333333432674408	99.72547912597656
64	-1.0	99.71028900146484
64	0.031968001276254654	99.75045013427734
64	-0.6666666865348816	99.6722412109375
64	-1.0	99.69792175292969
64	-0.3333333432674408	99.6922378540039
64	-0.3333333432674408	99.70276641845703
64	0.020979000255465508	99.65616607666016
64	-1.0	99.72093963623047
64	-1.0	99.74017333984375
64	-1.0	99.7127685546875
64	-1.0	99.68740844726562
64	-0.3333333432674408	99.72905731201172
64	-0.6666666865348816	99.73503112792969
64	-1.0	99.76490783691406
64	0.023976000025868416	99.74862670898438
64	-1.0	99.72923278808594
64	-1.0	99.74352264404297
64	-1.0	99.75850677490234
64	-0.3333333432674408	99.76049041748047
64	-0.3333333432674408	99.7204360961914
64	-1.0	99.74295806884766
64	-0.6666666865348816	99.69496154785156
64	-1.0	99.73472595214844
64	-0.3333333432674408	99.70420837402344
65	-1.0	99.75665283203125
65	-0.3333333432674408	99.74064636230469
65	-1.0	99.70329284667969
65	-0.6666666865348816	99.75218200683594
65	0.027472499758005142	99.7776107788086
65	0.027472499758005142	99.7210693359375
65	-1.0	99.71273040771484
65	-0.3333333432674408	99.78190612792969
65	-0.3333333432674408	99.7196273803711
65	-0.3333333432674408	99.77178955078125
65	0.026473499834537506	99.77194213867188
65	0.024475499987602234	99.76687622070312
65	-0.6666666865348816	99.65103912353516
65	-0.3333333432674408	99.71630859375
65	-1.0	99.75528717041016
65	-0.3333333432674408	99.76283264160156
65	-0.6666666865348816	99.73445129394531
65	-0.6666666865348816	99.74502563476562
65	-1.0	99.74368286132812
65	-1.0	99.72154998779297
65	0.01398599985986948	99.7444076538086
65	-1.0	99.76800537109375
65	-1.0	99.71936798095703
65	-0.6666666865348816	99.79067993164062
65	-0.3333333432674408	99.74433135986328
65	-1.0	99.7347640991211
65	-0.3333333432674408	99.76480865478516
65	0.023976000025868416	99.72281646728516
65	-1.0	99.7708511352539
65	0.023476500064134598	99.74817657470703
66	0.025973999872803688	99.7309799194336
66	-0.6666666865348816	99.76424407958984
66	-0.6666666865348816	99.70431518554688
66	-1.0	99.77913665771484
66	-1.0	99.7322006225586
66	-1.0	99.77982330322266
66	-0.3333333432674408	99.71221923828125
66	-1.0	99.7459487915039
66	-1.0	99.74273681640625
66	-1.0	99.72959899902344
66	-1.0	99.6534652709961
66	0.023976000025868416	99.7489242553711
66	-1.0	99.7752685546875
66	-1.0	99.71713256835938
66	-1.0	99.73204040527344
66	-0.3333333432674408	99.72535705566406
66	-1.0	99.73323059082031
66	0.0359640009701252	99.76400756835938
66	-0.3333333432674408	99.75953674316406
66	-1.0	99.72361755371094
66	-1.0	99.71975708007812
66	-1.0	99.75357818603516
66	-0.3333333432674408	99.75421142578125
66	-1.0	99.71440887451172
66	-1.0	99.70059204101562
66	0.024475499987602234	99.75895690917969
66	-0.3333333432674408	99.76891326904297
66	0.03496500104665756	99.7368392944336
66	-1.0	99.77039337158203
66	0.03146849945187569	99.66394805908203
67	-0.3333333432674408	99.73866271972656
67	0.02797199971973896	99.78907775878906
67	-1.0	99.78604125976562
67	-1.0	99.76351165771484
67	-1.0	99.74240112304688
67	-0.3333333432674408	99.78500366210938
67	-1.0	99.77418518066406
67	0.033966001123189926	99.7677993774414
67	-1.0	99.74728393554688
67	-1.0	99.72837829589844
67	-1.0	99.776123046875
67	-1.0	99.75204467773438
67	-1.0	99.7407455444336
67	-1.0	99.7324447631836
67	-1.0	99.73393249511719
67	0.020979000255465508	99.74974060058594
67	-1.0	99.7417984008789
67	-1.0	99.78307342529297
67	-1.0	99.74732208251953
67	-0.6666666865348816	99.76341247558594
67	-1.0	99.77670288085938
67	-1.0	99.7152099609375
67	0.026473499834537506	99.70824432373047
67	0.026473499834537506	99.76946258544922
67	-1.0	99.74352264404297
67	-1.0	99.78118896484375
67	-0.3333333432674408	99.77949523925781
67	-0.3333333432674408	99.77747344970703
67	-1.0	99.7635726928711
67	-1.0	99.70526123046875
68	-1.0	99.76997375488281
68	-0.6666666865348816	99.7525863647461
68	-1.0	99.77377319335938
68	-0.6666666865348816	99.76551818847656
68	-1.0	99.73516845703125
68	-0.6666666865348816	99.74607849121094
68	-0.6666666865348816	99.7225341796875
68	0.012487499974668026	99.76858520507812
68	0.026473499834537506	99.74906158447266
68	-0.3333333432674408	99.74601745605469
68	-0.6666666865348816	99.76850891113281
68	-0.3333333432674408	99.75811004638672
68	-1.0	99.7523193359375
68	-1.0	99.79100799560547
68	-0.3333333432674408	99.74629974365234
68	-0.3333333432674408	99.76676177978516
68	-0.6666666865348816	99.77903747558594
68	0.023976000025868416	99.74610900878906
68	-0.6666666865348816	99.73250579833984
68	-0.6666666865348816	99.75102996826172
68	-1.0	99.74567413330078
68	-0.6666666865348816	99.75901794433594
68	-0.3333333432674408	99.73754119873047
68	-1.0	99.76266479492188
68	-0.6666666865348816	99.74762725830078
68	0.018981000408530235	99.78300476074219
68	-1.0	99.75080871582031
68	-0.6666666865348816	99.7466049194336
68	-1.0	99.70305633544922
68	-0.6666666865348816	99.75218963623047
69	-1.0	99.72927856445312
69	-0.6666666865348816	99.76211547851562
69	-1.0	99.76238250732422
69	0.03096899949014187	99.77507019042969
69	-1.0	99.75042724609375
69	-1.0	99.70433044433594
69	-1.0	99.7942123413086
69	-1.0	99.72611236572266
69	-1.0	99.70512390136719
69	0.02847149968147278	99.73933410644531
69	-0.6666666865348816	99.75577545166016
69	-1.0	99.76012420654297
69	-0.6666666865348816	99.73082733154297
69	-1.0	99.72728729248047
69	-0.3333333432674408	99.72946166992188
69	-0.3333333432674408	99.70630645751953
69	-1.0	99.7636947631836
69	-1.0	99.71491241455078
69	-1.0	99.7619857788086
69	-1.0	99.72534942626953
69	0.021978000178933144	99.7221450805664
69	-1.0	99.75411987304688
69	-0.3333333432674408	99.76936340332031
69	-1.0	99.76408386230469
69	-1.0	99.72015380859375
69	-1.0	99.724853515625
69	-1.0	99.76936340332031
69	-1.0	99.70803833007812
69	-1.0	99.72341918945312
69	-0.3333333432674408	99.7649917602539
70	-1.0	99.69383239746094
70	-0.3333333432674408	99.70602416992188
70	0.034465499222278595	99.7732162475586
70	-1.0	99.71810150146484
70	-1.0	99.751220703125
70	0.025973999872803688	99.67506408691406
70	-0.6666666865348816	99.71638488769531
70	-1.0	99.73300170898438
70	-1.0	99.74119567871094
70	-0.3333333432674408	99.76050567626953
70	-0.3333333432674408	99.72149658203125
70	-1.0	99.6992416381836
70	0.023976000025868416	99.71473693847656
70	-1.0	99.70011901855469
70	-1.0	99.66000366210938
70	-1.0	99.7636947631836
70	-0.3333333432674408	99.69621276855469
70	-1.0	99.65619659423828
70	-1.0	99.74127960205078
70	0.02422574907541275	99.75309753417969
70	-0.3333333432674408	99.71485900878906
70	-1.0	99.74394989013672
70	-1.0	99.77548217773438
70	-1.0	99.75238037109375
70	-0.3333333432674408	99.73521423339844
70	-1.0	99.71175384521484
70	-0.6666666865348816	99.6909408569336
70	-0.3333333432674408	99.67951965332031
70	-1.0	99.6966552734375
70	-1.0	99.69573211669922
71	0.013236749917268753	99.70122528076172
71	0.015234749764204025	99.74247741699219
71	-0.3333333432674408	99.74317169189453
71	-0.6666666865348816	99.76705932617188
71	-1.0	99.73957061767578
71	-0.3333333432674408	99.72869110107422
71	0.02297700010240078	99.74839782714844
71	-0.3333333432674408	99.70416259765625
71	-1.0	99.70651245117188
71	-1.0	99.74282836914062
71	-0.3333333432674408	99.76858520507812
71	-1.0	99.76667785644531
71	-0.6666666865348816	99.69117736816406
71	-1.0	99.75198364257812
71	-1.0	99.7463607788086
71	-1.0	99.71229553222656
71	0.03296700119972229	99.72508239746094
71	-0.3333333432674408	99.76705169677734
71	-1.0	99.76029968261719
71	-1.0	99.76739501953125
71	-1.0	99.74746704101562
71	-1.0	99.75322723388672
71	-1.0	99.73799133300781
71	-1.0	99.76428985595703
71	-1.0	99.77600860595703
71	0.029969999566674232	99.71566009521484
71	-1.0	99.67349243164062
71	-1.0	99.76407623291016
71	-1.0	99.74549102783203
71	-1.0	99.75007629394531
72	-1.0	99.68907165527344
72	-1.0	99.74916076660156
72	-0.3333333432674408	99.77174377441406
72	-1.0	99.73763275146484
72	-0.3333333432674408	99.71243286132812
72	-0.3333333432674408	99.73529052734375
72	-1.0	99.73274230957031
72	0.021478500217199326	99.74432373046875
72	-1.0	99.72981262207031
72	-1.0	99.75299072265625
72	-0.3333333432674408	99.72650146484375
72	-0.3333333432674408	99.72933959960938
72	-1.0	99.72172546386719
72	-0.3333333432674408	99.71907043457031
72	-1.0	99.74737548828125
72	-0.3333333432674408	99.75201416015625
72	-1.0	99.75357818603516
72	0.03346649929881096	99.7586441040039
72	-1.0	99.75376892089844
72	-0.3333333432674408	99.74319458007812
72	-1.0	99.73313903808594
72	-0.3333333432674408	99.7517318725586
72	-1.0	99.76756286621094
72	-1.0	99.73426818847656
72	-0.6666666865348816	99.7554702758789
72	-1.0	99.74227142333984
72	0.03296700119972229	99.74858093261719
72	0.03046949952840805	99.70903015136719
72	-1.0	99.7137222290039
72	-0.3333333432674408	99.71580505371094
73	-1.0	99.74703979492188
73	0.025973999872803688	99.75293731689453
73	-0.6666666865348816	99.67369842529297
73	-1.0	99.74565887451172
73	-0.3333333432674408	99.73194122314453
73	-1.0	99.68444061279297
73	-0.6666666865348816	99.74781036376953
73	-1.0	99.76905059814453
73	-1.0	99.69686889648438
73	-1.0	99.77192687988281
73	-0.3333333432674408	99.72747039794922
73	0.029470499604940414	99.74359130859375
73	0.02797199971973896	99.75540161132812
73	-0.3333333432674408	99.75184631347656
73	-0.6666666865348816	99.73387908935547
73	-1.0	99.68772888183594
73	-1.0	99.71907806396484
73	-1.0	99.73184967041016
73	-0.3333333432674408	99.71528625488281
73	-1.0	99.73912048339844
73	-1.0	99.70343017578125
73	-1.0	99.7459716796875
73	0.013486499898135662	99.68627166748047
73	-1.0	99.72412109375
73	-1.0	99.75559997558594
73	-1.0	99.73751068115234
73	-0.6666666865348816	99.70991516113281
73	-0.3333333432674408	99.76079559326172
73	-1.0	99.7611312866211
73	-1.0	99.7275619506836
74	-0.6666666865348816	99.73785400390625
74	-1.0	99.77017974853516
74	-0.3333333432674408	99.70933532714844
74	-1.0	99.75423431396484
74	0.023976000025868416	99.74522399902344
74	-0.6666666865348816	99.72807312011719
74	-0.3333333432674408	99.76068878173828
74	-1.0	99.7393798828125
74	-1.0	99.7467041015625
74	-0.3333333432674408	99.72966003417969
74	-1.0	99.77466583251953
74	-1.0	99.75287628173828
74	-1.0	99.764892578125
74	0.026972999796271324	99.7201919555664
74	-1.0	99.75770568847656
74	-1.0	99.76802062988281
74	-1.0	99.69588470458984
74	-1.0	99.76776123046875
74	-1.0	99.75333404541016
74	-1.0	99.76661682128906
74	-1.0	99.78984069824219
74	-1.0	99.7747573852539
74	-0.3333333432674408	99.71125030517578
74	-1.0	99.76026916503906
74	0.013236749917268753	99.73783874511719
74	-1.0	99.7398681640625
74	-1.0	99.76173400878906
74	-0.3333333432674408	99.73527526855469
74	-0.3333333432674408	99.70074462890625
74	-1.0	99.76891326904297
75	0.02422574907541275	99.77552032470703
75	-0.3333333432674408	99.76460266113281
75	-0.3333333432674408	99.73786163330078
75	-1.0	99.7206802368164
75	0.018981000408530235	99.77494812011719
75	-1.0	99.75944519042969
75	-1.0	99.70450592041016
75	-1.0	99.76608276367188
75	-1.0	99.78522491455078
75	-1.0	99.73029327392578
75	-1.0	99.74906921386719
75	-1.0	99.72691345214844
75	-0.3333333432674408	99.77516174316406
75	-1.0	99.73782348632812
75	0.021978000178933144	99.762451171875
75	-1.0	99.75621032714844
75	-1.0	99.77067565917969
75	-0.3333333432674408	99.75253295898438
75	-0.3333333432674408	99.78499603271484
75	-1.0	99.7379379272461
75	0.024475499987602234	99.76644134521484
75	-1.0	99.72393798828125
75	-1.0	99.75346374511719
75	-1.0	99.76287841796875
75	-0.3333333432674408	99.7765884399414
75	-1.0	99.75093078613281
75	-1.0	99.75691986083984
75	-0.6666666865348816	99.72551727294922
75	-1.0	99.734375
75	-0.3333333432674408	99.78816986083984
76	-1.0	99.74078369140625
76	-1.0	99.69515991210938
76	0.02547449991106987	99.73072814941406
76	-0.3333333432674408	99.72864532470703
76	-1.0	99.73773956298828
76	-1.0	99.74476623535156
76	-1.0	99.7642822265625
76	-1.0	99.71881866455078
76	-0.3333333432674408	99.75704956054688
76	-0.3333333432674408	99.76734924316406
76	-0.6666666865348816	99.72276306152344
76	0.023976000025868416	99.75557708740234
76	-0.3333333432674408	99.7770767211914
76	-1.0	99.71298217773438
76	0.02797199971973896	99.77738952636719
76	-1.0	99.7108383178711
76	-0.3333333432674408	99.7552490234375
76	0.02297700010240078	99.77287292480469
76	-0.3333333432674408	99.71098327636719
76	-1.0	99.75817108154297
76	-0.3333333432674408	99.75752258300781
76	-1.0	99.75651550292969
76	-1.0	99.68301391601562
76	-1.0	99.73519897460938
76	-1.0	99.72883605957031
76	0.03796200081706047	99.73002624511719
76	-1.0	99.76741027832031
76	-1.0	99.73872375488281
76	-1.0	99.74259948730469
76	-0.3333333432674408	99.74668884277344
77	-1.0	99.70066833496094
77	-1.0	99.70671081542969
77	-1.0	99.76361083984375
77	-1.0	99.77288055419922
77	-1.0	99.75730895996094
77	-1.0	99.78469848632812
77	-1.0	99.7279281616211
77	-0.3333333432674408	99.76509094238281
77	-1.0	99.75897216796875
77	-1.0	99.74028015136719
77	-1.0	99.74391174316406
77	-1.0	99.73182678222656
77	-1.0	99.73406982421875
77	0.023476500064134598	99.74981689453125
77	-1.0	99.75413513183594
77	-0.3333333432674408	99.73216247558594
77	-1.0	99.75846862792969
77	-1.0	99.74364471435547
77	-0.3333333432674408	99.78849029541016
77	0.021478500217199326	99.78131866455078
77	-1.0	99.71748352050781
77	-0.6666666865348816	99.73946380615234
77	-1.0	99.75588989257812
77	-0.3333333432674408	99.75951385498047
77	0.024475499987602234	99.72205352783203
77	-0.3333333432674408	99.75809478759766
77	0.02547449991106987	99.7415771484375
77	-0.6666666865348816	99.75703430175781
77	-1.0	99.7603530883789
77	-1.0	99.75721740722656
78	-1.0	99.69587707519531
78	-0.6666666865348816	99.65753173828125
78	-1.0	99.78120422363281
78	0.02247750014066696	99.70346069335938
78	-1.0	99.78947448730469
78	-1.0	99.73536682128906
78	-0.3333333432674408	99.73790740966797
78	-0.3333333432674408	99.78810119628906
78	-1.0	99.76150512695312
78	-0.3333333432674408	99.74452209472656
78	-1.0	99.74336242675781
78	-1.0	99.76622009277344
78	-1.0	99.7845230102539
78	-1.0	99.71632385253906
78	-1.0	99.72727966308594
78	-0.3333333432674408	99.72113800048828
78	-1.0	99.76260375976562
78	0.02797199971973896	99.7260513305664
78	-1.0	99.75487518310547
78	-0.3333333432674408	99.77300262451172
78	-1.0	99.7515869140625
78	-1.0	99.73860168457031
78	0.02047950029373169	99.75767517089844
78	-1.0	99.77863311767578
78	0.02847149968147278	99.72676086425781
78	-1.0	99.74481964111328
78	-1.0	99.70879364013672
78	-1.0	99.77725219726562
78	-1.0	99.7484359741211
78	-1.0	99.6973648071289
79	-0.3333333432674408	99.71563720703125
79	-1.0	99.76193237304688
79	-0.3333333432674408	99.70844268798828
79	-1.0	99.72380065917969
79	-1.0	99.72996520996094
79	-1.0	99.70425415039062
79	-1.0	99.78358459472656
79	-1.0	99.72440338134766
79	0.023476500064134598	99.73054504394531
79	0.023476500064134598	99.77720642089844
79	-1.0	99.69586944580078
79	-1.0	99.73052215576172
79	-1.0	99.77352905273438
79	-1.0	99.75152587890625
79	-0.3333333432674408	99.74256896972656
79	0.023476500064134598	99.70639038085938
79	0.029470499604940414	99.78508758544922
79	-1.0	99.73028564453125
79	-0.3333333432674408	99.75397491455078
79	-1.0	99.74415588378906
79	0.02797199971973896	99.73893737792969
79	-0.3333333432674408	99.76583862304688
79	0.018481500446796417	99.73677062988281
79	-0.6666666865348816	99.74853515625
79	-1.0	99.7559814453125
79	-1.0	99.70245361328125
79	-1.0	99.74715423583984
79	-1.0	99.7430419921875
79	-1.0	99.73551940917969
79	-1.0	99.75772857666016
80	-1.0	99.73481750488281
80	-1.0	99.77941131591797
80	-1.0	99.74140930175781
80	-1.0	99.71077728271484
80	0.02847149968147278	99.76123046875
80	-1.0	99.72691345214844
80	-1.0	99.7157211303711
80	-1.0	99.76521301269531
80	-0.6666666865348816	99.75992584228516
80	0.011988000012934208	99.71170043945312
80	-1.0	99.73565673828125
80	-1.0	99.72907257080078
80	-0.3333333432674408	99.73420715332031
80	-0.3333333432674408	99.75056457519531
80	-0.3333333432674408	99.6749267578125
80	-1.0	99.75843048095703
80	-0.3333333432674408	99.7691421508789
80	0.033966001123189926	99.74053192138672
80	-0.3333333432674408	99.7594985961914
80	-1.0	99.7721176147461
80	-1.0	99.76534271240234
80	0.025973999872803688	99.77716827392578
80	-1.0	99.77178955078125
80	-1.0	99.751953125
80	0.023476500064134598	99.76075744628906
80	-0.3333333432674408	99.75247955322266
80	-1.0	99.7743911743164
80	-1.0	99.74615478515625
80	-0.3333333432674408	99.77445220947266
80	-1.0	99.74043273925781
81	0.027472499758005142	99.74295043945312
81	-1.0	99.77989196777344
81	-1.0	99.77928924560547
81	-0.3333333432674408	99.73555755615234
81	-0.6666666865348816	99.7667465209961
81	-1.0	99.74913024902344
81	-1.0	99.7461166381836
81	-1.0	99.73300170898438
81	-0.6666666865348816	99.75135803222656
81	0.033966001123189926	99.73368835449219
81	-1.0	99.77296447753906
81	-1.0	99.78108215332031
81	-1.0	99.7658462524414
81	-1.0	99.76336669921875
81	0.015484499745070934	99.75421905517578
81	-1.0	99.75139617919922
81	-1.0	99.7606201171875
81	-0.6666666865348816	99.77226257324219
81	-1.0	99.76910400390625
81	0.023476500064134598	99.73091125488281
81	0.03246749937534332	99.71395874023438
81	-0.6666666865348816	99.77665710449219
81	0.033966001123189926	99.75315856933594
81	-1.0	99.74645233154297
81	-0.3333333432674408	99.75679016113281
81	-1.0	99.75724792480469
81	-0.3333333432674408	99.77194213867188
81	0.019480500370264053	99.77064514160156
81	-1.0	99.77308654785156
81	-1.0	99.75865936279297
82	-0.3333333432674408	99.75216674804688
82	-0.3333333432674408	99.7710189819336
82	-0.3333333432674408	99.74177551269531
82	-1.0	99.74734497070312
82	-0.3333333432674408	99.78253936767578
82	-1.0	99.76648712158203
82	-0.6666666865348816	99.75348663330078
82	0.023476500064134598	99.78253936767578
82	-1.0	99.78826141357422
82	-0.3333333432674408	99.7422866821289
82	-0.6666666865348816	99.75870513916016
82	-1.0	99.73511505126953
82	-1.0	99.73837280273438
82	-0.3333333432674408	99.75072479248047
82	-1.0	99.7476806640625
82	-1.0	99.75411224365234
82	-1.0	99.75171661376953
82	-0.3333333432674408	99.76831817626953
82	-1.0	99.78019714355469
82	-1.0	99.78701782226562
82	-0.3333333432674408	99.7472152709961
82	0.026473499834537506	99.67942810058594
82	-1.0	99.7608642578125
82	-0.3333333432674408	99.7735595703125
82	-1.0	99.73338317871094
82	-0.3333333432674408	99.74344635009766
82	-1.0	99.76252746582031
82	-0.3333333432674408	99.77468872070312
82	-1.0	99.76025390625
82	-0.3333333432674408	99.76365661621094
83	-1.0	99.74421691894531
83	-1.0	99.77201080322266
83	-1.0	99.76705932617188
83	-0.3333333432674408	99.73512268066406
83	0.028970999643206596	99.68077087402344
83	-0.3333333432674408	99.75697326660156
83	-1.0	99.76624298095703
83	-1.0	99.74530792236328
83	-1.0	99.7406997680664
83	-1.0	99.74623107910156
83	-1.0	99.75486755371094
83	0.02547449991106987	99.73172760009766
83	-0.6666666865348816	99.74212646484375
83	0.029969999566674232	99.75316619873047
83	-1.0	99.77047729492188
83	-1.0	99.7359619140625
83	-0.3333333432674408	99.76677703857422
83	-1.0	99.73609161376953
83	-1.0	99.72015380859375
83	-1.0	99.74954223632812
83	-1.0	99.75609588623047
83	-0.3333333432674408	99.73109436035156
83	-0.3333333432674408	99.77167510986328
83	-1.0	99.74500274658203
83	-1.0	99.69828033447266
83	-0.6666666865348816	99.7654037475586
83	-1.0	99.7177505493164
83	-1.0	99.75119018554688
83	0.021978000178933144	99.75314331054688
83	-1.0	99.76457977294922
84	0.027472499758005142	99.78089141845703
84	-1.0	99.76338195800781
84	-1.0	99.76901245117188
84	-1.0	99.75807189941406
84	-1.0	99.73749542236328
84	-1.0	99.75884246826172
84	-1.0	99.76226806640625
84	-1.0	99.7603988647461
84	-1.0	99.77605438232422
84	-1.0	99.77008056640625
84	-1.0	99.76028442382812
84	-1.0	99.76556396484375
84	-1.0	99.76068878173828
84	-1.0	99.75206756591797
84	-1.0	99.73738861083984
84	-1.0	99.73339080810547
84	-1.0	99.74882507324219
84	-1.0	99.77062225341797
84	0.024974999949336052	99.74761199951172
84	-0.3333333432674408	99.75958251953125
84	-0.3333333432674408	99.77168273925781
84	-1.0	99.77536010742188
84	-1.0	99.76705932617188
84	-0.3333333432674408	99.75550842285156
84	0.026972999796271324	99.769287109375
84	-1.0	99.72901153564453
84	-1.0	99.78254699707031
84	0.023976000025868416	99.74774169921875
84	0.03096899949014187	99.72976684570312
84	-1.0	99.76431274414062
85	-1.0	99.77474975585938
85	-1.0	99.76182556152344
85	-0.3333333432674408	99.77978515625
85	-1.0	99.72698211669922
85	-0.3333333432674408	99.74662780761719
85	0.03496500104665756	99.77397155761719
85	-0.6666666865348816	99.77423095703125
85	-0.3333333432674408	99.74812316894531
85	-1.0	99.75003051757812
85	-1.0	99.75849914550781
85	-1.0	99.77120208740234
85	-0.3333333432674408	99.72350311279297
85	-0.3333333432674408	99.72978210449219
85	-0.6666666865348816	99.74703216552734
85	0.01998000033199787	99.7829360961914
85	-1.0	99.74982452392578
85	-1.0	99.74980163574219
85	-1.0	99.76036834716797
85	-1.0	99.72903442382812
85	0.02847149968147278	99.7755126953125
85	-0.3333333432674408	99.77430725097656
85	-1.0	99.71574401855469
85	-1.0	99.76496887207031
85	-0.3333333432674408	99.73406219482422
85	0.03046949952840805	99.76136016845703
85	0.027472499758005142	99.72856903076172
85	-0.3333333432674408	99.78103637695312
85	-0.3333333432674408	99.7468032836914
85	-1.0	99.76604461669922
85	-1.0	99.77959442138672
86	-1.0	99.7713623046875
86	0.03796200081706047	99.7326431274414
86	-0.3333333432674408	99.7630615234375
86	-1.0	99.76856994628906
86	-1.0	99.7601089477539
86	-1.0	99.7347412109375
86	-1.0	99.74361419677734
86	0.02297700010240078	99.75959014892578
86	0.03296700119972229	99.76358795166016
86	-1.0	99.7680435180664
86	-1.0	99.75326538085938
86	-1.0	99.74247741699219
86	-0.3333333432674408	99.76415252685547
86	-1.0	99.78707885742188
86	-1.0	99.7681884765625
86	-1.0	99.76175689697266
86	-0.3333333432674408	99.77882385253906
86	-0.6666666865348816	99.75720977783203
86	-1.0	99.77591705322266
86	-1.0	99.77935028076172
86	-1.0	99.74821472167969
86	0.02547449991106987	99.74229431152344
86	-1.0	99.75947570800781
86	-1.0	99.77098083496094
86	-1.0	99.75706481933594
86	-1.0	99.77830505371094
86	-0.3333333432674408	99.77775573730469
86	-1.0	99.77267456054688
86	-0.3333333432674408	99.73331451416016
86	0.03096899949014187	99.744384765625
87	0.02847149968147278	99.77781677246094
87	-1.0	99.78980255126953
87	-1.0	99.77067565917969
87	0.02547449991106987	99.78059387207031
87	-0.3333333432674408	99.7752685546875
87	-0.3333333432674408	99.7255859375
87	-1.0	99.76300048828125
87	-1.0	99.76475524902344
87	-1.0	99.76940155029297
87	-0.3333333432674408	99.75129699707031
87	-1.0	99.76667785644531
87	-1.0	99.76966857910156
87	0.025973999872803688	99.76225280761719
87	-1.0	99.76300048828125
87	-0.3333333432674408	99.7790756225586
87	-0.3333333432674408	99.7656478881836
87	0.029470499604940414	99.77921295166016
87	-0.6666666865348816	99.73308563232422
87	-0.6666666865348816	99.78117370605469
87	0.026972999796271324	99.751953125
87	-0.6666666865348816	99.7777099609375
87	0.024475499987602234	99.78765106201172
87	-1.0	99.77371215820312
87	-0.6666666865348816	99.7391586303711
87	0.026473499834537506	99.74698638916016
87	-0.6666666865348816	99.74932861328125
87	-0.6666666865348816	99.72892761230469
87	-1.0	99.78309631347656
87	-0.3333333432674408	99.73477935791016
87	-1.0	99.75453186035156
88	-1.0	99.77546691894531
88	-1.0	99.76374053955078
88	-1.0	99.76006317138672
88	-0.3333333432674408	99.75482177734375
88	0.025973999872803688	99.783203125
88	-1.0	99.77691650390625
88	-0.3333333432674408	99.74293518066406
88	-1.0	99.76657104492188
88	-0.3333333432674408	99.78045654296875
88	0.027472499758005142	99.76815795898438
88	-0.3333333432674408	99.76408386230469
88	-0.3333333432674408	99.75418853759766
88	-1.0	99.75328826904297
88	-1.0	99.73260498046875
88	-1.0	99.74844360351562
88	-0.3333333432674408	99.73807525634766
88	-1.0	99.76500701904297
88	-1.0	99.75901794433594
88	-1.0	99.78045654296875
88	-0.3333333432674408	99.76898193359375
88	-1.0	99.73954010009766
88	-0.3333333432674408	99.76388549804688
88	0.03096899949014187	99.73886108398438
88	0.024974999949336052	99.75847625732422
88	-1.0	99.78466033935547
88	-1.0	99.75696563720703
88	-0.3333333432674408	99.7734603881836
88	-1.0	99.77973175048828
88	0.021478500217199326	99.76358032226562
88	-1.0	99.77204895019531
89	-1.0	99.7835464477539
89	-1.0	99.77874755859375
89	-1.0	99.78580474853516
89	0.02797199971973896	99.77471923828125
89	-1.0	99.74868774414062
89	-1.0	99.78135681152344
89	-1.0	99.77940368652344
89	-1.0	99.75990295410156
89	-1.0	99.77825927734375
89	-1.0	99.7829360961914
89	-1.0	99.77450561523438
89	-1.0	99.77920532226562
89	-1.0	99.77243041992188
89	-1.0	99.76258087158203
89	-1.0	99.77124786376953
89	-0.3333333432674408	99.79021453857422
89	-1.0	99.78446960449219
89	-1.0	99.78227233886719
89	-1.0	99.78832244873047
89	-1.0	99.78071594238281
89	-1.0	99.78459930419922
89	-1.0	99.78205108642578
89	-1.0	99.78565216064453
89	-1.0	99.77657318115234
89	-1.0	99.77222442626953
89	-1.0	99.78340148925781
89	-1.0	99.76739501953125
89	-1.0	99.77485656738281
89	0.021478500217199326	99.76805114746094
89	-1.0	99.77903747558594
90	-1.0	99.78495788574219
90	-1.0	99.77850341796875
90	-1.0	99.75738525390625
90	0.019480500370264053	99.77849578857422
90	0.01873124949634075	99.77867889404297
90	-1.0	99.77696228027344
90	-0.3333333432674408	99.7647476196289
90	-0.3333333432674408	99.78560638427734
90	0.025973999872803688	99.75868225097656
90	-1.0	99.78809356689453
90	-0.3333333432674408	99.78533172607422
90	0.02547449991106987	99.7959213256836
90	-1.0	99.77554321289062
90	-0.6666666865348816	99.79362487792969
90	-1.0	99.78173828125
90	-1.0	99.76681518554688
90	-0.3333333432674408	99.79914093017578
90	-0.3333333432674408	99.74504089355469
90	-1.0	99.75822448730469
90	-0.3333333432674408	99.79354858398438
90	-1.0	99.7911605834961
90	-0.3333333432674408	99.7799301147461
90	-1.0	99.75128173828125
90	0.03046949952840805	99.79132080078125
90	0.028970999643206596	99.7799072265625
90	-1.0	99.78947448730469
90	-0.3333333432674408	99.77935791015625
90	-1.0	99.78496551513672
90	-0.6666666865348816	99.79146575927734
90	-0.6666666865348816	99.76932525634766
91	0.013486499898135662	99.77175903320312
91	-1.0	99.75411987304688
91	-1.0	99.7710952758789
91	-1.0	99.77144622802734
91	-1.0	99.75718688964844
91	-1.0	99.78044128417969
91	-0.3333333432674408	99.77213287353516
91	0.03046949952840805	99.78604125976562
91	0.020979000255465508	99.75992584228516
91	-1.0	99.78780364990234
91	-1.0	99.77177429199219
91	-0.3333333432674408	99.75245666503906
91	-0.3333333432674408	99.76892852783203
91	-1.0	99.78511047363281
91	-0.3333333432674408	99.76759338378906
91	-1.0	99.77708435058594
91	-1.0	99.79186248779297
91	-1.0	99.78069305419922
91	-0.6666666865348816	99.7537841796875
91	0.024974999949336052	99.77070617675781
91	0.027472499758005142	99.75474548339844
91	-1.0	99.78170013427734
91	0.024974999949336052	99.75856018066406
91	0.034465499222278595	99.77776336669922
91	-1.0	99.7675552368164
91	0.018481500446796417	99.76194763183594
91	-1.0	99.78334045410156
91	-0.3333333432674408	99.77674865722656
91	-1.0	99.76388549804688
91	-1.0	99.78176879882812
92	0.0359640009701252	99.78645324707031
92	-1.0	99.79684448242188
92	-0.3333333432674408	99.79171752929688
92	0.03246749937534332	99.78559875488281
92	0.02297700010240078	99.78988647460938
92	-1.0	99.78863525390625
92	-1.0	99.7812728881836
92	-1.0	99.7944564819336
92	-0.3333333432674408	99.7745361328125
92	-1.0	99.78965759277344
92	-0.3333333432674408	99.78834533691406
92	-1.0	99.79399108886719
92	-0.3333333432674408	99.78723907470703
92	-0.6666666865348816	99.76956939697266
92	0.031968001276254654	99.79222869873047
92	-1.0	99.79924011230469
92	-0.6666666865348816	99.79608154296875
92	-0.3333333432674408	99.7857437133789
92	-0.3333333432674408	99.78355407714844
92	-0.3333333432674408	99.78714752197266
92	-0.6666666865348816	99.79109191894531
92	-1.0	99.7773666381836
92	-1.0	99.78207397460938
92	0.020979000255465508	99.7806396484375
92	-0.6666666865348816	99.75831604003906
92	-1.0	99.77166748046875
92	0.0359640009701252	99.76187133789062
92	-1.0	99.78623962402344
92	-1.0	99.78384399414062
92	-1.0	99.78402709960938
93	-1.0	99.7886734008789
93	-1.0	99.7830810546875
93	-1.0	99.77577209472656
93	-0.3333333432674408	99.76634216308594
93	-1.0	99.79161834716797
93	-0.3333333432674408	99.78549194335938
93	-1.0	99.78620910644531
93	-1.0	99.79478454589844
93	-1.0	99.77557373046875
93	-0.3333333432674408	99.78636169433594
93	-1.0	99.79060363769531
93	-0.3333333432674408	99.7851791381836
93	-1.0	99.79235076904297
93	-0.3333333432674408	99.78290557861328
93	-0.6666666865348816	99.77644348144531
93	-0.3333333432674408	99.77565002441406
93	-1.0	99.7711410522461
93	-1.0	99.78352355957031
93	-1.0	99.78654479980469
93	-1.0	99.79737854003906
93	0.02247750014066696	99.78556060791016
93	-1.0	99.79302978515625
93	-1.0	99.78327941894531
93	-0.6666666865348816	99.78645324707031
93	-0.3333333432674408	99.79423522949219
93	-1.0	99.79568481445312
93	-0.3333333432674408	99.79973602294922
93	-1.0	99.76610565185547
93	-1.0	99.78691864013672
93	-1.0	99.77935791015625
94	-0.3333333432674408	99.78604888916016
94	-1.0	99.78153991699219
94	-0.3333333432674408	99.79609680175781
94	0.02847149968147278	99.79177856445312
94	-1.0	99.7743911743164
94	-0.3333333432674408	99.78688049316406
94	-0.6666666865348816	99.78897094726562
94	0.026972999796271324	99.79073333740234
94	-1.0	99.79695892333984
94	-1.0	99.78894805908203
94	-0.3333333432674408	99.78800964355469
94	0.029470499604940414	99.79113006591797
94	-0.3333333432674408	99.77519989013672
94	-1.0	99.77305603027344
94	-1.0	99.78948974609375
94	-1.0	99.79519653320312
94	-1.0	99.7685317993164
94	-1.0	99.78439331054688
94	-1.0	99.78523254394531
94	-0.3333333432674408	99.7884292602539
94	-0.3333333432674408	99.79014587402344
94	-1.0	99.78751373291016
94	-0.3333333432674408	99.79322814941406
94	-1.0	99.77287292480469
94	-1.0	99.78187561035156
94	-1.0	99.7920913696289
94	-0.6666666865348816	99.78900146484375
94	-0.3333333432674408	99.77842712402344
94	0.026473499834537506	99.78987121582031
94	-1.0	99.78579711914062
95	-0.6666666865348816	99.79259490966797
95	-0.3333333432674408	99.7913589477539
95	0.031968001276254654	99.78669738769531
95	-1.0	99.7874755859375
95	-1.0	99.79399871826172
95	-0.3333333432674408	99.78530883789062
95	-0.3333333432674408	99.78114318847656
95	-0.3333333432674408	99.79845428466797
95	-0.3333333432674408	99.7850570678711
95	-0.3333333432674408	99.78800964355469
95	-0.3333333432674408	99.78516387939453
95	-1.0	99.78472900390625
95	0.02547449991106987	99.798095703125
95	0.031968001276254654	99.79193878173828
95	-1.0	99.79383087158203
95	-1.0	99.80145263671875
95	-1.0	99.7872314453125
95	-1.0	99.79610443115234
95	-1.0	99.78707885742188
95	-0.6666666865348816	99.78233337402344
95	-1.0	99.79322814941406
95	-1.0	99.78631591796875
95	0.029969999566674232	99.7933349609375
95	-1.0	99.773681640625
95	-1.0	99.8001708984375
95	-0.3333333432674408	99.80184173583984
95	-1.0	99.78794860839844
95	-1.0	99.76055908203125
95	-1.0	99.77754211425781
95	-0.3333333432674408	99.78380584716797
96	-1.0	99.79338073730469
96	-0.6666666865348816	99.791015625
96	-1.0	99.79985046386719
96	0.015734249725937843	99.79479217529297
96	-1.0	99.79644775390625
96	-0.3333333432674408	99.78597259521484
96	-1.0	99.79013061523438
96	-1.0	99.78753662109375
96	-1.0	99.7973403930664
96	-1.0	99.80052185058594
96	-0.6666666865348816	99.78460693359375
96	-1.0	99.79071807861328
96	0.02047950029373169	99.79926300048828
96	-1.0	99.79144287109375
96	-1.0	99.80084991455078
96	0.025973999872803688	99.79658508300781
96	-1.0	99.7853012084961
96	-1.0	99.79637908935547
96	-1.0	99.79216766357422
96	-1.0	99.77581024169922
96	-1.0	99.79353332519531
96	0.021978000178933144	99.79608917236328
96	-0.3333333432674408	99.77912139892578
96	-1.0	99.79170227050781
96	-1.0	99.79637908935547
96	-0.3333333432674408	99.7679672241211
96	-0.6666666865348816	99.78826141357422
96	-0.3333333432674408	99.79466247558594
96	-1.0	99.79574584960938
96	0.013736249879002571	99.79353332519531
97	-1.0	99.79415893554688
97	-0.6666666865348816	99.79302978515625
97	0.034465499222278595	99.79085540771484
97	-0.6666666865348816	99.79612731933594
97	-0.3333333432674408	99.8000717163086
97	-0.3333333432674408	99.79862213134766
97	-1.0	99.76811218261719
97	-0.6666666865348816	99.78250122070312
97	-1.0	99.78601837158203
97	-1.0	99.79669189453125
97	-0.6666666865348816	99.78981018066406
97	-0.3333333432674408	99.79447937011719
97	-1.0	99.78720092773438
97	-1.0	99.7945327758789
97	-1.0	99.7955093383789
97	-1.0	99.79297637939453
97	-0.3333333432674408	99.78950500488281
97	-1.0	99.79112243652344
97	-1.0	99.79479217529297
97	-1.0	99.78965759277344
97	-1.0	99.79734802246094
97	-1.0	99.78304290771484
97	0.03296700119972229	99.79249572753906
97	-0.3333333432674408	99.7918701171875
97	-1.0	99.79239654541016
97	0.029470499604940414	99.8001937866211
97	-1.0	99.79986572265625
97	-1.0	99.79542541503906
97	-1.0	99.79798126220703
97	-1.0	99.79950714111328
