# num_workers = 32
# num_cells = 256
# seed_for_environment = 232323
# lr = 0.0003
# max_grad_norm = 1.0
# eval_rollout_length = 30
# scaling_factor = 1000
# frames_per_batch = 500
# sub_batch_size = 64
# num_epochs = 15
# clip_epsilon = 0.2
# gamma = 0.99
# lmbda = 0.95
# entropy_eps = 0.003
# env_reward_engineering = True
# env_minimum_number_of_qubits = 8
# log_name = None
# env_version = qecc/bbcode-ldpc-v0
# env_bit_flipping = True
# env_l = 9
# env_m = 6
# env_use_dict_observation = True
# env_number_of_decoder_iterations = 50
# env_number_of_samples = 50
# env_code_logging = False
# model_architecture = hybrid
# model_surrogate_model_path = /vol/bitbucket/osella/rl-qecc-data//supervisedLearning/2026-07-12_20-18-32/surrogate_6x6.pth
# index_to_unfreeze_encoder_updates = 20
# encoder_lr_factor = 0.1
# Number of workers: 32
# Does torch identify cuda: False
evaluation number	reward	policy entropy	policy entropy aX	policy entropy bX	policy entropy aY	policy entropy bY	Encoder freeze
0	-0.75	8.257721900939941	2.2696173191070557	2.2361836433410645	1.8443255424499512	1.9075955152511597	True
0	-1.0	8.420907974243164	2.288379669189453	2.2861907482147217	1.9306576251983643	1.9156800508499146	True
0	-0.75	8.42113971710205	2.2858328819274902	2.276616096496582	1.9356807470321655	1.923009991645813	True
0	-1.0	8.4107666015625	2.2845630645751953	2.2814743518829346	1.9303258657455444	1.9144036769866943	True
0	-0.75	8.417962074279785	2.2851333618164062	2.2792439460754395	1.935233235359192	1.918351411819458	True
0	-1.0	8.409209251403809	2.2852349281311035	2.2823116779327393	1.930647611618042	1.9110146760940552	True
0	-0.75	8.414079666137695	2.282717227935791	2.276768922805786	1.9349112510681152	1.9196819067001343	True
0	-0.75	8.415310859680176	2.2855288982391357	2.286858320236206	1.930527687072754	1.9123958349227905	True
0	-1.0	8.429170608520508	2.289665460586548	2.291623592376709	1.9305795431137085	1.9173011779785156	True
0	-0.75	8.425267219543457	2.2870616912841797	2.2854983806610107	1.9311879873275757	1.9215185642242432	True
0	-1.0	8.431557655334473	2.289825916290283	2.292069911956787	1.9295283555984497	1.9201338291168213	True
0	-0.75	8.424992561340332	2.286156415939331	2.2850160598754883	1.9317042827606201	1.9221155643463135	True
0	-1.0	8.435922622680664	2.29082989692688	2.292637348175049	1.9280924797058105	1.9243630170822144	True
0	-0.75	8.413850784301758	2.2848405838012695	2.2819483280181885	1.9296424388885498	1.91741943359375	True
0	-1.0	8.421581268310547	2.287086248397827	2.2825376987457275	1.932347059249878	1.9196096658706665	True
0	-0.75	8.41164493560791	2.2825238704681396	2.2769322395324707	1.934859037399292	1.9173294305801392	True
0	-1.0	8.429170608520508	2.29011607170105	2.2905702590942383	1.9287748336791992	1.919709324836731	True
0	-0.75	8.419807434082031	2.2849810123443604	2.2813405990600586	1.932734489440918	1.920751929283142	True
0	-1.0	8.428970336914062	2.289466142654419	2.2915639877319336	1.9281493425369263	1.9197908639907837	True
0	-0.75	8.42091178894043	2.2854771614074707	2.2787158489227295	1.9343202114105225	1.9223980903625488	True
0	-1.0	8.424528121948242	2.2881646156311035	2.284104824066162	1.9334622621536255	1.9187967777252197	True
0	-0.75	8.417370796203613	2.2847087383270264	2.275641679763794	1.9341500997543335	1.92287015914917	True
0	-1.0	8.431382179260254	2.2897491455078125	2.292165517807007	1.9299252033233643	1.9195425510406494	True
0	-0.75	8.414665222167969	2.284738063812256	2.2806406021118164	1.931113839149475	1.9181725978851318	True
0	-1.0	8.421360969543457	2.287529468536377	2.2829267978668213	1.9316904544830322	1.9192142486572266	True
0	-0.75	8.418319702148438	2.2849433422088623	2.277498483657837	1.9334704875946045	1.922407627105713	True
0	-1.0	8.423563003540039	2.2871241569519043	2.2900781631469727	1.928835153579712	1.917525053024292	True
0	-0.75	8.420546531677246	2.285635471343994	2.2782180309295654	1.9353418350219727	1.9213517904281616	True
0	-1.0	8.432149887084961	2.289895534515381	2.291914463043213	1.9301719665527344	1.9201674461364746	True
0	-1.0	8.412801742553711	2.2840235233306885	2.2800698280334473	1.933074712753296	1.915633201599121	True
1	0.1274999976158142	7.617375373840332	2.122293472290039	2.150611400604248	1.5433324575424194	1.8011376857757568	True
1	0.12999999523162842	7.894105911254883	2.1539134979248047	2.2115414142608643	1.638442039489746	1.890209436416626	True
1	0.13500000536441803	7.739418029785156	2.134486675262451	2.1893932819366455	1.5636018514633179	1.851935625076294	True
1	0.125	7.982193470001221	2.1826577186584473	2.2252840995788574	1.6781363487243652	1.8961151838302612	True
1	0.27000001072883606	7.723875522613525	2.11877703666687	2.1854140758514404	1.5684598684310913	1.8512243032455444	True
1	0.3050000071525574	7.866878032684326	2.135389566421509	2.2040302753448486	1.6623201370239258	1.8651381731033325	True
1	0.3050000071525574	7.63963508605957	2.1090495586395264	2.176905870437622	1.6019577980041504	1.751721739768982	True
1	-0.5	7.662603378295898	2.163825035095215	2.2092461585998535	1.6011276245117188	1.6884046792984009	True
1	-1.0	7.854265213012695	2.1847379207611084	2.13454270362854	1.6999101638793945	1.835074543952942	True
1	-0.5	7.6411848068237305	2.1464288234710693	2.157268762588501	1.6928684711456299	1.6446189880371094	True
1	-1.0	7.827220916748047	2.1787397861480713	2.1370372772216797	1.6841803789138794	1.827263593673706	True
1	-0.5	7.7140913009643555	2.1615138053894043	2.1694846153259277	1.7221599817276	1.6609327793121338	True
1	-1.0	7.863685131072998	2.178541898727417	2.136713743209839	1.6927049160003662	1.8557246923446655	True
1	-0.5	7.7451300621032715	2.1700503826141357	2.1687347888946533	1.7136845588684082	1.6926603317260742	True
1	-1.0	7.842654228210449	2.180755138397217	2.140615463256836	1.6912046670913696	1.830079197883606	True
1	-0.5	7.696013450622559	2.1701412200927734	2.184516668319702	1.697383999824524	1.643971562385559	True
1	-1.0	7.815900802612305	2.176035165786743	2.0985679626464844	1.6819761991500854	1.8593218326568604	True
1	-0.75	7.370112419128418	2.087338924407959	2.1240851879119873	1.622511863708496	1.5361764430999756	True
1	-0.75	7.916788101196289	2.1771600246429443	2.1290109157562256	1.7358087301254272	1.8748083114624023	True
1	-0.75	7.881128787994385	2.170987367630005	2.1156017780303955	1.7258907556533813	1.868648886680603	True
1	-0.25	8.066543579101562	2.225740432739258	2.1248669624328613	1.8070837259292603	1.9088525772094727	True
1	-0.75	7.933830261230469	2.190892457962036	2.1328141689300537	1.7193827629089355	1.8907406330108643	True
1	-1.0	7.820314884185791	2.1652421951293945	2.1291189193725586	1.6941524744033813	1.831801414489746	True
1	-0.75	8.016349792480469	2.2057340145111084	2.12351131439209	1.8018261194229126	1.8852784633636475	True
1	-1.0	7.81141471862793	2.180495500564575	2.14558744430542	1.6418052911758423	1.8435266017913818	True
1	-0.75	7.905531883239746	2.1920080184936523	2.1627211570739746	1.7454684972763062	1.8053340911865234	True
1	-0.25	7.805992603302002	2.1576004028320312	2.1156177520751953	1.687286376953125	1.8454880714416504	True
1	-0.75	7.888904571533203	2.179844379425049	2.1360347270965576	1.6875743865966797	1.885451078414917	True
1	-1.0	7.897225379943848	2.178602933883667	2.116288423538208	1.7203364372253418	1.8819974660873413	True
1	-0.75	7.998493671417236	2.1971993446350098	2.114225387573242	1.8152623176574707	1.8718067407608032	True
2	0.125	5.353881359100342	1.9118452072143555	1.1256837844848633	0.9993710517883301	1.316981315612793	False
2	0.11999999731779099	5.977273464202881	2.0100221633911133	1.368147373199463	1.1278636455535889	1.4712406396865845	False
2	0.125	5.290317535400391	1.887547492980957	1.1907987594604492	0.9608093500137329	1.251161813735962	False
2	0.11999999731779099	6.016055107116699	2.0021653175354004	1.4214249849319458	1.1310368776321411	1.4614284038543701	False
2	0.125	5.306703090667725	1.9032245874404907	1.1601349115371704	0.9741188287734985	1.2692245244979858	False
2	0.12250000238418579	5.98598575592041	2.0117077827453613	1.4066580533981323	1.1234359741210938	1.4441840648651123	False
2	0.12250000238418579	5.318609237670898	1.9153099060058594	1.1384798288345337	0.9921581745147705	1.2726612091064453	False
2	0.125	6.005836009979248	2.0169427394866943	1.3994388580322266	1.135777235031128	1.4536771774291992	False
2	0.12250000238418579	5.3378682136535645	1.9195308685302734	1.1448948383331299	0.9911532402038574	1.282288908958435	False
2	0.12250000238418579	5.98130464553833	1.983931064605713	1.4001389741897583	1.1572442054748535	1.4399904012680054	False
2	0.125	5.2715163230896	1.8845664262771606	1.2088879346847534	0.9399499893188477	1.2381118535995483	False
2	0.11999999731779099	6.01415491104126	2.027031183242798	1.3436219692230225	1.1634241342544556	1.4800777435302734	False
2	0.11999999731779099	5.293242454528809	1.9161299467086792	1.144979476928711	0.9621734619140625	1.269959568977356	False
2	0.12250000238418579	6.045654296875	2.0243308544158936	1.4085414409637451	1.1466615200042725	1.466120958328247	False
2	0.125	5.336869716644287	1.9077210426330566	1.1525826454162598	0.9740192890167236	1.3025469779968262	False
2	0.11999999731779099	6.02419376373291	2.024923801422119	1.342755913734436	1.1503669023513794	1.5061471462249756	False
2	0.125	5.35361385345459	1.9446842670440674	1.0564916133880615	1.0204861164093018	1.3319520950317383	False
2	0.11249999701976776	5.922945499420166	1.988249659538269	1.3890177011489868	1.131058692932129	1.4146193265914917	False
2	0.11999999731779099	5.388309001922607	1.9110597372055054	1.1443357467651367	1.0200982093811035	1.3128150701522827	False
2	0.11999999731779099	6.031482696533203	1.9837175607681274	1.473517656326294	1.1349194049835205	1.4393279552459717	False
2	0.12250000238418579	5.325903415679932	1.8883503675460815	1.1894947290420532	0.9669585227966309	1.281099796295166	False
2	0.12250000238418579	6.065152168273926	2.029592275619507	1.3737784624099731	1.1761606931686401	1.4856206178665161	False
2	0.125	5.293854236602783	1.9101097583770752	1.1375181674957275	0.9837383031845093	1.2624880075454712	False
2	0.12250000238418579	5.95256233215332	2.0084269046783447	1.3711711168289185	1.1179887056350708	1.4549753665924072	False
2	0.125	5.325462341308594	1.9211390018463135	1.132380723953247	0.9862368106842041	1.2857054471969604	False
2	0.11999999731779099	5.957159042358398	1.9969570636749268	1.418112874031067	1.126625657081604	1.4154634475708008	False
2	0.125	5.314671039581299	1.911820888519287	1.1675056219100952	0.9662429690361023	1.2691017389297485	False
2	0.11500000208616257	5.963932037353516	1.9999560117721558	1.37284255027771	1.1497200727462769	1.4414136409759521	False
2	0.12999999523162842	5.320247173309326	1.908017873764038	1.1668895483016968	0.9879147410392761	1.257425308227539	False
2	0.11999999731779099	5.979322910308838	2.0214688777923584	1.3856573104858398	1.1195719242095947	1.452624797821045	False
3	0.125	4.231973648071289	1.390630841255188	0.9826958775520325	0.6289703249931335	1.2296764850616455	False
3	0.11999999731779099	4.85589599609375	1.526655673980713	1.2306995391845703	0.7414261698722839	1.357114315032959	False
3	0.125	4.275123596191406	1.374404788017273	0.9709966778755188	0.6736361980438232	1.2560858726501465	False
3	0.12250000238418579	4.948336124420166	1.552075982093811	1.138674020767212	0.8288460373878479	1.4287400245666504	False
3	0.125	4.226302146911621	1.394636869430542	0.9791488647460938	0.6333637237548828	1.2191526889801025	False
3	0.125	4.880662441253662	1.5144107341766357	1.1913373470306396	0.785374641418457	1.3895398378372192	False
3	0.125	4.163248062133789	1.385969877243042	0.9945170879364014	0.5850090384483337	1.1977519989013672	False
3	0.11749999970197678	4.8854193687438965	1.5461208820343018	1.2239983081817627	0.7418473958969116	1.3734527826309204	False
3	0.125	4.280118465423584	1.3951035737991333	1.0048471689224243	0.631596028804779	1.2485716342926025	False
3	0.12250000238418579	4.88728666305542	1.5474436283111572	1.2162538766860962	0.7691323757171631	1.3544566631317139	False
3	0.11749999970197678	4.2825117111206055	1.3835539817810059	1.0008878707885742	0.6269742846488953	1.2710955142974854	False
3	0.12250000238418579	4.910495758056641	1.5771253108978271	1.1778829097747803	0.7653533220291138	1.390134334564209	False
3	0.125	4.281795978546143	1.386932373046875	1.007504940032959	0.6260638236999512	1.2612948417663574	False
3	0.11999999731779099	4.909190654754639	1.5206761360168457	1.2226115465164185	0.7826904058456421	1.3832125663757324	False
3	0.125	4.300449371337891	1.3865996599197388	1.0132802724838257	0.6489278078079224	1.251641869544983	False
3	0.125	4.865866661071777	1.5328916311264038	1.215936303138733	0.7283856868743896	1.3886529207229614	False
3	0.12250000238418579	4.2199907302856445	1.382997751235962	0.9838297963142395	0.6117874383926392	1.2413761615753174	False
3	0.125	4.887829303741455	1.544939637184143	1.2027467489242554	0.7633069753646851	1.376835823059082	False
3	0.11500000208616257	4.205007076263428	1.390018343925476	1.0139439105987549	0.5942423939704895	1.206802487373352	False
3	0.125	4.842877388000488	1.5417072772979736	1.1335452795028687	0.7729033827781677	1.3947213888168335	False
3	0.12250000238418579	4.240236282348633	1.3894445896148682	0.9943599700927734	0.614490807056427	1.241940975189209	False
3	0.12250000238418579	4.843960285186768	1.5398368835449219	1.2278141975402832	0.7357082366943359	1.340600848197937	False
3	0.11749999970197678	4.273255348205566	1.3854625225067139	0.9486815929412842	0.679319441318512	1.2597920894622803	False
3	0.11749999970197678	4.866314888000488	1.5608556270599365	1.177958369255066	0.7620994448661804	1.3654015064239502	False
3	0.12250000238418579	4.255868434906006	1.3759570121765137	0.9713451862335205	0.652401328086853	1.2561650276184082	False
3	0.11749999970197678	4.7960662841796875	1.55214262008667	1.1903544664382935	0.7222122550010681	1.3313570022583008	False
3	0.125	4.209977149963379	1.3887200355529785	0.9867537021636963	0.6088384985923767	1.225664734840393	False
3	0.11999999731779099	4.865016937255859	1.5340478420257568	1.2313424348831177	0.742167055606842	1.3574597835540771	False
3	0.12250000238418579	4.242077827453613	1.4113010168075562	0.9849169254302979	0.6222493052482605	1.2236108779907227	False
3	0.125	4.874986171722412	1.550616979598999	1.136676549911499	0.8073506355285645	1.3803420066833496	False
4	0.12250000238418579	1.4461787939071655	0.5555503368377686	0.3239026665687561	0.059736188501119614	0.506989598274231	False
4	0.11999999731779099	2.228184700012207	0.8350750207901001	0.4652307629585266	0.10783448815345764	0.8200443387031555	False
4	0.125	1.4766713380813599	0.5706918835639954	0.32451894879341125	0.06029045954346657	0.5211700201034546	False
4	0.11749999970197678	2.2266271114349365	0.8672807812690735	0.48178765177726746	0.08978746086359024	0.7877711653709412	False
4	0.11999999731779099	1.4801826477050781	0.5759426951408386	0.33762669563293457	0.05794549360871315	0.5086677670478821	False
4	0.11500000208616257	2.1332883834838867	0.8147889375686646	0.4657212793827057	0.08651059865951538	0.7662674188613892	False
4	0.12250000238418579	1.4587651491165161	0.5578437447547913	0.3282848596572876	0.06035874783992767	0.5122777819633484	False
4	0.12250000238418579	2.2345099449157715	0.8609451055526733	0.4416058659553528	0.10807016491889954	0.823888897895813	False
4	0.11749999970197678	1.4663498401641846	0.56473708152771	0.33538299798965454	0.057355791330337524	0.5088738799095154	False
4	0.11999999731779099	2.267392635345459	0.8404064178466797	0.4842240512371063	0.10080283135175705	0.8419593572616577	False
4	0.12250000238418579	1.4770647287368774	0.559507429599762	0.34146326780319214	0.05697113648056984	0.5191228985786438	False
4	0.11999999731779099	2.3933706283569336	0.9272779822349548	0.48860350251197815	0.1060953363776207	0.8713937997817993	False
4	0.125	1.504122257232666	0.5691282153129578	0.32914039492607117	0.06241989880800247	0.5434337854385376	False
4	0.125	2.2512311935424805	0.8578287363052368	0.4689289331436157	0.10305871814489365	0.8214149475097656	False
4	0.11749999970197678	1.4915122985839844	0.5672745108604431	0.32729777693748474	0.06198948249220848	0.5349504947662354	False
4	0.11749999970197678	2.2977962493896484	0.8796645998954773	0.4806465208530426	0.10056374967098236	0.8369214534759521	False
4	0.11999999731779099	1.441271424293518	0.554789662361145	0.33195760846138	0.05568677559494972	0.498837411403656	False
4	0.12250000238418579	2.1968259811401367	0.8347477316856384	0.4614919424057007	0.09897914528846741	0.8016073703765869	False
4	0.125	1.4687049388885498	0.5691041946411133	0.323699951171875	0.059919167309999466	0.5159815549850464	False
4	0.12250000238418579	2.3693528175354004	0.8903229236602783	0.4449845552444458	0.12405212223529816	0.9099931716918945	False
4	0.125	1.4325504302978516	0.5492159128189087	0.3217593729496002	0.05931803211569786	0.5022571086883545	False
4	0.12250000238418579	2.361915111541748	0.9102025628089905	0.47791391611099243	0.1088530421257019	0.8649457097053528	False
4	0.11999999731779099	1.4695525169372559	0.5602725148200989	0.3344865143299103	0.0579630509018898	0.5168304443359375	False
4	0.11999999731779099	2.324681282043457	0.8905200362205505	0.4606454372406006	0.11314938962459564	0.8603664636611938	False
4	0.12250000238418579	1.4807637929916382	0.5680127739906311	0.3223773241043091	0.059954751282930374	0.5304189324378967	False
4	0.12250000238418579	2.3066012859344482	0.8936467170715332	0.464152455329895	0.10443270206451416	0.8443694114685059	False
4	0.12250000238418579	1.4926316738128662	0.566757082939148	0.3386601507663727	0.05964266136288643	0.5275718569755554	False
4	0.11999999731779099	2.324577808380127	0.8869245052337646	0.4956338405609131	0.10176517814397812	0.8402541875839233	False
4	0.12250000238418579	1.4952422380447388	0.5662058591842651	0.32755038142204285	0.06144038215279579	0.5400455594062805	False
4	0.11999999731779099	2.119495391845703	0.8192969560623169	0.4534173607826233	0.09078644961118698	0.7559945583343506	False
5	0.1274999976158142	0.7785741090774536	0.332283079624176	0.37245482206344604	0.005259333178400993	0.068576879799366	False
5	0.11749999970197678	1.1173408031463623	0.5467805862426758	0.42918768525123596	0.009870540350675583	0.13150209188461304	False
5	0.11999999731779099	0.7727387547492981	0.32073813676834106	0.3815411329269409	0.004819463472813368	0.06564005464315414	False
5	0.11749999970197678	1.1560842990875244	0.5804186463356018	0.44416487216949463	0.009627660736441612	0.12187305092811584	False
5	0.12250000238418579	0.76857590675354	0.3379950225353241	0.3544543981552124	0.005139480344951153	0.07098697125911713	False
5	0.125	1.2012033462524414	0.5947802066802979	0.4627176523208618	0.009948771446943283	0.1337568163871765	False
5	0.125	0.7580962777137756	0.34653064608573914	0.33641722798347473	0.005706070922315121	0.06944230943918228	False
5	0.125	1.1811857223510742	0.5887569189071655	0.46827012300491333	0.009272468276321888	0.11488620936870575	False
5	0.11999999731779099	0.7726698517799377	0.3459414839744568	0.3522493243217468	0.0057305083610117435	0.06874851882457733	False
5	0.11500000208616257	1.154487133026123	0.5699129700660706	0.4396279454231262	0.010163958184421062	0.1347823441028595	False
5	0.12250000238418579	0.7647604942321777	0.3222098648548126	0.36678576469421387	0.005204431246966124	0.07056042551994324	False
5	0.11749999970197678	1.1897518634796143	0.6219291687011719	0.42954373359680176	0.010964122600853443	0.12731485068798065	False
5	0.125	0.7705559134483337	0.3211479187011719	0.37616196274757385	0.005147083196789026	0.06809898465871811	False
5	0.11999999731779099	1.1657931804656982	0.5840616822242737	0.42302873730659485	0.011441191658377647	0.14726154506206512	False
5	0.125	0.7624480128288269	0.32017022371292114	0.37148281931877136	0.0048854053020477295	0.06590956449508667	False
5	0.125	1.0867077112197876	0.5302043557167053	0.3863309621810913	0.012470862828195095	0.1577015221118927	False
5	0.12250000238418579	0.7753554582595825	0.32979199290275574	0.3712165355682373	0.005187569186091423	0.06915929913520813	False
5	0.125	1.1624701023101807	0.5904747247695923	0.43193721771240234	0.010897388681769371	0.12916074693202972	False
5	0.125	0.7631632685661316	0.3253727853298187	0.3668243885040283	0.005006485618650913	0.06595955789089203	False
5	0.125	1.1507890224456787	0.562023937702179	0.4620302617549896	0.00909192580729723	0.11764289438724518	False
5	0.12250000238418579	0.7421318292617798	0.32087042927742004	0.3462211787700653	0.005281729158014059	0.06975848972797394	False
5	0.125	1.1726759672164917	0.585396409034729	0.45074647665023804	0.009348676539957523	0.12718449532985687	False
5	0.11999999731779099	0.7633801102638245	0.3211551606655121	0.37348806858062744	0.004800678230822086	0.06393615156412125	False
5	0.11999999731779099	1.1727439165115356	0.5939459800720215	0.44489142298698425	0.009886765852570534	0.12401977181434631	False
5	0.12250000238418579	0.777680516242981	0.3323395252227783	0.3693336844444275	0.005048876628279686	0.07095842063426971	False
5	0.11749999970197678	1.185399055480957	0.6194409728050232	0.4366937279701233	0.01010165736079216	0.11916270852088928	False
5	0.125	0.7900393009185791	0.33203569054603577	0.3859349489212036	0.004958064295351505	0.067110575735569	False
5	0.12250000238418579	1.2067562341690063	0.6145172119140625	0.4419890344142914	0.010585200972855091	0.13966481387615204	False
5	0.12250000238418579	0.7714436054229736	0.3317932188510895	0.3658161759376526	0.005078867077827454	0.06875532120466232	False
5	0.11999999731779099	1.2024731636047363	0.5849433541297913	0.45761731266975403	0.010373670607805252	0.1495388150215149	False
6	0.125	0.8825963139533997	0.48482459783554077	0.33574509620666504	0.005391424987465143	0.05663519352674484	False
6	0.125	1.1570098400115967	0.6640605330467224	0.3644070029258728	0.01007716916501522	0.11846515536308289	False
6	0.11500000208616257	0.8663976192474365	0.47804126143455505	0.32486987113952637	0.005325036589056253	0.0581614226102829	False
6	0.11999999731779099	1.1255812644958496	0.6290245056152344	0.37469184398651123	0.010792382061481476	0.11107251048088074	False
6	0.12250000238418579	0.8766857385635376	0.47861069440841675	0.33900707960128784	0.005295234266668558	0.05377274751663208	False
6	0.12250000238418579	1.1959775686264038	0.6869913339614868	0.39434877038002014	0.009677983820438385	0.10495953261852264	False
6	0.12250000238418579	0.8933716416358948	0.4990595281124115	0.33534207940101624	0.005274693947285414	0.05369534343481064	False
6	0.11749999970197678	1.1483962535858154	0.6480963230133057	0.3706863820552826	0.010368820279836655	0.11924470961093903	False
6	0.125	0.8758426904678345	0.4837530255317688	0.33252978324890137	0.005217653699219227	0.054342202842235565	False
6	0.11999999731779099	1.1761114597320557	0.6793200373649597	0.36986395716667175	0.010151652619242668	0.11677584052085876	False
6	0.11999999731779099	0.9070568680763245	0.5063561201095581	0.3400746285915375	0.0052838195115327835	0.05534224584698677	False
6	0.11999999731779099	1.1959611177444458	0.6752050518989563	0.37418654561042786	0.011323932558298111	0.13524551689624786	False
6	0.125	0.9067850112915039	0.5034946799278259	0.3454608619213104	0.005046560894697905	0.05278295651078224	False
6	0.125	1.1731693744659424	0.6652880907058716	0.36154183745384216	0.011559982784092426	0.1347794234752655	False
6	0.12250000238418579	0.8986815810203552	0.49246683716773987	0.3440171480178833	0.005243565887212753	0.05695406720042229	False
6	0.12250000238418579	1.227654218673706	0.7083190083503723	0.37877747416496277	0.011006709188222885	0.12955108284950256	False
6	0.12999999523162842	0.8824144601821899	0.49650317430496216	0.32287442684173584	0.00539430882781744	0.05764260143041611	False
6	0.11500000208616257	1.194305419921875	0.6773064136505127	0.37848201394081116	0.011240710504353046	0.12727627158164978	False
6	0.12250000238418579	0.9178354740142822	0.49223455786705017	0.3668493330478668	0.005102270748466253	0.05364932492375374	False
6	0.125	1.1689116954803467	0.664806604385376	0.3784213662147522	0.010197282768785954	0.11548645794391632	False
6	0.125	0.8766704201698303	0.484139621257782	0.3259120285511017	0.005377812776714563	0.06124090775847435	False
6	0.125	1.1610726118087769	0.6839520931243896	0.3419308364391327	0.011234265752136707	0.1239553764462471	False
6	0.11500000208616257	0.9078050851821899	0.4908430576324463	0.35511672496795654	0.0050327894277870655	0.05681250989437103	False
6	0.12250000238418579	1.1666100025177002	0.6770042777061462	0.35499411821365356	0.01103823073208332	0.12357338517904282	False
6	0.125	0.8818749189376831	0.48183390498161316	0.3405202031135559	0.005081891547888517	0.05443893373012543	False
6	0.12250000238418579	1.166268229484558	0.6538254022598267	0.3734864294528961	0.010868336074054241	0.1280880868434906	False
6	0.11999999731779099	0.921373724937439	0.5069741606712341	0.3535224199295044	0.00539605924859643	0.055481091141700745	False
6	0.11999999731779099	1.1627323627471924	0.67042076587677	0.3655378520488739	0.009919606149196625	0.11685405671596527	False
6	0.12250000238418579	0.872035801410675	0.4843447208404541	0.3226604461669922	0.005425633396953344	0.05960498005151749	False
6	0.125	1.153586506843567	0.6623861789703369	0.34647321701049805	0.011716179549694061	0.13301101326942444	False
7	0.1274999976158142	1.1994684934616089	0.7322328686714172	0.4575859606266022	0.004985618405044079	0.004664091859012842	False
7	0.11999999731779099	1.3085668087005615	0.8354103565216064	0.45284324884414673	0.008798513561487198	0.011514806188642979	False
7	0.11999999731779099	1.1584986448287964	0.7291097640991211	0.4191920757293701	0.0050030904822051525	0.005193654913455248	False
7	0.12250000238418579	1.2422224283218384	0.8134315013885498	0.4086851179599762	0.00879411306232214	0.011311804875731468	False
7	0.125	1.1771011352539062	0.7470433115959167	0.41943874955177307	0.0053550973534584045	0.005263917148113251	False
7	0.12250000238418579	1.1348623037338257	0.7384946942329407	0.3755218982696533	0.009495990350842476	0.011349816806614399	False
7	0.12999999523162842	1.1257396936416626	0.723324179649353	0.39159485697746277	0.005084600765258074	0.005736011546105146	False
7	0.11749999970197678	1.3960933685302734	0.8838673830032349	0.49143457412719727	0.009462835267186165	0.01132863201200962	False
7	0.1274999976158142	1.1360465288162231	0.6977878212928772	0.4284561574459076	0.004976296331733465	0.00482627609744668	False
7	0.12250000238418579	1.3389304876327515	0.8711835741996765	0.4478434920310974	0.00926724262535572	0.01063624955713749	False
7	0.12250000238418579	1.1721347570419312	0.6956849694252014	0.466805100440979	0.004799543879926205	0.004845114424824715	False
7	0.125	1.2761571407318115	0.8429558277130127	0.41119322180747986	0.00941060297191143	0.012597430497407913	False
7	0.125	1.137226939201355	0.70555579662323	0.42141008377075195	0.0051587303169071674	0.005102272145450115	False
7	0.11999999731779099	1.264141321182251	0.8340514898300171	0.4098299741744995	0.009472664445638657	0.010787256993353367	False
7	0.11999999731779099	1.1402997970581055	0.7332073450088501	0.3965175747871399	0.005327089689671993	0.0052477107383310795	False
7	0.12250000238418579	1.2699739933013916	0.8308936357498169	0.4189337491989136	0.009406674653291702	0.010739929042756557	False
7	0.12999999523162842	1.1374672651290894	0.7346987128257751	0.39176347851753235	0.005582867655903101	0.0054222093895077705	False
7	0.12250000238418579	1.2275744676589966	0.7939779162406921	0.41167062520980835	0.009831003844738007	0.012095024809241295	False
7	0.125	1.1544607877731323	0.7360836267471313	0.4082225561141968	0.004994038958102465	0.005160593893378973	False
7	0.11999999731779099	1.3435801267623901	0.9130386710166931	0.4091763496398926	0.010029774159193039	0.011335274204611778	False
7	0.125	1.1158875226974487	0.6880565881729126	0.4175669550895691	0.0050572482869029045	0.005206829868257046	False
7	0.12250000238418579	1.243546962738037	0.7850481271743774	0.43772584199905396	0.009001904167234898	0.01177113689482212	False
7	0.125	1.074154019355774	0.6704585552215576	0.39243295788764954	0.005339894909411669	0.005922640673816204	False
7	0.125	1.1656911373138428	0.7488601207733154	0.39721807837486267	0.00838541891425848	0.01122746616601944	False
7	0.11999999731779099	1.1427193880081177	0.7145928144454956	0.41793981194496155	0.005114077590405941	0.00507274828851223	False
7	0.11999999731779099	1.2309691905975342	0.771551251411438	0.43891027569770813	0.009196396917104721	0.011311270296573639	False
7	0.125	1.091200590133667	0.694327712059021	0.3860771954059601	0.005292676854878664	0.005503057036548853	False
7	0.125	1.2820100784301758	0.8237326145172119	0.4360867738723755	0.009724749252200127	0.01246599666774273	False
7	0.11500000208616257	1.098119854927063	0.6842160224914551	0.4034450352191925	0.00524872587993741	0.005210089962929487	False
7	0.12250000238418579	1.2483893632888794	0.7989270091056824	0.4293927252292633	0.008946878835558891	0.011122655123472214	False
8	0.11749999970197678	1.8201600313186646	1.321805715560913	0.4926866888999939	0.0044694459065794945	0.0011981390416622162	False
8	0.11999999731779099	1.7904114723205566	1.33522629737854	0.44249576330184937	0.009335889481008053	0.003353528678417206	False
8	0.11500000208616257	1.7264988422393799	1.2498059272766113	0.47107428312301636	0.004396677482873201	0.0012219480704516172	False
8	0.12250000238418579	1.9576342105865479	1.4465056657791138	0.4984569847583771	0.009430338628590107	0.003241335041821003	False
8	0.11999999731779099	1.7382023334503174	1.2599073648452759	0.47279298305511475	0.004313626792281866	0.0011883806437253952	False
8	0.12250000238418579	1.8985830545425415	1.4188487529754639	0.46828174591064453	0.008357341401278973	0.0030953194946050644	False
8	0.12250000238418579	1.6923245191574097	1.2245925664901733	0.4622441828250885	0.004300552420318127	0.0011871751630678773	False
8	0.125	1.698624610900879	1.274512767791748	0.4109879732131958	0.00953557901084423	0.003588315099477768	False
8	0.12250000238418579	1.763502597808838	1.2789764404296875	0.4790197014808655	0.0043648346327245235	0.0011417040368542075	False
8	0.11999999731779099	1.746236801147461	1.2841756343841553	0.44938039779663086	0.009522225707769394	0.003158525563776493	False
8	0.125	1.7036900520324707	1.2383604049682617	0.4599699378013611	0.004219456575810909	0.0011401940137147903	False
8	0.11500000208616257	1.8024770021438599	1.314240574836731	0.4751616418361664	0.00974563043564558	0.0033292050939053297	False
8	0.125	1.6954171657562256	1.2067023515701294	0.4834938645362854	0.004071501083672047	0.0011494139907881618	False
8	0.12250000238418579	2.0105113983154297	1.473788857460022	0.5251040458679199	0.008662263862788677	0.002956221578642726	False
8	0.125	1.7824397087097168	1.2718077898025513	0.5052763819694519	0.004194211680442095	0.0011613448150455952	False
8	0.12250000238418579	2.030486822128296	1.468956470489502	0.5503239631652832	0.008443915285170078	0.002762649906799197	False
8	0.12250000238418579	1.7169660329818726	1.2333343029022217	0.47812163829803467	0.004354698117822409	0.0011553463991731405	False
8	0.11749999970197678	1.720869541168213	1.2909409999847412	0.41646116971969604	0.009706005454063416	0.003761324333027005	False
8	0.1274999976158142	1.7145055532455444	1.2452781200408936	0.463752806186676	0.00429530069231987	0.001179357641376555	False
8	0.11999999731779099	1.940906047821045	1.4209595918655396	0.5075631737709045	0.009505880065262318	0.0028773630037903786	False
8	0.11999999731779099	1.7396715879440308	1.2541741132736206	0.4799041152000427	0.004505841061472893	0.0010875924490392208	False
8	0.11999999731779099	1.7105473279953003	1.2692186832427979	0.4278090298175812	0.009798463433980942	0.0037211920134723186	False
8	0.1274999976158142	1.7835326194763184	1.2889846563339233	0.48893943428993225	0.004391517955809832	0.0012170161353424191	False
8	0.12250000238418579	1.8804856538772583	1.4256682395935059	0.44193097949028015	0.00942472368478775	0.003461675252765417	False
8	0.11749999970197678	1.8320050239562988	1.3073986768722534	0.5190354585647583	0.004416207782924175	0.001154608209617436	False
8	0.11999999731779099	1.9034554958343506	1.421929955482483	0.4697309732437134	0.008604485541582108	0.0031900554895401	False
8	0.11999999731779099	1.727108359336853	1.2782539129257202	0.4430007040500641	0.004653762560337782	0.0011999503476545215	False
8	0.11999999731779099	1.9254134893417358	1.4221680164337158	0.4910826086997986	0.009007884189486504	0.0031548296101391315	False
8	0.125	1.7659279108047485	1.2941818237304688	0.4660769999027252	0.004503232892602682	0.0011658495059236884	False
8	0.12250000238418579	1.8256481885910034	1.3009649515151978	0.512292742729187	0.009385043755173683	0.0030054578091949224	False
9	0.125	2.209949016571045	1.1990418434143066	1.0093101263046265	0.0007090939907357097	0.0008877828367985785	False
9	0.12250000238418579	2.1991240978240967	1.326498031616211	0.8674818277359009	0.002733691828325391	0.002410532906651497	False
9	0.12250000238418579	2.181133508682251	1.1918035745620728	0.987593948841095	0.0007648656028322875	0.0009711241582408547	False
9	0.125	2.3684611320495605	1.36079740524292	1.002984642982483	0.0024499627761542797	0.0022291773930191994	False
9	0.12999999523162842	2.181666135787964	1.1723122596740723	1.0076713562011719	0.0007441919296979904	0.0009383853757753968	False
9	0.11999999731779099	2.2958831787109375	1.3458753824234009	0.9454197287559509	0.0024534501135349274	0.0021345962304621935	False
9	0.11749999970197678	2.18115496635437	1.1996583938598633	0.9797670841217041	0.0007369685918092728	0.0009925973135977983	False
9	0.12250000238418579	2.3762941360473633	1.3901598453521729	0.9818423390388489	0.0022731409408152103	0.002019013511016965	False
9	0.125	2.327329158782959	1.3780511617660522	0.9448546171188354	0.0022851829417049885	0.002138091716915369	False
9	0.12250000238418579	1.8709362745285034	1.1566894054412842	0.70803302526474	0.0035958578810095787	0.002617931691929698	False
9	0.11999999731779099	2.435912609100342	1.4105994701385498	1.0213596820831299	0.002064028289169073	0.0018895281245931983	False
9	0.125	1.9157518148422241	1.2144749164581299	0.6957229971885681	0.0032729257363826036	0.002280970336869359	False
9	0.12999999523162842	2.366607666015625	1.403128743171692	0.9596571326255798	0.001983334543183446	0.0018384605646133423	False
9	0.125	1.7284554243087769	1.1009349822998047	0.6205556988716125	0.003984385170042515	0.0029804857913404703	False
9	0.12999999523162842	2.308377981185913	1.3459322452545166	0.9577686786651611	0.002267214935272932	0.0024098402354866266	False
9	0.1274999976158142	1.841338038444519	1.1637330055236816	0.6714879870414734	0.0038271809462457895	0.0022897268645465374	False
9	0.12999999523162842	2.3906919956207275	1.3648697137832642	1.0213178396224976	0.002286648377776146	0.0022177202627062798	False
9	0.125	1.8690658807754517	1.193406105041504	0.6701786518096924	0.00319684692658484	0.002284250920638442	False
9	0.125	2.4060535430908203	1.3933722972869873	1.008895754814148	0.0020224053878337145	0.00176314078271389	False
9	0.125	1.7590612173080444	1.1156857013702393	0.6376270651817322	0.0036691338755190372	0.0020792819559574127	False
9	0.12250000238418579	2.3376784324645996	1.3686003684997559	0.964963436126709	0.0021810228936374187	0.0019335465040057898	False
9	0.125	1.9556127786636353	1.2178027629852295	0.7323502898216248	0.0033138953149318695	0.0021457532420754433	False
9	0.125	2.4031505584716797	1.391018033027649	1.008253574371338	0.002063982654362917	0.0018150308169424534	False
9	0.11999999731779099	2.4773120880126953	1.4167011976242065	1.056525468826294	0.002209166996181011	0.001876331982202828	False
9	0.13500000536441803	2.3444507122039795	1.3729488849639893	0.9674673080444336	0.002110912464559078	0.0019235688960179687	False
9	0.125	1.7504585981369019	1.081982970237732	0.6620562672615051	0.003945371601730585	0.0024739543441683054	False
9	0.12250000238418579	2.3855607509613037	1.3827033042907715	0.9989112615585327	0.0020003383979201317	0.001945780823007226	False
9	0.1274999976158142	2.0054030418395996	1.2523458003997803	0.7480019330978394	0.0030292063020169735	0.002026347443461418	False
9	0.12250000238418579	2.3608005046844482	1.3845953941345215	0.9723836779594421	0.002042887732386589	0.0017785942181944847	False
9	0.12250000238418579	1.7186453342437744	1.0969496965408325	0.6152507066726685	0.003953383304178715	0.0024916427209973335	False
10	0.12250000238418579	1.1953076124191284	0.4382510781288147	0.756583034992218	9.41840116865933e-05	0.00037930370308458805	False
10	0.11999999731779099	0.6972817182540894	0.07716300338506699	0.6192569732666016	0.00011517001985339448	0.0007466007955372334	False
10	0.125	1.129450798034668	0.3742802143096924	0.754725992679596	8.058540697675198e-05	0.0003640516079030931	False
10	0.125	0.7061323523521423	0.07125332206487656	0.6340432167053223	0.00011725611693691462	0.0007185792783275247	False
10	0.12250000238418579	1.1833078861236572	0.42786145210266113	0.754950225353241	9.284951374866068e-05	0.00040331677882932127	False
10	0.12250000238418579	0.7082618474960327	0.0786592960357666	0.628652036190033	0.0001284540194319561	0.0008220399031415582	False
10	0.1274999976158142	1.17591392993927	0.4192153811454773	0.7562284469604492	8.791687287157401e-05	0.00038211303763091564	False
10	0.11749999970197678	0.6946596503257751	0.07832653075456619	0.6154242753982544	0.00011900698154931888	0.0007898355834186077	False
10	0.11999999731779099	1.1788899898529053	0.42066240310668945	0.7577324509620667	9.527656220598146e-05	0.0003999655309598893	False
10	0.12250000238418579	1.3316491842269897	0.5655733942985535	0.764860987663269	0.0002632006071507931	0.000951685942709446	False
10	0.11999999731779099	1.251453161239624	0.48865842819213867	0.7615712285041809	0.0002716796298045665	0.0009518441511318088	False
10	0.12250000238418579	0.7118527293205261	0.07944481819868088	0.631422221660614	0.00013462750939652324	0.0008510458283126354	False
10	0.12250000238418579	1.218294620513916	0.45940783619880676	0.7583776712417603	0.00010135645425179973	0.00040784641169011593	False
10	0.125	0.7013301253318787	0.07841742038726807	0.6220008730888367	0.00012102089385734871	0.0007908574771136045	False
10	0.125	1.1551027297973633	0.4030340909957886	0.7515833377838135	9.193798177875578e-05	0.00039343570824712515	False
10	0.11749999970197678	0.686036229133606	0.07600080221891403	0.6091463565826416	0.00010423998901387677	0.0007848432287573814	False
10	0.1274999976158142	1.1907299757003784	0.4348524510860443	0.7553578615188599	9.44487183005549e-05	0.00042524392483755946	False
10	0.11999999731779099	0.6895973086357117	0.07113170623779297	0.6176390647888184	0.00010511117579881102	0.0007214425131678581	False
10	0.12250000238418579	1.1770293712615967	0.42795830965042114	0.748550295829773	0.00010062015644507483	0.0004201080882921815	False
10	0.125	0.7285011410713196	0.07574819028377533	0.6517540812492371	0.00013211015902925283	0.000866742804646492	False
10	0.12250000238418579	1.1803154945373535	0.4229608476161957	0.7568605542182922	9.26698703551665e-05	0.0004014559672214091	False
10	0.11999999731779099	0.7065922021865845	0.07419702410697937	0.6314893364906311	0.0001275828544748947	0.0007783391629345715	False
10	0.1274999976158142	1.1601409912109375	0.40783530473709106	0.7518360614776611	8.868435543263331e-05	0.00038103124825283885	False
10	0.12250000238418579	0.7023081183433533	0.07436245679855347	0.6270006895065308	0.00012245937250554562	0.0008224766934290528	False
10	0.12999999523162842	1.1627275943756104	0.4103088974952698	0.7519449591636658	9.251488518202677e-05	0.0003812891663983464	False
10	0.11500000208616257	0.7068054676055908	0.0776105597615242	0.6283246874809265	0.00011877787619596347	0.0007514251628890634	False
10	0.12250000238418579	1.1687953472137451	0.41057288646698	0.7577469348907471	8.471932960674167e-05	0.00039075847598724067	False
10	0.11999999731779099	0.7060166001319885	0.08162128180265427	0.6234624981880188	0.00012304692063480616	0.0008097890531644225	False
10	0.11999999731779099	1.1639424562454224	0.41311827301979065	0.7503104209899902	9.555849828757346e-05	0.0004181379044894129	False
10	0.12250000238418579	0.7119253277778625	0.07396025210618973	0.6370294690132141	0.00011723743955371901	0.0008183944737538695	False
11	0.125	0.6834773421287537	0.16543887555599213	0.5178433060646057	0.00012536752910818905	6.979077443247661e-05	False
11	0.11999999731779099	0.6055198311805725	0.12157958000898361	0.48323479294776917	0.0004648936737794429	0.00024057389236986637	False
11	0.12250000238418579	0.6574578285217285	0.15772885084152222	0.4995288550853729	0.00013209041208028793	6.808843318140134e-05	False
11	0.11999999731779099	0.6003803610801697	0.12132684886455536	0.4783722162246704	0.00046109198592603207	0.0002201548486482352	False
11	0.125	0.6489040851593018	0.15046343207359314	0.49824753403663635	0.0001287320483243093	6.440051220124587e-05	False
11	0.11500000208616257	0.583226203918457	0.11840534210205078	0.4641602635383606	0.0004406041407492012	0.00022000932949595153	False
11	0.125	0.6668533086776733	0.15219257771968842	0.5144718885421753	0.000120781987789087	6.804939766880125e-05	False
11	0.12250000238418579	0.5855432748794556	0.11301182955503464	0.47188565135002136	0.00044036441249772906	0.00020545252482406795	False
11	0.11999999731779099	0.6661241054534912	0.15893329679965973	0.5069970488548279	0.00012515494017861784	6.858785491203889e-05	False
11	0.11999999731779099	0.5872341990470886	0.11896733194589615	0.4675581753253937	0.00048716433229856193	0.00022153060126584023	False
11	0.12250000238418579	0.6592061519622803	0.1513896882534027	0.5076247453689575	0.00012502573372330517	6.661000224994496e-05	False
11	0.125	0.5914750695228577	0.12181753665208817	0.4690253436565399	0.0004100886289961636	0.00022207095753401518	False
11	0.1274999976158142	0.6684735417366028	0.16178518533706665	0.5065018534660339	0.0001221880374941975	6.432367081288248e-05	False
11	0.11500000208616257	0.5987921953201294	0.11672867089509964	0.4813705384731293	0.00047233590157702565	0.00022065549273975194	False
11	0.125	0.6822981834411621	0.1642683893442154	0.5178403258323669	0.00012358005915302783	6.589957047253847e-05	False
11	0.125	0.5790168642997742	0.108815498650074	0.46951380372047424	0.0004692467919085175	0.00021828050375916064	False
11	0.12250000238418579	0.6616531610488892	0.16161507368087769	0.4998342990875244	0.0001342833274975419	6.947264046175405e-05	False
11	0.12250000238418579	0.5940255522727966	0.12497279047966003	0.46839669346809387	0.0004373441624920815	0.000218739194679074	False
11	0.12250000238418579	0.6758118867874146	0.16022701561450958	0.5153899192810059	0.00012358467211015522	7.14321358827874e-05	False
11	0.11999999731779099	0.5866080522537231	0.1278468668460846	0.458159863948822	0.0004004495858680457	0.0002008831943385303	False
11	0.125	0.6635451912879944	0.1586630791425705	0.5046969056129456	0.00012170673289801925	6.346064037643373e-05	False
11	0.125	0.5817220211029053	0.11865045130252838	0.46250230073928833	0.0003777933306992054	0.00019151275046169758	False
11	0.12250000238418579	0.6752757430076599	0.1603066474199295	0.5147778987884521	0.0001231387723237276	6.807559839216992e-05	False
11	0.11999999731779099	0.5926198363304138	0.12616004049777985	0.46571239829063416	0.0004810921673197299	0.00026631043874658644	False
11	0.12250000238418579	0.6625625491142273	0.1540163904428482	0.5083613991737366	0.00011960927804466337	6.513604603242129e-05	False
11	0.11999999731779099	0.5955529808998108	0.1181713193655014	0.47668489813804626	0.0004781584721058607	0.00021861566347070038	False
11	0.11999999731779099	0.66596519947052	0.1597227305173874	0.5060406923294067	0.00013263060827739537	6.913520337548107e-05	False
11	0.12250000238418579	0.6006330251693726	0.11857953667640686	0.48142045736312866	0.0004211541381664574	0.00021184157230891287	False
11	0.1274999976158142	0.6801530718803406	0.16241490840911865	0.5175501704216003	0.00012026429612888023	6.772450433345512e-05	False
11	0.11999999731779099	0.6126289963722229	0.12300457060337067	0.48895177245140076	0.0004539135261438787	0.0002187264326494187	False
12	0.125	0.6819896101951599	0.1254623979330063	0.5563192963600159	7.881574128987268e-05	0.00012912324746139348	False
12	0.12250000238418579	0.6297536492347717	0.10883450508117676	0.5205188393592834	0.0001224036532221362	0.00027789874002337456	False
12	0.11749999970197678	0.6733161211013794	0.1248151957988739	0.5483157634735107	6.04387023486197e-05	0.00012471470108721405	False
12	0.12250000238418579	0.6223145127296448	0.10902854055166245	0.5128452181816101	0.00014530637417919934	0.0002954304509330541	False
12	0.12250000238418579	0.6813934445381165	0.12306853383779526	0.5581385493278503	7.11932298145257e-05	0.00011521182750584558	False
12	0.11500000208616257	0.6581942439079285	0.12304816395044327	0.5347418189048767	0.00013433696585707366	0.00026986401644535363	False
12	0.125	0.6866750717163086	0.12834805250167847	0.5581308603286743	6.407479668268934e-05	0.0001320554583799094	False
12	0.11999999731779099	0.653727114200592	0.12298835813999176	0.5302990078926086	0.00012379720283206552	0.0003159913176205009	False
12	0.12250000238418579	0.6684035062789917	0.11985830217599869	0.5483566522598267	6.26728797215037e-05	0.00012587934907060117	False
12	0.11749999970197678	0.6419589519500732	0.115416020154953	0.5261113047599792	0.00014693065895698965	0.00028472390840761364	False
12	0.125	0.6858516931533813	0.13245655596256256	0.5531981587409973	6.725636194460094e-05	0.0001297833223361522	False
12	0.125	0.6488656997680664	0.11971262097358704	0.5287368297576904	0.00014079197717364877	0.00027547214995138347	False
12	0.125	0.6677164435386658	0.12326468527317047	0.5442631840705872	6.0229180235182866e-05	0.00012839020928367972	False
12	0.125	0.6350905299186707	0.11145120114088058	0.5231860876083374	0.00014909262245055288	0.0003041437012143433	False
12	0.12999999523162842	0.6801573038101196	0.13039535284042358	0.54957115650177	6.547183147631586e-05	0.00012535779387690127	False
12	0.125	0.6525260806083679	0.12339361011981964	0.5287484526634216	0.0001183018903248012	0.0002656953292898834	False
12	0.125	0.6912097334861755	0.13799500465393066	0.5530267953872681	6.459232827182859e-05	0.00012330335448496044	False
12	0.125	0.6365301609039307	0.112882599234581	0.5232425332069397	0.00012243675882928073	0.00028257997473701835	False
12	0.12250000238418579	0.6854393482208252	0.1257062703371048	0.5595318675041199	7.753870158921927e-05	0.00012366754526738077	False
12	0.12250000238418579	0.649402379989624	0.123952217400074	0.5250306725502014	0.0001272387453354895	0.0002922245766967535	False
12	0.12250000238418579	0.687881588935852	0.1209264025092125	0.5667566657066345	8.08097465778701e-05	0.00011770222772611305	False
12	0.11500000208616257	0.6276349425315857	0.12146766483783722	0.505746066570282	0.00010347699571866542	0.0003177250036969781	False
12	0.12250000238418579	0.6802870035171509	0.1293795108795166	0.5507041215896606	6.976790609769523e-05	0.00013354545808397233	False
12	0.125	0.6313050985336304	0.12001152336597443	0.510847270488739	0.00013023204519413412	0.000316061225021258	False
12	0.12250000238418579	0.6863353848457336	0.1284281313419342	0.5577183961868286	6.850044883321971e-05	0.00012041841546306387	False
12	0.11999999731779099	0.6170148253440857	0.10606589168310165	0.5105553865432739	0.00011929415632039309	0.0002742883807513863	False
12	0.12250000238418579	0.6688202023506165	0.12451863288879395	0.5441181063652039	5.7099940022453666e-05	0.00012633760343305767	False
12	0.11749999970197678	0.6445472240447998	0.1178869977593422	0.5262678265571594	0.00013982635573484004	0.00025254942011088133	False
12	0.11999999731779099	0.6765547394752502	0.11836148798465729	0.5579991936683655	7.244695007102564e-05	0.00012166215310571715	False
12	0.11999999731779099	0.6182746887207031	0.11372298747301102	0.5041533708572388	0.00010970575385726988	0.0002885775757022202	False
13	0.125	0.39434611797332764	0.06095413118600845	0.3333706557750702	2.6589616481942357e-06	1.8694872778723948e-05	False
13	0.11749999970197678	0.37454116344451904	0.049969617277383804	0.32450416684150696	5.731262717745267e-06	6.165945524116978e-05	False
13	0.125	0.38004428148269653	0.05911174789071083	0.32091137766838074	2.4051739728747634e-06	1.873216751846485e-05	False
13	0.12250000238418579	0.36379873752593994	0.04634798690676689	0.31737440824508667	5.858533768332563e-06	7.047942199278623e-05	False
13	0.125	0.39865541458129883	0.059428926557302475	0.3392057418823242	2.5594681574148126e-06	1.8180044207838364e-05	False
13	0.125	0.3676430284976959	0.046030085533857346	0.32153835892677307	5.909447281737812e-06	6.869405478937551e-05	False
13	0.11999999731779099	0.3869244456291199	0.05666344240307808	0.33023732900619507	2.576593487901846e-06	2.1105039195390418e-05	False
13	0.11999999731779099	0.3827328681945801	0.0494174100458622	0.33324822783470154	6.069176379241981e-06	6.115270662121475e-05	False
13	0.12250000238418579	0.3985520005226135	0.058296993374824524	0.3402337431907654	2.6732918740890455e-06	1.858495124906767e-05	False
13	0.11999999731779099	0.3811468780040741	0.045647986233234406	0.3354128897190094	6.732647307217121e-06	7.928495324449614e-05	False
13	0.12999999523162842	0.38859081268310547	0.05531267076730728	0.3332560658454895	2.4771070457063615e-06	1.9621085812104866e-05	False
13	0.12250000238418579	0.38233309984207153	0.045755960047245026	0.33650320768356323	6.347795533656608e-06	6.759339157724753e-05	False
13	0.11999999731779099	0.38699907064437866	0.05979297310113907	0.3271848261356354	2.5170879780489486e-06	1.878350303741172e-05	False
13	0.12250000238418579	0.3613841235637665	0.04346754029393196	0.3178215026855469	6.211800609889906e-06	8.886046998668462e-05	False
13	0.125	0.37086597084999084	0.05936657637357712	0.3114771544933319	2.4507598936907016e-06	1.979985427169595e-05	False
13	0.11749999970197678	0.34718021750450134	0.044052984565496445	0.30304017663002014	5.767521997768199e-06	8.128525223582983e-05	False
13	0.125	0.3907078504562378	0.056970324367284775	0.3337146043777466	2.6646362130122725e-06	2.026492620643694e-05	False
13	0.11500000208616257	0.3468044400215149	0.04421958327293396	0.302503377199173	5.78462550038239e-06	7.57058514864184e-05	False
13	0.11999999731779099	0.3977983295917511	0.060716740787029266	0.3370600938796997	2.621537078084657e-06	1.887612415885087e-05	False
13	0.12250000238418579	0.3638932704925537	0.049161747097969055	0.31465598940849304	5.785780103906291e-06	6.973517156438902e-05	False
13	0.125	0.3981005549430847	0.058119673281908035	0.3399587869644165	2.560802613515989e-06	1.9535200408427045e-05	False
13	0.12250000238418579	0.37320494651794434	0.0440799705684185	0.3290504515171051	5.8536707001621835e-06	6.870223296573386e-05	False
13	0.11999999731779099	0.38129717111587524	0.05753585696220398	0.32373863458633423	2.538863554946147e-06	2.0154035155428573e-05	False
13	0.11749999970197678	0.3958817720413208	0.04927491024136543	0.34653764963150024	6.575834504474187e-06	6.261309317778796e-05	False
13	0.12250000238418579	0.38881915807724	0.06090473011136055	0.3278934955596924	2.5160038603644352e-06	1.8419923435430974e-05	False
13	0.11999999731779099	0.36175626516342163	0.04902571812272072	0.3126663565635681	5.477316335600335e-06	5.870654422324151e-05	False
13	0.125	0.38619691133499146	0.05511806160211563	0.3310568034648895	2.4281612240883987e-06	1.964260263775941e-05	False
13	0.125	0.34831857681274414	0.04219045862555504	0.3060361444950104	6.042833319952479e-06	8.592334779677913e-05	False
13	0.125	0.3998199701309204	0.06134267523884773	0.3384566009044647	2.609036528156139e-06	1.8073036699206568e-05	False
13	0.11749999970197678	0.38376256823539734	0.05113356560468674	0.33256036043167114	6.056201982573839e-06	6.258903886191547e-05	False
