# num_workers = 7
# num_cells = 256
# seed_for_environment = 1414213
# lr = 0.0003
# max_grad_norm = 1.0
# eval_rollout_length = 30
# scaling_factor = 1000
# frames_per_batch = 500
# sub_batch_size = 64
# num_epochs = 15
# clip_epsilon = 0.2
# gamma = 0.99
# lmbda = 0.95
# entropy_eps = 0.03
# env_reward_engineering = True
# env_minimum_number_of_qubits = 8
# log_name = search_9_6_seed_1414213
# env_error_range = geometric5
# env_version = qecc/bbcode-ldpc-v0
# env_bit_flipping = True
# env_l = 9
# env_m = 6
# env_use_dict_observation = True
# env_number_of_decoder_iterations = 50
# env_number_of_samples = 50
# env_code_logging = False
# env_reset_type = random3
# model_architecture = hybrid
# model_surrogate_model_path = /vol/bitbucket/osella/rl-qecc-data//supervisedLearning/2026-07-12_21-15-58/surrogate_6x6.pth
# model_use_pretrained_encoder = True
# index_to_unfreeze_encoder_updates = 20
# encoder_lr_factor = 0.1
# training_device = cpu
# Resolved arguments:
# Resolved_env_reward_engineering = True
# Resolved_env_bit_flipping = True
# Resolved_env_useDictObservation = True
# Resolved_env_code_logging = False
# Resolved_env_reset_type = random3
# Resolved_env_error_range = [np.float64(0.001), np.float64(0.003162), np.float64(0.01), np.float64(0.031623), np.float64(0.1)]
# Resolved_model_use_pretrained_encoder = True
# Resolved_trainingDevice = cpu
# Resolved_model_architecture = hybrid
# Just for information, not used in actual run: SLURM CPUS queried from os environment: 96
# Number of workers: 7
# Does torch identify cuda: False
evaluation number	reward	policy entropy	policy entropy aX	policy entropy bX	policy entropy aY	policy entropy bY	Encoder freeze	postAction_aX	postAction_bX	postAction_aY	postAction_bY
0	-1.0	8.426584243774414	2.294015645980835	2.2580196857452393	1.9386847019195557	1.935863971710205	True	[0 0 0 0 0 0 0 0 1]	[0 1 0 0 1 0 1 0 0]	[0 0 0 0 0 0]	[0 0 1 0 1 0]
0	-1.0	8.42607307434082	2.2850093841552734	2.2699575424194336	1.9347015619277954	1.936404824256897	True	[0 0 0 1 0 0 0 0 1]	[0 1 0 0 1 0 1 0 0]	[0 0 0 0 0 1]	[0 0 0 0 1 0]
0	-1.0	8.428153038024902	2.296595335006714	2.2595131397247314	1.9382684230804443	1.933775544166565	True	[0 0 0 0 0 0 0 0 1]	[0 1 0 0 1 0 1 0 1]	[0 0 0 0 1 1]	[0 0 1 0 1 0]
0	-1.0	8.432665824890137	2.2990403175354004	2.263808250427246	1.9360822439193726	1.9337352514266968	True	[0 0 0 0 0 1 0 0 1]	[0 1 0 0 1 0 1 0 1]	[0 0 0 0 0 1]	[0 0 0 0 1 0]
0	-1.0	8.423147201538086	2.294039011001587	2.25673770904541	1.9409005641937256	1.9314697980880737	True	[0 0 0 0 0 0 0 0 1]	[0 1 0 0 1 0 1 0 1]	[0 0 0 0 1 1]	[0 0 1 0 1 0]
0	-1.0	8.432992935180664	2.2984232902526855	2.2624564170837402	1.9393110275268555	1.9328023195266724	True	[0 0 0 0 0 1 0 0 1]	[0 1 0 0 1 0 1 0 1]	[0 0 0 0 0 1]	[0 0 0 0 1 0]
0	-0.5	8.412443161010742	2.2952308654785156	2.2488484382629395	1.9366880655288696	1.9316754341125488	True	[0 0 0 0 0 0 0 0 1]	[0 1 0 0 1 0 1 0 0]	[0 0 0 0 1 1]	[0 0 1 0 1 0]
0	-1.0	8.42936897277832	2.297924041748047	2.2612221240997314	1.937276005744934	1.9329466819763184	True	[0 0 0 0 0 1 0 0 1]	[0 1 0 0 1 0 1 0 0]	[0 0 0 0 0 1]	[0 0 0 0 1 0]
0	-1.0	8.417229652404785	2.2959988117218018	2.2498412132263184	1.9387831687927246	1.9326064586639404	True	[0 0 0 1 0 1 0 0 1]	[0 1 0 0 1 0 1 0 1]	[0 0 1 0 0 1]	[0 0 1 0 1 0]
0	-1.0	8.43899917602539	2.295877695083618	2.269008159637451	1.9386283159255981	1.935484528541565	True	[0 0 0 0 0 1 0 0 1]	[0 1 0 0 1 0 1 0 1]	[0 0 0 0 0 1]	[0 0 0 0 1 0]
0	-1.0	8.415233612060547	2.295147180557251	2.252161979675293	1.937556505203247	1.9303689002990723	True	[0 0 0 0 0 0 0 0 1]	[0 1 0 0 1 0 1 0 0]	[0 0 1 0 0 1]	[0 0 1 0 1 0]
0	-1.0	8.435333251953125	2.293503522872925	2.264526844024658	1.9430322647094727	1.934270977973938	True	[0 0 0 0 0 1 0 0 1]	[0 1 0 0 1 0 1 0 1]	[0 0 1 0 0 0]	[0 0 0 0 1 0]
0	-1.0	8.43162727355957	2.295192003250122	2.2626802921295166	1.9382644891738892	1.935490369796753	True	[0 0 0 0 0 0 0 0 1]	[0 1 0 0 1 0 1 0 1]	[0 0 1 0 1 0]	[0 0 1 0 1 0]
0	-1.0	8.450039863586426	2.2963902950286865	2.2727296352386475	1.9404207468032837	1.9404994249343872	True	[0 0 0 0 0 1 0 0 1]	[0 1 0 0 1 0 1 0 1]	[0 0 1 0 0 0]	[0 0 0 0 1 0]
0	-1.0	8.423544883728027	2.2902143001556396	2.2569971084594727	1.9422684907913208	1.934064507484436	True	[0 0 0 0 0 0 0 0 1]	[0 1 0 0 1 0 1 0 1]	[0 0 1 0 1 0]	[0 0 1 0 1 0]
0	-0.5	8.446161270141602	2.297430992126465	2.2728471755981445	1.9378918409347534	1.937990665435791	True	[0 0 0 0 0 1 0 0 1]	[0 1 0 0 1 0 1 0 1]	[0 0 1 1 1 0]	[0 0 0 0 1 0]
0	-1.0	8.432393074035645	2.2952499389648438	2.2677955627441406	1.934587001800537	1.9347602128982544	True	[0 0 0 0 0 0 0 0 1]	[0 1 0 0 1 0 1 0 1]	[0 0 1 1 0 0]	[0 0 1 0 1 0]
0	-0.5	8.43789291381836	2.2961769104003906	2.271162509918213	1.9359233379364014	1.9346308708190918	True	[0 0 0 0 0 1 0 0 1]	[0 1 0 0 1 0 1 0 1]	[0 0 1 1 1 0]	[0 0 0 0 1 0]
0	-1.0	8.43425178527832	2.2952351570129395	2.269721508026123	1.9335874319076538	1.9357080459594727	True	[0 0 0 0 0 0 0 0 1]	[0 1 0 0 1 0 1 0 1]	[0 0 1 1 0 0]	[0 0 1 0 1 0]
0	-0.5	8.446662902832031	2.2958638668060303	2.2750160694122314	1.9403133392333984	1.935469150543213	True	[0 0 0 0 0 1 0 0 1]	[0 1 0 0 1 0 1 0 1]	[0 0 1 1 1 0]	[0 0 0 0 1 0]
0	-1.0	8.434687614440918	2.2942893505096436	2.2702853679656982	1.935403823852539	1.9347093105316162	True	[0 0 0 0 0 0 0 0 1]	[0 1 0 0 1 0 1 0 1]	[0 0 1 1 0 0]	[0 0 1 0 1 0]
0	-0.5	8.436894416809082	2.2962052822113037	2.269507646560669	1.9358835220336914	1.935297966003418	True	[0 0 0 0 0 1 0 0 1]	[0 1 0 0 1 0 1 0 1]	[0 0 1 1 1 0]	[0 0 0 0 1 0]
0	-1.0	8.437837600708008	2.2945520877838135	2.2725234031677246	1.934354305267334	1.936407446861267	True	[0 0 0 0 0 0 0 0 1]	[0 1 0 0 1 0 1 0 1]	[0 0 1 1 0 0]	[0 0 1 0 1 0]
0	-0.5	8.43549633026123	2.2952284812927246	2.2713489532470703	1.9356460571289062	1.9332728385925293	True	[0 0 0 0 0 1 0 0 1]	[0 1 0 0 1 0 1 0 1]	[0 0 1 1 1 0]	[0 0 0 0 1 0]
0	-1.0	8.430018424987793	2.294426918029785	2.267683982849121	1.934140682220459	1.9337666034698486	True	[0 0 0 0 0 0 0 0 1]	[0 1 0 0 1 0 1 0 1]	[0 0 1 1 0 0]	[0 0 1 0 1 0]
0	-0.5	8.441580772399902	2.2959485054016113	2.2731375694274902	1.9364005327224731	1.9360939264297485	True	[0 0 0 0 0 1 0 0 1]	[0 1 0 0 1 0 1 0 1]	[0 0 1 1 1 0]	[0 0 0 0 1 0]
0	-1.0	8.434041976928711	2.294619560241699	2.2685494422912598	1.9358247518539429	1.9350484609603882	True	[0 0 0 0 0 0 0 0 1]	[0 1 0 0 1 0 1 0 1]	[0 0 1 1 0 0]	[0 0 1 0 1 0]
0	-0.5	8.439239501953125	2.295119285583496	2.274737596511841	1.9344508647918701	1.9349322319030762	True	[0 0 0 0 0 1 0 0 1]	[0 1 0 0 1 0 1 0 1]	[0 0 1 1 1 0]	[0 0 0 0 1 0]
0	-1.0	8.43685245513916	2.2950327396392822	2.2696034908294678	1.936043381690979	1.9361728429794312	True	[0 0 0 0 0 0 0 0 1]	[0 1 0 0 1 0 1 0 1]	[0 0 1 1 0 0]	[0 0 1 0 1 0]
0	-0.5	8.432804107666016	2.295407772064209	2.2686069011688232	1.9357404708862305	1.9330493211746216	True	[0 0 0 0 0 1 0 0 1]	[0 1 0 0 1 0 1 0 1]	[0 0 1 1 1 0]	[0 0 0 0 1 0]
