# num_workers = 7
# num_cells = 256
# seed_for_environment = 9876543
# lr = 0.0003
# max_grad_norm = 1.0
# eval_rollout_length = 30
# scaling_factor = 1000
# frames_per_batch = 500
# sub_batch_size = 64
# num_epochs = 15
# clip_epsilon = 0.2
# gamma = 0.99
# lmbda = 0.95
# entropy_eps = 0.03
# env_reward_engineering = True
# env_minimum_number_of_qubits = 8
# log_name = search_9_6_seed_9876543
# env_error_range = geometric5
# env_version = qecc/bbcode-ldpc-v0
# env_bit_flipping = True
# env_l = 9
# env_m = 6
# env_use_dict_observation = True
# env_number_of_decoder_iterations = 50
# env_number_of_samples = 50
# env_code_logging = False
# env_reset_type = random3
# model_architecture = hybrid
# model_surrogate_model_path = /vol/bitbucket/osella/rl-qecc-data//supervisedLearning/2026-07-12_21-15-58/surrogate_6x6.pth
# model_use_pretrained_encoder = True
# index_to_unfreeze_encoder_updates = 20
# encoder_lr_factor = 0.1
# training_device = cpu
# Resolved arguments:
# Resolved_env_reward_engineering = True
# Resolved_env_bit_flipping = True
# Resolved_env_useDictObservation = True
# Resolved_env_code_logging = False
# Resolved_env_reset_type = random3
# Resolved_env_error_range = [np.float64(0.001), np.float64(0.003162), np.float64(0.01), np.float64(0.031623), np.float64(0.1)]
# Resolved_model_use_pretrained_encoder = True
# Resolved_trainingDevice = cpu
# Resolved_model_architecture = hybrid
# Just for information, not used in actual run: SLURM CPUS queried from os environment: 96
# Number of workers: 7
# Does torch identify cuda: False
evaluation number	reward	policy entropy	policy entropy aX	policy entropy bX	policy entropy aY	policy entropy bY	Encoder freeze	postAction_aX	postAction_bX	postAction_aY	postAction_bY
0	-1.0	8.393945693969727	2.270188331604004	2.2802305221557617	1.9238547086715698	1.9196720123291016	True	[0 0 0 0 0 0 0 0 1]	[1 0 0 0 0 0 0 1 1]	[0 0 0 0 0 0]	[1 0 1 0 0 0]
0	-1.0	8.415910720825195	2.285227060317993	2.282460927963257	1.9225178956985474	1.9257049560546875	True	[0 0 0 0 0 0 0 0 0]	[1 0 0 0 0 0 0 1 1]	[0 0 0 0 1 0]	[1 0 1 0 0 1]
0	-1.0	8.420641899108887	2.281989812850952	2.284122943878174	1.9218924045562744	1.9326375722885132	True	[0 0 1 0 0 0 0 0 0]	[0 0 0 0 0 0 0 1 1]	[0 0 0 0 0 0]	[1 0 1 0 0 1]
0	-0.5	8.431425094604492	2.285168409347534	2.2878577709198	1.9269336462020874	1.9314656257629395	True	[0 0 1 0 0 0 1 0 0]	[0 0 0 0 0 0 0 1 1]	[0 0 0 0 1 0]	[1 0 1 0 0 1]
0	-0.75	8.411535263061523	2.282045841217041	2.28372859954834	1.9163299798965454	1.9294308423995972	True	[0 0 0 0 0 0 1 0 0]	[0 0 0 1 0 0 0 1 1]	[0 0 0 0 1 0]	[1 0 1 0 0 1]
0	-1.0	8.429366111755371	2.2893805503845215	2.2892022132873535	1.9220186471939087	1.928765058517456	True	[0 0 1 0 0 0 1 0 0]	[1 0 0 1 0 0 0 1 1]	[0 0 0 0 1 1]	[1 0 1 0 0 1]
0	-0.75	8.420014381408691	2.288468837738037	2.2842392921447754	1.919501781463623	1.9278041124343872	True	[0 0 0 0 0 0 1 0 0]	[1 0 0 0 0 0 0 1 1]	[0 0 0 0 1 0]	[1 0 1 0 0 1]
0	-0.5	8.408132553100586	2.2822725772857666	2.2811622619628906	1.9213457107543945	1.9233520030975342	True	[0 0 1 0 0 0 1 0 0]	[0 0 0 0 0 0 0 1 1]	[0 0 0 0 1 0]	[1 0 1 0 0 1]
0	-0.75	8.409899711608887	2.2816219329833984	2.2846758365631104	1.9160922765731812	1.9275096654891968	True	[0 0 0 0 0 0 1 0 0]	[0 0 0 1 0 0 0 1 1]	[0 0 0 0 1 0]	[1 0 1 0 0 1]
0	-0.5	8.431485176086426	2.286858081817627	2.28971004486084	1.9231312274932861	1.931785225868225	True	[0 0 1 0 0 0 1 0 0]	[0 0 0 0 0 0 0 1 1]	[0 0 0 0 1 0]	[1 0 1 0 0 1]
0	-0.75	8.408384323120117	2.2826590538024902	2.2847092151641846	1.9143340587615967	1.9266817569732666	True	[0 0 0 0 0 0 1 0 0]	[0 0 0 1 0 0 0 1 1]	[0 0 0 0 1 0]	[1 0 1 0 0 1]
0	-0.5	8.431417465209961	2.2897918224334717	2.2878053188323975	1.9243810176849365	1.9294394254684448	True	[0 0 1 0 0 0 1 0 0]	[0 0 0 0 0 0 0 1 1]	[0 0 0 0 1 0]	[1 0 1 0 0 1]
0	-0.75	8.41323184967041	2.283048629760742	2.2855045795440674	1.917431116104126	1.9272478818893433	True	[0 0 0 0 0 0 1 0 0]	[0 0 0 1 0 0 0 1 1]	[0 0 0 0 1 0]	[1 0 1 0 0 1]
0	-1.0	8.424676895141602	2.2855162620544434	2.2858474254608154	1.922919750213623	1.930394172668457	True	[0 0 1 0 0 0 1 0 0]	[1 0 0 1 0 0 0 1 1]	[0 0 0 0 1 1]	[1 0 1 0 0 1]
0	-0.75	8.418457984924316	2.287018060684204	2.2817463874816895	1.9227991104125977	1.9268945455551147	True	[0 0 0 0 0 0 1 0 0]	[1 0 0 0 0 0 0 1 1]	[0 0 0 0 1 0]	[1 0 1 0 0 1]
0	-0.5	8.406763076782227	2.2811572551727295	2.28193998336792	1.92013680934906	1.9235293865203857	True	[0 0 1 0 0 0 1 0 0]	[0 0 0 0 0 0 0 1 1]	[0 0 0 0 1 0]	[1 0 1 0 0 1]
0	-0.75	8.41491413116455	2.284907341003418	2.286388397216797	1.9162248373031616	1.9273933172225952	True	[0 0 0 0 0 0 1 0 0]	[0 0 0 1 0 0 0 1 1]	[0 0 0 0 1 0]	[1 0 1 0 0 1]
0	-0.5	8.432106018066406	2.2883694171905518	2.287785768508911	1.9248969554901123	1.9310541152954102	True	[0 0 1 0 0 0 1 0 0]	[1 0 0 1 0 0 0 1 1]	[0 0 0 0 1 0]	[1 0 1 0 0 1]
0	-0.75	8.423691749572754	2.284487009048462	2.286353588104248	1.9207570552825928	1.932093620300293	True	[0 0 0 0 0 0 1 0 0]	[1 0 0 0 0 0 0 1 1]	[0 0 0 0 1 0]	[1 0 1 0 0 1]
0	-0.5	8.401789665222168	2.2810466289520264	2.280271053314209	1.9197605848312378	1.920711874961853	True	[0 0 1 0 0 0 1 0 0]	[0 0 0 0 0 0 0 1 1]	[0 0 0 0 1 0]	[1 0 1 0 0 1]
0	-0.75	8.410709381103516	2.282747507095337	2.2849740982055664	1.9145277738571167	1.9284604787826538	True	[0 0 0 0 0 0 1 0 0]	[0 0 0 1 0 0 0 1 1]	[0 0 0 0 1 0]	[1 0 1 0 0 1]
0	-1.0	8.429433822631836	2.288641929626465	2.2872607707977295	1.922991394996643	1.930539846420288	True	[0 0 1 0 0 0 1 0 0]	[1 0 0 1 0 0 0 1 1]	[0 0 0 0 1 1]	[1 0 1 0 0 1]
0	-0.75	8.424915313720703	2.2887885570526123	2.284881114959717	1.9242255687713623	1.9270198345184326	True	[0 0 0 0 0 0 1 0 0]	[1 0 0 0 0 0 0 1 1]	[0 0 0 0 1 0]	[1 0 1 0 0 1]
0	-0.5	8.409797668457031	2.2827978134155273	2.282043695449829	1.921775460243225	1.9231815338134766	True	[0 0 1 0 0 0 1 0 0]	[0 0 0 0 0 0 0 1 1]	[0 0 0 0 1 0]	[1 0 1 0 0 1]
0	-0.75	8.41101360321045	2.283456802368164	2.285221576690674	1.9136778116226196	1.9286571741104126	True	[0 0 0 0 0 0 1 0 0]	[0 0 0 1 0 0 0 1 1]	[0 0 0 0 1 0]	[1 0 1 0 0 1]
0	-0.5	8.423213005065918	2.285259962081909	2.287167549133301	1.9214951992034912	1.9292900562286377	True	[0 0 1 0 0 0 1 0 0]	[1 0 0 1 0 0 0 1 1]	[0 0 0 0 1 0]	[1 0 1 0 0 1]
0	-0.5	8.424243927001953	2.2861602306365967	2.2885942459106445	1.9201650619506836	1.9293243885040283	True	[0 0 0 0 0 0 1 0 0]	[1 0 0 0 0 0 0 1 1]	[0 0 0 0 1 1]	[1 0 1 0 0 1]
0	-1.0	8.410974502563477	2.285767078399658	2.282790184020996	1.9209178686141968	1.9214991331100464	True	[0 0 1 0 0 0 1 0 0]	[0 0 0 0 0 0 0 1 1]	[0 0 0 0 1 1]	[1 0 1 0 0 1]
0	-0.5	8.415488243103027	2.2855308055877686	2.2794861793518066	1.9215333461761475	1.9289379119873047	True	[0 0 0 0 0 0 1 0 0]	[0 0 0 0 0 0 1 1 1]	[0 0 0 0 1 1]	[1 0 1 0 0 1]
0	-1.0	8.410417556762695	2.286485433578491	2.2822160720825195	1.9208624362945557	1.9208532571792603	True	[0 0 1 0 0 0 1 0 0]	[1 0 0 0 0 0 1 1 1]	[0 0 0 0 1 1]	[1 0 1 0 0 1]
1	-1.0	8.183030128479004	2.155701160430908	2.225618362426758	1.8738230466842651	1.9278875589370728	True	[1 0 1 0 1 0 1 0 0]	[1 0 0 0 0 0 0 0 0]	[0 0 1 0 1 0]	[0 0 1 0 0 1]
1	-1.0	8.209943771362305	2.2023277282714844	2.2377727031707764	1.9140748977661133	1.855767846107483	True	[1 0 1 0 1 0 1 0 1]	[1 0 0 0 0 0 1 0 0]	[0 0 1 0 0 0]	[0 0 0 0 0 1]
1	-1.0	8.108213424682617	2.175307035446167	2.177736282348633	1.8378978967666626	1.9172722101211548	True	[1 0 1 0 0 0 1 0 1]	[0 0 0 0 0 0 1 0 0]	[0 0 1 0 1 0]	[0 0 0 0 0 0]
1	-1.0	8.261411666870117	2.2146425247192383	2.254483938217163	1.89015531539917	1.9021292924880981	True	[1 0 1 0 1 0 1 0 1]	[1 0 0 0 0 0 1 0 0]	[0 0 1 0 0 0]	[0 0 1 0 0 0]
1	-1.0	8.019845008850098	2.1077475547790527	2.1623239517211914	1.8549617528915405	1.8948115110397339	True	[1 0 1 0 0 0 1 0 1]	[0 0 0 0 0 0 1 0 0]	[0 0 1 0 1 0]	[0 0 0 0 0 0]
1	-1.0	8.235065460205078	2.201789140701294	2.2445712089538574	1.8806631565093994	1.9080419540405273	True	[1 0 1 0 1 0 1 0 1]	[1 0 0 0 0 0 1 0 0]	[0 0 1 0 0 0]	[0 0 1 0 0 0]
1	-1.0	7.987873077392578	2.1047720909118652	2.14811110496521	1.850151538848877	1.8848387002944946	True	[1 0 1 0 0 0 1 0 1]	[0 0 0 0 0 0 1 0 0]	[0 0 1 0 1 0]	[0 0 0 0 0 0]
1	-1.0	8.273491859436035	2.210352659225464	2.2557897567749023	1.8981877565383911	1.9091616868972778	True	[1 0 1 0 1 0 1 0 1]	[1 0 0 0 0 0 1 0 0]	[0 0 1 0 0 0]	[0 0 1 0 0 0]
1	-1.0	7.985804557800293	2.1063501834869385	2.1400835514068604	1.8463706970214844	1.8930003643035889	True	[1 0 1 0 0 0 1 0 1]	[0 0 0 0 0 0 1 0 0]	[0 0 1 0 1 0]	[0 0 0 0 0 0]
1	-1.0	8.252484321594238	2.212650775909424	2.251880645751953	1.8891777992248535	1.8987754583358765	True	[1 0 1 0 1 0 1 0 1]	[1 0 0 0 0 0 1 0 0]	[0 0 1 0 0 0]	[0 0 1 0 0 0]
1	-1.0	8.066664695739746	2.133385181427002	2.1895318031311035	1.8533183336257935	1.890429139137268	True	[1 0 1 0 1 1 1 0 1]	[0 0 0 0 0 0 1 0 0]	[0 0 1 0 1 0]	[0 0 0 0 0 0]
1	0.23893482983112335	8.278730392456055	2.217146873474121	2.2685701847076416	1.9002934694290161	1.8927198648452759	True	[1 0 1 0 0 1 1 0 1]	[1 0 0 0 0 0 1 0 0]	[0 0 1 0 0 0]	[0 0 1 0 0 0]
1	-1.0	8.01449203491211	2.1790707111358643	2.1695117950439453	1.7783228158950806	1.887587070465088	True	[1 0 1 0 0 1 1 0 0]	[0 0 0 0 0 0 1 0 0]	[0 0 1 0 1 0]	[0 0 0 0 0 0]
1	0.22409433126449585	8.30744457244873	2.2106680870056152	2.2727110385894775	1.9215885400772095	1.9024767875671387	True	[1 0 1 0 0 1 1 0 1]	[1 0 0 0 0 0 1 0 0]	[0 0 1 0 0 0]	[0 0 1 0 0 0]
1	-1.0	8.050467491149902	2.182936191558838	2.199248790740967	1.7824914455413818	1.885790467262268	True	[1 0 1 0 0 1 1 0 0]	[0 0 0 0 0 0 1 0 0]	[0 0 1 0 1 0]	[0 0 0 0 0 0]
1	-1.0	8.287435531616211	2.212599039077759	2.2605795860290527	1.9065845012664795	1.9076719284057617	True	[1 0 1 0 1 1 1 0 0]	[1 0 0 0 0 0 1 0 0]	[0 0 1 0 0 0]	[0 0 1 0 0 0]
1	-1.0	8.051527976989746	2.1279807090759277	2.184391498565674	1.8597381114959717	1.8794177770614624	True	[1 0 1 0 0 1 1 0 0]	[0 0 0 0 0 0 1 0 0]	[0 0 1 0 1 0]	[0 0 0 0 0 0]
1	-1.0	8.2821044921875	2.21303653717041	2.2603189945220947	1.8906965255737305	1.9180524349212646	True	[1 0 1 0 1 1 1 0 0]	[1 0 0 0 0 0 1 0 0]	[0 0 1 0 0 0]	[0 0 1 0 0 0]
1	-1.0	8.036310195922852	2.1312496662139893	2.176515817642212	1.8436781167984009	1.8848663568496704	True	[1 0 1 0 1 0 1 0 0]	[0 0 0 0 0 0 1 0 0]	[0 0 1 0 1 0]	[0 0 0 0 0 0]
1	-1.0	8.246773719787598	2.207368850708008	2.2590222358703613	1.8982906341552734	1.882091999053955	True	[1 0 1 0 0 0 1 0 0]	[1 0 0 0 0 0 1 0 0]	[0 0 1 0 0 0]	[0 0 1 0 0 0]
1	-1.0	8.154715538024902	2.174534320831299	2.2339115142822266	1.8409454822540283	1.9053242206573486	True	[1 0 1 0 1 0 1 0 0]	[0 0 0 0 0 0 1 0 0]	[0 0 1 0 1 0]	[0 0 0 0 0 0]
1	-1.0	8.248739242553711	2.1934943199157715	2.2571520805358887	1.8899424076080322	1.908150553703308	True	[1 0 1 0 0 0 1 0 0]	[1 0 0 0 0 0 1 0 0]	[0 0 1 0 0 0]	[0 0 1 0 0 0]
1	-1.0	8.163440704345703	2.1738710403442383	2.2273876667022705	1.8604507446289062	1.9017313718795776	True	[1 0 1 0 1 0 1 0 0]	[0 0 0 0 0 0 1 0 0]	[0 0 1 0 1 0]	[0 0 0 0 0 0]
1	-1.0	8.228487014770508	2.194683313369751	2.250472068786621	1.8948509693145752	1.8884806632995605	True	[1 0 1 0 0 0 1 0 0]	[1 0 0 0 0 0 1 0 0]	[0 0 1 0 0 0]	[0 0 1 0 0 0]
1	-1.0	8.16636848449707	2.1906585693359375	2.233391284942627	1.8405078649520874	1.9018107652664185	True	[1 0 1 0 1 0 1 0 0]	[0 0 0 0 0 0 1 0 0]	[0 0 1 0 1 0]	[0 0 0 0 0 0]
1	-1.0	8.237613677978516	2.190173387527466	2.249574661254883	1.8876469135284424	1.910219669342041	True	[1 0 1 0 0 0 1 0 0]	[1 0 0 0 0 0 1 0 0]	[0 0 1 0 0 0]	[0 0 1 0 0 0]
1	-1.0	8.105216026306152	2.162808418273926	2.198124647140503	1.871690034866333	1.872592568397522	True	[1 0 1 0 1 0 1 0 0]	[0 0 0 0 0 0 1 0 0]	[0 0 1 0 1 0]	[0 0 0 0 0 0]
1	-1.0	8.222087860107422	2.1982884407043457	2.244030237197876	1.9006471633911133	1.8791215419769287	True	[1 0 1 0 0 0 1 0 0]	[1 0 0 0 0 0 1 0 0]	[0 0 1 0 0 0]	[0 0 1 0 0 0]
1	-1.0	8.097152709960938	2.168398857116699	2.206301212310791	1.8209338188171387	1.9015189409255981	True	[1 0 1 0 1 0 1 0 0]	[0 0 0 0 0 0 1 0 0]	[0 0 1 0 1 0]	[0 0 0 0 0 0]
1	-1.0	8.226205825805664	2.205845594406128	2.2530269622802734	1.888425350189209	1.8789079189300537	True	[1 0 1 0 0 0 1 0 0]	[1 0 0 0 0 0 1 0 0]	[0 0 1 0 0 0]	[0 0 1 0 0 0]
2	-0.5	7.945013046264648	2.1957273483276367	2.11498761177063	1.7761458158493042	1.8581523895263672	False	[0 1 0 0 1 0 0 0 0]	[0 0 1 1 0 0 0 0 0]	[0 0 0 1 0 1]	[0 1 1 0 1 1]
2	-0.75	7.676040172576904	2.208284854888916	1.9048771858215332	1.7283705472946167	1.8345073461532593	False	[0 1 0 0 0 0 0 0 0]	[1 0 1 1 0 0 0 0 0]	[0 0 0 1 1 1]	[0 1 1 0 1 0]
2	-0.5	7.938935279846191	2.2049560546875	2.1155991554260254	1.7663371562957764	1.8520430326461792	False	[0 1 0 0 1 0 0 0 0]	[1 1 1 1 0 0 0 0 0]	[0 0 0 1 0 1]	[0 1 1 0 1 1]
2	-0.75	7.7590742111206055	2.191600799560547	2.0269341468811035	1.726686954498291	1.8138521909713745	False	[0 1 0 0 0 0 0 0 0]	[0 1 1 1 0 0 0 0 0]	[0 0 0 1 1 1]	[0 1 1 0 1 0]
2	-0.5	8.106159210205078	2.195180654525757	2.1554346084594727	1.855531930923462	1.9000115394592285	False	[0 1 0 0 1 0 0 0 0]	[0 0 1 1 0 0 0 0 0]	[0 0 0 1 0 1]	[0 1 1 0 1 1]
2	-0.75	7.732587814331055	2.2032229900360107	1.9533993005752563	1.7406173944473267	1.83534836769104	False	[0 1 0 0 0 0 0 0 0]	[1 0 1 1 0 0 0 0 0]	[0 0 0 1 1 1]	[0 1 1 0 1 0]
2	-0.5	8.021663665771484	2.20320987701416	2.147768497467041	1.8112785816192627	1.8594067096710205	False	[0 1 0 0 1 0 0 0 0]	[0 0 1 1 0 0 0 0 0]	[0 0 0 1 0 1]	[0 1 1 0 1 1]
2	-0.75	7.690814018249512	2.2322869300842285	1.9215424060821533	1.7167847156524658	1.820199728012085	False	[0 1 0 0 0 0 0 0 0]	[1 0 1 1 0 0 0 0 0]	[0 0 0 1 1 1]	[0 1 1 0 1 0]
2	-0.5	7.984280109405518	2.2080979347229004	2.118086338043213	1.7979164123535156	1.8601795434951782	False	[0 1 0 0 1 0 0 0 0]	[0 0 1 1 0 0 0 0 0]	[0 0 0 1 0 1]	[0 1 1 0 1 1]
2	-0.75	7.668881416320801	2.224696159362793	1.904242992401123	1.7245564460754395	1.8153855800628662	False	[0 1 0 0 0 0 0 0 0]	[1 0 1 1 0 0 0 0 0]	[0 0 0 1 1 1]	[0 1 1 0 1 0]
2	-0.5	8.016183853149414	2.2041475772857666	2.1577255725860596	1.8041064739227295	1.850204586982727	False	[0 1 0 0 1 0 0 0 0]	[0 0 1 1 0 0 0 0 0]	[0 0 0 1 0 1]	[0 1 1 0 1 1]
2	-0.75	7.691254615783691	2.2167487144470215	1.901299238204956	1.7468812465667725	1.8263252973556519	False	[0 1 0 0 0 0 0 0 0]	[1 0 1 1 0 0 0 0 0]	[0 0 0 1 1 1]	[0 1 1 0 1 0]
2	-0.5	7.89870548248291	2.1998238563537598	2.090766668319702	1.7581193447113037	1.849995732307434	False	[0 1 0 0 1 0 0 0 0]	[0 0 1 1 0 0 0 0 0]	[0 0 0 1 0 1]	[0 1 1 0 1 1]
2	-0.75	7.651402473449707	2.196903705596924	1.8797557353973389	1.7396684885025024	1.8350749015808105	False	[0 1 0 0 0 0 0 0 0]	[1 0 1 1 0 0 0 0 0]	[0 0 0 1 1 1]	[0 1 1 0 1 0]
2	-0.5	7.980557441711426	2.204972505569458	2.1197783946990967	1.8037947416305542	1.8520116806030273	False	[0 1 0 0 1 0 0 0 0]	[0 0 1 1 0 0 0 0 0]	[0 0 0 1 0 1]	[0 1 1 0 1 1]
2	-0.75	7.676216125488281	2.219359874725342	1.9028230905532837	1.7246376276016235	1.8293958902359009	False	[0 1 0 0 0 0 0 0 0]	[1 0 1 1 0 0 0 0 0]	[0 0 0 1 1 1]	[0 1 1 0 1 0]
2	-0.5	7.943413734436035	2.198188304901123	2.1062779426574707	1.7915105819702148	1.8474371433258057	False	[0 1 0 0 1 0 0 0 0]	[0 0 1 1 0 0 0 0 0]	[0 0 0 1 0 1]	[0 1 1 0 1 1]
2	-0.75	7.656411170959473	2.197678327560425	1.8933342695236206	1.7427451610565186	1.8226540088653564	False	[0 1 0 0 0 0 0 0 0]	[1 0 1 1 0 0 0 0 0]	[0 0 0 1 1 1]	[0 1 1 0 1 0]
2	-0.5	7.953330993652344	2.1991560459136963	2.113070487976074	1.7870197296142578	1.8540849685668945	False	[0 1 0 0 1 0 0 0 0]	[0 0 1 1 0 0 0 0 0]	[0 0 0 1 0 1]	[0 1 1 0 1 1]
2	-0.75	7.711483478546143	2.2111623287200928	1.9238312244415283	1.7455978393554688	1.8308922052383423	False	[0 1 0 0 0 0 0 0 0]	[1 0 1 1 0 0 0 0 0]	[0 0 0 1 1 1]	[0 1 1 0 1 0]
2	-0.5	7.950395584106445	2.1968834400177	2.1194686889648438	1.7908239364624023	1.8432196378707886	False	[0 1 0 0 1 0 0 0 0]	[0 0 1 1 0 0 0 0 0]	[0 0 0 1 0 1]	[0 1 1 0 1 1]
2	-0.75	7.672296524047852	2.215628147125244	1.8900408744812012	1.7374980449676514	1.8291293382644653	False	[0 1 0 0 0 0 0 0 0]	[1 0 1 1 0 0 0 0 0]	[0 0 0 1 1 1]	[0 1 1 0 1 0]
2	-0.5	7.968723297119141	2.2012546062469482	2.127002239227295	1.7947797775268555	1.845686674118042	False	[0 1 0 0 1 0 0 0 0]	[0 0 1 1 0 0 0 0 0]	[0 0 0 1 0 1]	[0 1 1 0 1 1]
2	-0.75	7.601521968841553	2.2050909996032715	1.8772196769714355	1.6868115663528442	1.8323997259140015	False	[0 1 0 0 0 0 0 0 0]	[1 0 1 1 0 0 0 0 0]	[0 0 0 1 1 1]	[0 1 1 0 1 0]
2	-0.5	7.964147567749023	2.2047812938690186	2.1183042526245117	1.793813943862915	1.8472480773925781	False	[0 1 0 0 1 0 0 0 0]	[0 0 1 1 0 0 0 0 0]	[0 0 0 1 0 1]	[0 1 1 0 1 1]
2	-0.75	7.616114616394043	2.2127480506896973	1.8502252101898193	1.7339619398117065	1.8191797733306885	False	[0 1 0 0 0 0 0 0 0]	[1 0 1 1 0 0 0 0 0]	[0 0 0 1 1 1]	[0 1 1 0 1 0]
2	-0.5	7.967961311340332	2.2048583030700684	2.1111578941345215	1.8012847900390625	1.8506604433059692	False	[0 1 0 0 1 0 0 0 0]	[0 0 1 1 0 0 0 0 0]	[0 0 0 1 0 1]	[0 1 1 0 1 1]
2	-0.75	7.547411918640137	2.21565580368042	1.8184736967086792	1.692771315574646	1.8205108642578125	False	[0 1 0 0 0 0 0 0 0]	[1 0 1 1 0 0 0 0 0]	[0 0 0 1 1 1]	[0 1 1 0 1 0]
2	-0.5	7.935635566711426	2.2088818550109863	2.0993354320526123	1.77846097946167	1.8489577770233154	False	[0 1 0 0 1 0 0 0 0]	[0 0 1 1 0 0 0 0 0]	[0 0 0 1 0 1]	[0 1 1 0 1 1]
2	-0.75	7.739819526672363	2.2091832160949707	1.9550710916519165	1.7394801378250122	1.8360850811004639	False	[0 1 0 0 0 0 0 0 0]	[1 0 1 1 0 0 0 0 0]	[0 0 0 1 1 1]	[0 1 1 0 1 0]
3	0.2551270127296448	8.080700874328613	2.2237837314605713	2.251809597015381	1.8088515996932983	1.7962557077407837	False	[0 1 1 1 0 0 0 0 1]	[0 1 1 0 0 0 0 0 0]	[1 0 0 0 1 0]	[0 0 1 0 1 0]
3	-0.75	7.471660614013672	2.053605556488037	2.001946210861206	1.742838740348816	1.6732704639434814	False	[1 1 1 1 0 0 0 0 1]	[1 1 1 0 0 0 0 0 0]	[1 0 0 0 0 0]	[0 1 1 0 1 0]
3	-0.5	8.097399711608887	2.2527379989624023	2.2271742820739746	1.8010166883468628	1.8164708614349365	False	[1 1 0 1 0 0 0 0 1]	[1 1 1 1 0 0 0 0 0]	[1 0 0 0 1 0]	[0 1 1 0 1 1]
3	-0.75	7.751262664794922	2.066887378692627	2.095426321029663	1.8144690990447998	1.774479866027832	False	[1 1 1 1 0 0 0 0 1]	[1 1 1 1 0 1 0 0 0]	[1 0 0 0 0 0]	[0 1 1 0 1 0]
3	-0.5	8.157642364501953	2.2372841835021973	2.2428276538848877	1.8619071245193481	1.8156228065490723	False	[1 1 0 1 0 0 0 0 1]	[1 1 1 0 0 1 0 0 0]	[1 0 0 0 1 0]	[0 1 1 0 1 1]
3	-0.75	7.715725421905518	2.060379981994629	2.0701987743377686	1.8135066032409668	1.7716399431228638	False	[1 1 1 1 0 0 0 0 1]	[1 1 1 1 0 1 0 0 0]	[1 0 0 0 0 0]	[0 1 1 0 1 0]
3	-0.5	8.188154220581055	2.2395904064178467	2.2542026042938232	1.862006425857544	1.8323549032211304	False	[1 1 0 1 0 0 0 0 1]	[1 1 1 0 0 1 0 0 0]	[1 0 0 0 1 0]	[0 1 1 0 1 1]
3	-0.75	7.701326847076416	2.086258888244629	2.064944267272949	1.7851488590240479	1.7649751901626587	False	[1 1 1 1 0 0 0 0 1]	[1 1 1 1 0 1 0 0 0]	[1 0 0 0 0 0]	[0 1 1 0 1 0]
3	-0.5	8.180255889892578	2.2327451705932617	2.2551076412200928	1.8649781942367554	1.827424168586731	False	[1 1 0 1 0 0 0 0 1]	[1 1 1 0 0 1 0 0 0]	[1 0 0 0 1 0]	[0 1 1 0 1 1]
3	-0.75	7.743764400482178	2.0739386081695557	2.0817692279815674	1.8075695037841797	1.7804871797561646	False	[1 1 1 1 0 0 0 0 1]	[1 1 1 1 0 1 0 0 0]	[1 0 0 0 0 0]	[0 1 1 0 1 0]
3	-0.5	8.178401947021484	2.236582040786743	2.2476422786712646	1.8644559383392334	1.8297209739685059	False	[1 1 0 1 0 0 0 0 1]	[1 1 1 0 0 1 0 0 0]	[1 0 0 0 1 0]	[0 1 1 0 1 1]
3	-0.75	7.648946762084961	2.034430980682373	2.0512020587921143	1.8061590194702148	1.7571542263031006	False	[1 1 1 1 0 0 0 0 1]	[1 1 1 1 0 1 0 0 0]	[1 0 0 0 0 0]	[0 1 1 0 1 0]
3	-0.5	8.124542236328125	2.2226431369781494	2.2401223182678223	1.855341911315918	1.8064345121383667	False	[1 1 0 1 0 0 0 0 1]	[1 1 1 0 0 1 0 0 0]	[1 0 0 0 1 0]	[0 1 1 0 1 1]
3	-0.75	7.699661731719971	2.058220863342285	2.0665621757507324	1.8080449104309082	1.7668339014053345	False	[1 1 1 1 0 0 0 0 1]	[0 1 1 0 0 1 0 0 0]	[1 0 0 0 0 0]	[0 1 1 0 1 0]
3	-0.5	8.281573295593262	2.2732417583465576	2.2667529582977295	1.873556137084961	1.8680226802825928	False	[1 1 0 1 0 0 0 0 1]	[1 1 1 0 0 1 0 0 0]	[1 0 0 0 1 0]	[0 1 1 0 1 1]
3	-0.75	7.782084941864014	2.059861183166504	2.1037189960479736	1.8420114517211914	1.7764934301376343	False	[1 1 1 1 0 0 0 0 1]	[1 1 1 1 0 1 0 0 0]	[1 0 0 0 0 0]	[0 1 1 0 1 0]
3	-0.5	8.185258865356445	2.2403476238250732	2.24116849899292	1.8680803775787354	1.8356627225875854	False	[1 1 0 1 0 0 0 0 1]	[1 1 1 0 0 1 0 0 0]	[1 0 0 0 1 0]	[0 1 1 0 1 1]
3	-0.75	7.655292510986328	2.028230905532837	2.0693271160125732	1.8084089756011963	1.7493257522583008	False	[1 1 1 1 0 0 0 0 1]	[0 1 1 0 0 1 0 0 0]	[1 0 0 0 0 0]	[0 1 1 0 1 0]
3	-0.5	8.206732749938965	2.265779733657837	2.255760431289673	1.8495622873306274	1.8356306552886963	False	[1 1 0 1 0 0 0 0 1]	[1 1 1 0 0 1 0 0 0]	[1 0 0 0 1 0]	[0 1 1 0 1 1]
3	-0.75	7.723440647125244	2.0555617809295654	2.0922482013702393	1.8020994663238525	1.7735313177108765	False	[1 1 1 1 0 0 0 0 1]	[1 1 1 1 0 1 0 0 0]	[1 0 0 0 0 0]	[0 1 1 0 1 0]
3	-0.5	8.192642211914062	2.233721971511841	2.2503411769866943	1.8803951740264893	1.828183889389038	False	[1 1 0 1 0 0 0 0 1]	[1 1 1 0 0 1 0 0 0]	[1 0 0 0 1 0]	[0 1 1 0 1 1]
3	-0.75	7.737259387969971	2.053809642791748	2.0899558067321777	1.8145959377288818	1.7788976430892944	False	[1 1 1 1 0 0 0 0 1]	[1 1 1 1 0 1 0 0 0]	[1 0 0 0 0 0]	[0 1 1 0 1 0]
3	-0.5	8.127047538757324	2.22794508934021	2.2309811115264893	1.8600784540176392	1.808043360710144	False	[1 1 0 1 0 0 0 0 1]	[1 1 1 0 0 1 0 0 0]	[1 0 0 0 1 0]	[0 1 1 0 1 1]
3	-0.75	7.635049819946289	2.026683807373047	2.0694894790649414	1.7911758422851562	1.7477006912231445	False	[1 1 1 1 0 0 0 0 1]	[1 1 1 1 0 1 0 0 0]	[1 0 0 0 0 0]	[0 1 1 0 1 0]
3	-0.5	8.153600692749023	2.2176849842071533	2.250274181365967	1.8628144264221191	1.8228272199630737	False	[1 1 0 1 0 0 0 0 1]	[1 1 1 0 0 1 0 0 0]	[1 0 0 0 1 0]	[0 1 1 0 1 1]
3	-0.75	7.6616129875183105	2.0198135375976562	2.079612970352173	1.8095180988311768	1.752668857574463	False	[1 1 1 1 0 0 0 0 1]	[1 1 1 1 0 1 0 0 0]	[1 0 0 0 0 0]	[0 1 1 0 1 0]
3	-0.5	8.146827697753906	2.223599672317505	2.2414000034332275	1.8582212924957275	1.8236067295074463	False	[1 1 0 1 0 0 0 0 1]	[1 1 1 0 0 1 0 0 0]	[1 0 0 0 1 0]	[0 1 1 0 1 1]
3	-0.75	7.651467800140381	2.0406813621520996	2.0617058277130127	1.792857050895691	1.7562233209609985	False	[1 1 1 1 0 0 0 0 1]	[1 1 1 1 0 1 0 0 0]	[1 0 0 0 0 0]	[0 1 1 0 1 0]
3	-0.5	8.093204498291016	2.2127208709716797	2.2316362857818604	1.8505020141601562	1.7983452081680298	False	[1 1 0 1 0 0 0 0 1]	[1 1 1 0 0 1 0 0 0]	[1 0 0 0 1 0]	[0 1 1 0 1 1]
3	-0.75	7.674502372741699	2.048334836959839	2.0528972148895264	1.8249478340148926	1.7483224868774414	False	[1 1 1 1 0 0 0 0 1]	[1 1 1 1 0 1 0 0 0]	[1 0 0 0 0 0]	[0 1 1 0 1 0]
4	-1.0	7.75514554977417	1.9787967205047607	2.087303638458252	1.8647074699401855	1.8243379592895508	False	[1 0 0 1 0 0 0 0 0]	[0 1 0 0 1 0 0 1 0]	[1 0 0 0 1 0]	[1 1 1 1 0 0]
4	-1.0	7.689625263214111	1.8934438228607178	2.154116153717041	1.7388744354248047	1.9031912088394165	False	[1 0 0 1 0 0 0 0 0]	[0 1 0 0 0 0 0 1 0]	[1 0 0 0 0 0]	[0 1 1 1 0 0]
4	-1.0	7.724469184875488	1.975151777267456	2.0802175998687744	1.8516955375671387	1.81740403175354	False	[1 0 0 1 0 0 0 0 0]	[0 1 0 0 1 0 0 1 0]	[1 0 0 0 1 0]	[1 1 1 1 0 0]
4	-1.0	7.5617828369140625	1.8282339572906494	2.1471610069274902	1.7006738185882568	1.885713815689087	False	[1 0 0 1 0 0 0 0 0]	[0 1 0 0 0 0 0 1 0]	[1 0 0 0 0 0]	[0 1 1 1 0 0]
4	-1.0	7.826014041900635	2.0058789253234863	2.108919620513916	1.8776326179504395	1.833582878112793	False	[1 0 0 1 0 0 0 0 0]	[0 1 0 0 1 0 0 1 0]	[1 0 0 0 1 0]	[1 1 1 1 0 0]
4	-1.0	7.6980881690979	1.8850054740905762	2.1528542041778564	1.7557337284088135	1.9044947624206543	False	[1 0 0 1 0 0 0 0 0]	[0 1 0 0 0 0 0 1 0]	[1 0 0 0 0 0]	[0 1 1 1 0 0]
4	-1.0	7.8522844314575195	2.0167882442474365	2.113831043243408	1.8788094520568848	1.8428561687469482	False	[1 0 0 1 0 0 0 0 0]	[0 1 0 0 1 0 0 1 0]	[1 0 0 0 1 0]	[1 1 1 1 0 0]
4	-1.0	7.731565952301025	1.9156666994094849	2.1605539321899414	1.7536526918411255	1.9016927480697632	False	[1 0 0 1 0 0 0 0 0]	[0 1 0 0 1 0 0 1 0]	[1 0 0 0 0 0]	[0 1 1 1 0 0]
4	-1.0	7.6794114112854	1.8730857372283936	2.130767345428467	1.8079928159713745	1.8675657510757446	False	[1 0 0 1 0 0 0 0 0]	[0 1 0 0 1 0 0 1 0]	[1 0 0 0 1 0]	[1 1 1 1 0 0]
4	-1.0	7.60786771774292	1.8272606134414673	2.1437110900878906	1.738242745399475	1.8986533880233765	False	[1 0 0 1 0 0 0 0 0]	[0 1 0 0 1 0 0 1 0]	[1 0 0 0 0 0]	[0 1 1 1 0 0]
4	-1.0	7.505011558532715	1.7818094491958618	2.0879175662994385	1.7889699935913086	1.8463146686553955	False	[1 0 0 1 0 0 0 0 0]	[0 1 0 0 1 0 0 1 0]	[1 0 0 0 1 0]	[1 1 1 1 0 0]
4	-1.0	7.589701175689697	1.822113275527954	2.146867275238037	1.7268612384796143	1.8938593864440918	False	[1 0 0 1 0 0 0 0 0]	[0 1 0 0 0 0 0 1 0]	[1 0 0 0 0 0]	[0 1 1 1 0 0]
4	-1.0	7.762075424194336	1.9913736581802368	2.0694875717163086	1.86370849609375	1.837505578994751	False	[1 0 0 1 1 0 0 0 0]	[0 1 0 0 1 0 0 1 0]	[1 0 0 0 1 0]	[1 1 1 1 0 0]
4	-0.5	7.735892295837402	1.975530743598938	2.128657341003418	1.7273414134979248	1.9043627977371216	False	[1 0 0 1 1 0 0 0 0]	[0 1 0 1 1 0 0 1 0]	[1 0 0 0 0 0]	[0 1 1 1 0 0]
4	-1.0	7.5505170822143555	2.0187900066375732	2.1162891387939453	1.7003228664398193	1.715114712715149	False	[1 0 0 1 0 0 0 0 0]	[0 1 0 0 1 0 0 1 0]	[1 0 0 0 1 0]	[1 1 1 1 0 0]
4	-1.0	7.646371364593506	1.8656814098358154	2.1558096408843994	1.7300900220870972	1.8947901725769043	False	[1 0 0 1 0 0 0 0 0]	[0 0 0 0 1 0 0 1 0]	[1 0 0 0 0 0]	[0 1 1 1 0 0]
4	-1.0	7.689018726348877	1.879930019378662	2.1368303298950195	1.7803831100463867	1.8918753862380981	False	[1 0 0 1 0 0 0 0 0]	[0 0 0 0 0 0 0 1 0]	[1 0 0 0 1 0]	[1 1 1 1 0 0]
4	-1.0	7.703018665313721	1.9202216863632202	2.1603760719299316	1.7200863361358643	1.9023345708847046	False	[1 0 0 1 0 0 0 0 0]	[0 0 0 0 1 0 0 1 0]	[1 0 0 0 0 0]	[0 1 1 1 0 0]
4	-1.0	7.6781511306762695	1.8918242454528809	2.1440114974975586	1.7446616888046265	1.897653341293335	False	[1 0 0 1 0 0 0 0 0]	[0 0 0 0 0 0 0 1 0]	[1 0 0 0 1 0]	[1 1 1 1 0 0]
4	-1.0	7.801603317260742	1.9621542692184448	2.1611995697021484	1.7677944898605347	1.9104546308517456	False	[1 0 0 1 0 0 0 0 0]	[0 0 0 1 0 0 0 1 0]	[1 0 0 0 0 0]	[0 1 1 1 0 0]
4	0.4336038827896118	7.709738254547119	2.0661275386810303	1.9609742164611816	1.8198952674865723	1.8627413511276245	False	[1 0 0 1 0 0 0 0 0]	[0 0 0 1 1 0 0 1 0]	[1 0 0 0 1 0]	[0 1 1 1 0 0]
4	-0.5	7.105408668518066	1.8829764127731323	2.0726327896118164	1.5315048694610596	1.6182944774627686	False	[1 0 0 1 1 0 0 0 0]	[0 0 0 0 1 0 0 1 0]	[1 0 0 0 0 0]	[1 1 1 1 0 0]
4	-0.5	7.409206390380859	2.023042917251587	2.0867867469787598	1.6097882986068726	1.689588189125061	False	[1 0 0 1 0 0 0 0 0]	[0 0 0 0 0 0 0 1 0]	[1 0 0 0 1 0]	[0 1 1 1 0 0]
4	-0.5	7.308596134185791	1.9175975322723389	2.103687286376953	1.677910327911377	1.6094006299972534	False	[1 0 0 1 1 0 0 0 0]	[0 1 0 0 0 0 0 1 0]	[1 0 0 0 0 0]	[1 1 1 1 0 0]
4	0.36087659001350403	7.436873435974121	1.9922411441802979	2.110861301422119	1.6418473720550537	1.6919230222702026	False	[1 0 0 1 0 0 0 0 0]	[0 1 0 0 1 0 0 1 0]	[1 0 0 0 1 0]	[0 1 1 1 0 0]
4	-0.5	6.955135345458984	1.772914171218872	2.0731425285339355	1.6461892127990723	1.4628896713256836	False	[1 0 0 1 1 0 0 0 0]	[0 0 0 0 1 0 0 1 0]	[1 0 0 0 0 0]	[1 1 1 1 0 0]
4	-0.5	7.400907039642334	2.0102641582489014	2.0859405994415283	1.6237766742706299	1.680925965309143	False	[1 0 0 1 0 0 0 0 0]	[0 0 0 0 0 0 0 1 0]	[1 0 0 0 1 0]	[0 1 1 1 0 0]
4	-0.5	7.339900970458984	1.9467027187347412	2.125892162322998	1.7191927433013916	1.5481140613555908	False	[1 0 0 1 1 0 0 0 0]	[0 1 0 0 0 0 0 1 0]	[1 0 0 0 0 0]	[1 1 1 1 0 0]
4	0.31348028779029846	7.418947696685791	2.001843214035034	2.111377000808716	1.6298140287399292	1.6759134531021118	False	[1 0 0 1 0 0 0 0 0]	[0 1 0 0 1 0 0 1 0]	[1 0 0 0 1 0]	[0 1 1 1 0 0]
4	-0.5	6.972900390625	1.7760496139526367	2.0642449855804443	1.649613618850708	1.48299241065979	False	[1 0 0 1 1 0 0 0 0]	[0 0 0 0 1 0 0 1 0]	[1 0 0 0 0 0]	[1 1 1 1 0 0]
5	-1.0	7.969681739807129	2.1824212074279785	2.1056416034698486	1.8176887035369873	1.8639297485351562	False	[1 0 0 1 0 0 0 1 0]	[1 1 0 0 0 0 0 0 0]	[0 1 0 1 0 0]	[1 1 1 0 0 0]
5	-1.0	7.785125732421875	2.0794315338134766	2.0714197158813477	1.8223074674606323	1.8119666576385498	False	[1 0 0 1 0 0 0 0 0]	[0 1 0 0 0 0 0 0 0]	[0 0 0 1 0 0]	[0 1 1 0 0 0]
5	-1.0	8.005996704101562	2.2211852073669434	2.1445233821868896	1.8040608167648315	1.8362270593643188	False	[1 0 0 0 0 0 0 0 0]	[1 1 0 0 0 0 0 0 0]	[0 1 0 1 0 0]	[0 1 1 0 0 1]
5	-1.0	8.052628517150879	2.2297043800354004	2.1451776027679443	1.8424298763275146	1.83531653881073	False	[1 0 0 0 0 0 0 0 0]	[1 1 1 0 0 0 0 0 0]	[0 1 0 1 0 0]	[0 1 0 0 0 1]
5	-1.0	7.839481830596924	2.138371706008911	2.0388267040252686	1.8346757888793945	1.8276076316833496	False	[1 0 0 1 0 0 0 0 0]	[1 1 1 0 1 0 0 0 0]	[0 1 0 1 1 0]	[0 1 0 0 0 1]
5	-1.0	7.86836051940918	2.131314277648926	2.0951833724975586	1.8441191911697388	1.7977440357208252	False	[1 0 0 1 0 0 0 0 0]	[1 1 1 1 1 0 0 0 0]	[0 1 0 1 0 0]	[0 1 0 0 0 1]
5	0.0835999846458435	7.85996150970459	2.146711826324463	2.074449300765991	1.8200092315673828	1.8187916278839111	False	[1 0 0 0 0 0 0 0 0]	[1 1 1 1 0 0 0 0 0]	[0 1 0 1 1 0]	[0 1 1 0 0 1]
5	-0.5	7.337414264678955	1.9921928644180298	2.03994083404541	1.550979495048523	1.7543009519577026	False	[0 0 0 0 0 0 0 0 0]	[1 1 1 1 0 1 0 0 0]	[1 1 0 1 1 0]	[0 1 1 0 0 0]
5	-1.0	7.618322372436523	2.044990062713623	2.0760300159454346	1.712025761604309	1.785276174545288	False	[0 0 1 0 0 0 0 0 0]	[1 1 1 0 0 1 0 0 0]	[0 1 0 1 1 0]	[0 1 1 0 0 1]
5	-1.0	7.87114143371582	2.105233907699585	2.106689453125	1.8452194929122925	1.8139981031417847	False	[0 0 1 0 0 0 0 0 0]	[1 1 1 1 0 1 0 0 0]	[0 1 0 1 0 0]	[0 1 0 0 0 1]
5	-1.0	7.810451507568359	2.134903907775879	2.0557234287261963	1.807638168334961	1.8121860027313232	False	[0 0 1 1 0 0 0 0 0]	[1 1 0 1 0 1 0 0 0]	[0 1 0 1 1 0]	[0 1 1 0 0 1]
5	-1.0	7.870975494384766	2.1288938522338867	2.105205774307251	1.8400046825408936	1.7968711853027344	False	[0 0 1 1 0 0 0 0 0]	[1 1 0 0 0 1 0 0 0]	[0 1 0 1 0 0]	[0 1 0 0 0 1]
5	-1.0	7.891993522644043	2.1540439128875732	2.0678775310516357	1.8274953365325928	1.8425769805908203	False	[0 0 1 0 0 0 0 0 0]	[0 1 0 0 0 1 0 0 0]	[0 1 0 1 1 0]	[0 1 1 0 0 1]
5	-1.0	7.873368263244629	2.1119985580444336	2.103919744491577	1.8276565074920654	1.8297929763793945	False	[0 0 1 0 0 0 0 0 0]	[0 1 0 1 0 1 0 0 0]	[0 1 0 1 0 0]	[0 1 0 0 0 1]
5	-1.0	7.790860176086426	2.10654616355896	2.048539400100708	1.812145471572876	1.82362961769104	False	[0 0 1 1 0 0 0 0 0]	[1 1 0 1 0 1 0 0 0]	[0 1 0 1 1 0]	[0 1 1 0 0 1]
5	-0.5	7.850001335144043	2.129456043243408	2.1007819175720215	1.8313333988189697	1.788430094718933	False	[0 0 1 1 0 0 0 0 0]	[1 1 0 0 0 1 0 0 0]	[0 1 0 1 0 0]	[0 1 1 0 0 1]
5	-0.75	7.5918779373168945	2.124587297439575	2.008784055709839	1.7298073768615723	1.7286990880966187	False	[0 0 1 1 1 0 0 0 0]	[0 1 0 0 0 1 0 0 0]	[0 1 0 1 1 0]	[0 1 1 0 0 0]
5	-0.5	7.7308735847473145	2.0920944213867188	2.057368278503418	1.7717329263687134	1.8096781969070435	False	[0 0 1 1 0 0 0 0 0]	[0 1 0 1 0 1 0 0 0]	[0 1 0 1 0 0]	[0 1 1 0 0 1]
5	0.2972402274608612	7.5065531730651855	2.100308895111084	1.98167884349823	1.7164332866668701	1.7081323862075806	False	[0 0 1 1 0 0 0 1 0]	[1 1 0 1 0 1 0 0 0]	[0 1 0 1 1 0]	[0 1 1 0 1 1]
5	-0.75	7.134697437286377	1.9663989543914795	2.0171518325805664	1.4437813758850098	1.7073653936386108	False	[0 0 1 1 1 0 0 1 0]	[1 1 1 1 0 1 0 0 0]	[1 1 0 1 1 0]	[0 1 1 0 1 0]
5	-0.5	7.630309581756592	1.9847534894943237	2.0773215293884277	1.7987418174743652	1.769492745399475	False	[0 0 1 1 0 0 0 1 0]	[1 1 1 0 0 1 0 0 0]	[1 1 0 1 0 0]	[0 1 1 0 1 1]
5	-0.75	7.455107688903809	2.046748161315918	1.9892640113830566	1.695831537246704	1.7232639789581299	False	[0 0 1 1 1 0 0 1 0]	[1 1 0 0 0 1 0 0 0]	[0 1 0 1 0 0]	[0 1 1 0 1 0]
5	0.27284231781959534	7.694234848022461	2.1108055114746094	2.0621769428253174	1.7654472589492798	1.7558056116104126	False	[0 0 1 1 0 0 0 1 0]	[1 1 1 0 0 1 0 0 0]	[0 1 0 1 1 0]	[0 1 1 0 1 1]
5	-0.75	7.160527229309082	2.0046780109405518	1.942562460899353	1.5066630840301514	1.706624150276184	False	[0 0 1 1 1 0 0 1 0]	[0 1 1 0 0 1 0 0 0]	[1 1 0 1 1 0]	[0 1 1 0 1 0]
5	-0.5	7.621881484985352	1.9951815605163574	2.0561177730560303	1.7952618598937988	1.7753204107284546	False	[0 0 1 1 0 0 0 1 0]	[0 1 1 1 0 1 0 0 0]	[1 1 0 1 0 0]	[0 1 1 0 1 1]
5	-0.5	7.494116306304932	2.059591054916382	2.0246670246124268	1.695603609085083	1.7142549753189087	False	[0 0 1 1 1 0 0 1 0]	[0 1 0 1 0 1 0 0 0]	[0 1 0 1 0 0]	[0 1 1 0 0 1]
5	0.31542205810546875	7.523519992828369	2.0808088779449463	2.048713207244873	1.6859773397445679	1.7080200910568237	False	[0 0 1 1 0 0 0 1 0]	[0 1 1 1 0 1 0 0 0]	[0 1 0 1 1 0]	[0 1 1 0 1 1]
5	-0.5	7.166171073913574	1.9527428150177002	2.0254008769989014	1.4825782775878906	1.705448865890503	False	[0 0 1 1 1 0 0 1 0]	[1 1 1 1 0 1 0 0 0]	[1 1 0 1 1 0]	[0 1 1 0 0 1]
5	-0.5	7.349349021911621	1.8526417016983032	2.0428531169891357	1.7283780574798584	1.7254765033721924	False	[0 0 1 1 0 0 0 1 0]	[1 1 1 0 0 1 0 0 0]	[1 1 0 1 0 0]	[0 1 1 0 1 1]
5	-0.75	7.465568542480469	2.048065423965454	1.9951417446136475	1.6972441673278809	1.7251172065734863	False	[0 0 1 1 1 0 0 1 0]	[1 1 0 0 0 1 0 0 0]	[0 1 0 1 0 0]	[0 1 1 0 1 0]
6	-0.5	7.4944658279418945	2.0616724491119385	1.9580363035202026	1.6783781051635742	1.7963789701461792	False	[1 0 1 1 0 0 1 0 0]	[1 0 1 0 0 0 0 0 1]	[0 0 0 1 0 1]	[0 0 0 0 1 0]
6	-0.5	7.245822906494141	2.021334171295166	1.9212801456451416	1.5875014066696167	1.715707540512085	False	[0 0 1 1 0 0 1 0 0]	[1 0 0 0 0 0 0 0 1]	[1 0 0 1 0 1]	[0 0 0 0 0 0]
6	-0.75	7.496411323547363	2.051086187362671	1.9881643056869507	1.7063997983932495	1.7507611513137817	False	[1 0 1 1 0 0 1 0 0]	[1 0 0 0 0 1 0 0 1]	[1 0 0 1 1 1]	[0 0 0 0 0 1]
6	-0.75	7.58474063873291	2.0959060192108154	2.144219398498535	1.7553236484527588	1.5892918109893799	False	[1 0 1 1 0 0 1 0 1]	[1 0 0 0 0 0 0 0 1]	[1 0 0 1 1 0]	[0 1 0 0 0 1]
6	-0.75	7.476037979125977	2.0371756553649902	2.0469577312469482	1.7359857559204102	1.6559193134307861	False	[1 0 1 1 0 0 1 0 0]	[1 0 0 0 0 1 0 0 1]	[1 0 0 1 1 1]	[0 0 0 0 0 1]
6	-0.75	7.613585472106934	2.1277668476104736	2.1079342365264893	1.750961422920227	1.6269233226776123	False	[1 0 1 1 0 0 1 0 1]	[1 0 0 0 0 0 0 0 1]	[1 0 0 1 1 0]	[0 1 0 0 0 1]
6	-0.75	7.476667404174805	2.036457061767578	2.0725510120391846	1.7205971479415894	1.6470623016357422	False	[1 0 1 1 0 0 1 0 0]	[1 0 0 0 0 1 0 0 1]	[1 0 0 1 1 1]	[0 0 0 0 0 1]
6	-0.75	7.596081733703613	2.1001381874084473	2.129563808441162	1.7627413272857666	1.6036384105682373	False	[1 0 1 1 0 0 1 0 1]	[1 0 0 0 0 0 0 0 1]	[1 0 0 1 1 0]	[0 1 0 0 0 1]
6	-0.75	7.481595039367676	2.043015241622925	2.0682053565979004	1.721535325050354	1.6488393545150757	False	[1 0 1 1 0 0 1 0 0]	[1 0 0 0 0 1 0 0 1]	[1 0 0 1 1 1]	[0 0 0 0 0 1]
6	-0.75	7.579341888427734	2.1164684295654297	2.1343932151794434	1.7505687475204468	1.577911138534546	False	[1 0 1 1 0 0 1 0 1]	[1 0 0 0 0 0 0 0 1]	[1 0 0 1 1 0]	[0 1 0 0 0 1]
6	-0.75	7.464432239532471	2.054734706878662	2.0586650371551514	1.7137387990951538	1.6372939348220825	False	[1 0 1 1 0 0 1 0 0]	[1 0 0 0 0 1 0 0 1]	[1 0 0 1 1 1]	[0 0 0 0 0 1]
6	-0.75	7.542828559875488	2.102531671524048	2.137755870819092	1.7337309122085571	1.568809986114502	False	[1 0 1 1 0 0 1 0 1]	[1 0 0 0 0 0 0 0 1]	[1 0 0 1 1 0]	[0 1 0 0 0 1]
6	-0.75	7.447474479675293	2.0475361347198486	2.0929882526397705	1.6990364789962769	1.6079134941101074	False	[1 0 1 1 0 0 1 0 0]	[1 0 0 0 0 0 0 0 0]	[1 0 0 1 1 1]	[0 0 0 0 0 1]
6	-0.5	7.651985168457031	2.126150369644165	2.0967090129852295	1.7453795671463013	1.6837464570999146	False	[1 0 1 1 1 0 1 0 0]	[0 0 0 0 0 0 0 0 0]	[1 0 0 1 0 1]	[0 1 0 0 0 1]
6	-0.5	7.485768795013428	2.058940887451172	1.9665441513061523	1.7203398942947388	1.7399441003799438	False	[0 0 1 1 1 0 1 0 0]	[0 0 1 0 0 0 0 0 0]	[0 0 0 1 0 1]	[0 1 0 0 1 1]
6	-0.5	7.325341701507568	2.0095572471618652	1.9559775590896606	1.662284255027771	1.6975226402282715	False	[0 0 1 0 1 0 1 0 0]	[0 0 0 0 0 0 0 0 0]	[1 0 0 1 0 1]	[0 1 0 0 0 1]
6	-0.5	7.360762596130371	2.0539870262145996	1.8930387496948242	1.673440933227539	1.7402961254119873	False	[1 0 1 0 1 0 1 0 0]	[0 0 1 0 0 0 0 0 0]	[0 0 0 1 0 1]	[1 1 0 0 0 1]
6	-0.5	7.233808517456055	2.002154588699341	1.9114396572113037	1.6135590076446533	1.706655502319336	False	[0 0 1 0 1 0 1 0 0]	[0 0 0 0 0 0 0 0 0]	[1 0 0 1 0 1]	[1 1 0 0 1 1]
6	-0.5	7.398443222045898	2.062490701675415	1.9205443859100342	1.6670137643814087	1.74839448928833	False	[1 0 1 0 1 0 1 0 0]	[0 0 1 0 0 0 0 0 0]	[0 0 0 1 0 1]	[0 1 0 0 1 1]
6	-0.5	7.15431022644043	1.9875410795211792	1.8956602811813354	1.576593279838562	1.6945158243179321	False	[0 0 1 0 1 0 1 0 0]	[0 0 0 0 0 0 0 0 0]	[1 0 0 1 0 1]	[0 1 0 0 0 1]
6	-0.5	7.383871078491211	2.063582420349121	1.914546251296997	1.6672288179397583	1.7385132312774658	False	[1 0 1 0 1 0 1 0 0]	[0 0 1 0 0 0 0 0 0]	[0 0 0 1 0 1]	[1 1 0 0 0 1]
6	-0.5	7.094417095184326	1.9830214977264404	1.8792062997817993	1.5627365112304688	1.6694526672363281	False	[0 0 1 0 1 0 1 0 0]	[0 0 0 0 0 0 0 0 0]	[1 0 0 1 0 1]	[1 1 0 0 1 1]
6	-0.5	7.450927257537842	2.0577480792999268	1.9452273845672607	1.6936770677566528	1.7542749643325806	False	[1 0 1 0 1 0 1 0 0]	[0 0 1 0 0 0 0 0 0]	[0 0 0 1 0 1]	[1 1 0 0 0 1]
6	-0.5	7.208805084228516	1.9920907020568848	1.90713632106781	1.6079012155532837	1.701676607131958	False	[1 0 1 0 1 0 1 1 0]	[0 0 0 0 0 0 0 0 0]	[1 0 0 1 0 1]	[1 1 0 0 1 1]
6	-0.5	7.371260643005371	2.0478885173797607	1.930654525756836	1.6563631296157837	1.7363544702529907	False	[0 0 1 0 1 0 1 1 0]	[0 0 1 0 0 0 0 0 0]	[0 0 0 1 0 1]	[1 1 0 0 0 1]
6	-0.5	7.164671897888184	1.9979642629623413	1.897297978401184	1.6006755828857422	1.6687339544296265	False	[1 0 1 0 1 0 1 1 0]	[0 0 0 0 0 0 0 0 0]	[1 0 0 1 0 1]	[1 1 0 0 1 1]
6	-0.5	7.386571884155273	2.054889678955078	1.9239193201065063	1.6643620729446411	1.7434011697769165	False	[0 0 1 0 1 0 1 1 0]	[0 0 1 0 0 0 0 0 0]	[0 0 0 1 0 1]	[1 1 0 0 0 1]
6	-0.5	7.121026992797852	2.0006420612335205	1.8755441904067993	1.57235586643219	1.672485113143921	False	[1 0 1 0 1 0 1 1 0]	[0 0 0 0 0 0 0 0 0]	[1 0 0 1 0 1]	[1 1 0 0 1 1]
6	-0.5	7.38322114944458	2.0558784008026123	1.9404118061065674	1.6482200622558594	1.7387109994888306	False	[0 0 1 0 1 0 1 1 0]	[0 0 1 0 0 0 0 0 0]	[0 0 0 1 0 1]	[1 1 0 0 0 1]
6	-0.5	7.119941711425781	1.993796467781067	1.8917872905731201	1.5693423748016357	1.6650152206420898	False	[1 0 1 0 1 0 1 1 0]	[0 0 0 0 0 0 0 0 0]	[1 0 0 1 0 1]	[1 1 0 0 1 1]
7	-1.0	7.023319244384766	1.5045101642608643	2.051848888397217	1.6910940408706665	1.775865912437439	False	[0 0 0 0 0 0 0 0 0]	[0 0 0 0 0 1 0 0 0]	[0 0 0 0 0 0]	[0 0 0 0 0 0]
7	0.05431460589170456	6.93503475189209	1.4419283866882324	2.0441677570343018	1.68312406539917	1.7658149003982544	False	[0 0 0 0 0 0 0 0 0]	[0 0 0 0 0 1 0 1 0]	[0 0 0 0 0 0]	[0 0 0 0 0 0]
7	-0.25	6.987302780151367	2.007533550262451	1.9218015670776367	1.5752636194229126	1.4827041625976562	False	[0 0 0 0 0 1 0 0 0]	[0 0 0 0 0 0 0 1 0]	[0 0 0 1 0 0]	[1 0 0 0 0 0]
7	-0.5	7.072874069213867	2.0976979732513428	1.855014443397522	1.5688538551330566	1.5513076782226562	False	[0 0 0 0 0 0 0 0 0]	[0 0 0 0 0 1 0 1 0]	[0 1 0 1 0 0]	[0 0 0 0 0 0]
7	-0.25	7.419273376464844	2.0817182064056396	2.033112049102783	1.6821852922439575	1.6222583055496216	False	[1 0 0 0 0 0 0 0 0]	[0 0 1 0 0 1 0 1 0]	[0 0 0 1 0 0]	[0 0 1 0 0 0]
7	-0.5	7.008059501647949	2.0497708320617676	1.9193229675292969	1.5482125282287598	1.490752935409546	False	[1 0 0 0 0 1 0 0 0]	[0 0 1 0 0 0 0 1 0]	[0 0 0 0 0 0]	[1 0 1 0 0 0]
7	-0.25	7.137543678283691	1.9737648963928223	1.9392133951187134	1.6872384548187256	1.5373269319534302	False	[1 0 0 0 0 0 0 0 0]	[0 0 1 0 0 1 0 1 0]	[0 0 0 1 0 0]	[0 0 1 0 0 0]
7	-0.5	7.037003040313721	2.062620162963867	1.9248754978179932	1.5500575304031372	1.4994498491287231	False	[1 0 0 0 0 1 0 0 0]	[0 0 1 0 0 0 0 1 0]	[0 0 0 0 0 0]	[1 0 1 0 0 0]
7	-0.25	7.141366958618164	1.9742541313171387	1.9485489130020142	1.6722371578216553	1.5463263988494873	False	[1 0 0 0 0 0 0 0 0]	[0 0 1 0 0 1 0 1 0]	[0 0 0 1 0 0]	[0 0 1 0 0 0]
7	-0.5	7.0209550857543945	2.0548508167266846	1.9259037971496582	1.5352100133895874	1.5049906969070435	False	[1 0 0 0 0 1 0 0 0]	[0 0 1 0 0 0 0 1 0]	[0 0 0 0 0 0]	[1 0 1 0 0 0]
7	-0.25	7.0689802169799805	1.960275411605835	1.953963279724121	1.636401653289795	1.5183401107788086	False	[1 0 0 0 0 0 0 0 0]	[0 0 1 0 0 1 0 1 0]	[0 0 0 1 0 0]	[0 0 1 0 0 0]
7	-0.5	7.020517349243164	2.0633578300476074	1.9195556640625	1.5306411981582642	1.5069626569747925	False	[1 0 0 0 0 1 0 0 0]	[0 0 1 0 0 0 0 1 0]	[0 0 0 0 0 0]	[1 0 1 0 0 0]
7	-0.25	7.156499862670898	1.991841435432434	1.9438896179199219	1.6888536214828491	1.5319151878356934	False	[1 0 0 0 0 0 0 0 0]	[0 0 1 0 0 1 0 1 0]	[0 0 0 1 0 0]	[0 0 1 0 0 0]
7	-0.5	7.025722503662109	2.058668851852417	1.9254416227340698	1.5345396995544434	1.5070724487304688	False	[1 0 0 0 0 1 0 0 0]	[0 0 1 0 0 0 0 1 0]	[0 0 0 0 0 0]	[1 0 1 0 0 0]
7	-0.25	7.188342094421387	1.991287350654602	1.9556570053100586	1.6936582326889038	1.5477393865585327	False	[1 0 0 0 0 0 0 0 0]	[0 0 1 0 0 1 0 1 0]	[0 0 0 1 0 0]	[0 0 1 0 0 0]
7	-0.5	6.968511581420898	2.0270910263061523	1.908132553100586	1.5300003290176392	1.503287672996521	False	[1 0 0 0 0 1 0 0 0]	[0 0 1 0 0 0 0 1 0]	[0 0 0 0 0 0]	[1 0 1 0 0 0]
7	-0.25	7.149251461029053	1.9743839502334595	1.957648754119873	1.6616861820220947	1.5555328130722046	False	[1 0 0 0 0 0 0 0 0]	[0 0 1 0 0 1 0 1 0]	[0 0 0 1 0 0]	[0 0 1 0 0 0]
7	-0.5	7.074838638305664	2.083740711212158	1.9221915006637573	1.5574491024017334	1.5114574432373047	False	[1 0 0 0 0 1 0 0 0]	[0 0 1 0 0 0 0 1 0]	[0 0 0 0 0 0]	[1 0 1 0 0 0]
7	-0.25	7.133824348449707	1.9779672622680664	1.9464586973190308	1.6771230697631836	1.5322750806808472	False	[1 0 0 0 0 0 0 0 0]	[0 0 1 0 0 1 0 1 0]	[0 0 0 1 0 0]	[0 0 1 0 0 0]
7	-0.5	7.056895732879639	2.071686029434204	1.929787278175354	1.5558356046676636	1.499586582183838	False	[1 0 0 0 0 1 0 0 0]	[0 0 1 0 0 0 0 1 0]	[0 0 0 0 0 0]	[1 0 1 0 0 0]
7	-0.25	7.154911041259766	1.981268286705017	1.9578039646148682	1.6569520235061646	1.5588868856430054	False	[1 0 0 0 0 0 0 0 0]	[0 0 1 0 0 1 0 1 0]	[0 0 0 1 0 0]	[0 0 1 0 0 0]
7	-0.5	7.0480732917785645	2.0651185512542725	1.9240965843200684	1.5560054779052734	1.5028530359268188	False	[1 0 0 0 0 1 0 0 0]	[0 0 1 0 0 0 0 1 0]	[0 0 0 0 0 0]	[1 0 1 0 0 0]
7	-0.25	7.215709209442139	1.99862539768219	1.962693691253662	1.6896898746490479	1.564700722694397	False	[1 0 0 0 0 0 0 0 0]	[0 0 1 0 0 1 0 1 0]	[0 0 0 1 0 0]	[0 0 1 0 0 0]
7	-0.5	7.062346935272217	2.0715084075927734	1.9251221418380737	1.575701117515564	1.490014910697937	False	[1 0 0 0 0 1 0 0 0]	[0 0 1 0 0 0 0 1 0]	[0 0 0 0 0 0]	[1 0 1 0 0 0]
7	-0.25	7.187740325927734	1.98357093334198	1.9690154790878296	1.666562557220459	1.5685913562774658	False	[1 0 0 0 0 0 0 0 0]	[0 0 1 0 0 1 0 1 0]	[0 0 0 1 0 0]	[0 0 1 0 0 0]
7	-0.5	7.027892589569092	2.057291030883789	1.9250261783599854	1.532004714012146	1.513570785522461	False	[1 0 0 0 0 1 0 0 0]	[0 0 1 0 0 0 0 1 0]	[0 0 0 0 0 0]	[1 0 1 0 0 0]
7	-0.25	7.191290855407715	1.9928686618804932	1.9565211534500122	1.696079969406128	1.5458214282989502	False	[1 0 0 0 0 0 0 0 0]	[0 0 1 0 0 1 0 1 0]	[0 0 0 1 0 0]	[0 0 1 0 0 0]
7	-0.5	7.008780002593994	2.050337314605713	1.921172857284546	1.5541716814041138	1.4830981492996216	False	[1 0 0 0 0 1 0 0 0]	[0 0 1 0 0 0 0 1 0]	[0 0 0 0 0 0]	[1 0 1 0 0 0]
7	-0.25	7.172950744628906	1.9990168809890747	1.9538519382476807	1.6799602508544922	1.5401214361190796	False	[1 0 0 0 0 0 0 0 0]	[0 0 1 0 0 1 0 1 0]	[0 0 0 1 0 0]	[0 0 1 0 0 0]
7	-0.5	7.029460906982422	2.0481629371643066	1.9123085737228394	1.5573248863220215	1.5116645097732544	False	[1 0 0 0 0 1 0 0 0]	[0 0 1 0 0 0 0 1 0]	[0 0 0 0 0 0]	[1 0 1 0 0 0]
8	0.4910241365432739	7.141103744506836	1.9535129070281982	1.8801839351654053	1.6883540153503418	1.6190528869628906	False	[1 1 0 0 0 0 0 0 0]	[0 0 1 0 1 0 0 0 0]	[1 1 1 0 0 1]	[0 0 1 0 1 0]
8	-0.75	7.446465492248535	2.142866611480713	2.0588269233703613	1.6041431427001953	1.640628695487976	False	[1 0 0 0 0 0 0 0 0]	[0 0 1 0 0 0 0 0 0]	[1 0 1 0 0 1]	[1 0 1 0 1 0]
8	-0.25	7.101080894470215	2.0887608528137207	1.9311307668685913	1.419675350189209	1.6615135669708252	False	[0 0 0 0 0 0 0 0 0]	[0 0 1 0 0 1 0 0 0]	[0 0 1 0 0 1]	[1 0 0 0 1 0]
8	-0.75	7.157621383666992	2.001030445098877	1.9518905878067017	1.5660206079483032	1.6386799812316895	False	[0 0 0 0 0 0 0 1 0]	[0 0 1 0 1 1 0 0 0]	[1 0 1 0 0 1]	[1 0 1 0 1 0]
8	0.3273877501487732	7.741972923278809	2.143627405166626	2.0780563354492188	1.7417891025543213	1.7785007953643799	False	[0 0 0 0 1 0 0 1 0]	[0 0 1 0 0 1 0 0 0]	[1 0 1 0 0 0]	[1 0 1 0 0 0]
8	-0.75	7.583083629608154	2.0424530506134033	2.0910754203796387	1.7362451553344727	1.7133097648620605	False	[1 0 0 0 1 0 0 1 0]	[0 0 0 0 0 1 0 0 0]	[1 1 1 0 0 0]	[1 1 1 0 0 0]
8	-0.25	7.471843719482422	2.019225597381592	2.0213325023651123	1.704675316810608	1.726610541343689	False	[0 0 0 0 1 0 0 1 0]	[0 0 0 0 0 0 0 0 0]	[1 0 1 0 0 0]	[1 1 1 0 1 0]
8	-0.75	7.386173725128174	2.0404603481292725	1.9735636711120605	1.6558613777160645	1.716288685798645	False	[1 0 0 0 1 0 0 1 0]	[0 0 0 0 0 1 0 0 0]	[0 0 1 0 0 0]	[1 1 1 0 0 0]
8	-0.25	7.461545467376709	2.066671371459961	1.9942028522491455	1.7515175342559814	1.6491543054580688	False	[0 0 0 0 1 0 0 1 0]	[0 0 0 0 0 0 0 0 0]	[0 0 1 0 0 1]	[1 1 1 0 1 0]
8	-0.75	7.465653896331787	2.0613441467285156	1.9846998453140259	1.6951895952224731	1.7244205474853516	False	[1 0 0 0 1 0 0 1 0]	[0 0 0 0 0 1 0 0 0]	[1 0 1 0 0 1]	[1 1 1 0 0 0]
8	-0.25	7.528164863586426	2.1000895500183105	2.004648447036743	1.766295313835144	1.6571314334869385	False	[0 0 0 0 1 0 0 1 0]	[0 0 0 0 0 0 0 0 0]	[1 0 1 0 0 0]	[1 1 1 0 1 0]
8	-0.75	7.447144985198975	2.045103073120117	2.0026774406433105	1.699405550956726	1.6999589204788208	False	[1 0 0 0 1 0 0 1 0]	[0 0 0 0 0 1 0 0 0]	[0 0 1 0 0 0]	[1 1 1 0 0 0]
8	-0.25	7.511950492858887	2.083120107650757	1.9956711530685425	1.7627509832382202	1.6704081296920776	False	[0 0 0 0 1 0 0 1 0]	[0 0 0 0 0 0 0 0 0]	[1 0 1 0 0 0]	[1 1 1 0 1 0]
8	-0.75	7.393454551696777	2.023956298828125	1.9816546440124512	1.6767386198043823	1.7111047506332397	False	[1 0 0 0 1 0 0 1 0]	[0 0 0 0 0 1 0 0 0]	[0 0 1 0 0 0]	[0 1 1 0 1 0]
8	-0.75	7.539217472076416	2.077388286590576	2.1174087524414062	1.6834837198257446	1.6609368324279785	False	[1 0 0 0 1 0 0 0 0]	[0 0 0 0 1 1 0 0 0]	[0 1 1 0 0 0]	[1 1 1 0 1 0]
8	-0.75	7.665701866149902	2.130695104598999	2.034040927886963	1.7253327369689941	1.7756335735321045	False	[0 0 0 0 1 0 0 0 0]	[0 0 0 0 1 0 0 0 0]	[1 1 1 0 0 0]	[1 1 1 0 0 0]
8	-0.5	7.467546463012695	2.01714825630188	2.0449976921081543	1.646069884300232	1.7593302726745605	False	[1 0 0 0 1 0 0 0 0]	[0 0 0 0 1 1 0 0 0]	[1 0 1 0 0 0]	[1 1 1 0 0 1]
8	-0.5	7.442336082458496	2.052147388458252	2.0775790214538574	1.6465494632720947	1.666060209274292	False	[0 0 0 0 1 0 0 0 0]	[0 0 0 0 1 0 0 0 0]	[0 0 1 0 0 0]	[1 1 1 0 1 1]
8	-0.5	7.4084577560424805	2.0926332473754883	2.0856432914733887	1.480042576789856	1.7501386404037476	False	[1 0 0 0 1 0 0 0 0]	[0 0 0 0 1 1 0 0 0]	[1 0 1 0 0 0]	[0 1 1 0 1 1]
8	-0.5	7.378053188323975	2.083479166030884	2.093040704727173	1.4754610061645508	1.7260721921920776	False	[0 0 0 0 1 0 0 0 0]	[0 0 0 0 1 0 0 0 0]	[0 0 1 0 0 0]	[0 1 1 0 0 1]
8	-0.5	7.449516296386719	2.0472164154052734	2.0680675506591797	1.6619040966033936	1.6723278760910034	False	[1 0 0 0 1 0 0 0 0]	[0 0 0 0 1 1 0 0 0]	[1 0 1 0 0 0]	[0 1 1 0 1 1]
8	-0.5	7.398571968078613	2.0925426483154297	2.098076105117798	1.4684028625488281	1.7395508289337158	False	[0 0 0 0 1 0 0 0 0]	[0 0 0 0 1 0 0 0 0]	[0 0 1 0 0 0]	[0 1 1 0 0 1]
8	-0.5	7.465334892272949	2.055154323577881	2.057133674621582	1.6656322479248047	1.6874144077301025	False	[1 0 0 0 1 0 0 0 0]	[0 0 0 0 1 1 0 0 0]	[1 0 1 0 0 0]	[1 1 1 0 0 1]
8	-0.5	7.445261001586914	2.0666306018829346	2.09433913230896	1.6166023015975952	1.6676889657974243	False	[0 0 0 0 1 0 0 0 0]	[0 0 0 0 1 0 0 0 0]	[0 0 1 0 0 0]	[1 1 1 0 1 1]
8	-0.5	7.500620365142822	2.1011648178100586	2.09920597076416	1.5437684059143066	1.7564810514450073	False	[1 0 0 0 1 0 0 0 0]	[0 0 0 0 1 1 0 0 0]	[1 0 1 0 0 0]	[0 1 1 0 1 1]
8	-0.5	7.3172383308410645	2.071763753890991	2.086343288421631	1.4282243251800537	1.7309068441390991	False	[0 0 0 0 1 0 0 0 0]	[0 0 0 0 1 0 0 0 0]	[0 0 1 0 0 0]	[0 1 1 0 0 1]
8	-0.5	7.424266815185547	2.0667638778686523	2.0898923873901367	1.583800196647644	1.6838102340698242	False	[1 0 0 0 1 0 0 0 0]	[0 0 0 0 1 1 0 0 0]	[1 0 1 0 0 0]	[0 1 1 0 1 1]
8	-0.5	7.335923194885254	2.0722389221191406	2.0831692218780518	1.4381650686264038	1.7423501014709473	False	[0 0 0 0 1 0 0 0 0]	[0 0 0 0 1 0 0 0 0]	[0 0 1 0 0 0]	[0 1 1 0 0 1]
8	-0.5	7.454094886779785	2.0621304512023926	2.08396577835083	1.6455199718475342	1.6624783277511597	False	[1 0 0 0 1 0 0 0 0]	[0 0 0 0 1 1 0 0 0]	[1 0 1 0 0 0]	[0 1 1 0 1 1]
8	-0.5	7.369598388671875	2.0790908336639404	2.0708954334259033	1.4800026416778564	1.739609956741333	False	[0 0 0 0 1 0 0 0 0]	[0 0 0 0 1 0 0 0 0]	[0 0 1 0 0 0]	[0 1 1 0 0 1]
9	-0.5	7.369385719299316	2.0524966716766357	1.9402856826782227	1.7348977327346802	1.6417056322097778	False	[0 1 0 0 0 0 0 0 1]	[0 1 0 0 0 0 0 0 0]	[0 0 0 1 0 1]	[0 0 0 1 1 1]
9	-0.5	7.551988124847412	2.05503511428833	2.123652696609497	1.7440600395202637	1.6292399168014526	False	[0 1 0 0 0 1 0 0 1]	[1 1 0 0 0 0 0 0 0]	[1 0 0 1 0 1]	[1 0 0 1 1 1]
9	-0.5	7.348437786102295	2.034148693084717	2.1424455642700195	1.6586496829986572	1.5131934881210327	False	[0 1 0 0 0 0 0 0 1]	[1 1 0 0 0 0 0 1 0]	[0 0 0 1 0 1]	[1 0 0 1 0 1]
9	-0.5	7.494415760040283	2.043632984161377	2.0629844665527344	1.7693064212799072	1.6184916496276855	False	[0 1 0 0 0 1 0 0 1]	[1 0 0 0 0 0 0 1 0]	[1 0 0 1 0 1]	[1 0 0 1 1 1]
9	-0.5	7.231812953948975	2.099574327468872	2.0153117179870605	1.6807897090911865	1.4361368417739868	False	[0 1 0 0 0 1 1 0 1]	[1 1 0 0 0 0 0 1 0]	[1 0 0 1 1 1]	[1 0 0 1 0 1]
9	-0.5	7.296789169311523	2.054321050643921	2.090338945388794	1.610563039779663	1.5415658950805664	False	[0 1 0 0 0 0 1 0 1]	[1 0 0 0 0 0 0 1 0]	[1 0 0 1 0 1]	[1 0 0 1 1 1]
9	-0.5	7.3750081062316895	2.1015405654907227	2.107656478881836	1.6632145643234253	1.5025964975357056	False	[0 1 0 0 0 1 1 0 1]	[1 0 0 0 0 0 0 1 1]	[1 0 0 1 1 1]	[1 0 0 1 0 1]
9	-0.5	7.181946277618408	2.055936574935913	2.0847482681274414	1.5751895904541016	1.4660717248916626	False	[0 1 0 0 0 0 1 0 1]	[1 1 0 0 0 0 0 1 1]	[1 0 0 1 0 1]	[1 0 0 1 1 1]
9	-0.5	7.189146518707275	2.062140703201294	2.0941035747528076	1.5772767066955566	1.4556255340576172	False	[0 1 0 0 0 1 1 0 1]	[1 0 0 0 0 0 0 1 1]	[1 0 0 1 1 1]	[1 0 0 1 0 1]
9	-0.5	7.196589469909668	2.072007656097412	2.083448886871338	1.5745768547058105	1.4665560722351074	False	[0 1 0 0 0 0 1 0 1]	[1 1 0 0 0 0 0 1 1]	[1 0 0 1 0 1]	[1 0 0 1 1 1]
9	-0.5	7.193608283996582	2.072161912918091	2.103579521179199	1.5674355030059814	1.4504315853118896	False	[0 1 0 0 0 1 1 0 1]	[1 0 0 0 0 0 0 1 1]	[1 0 0 1 1 1]	[1 0 0 1 0 1]
9	-0.5	7.287018299102783	2.0584921836853027	2.078455924987793	1.6146632432937622	1.5354070663452148	False	[0 1 0 0 0 0 1 0 1]	[1 1 0 0 0 0 0 1 1]	[1 0 0 1 0 1]	[1 0 0 1 1 1]
9	-0.5	7.249129295349121	2.068112373352051	2.0989890098571777	1.5886311531066895	1.493396520614624	False	[0 1 0 0 0 1 1 0 1]	[1 1 0 0 0 0 0 1 0]	[1 0 0 1 1 1]	[1 0 0 1 0 1]
9	-0.5	7.146795272827148	2.064570188522339	2.0827736854553223	1.5548526048660278	1.4445993900299072	False	[0 1 0 0 0 0 1 0 1]	[1 0 0 0 0 0 0 1 0]	[1 0 0 1 0 1]	[1 0 0 1 1 1]
9	-0.5	7.329360008239746	2.0924456119537354	2.089566946029663	1.6594464778900146	1.4879006147384644	False	[0 1 0 0 0 1 1 0 1]	[1 0 0 0 0 0 0 1 1]	[1 0 0 1 1 1]	[1 0 0 1 0 1]
9	-0.5	7.151480674743652	2.0588746070861816	2.0888078212738037	1.5738704204559326	1.4299275875091553	False	[0 1 0 0 0 0 1 0 1]	[1 1 0 0 0 0 0 1 1]	[1 0 0 1 0 1]	[1 0 0 1 1 1]
9	-0.5	7.19441556930542	2.0580673217773438	2.1064798831939697	1.5727351903915405	1.457133412361145	False	[0 1 0 0 0 1 1 0 1]	[1 0 0 0 0 0 0 1 1]	[1 0 0 1 1 1]	[1 0 0 1 0 1]
9	-0.5	7.290916919708252	2.0725574493408203	2.095066785812378	1.602731704711914	1.520560622215271	False	[0 1 0 0 0 0 1 0 1]	[1 1 0 0 0 0 0 1 1]	[1 0 0 1 0 1]	[1 0 0 1 1 1]
9	-0.5	7.207040786743164	2.0757200717926025	2.0967695713043213	1.5692927837371826	1.4652584791183472	False	[0 1 1 0 0 0 1 0 1]	[1 1 0 0 0 0 0 1 0]	[1 0 0 1 1 1]	[1 0 0 1 0 1]
9	-0.5	7.16496467590332	2.035426139831543	2.095151424407959	1.581251859664917	1.4531354904174805	False	[0 1 1 0 0 1 1 0 1]	[1 0 0 0 0 0 0 1 0]	[1 0 0 1 0 1]	[1 0 0 1 1 1]
9	-0.5	7.290804862976074	2.0694446563720703	2.0912179946899414	1.6663644313812256	1.463777780532837	False	[0 1 1 0 0 0 1 0 1]	[1 0 0 0 0 0 0 1 1]	[1 0 0 1 1 1]	[1 0 0 1 0 1]
9	-0.5	7.1479597091674805	2.0311667919158936	2.085861921310425	1.5903431177139282	1.440588116645813	False	[0 1 1 0 0 1 1 0 1]	[1 1 0 0 0 0 0 1 1]	[1 0 0 1 0 1]	[1 0 0 1 1 1]
9	-0.5	7.00554895401001	2.0410876274108887	2.0771782398223877	1.5169386863708496	1.3703440427780151	False	[0 1 1 0 0 0 1 0 1]	[1 0 0 0 0 0 0 1 1]	[1 0 0 1 1 1]	[1 0 0 1 0 1]
9	-0.5	7.216464042663574	2.0387160778045654	2.10210919380188	1.6008379459381104	1.474800944328308	False	[0 1 1 0 0 1 1 0 1]	[1 1 0 0 0 0 0 1 1]	[1 0 0 1 0 1]	[1 0 0 1 1 1]
9	-0.5	7.027727127075195	2.0309298038482666	2.0852224826812744	1.5241210460662842	1.3874539136886597	False	[0 1 1 0 0 0 1 0 1]	[1 0 0 0 0 0 0 1 1]	[1 0 0 1 1 1]	[1 0 0 1 0 1]
9	-0.5	7.104598522186279	2.0500683784484863	2.065600633621216	1.570387601852417	1.4185415506362915	False	[0 1 1 0 0 1 1 0 1]	[1 1 0 0 0 0 0 1 1]	[1 0 0 1 0 1]	[1 0 0 1 1 1]
9	-0.5	7.087172985076904	2.045936346054077	2.085987091064453	1.5462357997894287	1.4090131521224976	False	[0 1 1 0 0 0 1 0 1]	[1 0 0 0 0 0 0 1 1]	[1 0 0 1 1 1]	[1 0 0 1 0 1]
9	-0.5	7.277678489685059	2.051546096801758	2.0855751037597656	1.622877836227417	1.5176793336868286	False	[0 1 1 0 0 1 1 0 1]	[1 1 0 0 0 0 0 1 1]	[1 0 0 1 0 1]	[1 0 0 1 1 1]
9	-0.5	7.037604331970215	2.0370311737060547	2.0890719890594482	1.5274379253387451	1.3840628862380981	False	[0 1 1 0 0 0 1 0 1]	[1 0 0 0 0 0 0 1 1]	[1 0 0 1 1 1]	[1 0 0 1 0 1]
9	-0.5	7.066241264343262	2.0294997692108154	2.0888984203338623	1.5629146099090576	1.3849289417266846	False	[0 1 1 0 0 1 1 0 1]	[1 1 0 0 0 0 0 1 1]	[1 0 0 1 0 1]	[1 0 0 1 1 1]
10	-0.5	7.472421646118164	2.1020894050598145	2.0490026473999023	1.746500015258789	1.5748298168182373	False	[0 0 1 1 0 1 0 0 0]	[0 0 0 0 0 0 0 0 1]	[1 1 0 1 0 0]	[0 1 1 1 0 0]
10	-0.5	7.464150428771973	2.0828821659088135	2.0149495601654053	1.7039456367492676	1.6623731851577759	False	[0 0 1 1 1 1 0 0 0]	[0 0 0 0 0 0 0 0 0]	[1 1 1 1 0 0]	[0 1 1 1 1 0]
10	-0.5	7.457891941070557	2.0337741374969482	2.00226092338562	1.7391985654830933	1.6826581954956055	False	[0 0 1 1 0 1 0 0 0]	[0 0 0 0 0 0 0 0 1]	[0 1 1 1 0 0]	[1 1 1 1 1 0]
10	-0.75	7.511790752410889	2.0366737842559814	1.9808788299560547	1.7558578252792358	1.7383804321289062	False	[0 0 1 1 1 1 0 0 0]	[0 0 0 0 0 0 1 0 1]	[0 0 1 1 0 0]	[0 1 1 1 1 0]
10	0.38814932107925415	7.479833602905273	1.9778685569763184	2.028658390045166	1.6918376684188843	1.7814686298370361	False	[0 0 1 0 1 1 0 0 0]	[0 0 0 0 0 0 1 0 0]	[0 0 1 1 0 1]	[0 1 0 1 1 0]
10	0.09258456528186798	6.891380310058594	2.0371408462524414	1.8857064247131348	1.5333776473999023	1.4351556301116943	False	[0 0 1 0 1 0 0 0 0]	[0 0 0 0 0 0 0 0 0]	[1 0 1 1 0 1]	[1 1 0 1 1 0]
10	0.4154220521450043	6.926641464233398	1.8704752922058105	1.9057915210723877	1.6364574432373047	1.5139167308807373	False	[0 0 1 0 1 1 0 0 0]	[0 0 0 0 0 1 0 0 0]	[0 0 1 1 0 1]	[0 1 0 1 1 0]
10	0.11676408350467682	6.7256340980529785	1.8994094133377075	1.8605718612670898	1.5731347799301147	1.3925180435180664	False	[0 0 1 0 1 0 0 0 0]	[0 0 0 0 0 0 0 0 0]	[1 0 1 1 0 1]	[1 1 0 1 1 0]
10	0.46087661385536194	6.818714618682861	1.8599050045013428	1.8967092037200928	1.6103318929672241	1.451768398284912	False	[0 0 1 0 1 1 0 0 0]	[0 0 0 0 0 1 0 0 0]	[0 0 1 1 0 1]	[0 1 0 1 1 0]
10	0.09330493956804276	6.693978309631348	1.8973524570465088	1.8568382263183594	1.5785157680511475	1.3612719774246216	False	[0 0 1 0 1 0 0 0 0]	[0 0 0 0 0 0 0 0 0]	[1 0 1 1 0 1]	[1 1 0 1 1 0]
10	0.4273877739906311	6.890956401824951	1.8281769752502441	1.8998980522155762	1.6390630006790161	1.5238184928894043	False	[0 0 1 0 1 1 0 0 0]	[0 0 0 0 0 1 0 0 0]	[0 0 1 1 0 1]	[0 1 0 1 1 0]
10	0.0715988352894783	6.640788555145264	1.8489086627960205	1.8864881992340088	1.55613374710083	1.3492580652236938	False	[0 0 1 0 1 0 0 0 0]	[0 0 0 0 0 0 0 0 0]	[1 0 1 1 0 1]	[1 1 0 1 1 0]
10	0.4728423058986664	6.833745002746582	1.821000099182129	1.908233642578125	1.6225712299346924	1.4819403886795044	False	[0 0 1 0 1 1 0 0 0]	[0 0 0 0 0 1 0 0 0]	[0 0 1 1 0 1]	[0 1 0 1 1 0]
10	0.07032380998134613	6.560932159423828	1.8587284088134766	1.8653361797332764	1.52973473072052	1.3071327209472656	False	[0 0 1 0 1 0 0 0 0]	[0 0 0 0 0 0 0 0 0]	[1 0 1 1 0 1]	[1 1 0 1 1 0]
10	0.45466047525405884	6.787621974945068	1.8301111459732056	1.8735045194625854	1.61604905128479	1.4679570198059082	False	[0 0 1 0 1 1 0 0 0]	[0 0 0 0 0 1 0 0 0]	[0 0 1 1 0 1]	[0 1 0 1 1 0]
10	0.07344671338796616	6.665610313415527	1.9118080139160156	1.8345754146575928	1.586864948272705	1.3323622941970825	False	[0 0 1 0 1 0 0 0 0]	[0 0 0 0 0 0 0 0 0]	[1 0 1 1 0 1]	[1 1 0 1 1 0]
10	0.3546604812145233	6.930988311767578	1.8362056016921997	1.9161571264266968	1.6326429843902588	1.5459825992584229	False	[0 0 1 0 1 1 0 0 0]	[0 0 0 0 0 1 0 0 0]	[0 0 1 1 0 1]	[0 1 0 1 1 0]
10	0.08378870785236359	6.6853556632995605	1.8737009763717651	1.867396593093872	1.5650964975357056	1.3791619539260864	False	[0 0 1 0 1 0 0 0 0]	[0 0 0 0 0 0 0 0 0]	[1 0 1 1 0 1]	[1 1 0 1 1 0]
10	0.4336038827896118	6.866386890411377	1.860061764717102	1.886952519416809	1.6362136602401733	1.4831591844558716	False	[0 0 1 0 1 1 0 0 0]	[0 0 0 0 0 1 0 0 0]	[0 0 1 1 0 1]	[0 1 0 1 1 0]
10	0.09035925567150116	6.611414909362793	1.8483113050460815	1.8649797439575195	1.5481305122375488	1.349993109703064	False	[0 0 1 0 1 0 0 0 0]	[0 0 0 0 0 0 0 0 0]	[1 0 1 1 0 1]	[1 1 0 1 1 0]
10	0.4364786744117737	6.910408973693848	1.8668084144592285	1.9312504529953003	1.624273419380188	1.4880764484405518	False	[0 0 1 0 1 1 0 0 0]	[0 0 0 0 0 1 0 0 0]	[0 0 1 1 0 1]	[0 1 0 1 1 0]
10	0.10099054872989655	6.703414440155029	1.8756684064865112	1.8857712745666504	1.565575122833252	1.3763995170593262	False	[0 0 1 0 1 0 0 0 0]	[0 0 0 0 0 0 0 0 0]	[1 0 1 1 0 1]	[1 1 0 1 1 0]
10	0.369967520236969	6.9791412353515625	1.8701878786087036	1.9269905090332031	1.6365890502929688	1.5453739166259766	False	[0 0 1 0 1 1 0 0 0]	[0 0 0 0 0 1 0 0 0]	[0 0 1 1 0 1]	[0 1 0 1 1 0]
10	0.07279722392559052	6.859346389770508	1.9211348295211792	1.8754916191101074	1.6169630289077759	1.4457569122314453	False	[0 0 1 0 1 0 0 0 0]	[0 0 0 0 0 0 0 0 0]	[1 0 1 1 0 1]	[1 1 0 1 1 0]
10	0.391024112701416	6.948031425476074	1.8624857664108276	1.9192399978637695	1.646695613861084	1.5196101665496826	False	[0 0 1 0 1 1 0 0 0]	[0 0 0 0 0 1 0 0 0]	[0 0 1 1 0 1]	[0 1 0 1 1 0]
10	0.06962737441062927	6.764958381652832	1.9499112367630005	1.8762611150741577	1.56204354763031	1.3767426013946533	False	[0 0 1 0 1 0 0 0 0]	[0 0 0 0 0 0 0 0 0]	[1 0 1 1 0 1]	[1 1 0 1 1 0]
10	0.369967520236969	6.980562210083008	1.8721165657043457	1.9160590171813965	1.6417443752288818	1.5506421327590942	False	[0 0 1 0 1 1 0 0 0]	[0 0 0 0 0 1 0 0 0]	[0 0 1 1 0 1]	[0 1 0 1 1 0]
10	0.10120321065187454	6.731888771057129	1.8939967155456543	1.8733975887298584	1.573458194732666	1.391035795211792	False	[0 0 1 0 1 0 0 0 0]	[0 0 0 0 0 0 0 0 0]	[1 0 1 1 0 1]	[1 1 0 1 1 0]
10	0.40920594334602356	7.008615016937256	1.8829786777496338	1.9143577814102173	1.6514620780944824	1.5598164796829224	False	[0 0 1 0 1 1 0 0 0]	[0 0 0 0 0 1 0 0 0]	[0 0 1 1 0 1]	[0 1 0 1 1 0]
10	0.10499285161495209	6.687923431396484	1.903002381324768	1.8595908880233765	1.5741791725158691	1.3511511087417603	False	[0 0 1 0 1 0 0 0 0]	[0 0 0 0 0 0 0 0 0]	[1 0 1 1 0 1]	[1 1 0 1 1 0]
11	-1.0	7.336752414703369	1.9626673460006714	2.1566572189331055	1.3886525630950928	1.8287749290466309	False	[1 0 0 0 1 0 0 1 0]	[0 0 0 0 0 0 1 0 0]	[1 0 0 1 0 0]	[0 0 0 0 1 0]
11	-1.0	7.3841328620910645	2.038679599761963	2.1532249450683594	1.4016462564468384	1.790582299232483	False	[1 0 0 0 1 0 0 1 0]	[0 0 0 0 0 0 1 0 0]	[1 0 0 1 0 0]	[0 0 0 0 1 0]
11	-0.75	7.304325580596924	2.0119197368621826	2.148527145385742	1.3669712543487549	1.7769074440002441	False	[1 0 0 0 0 0 0 1 0]	[0 0 0 0 0 0 1 0 0]	[1 0 0 1 0 0]	[0 0 0 0 1 0]
11	-0.25	7.323642730712891	1.879865288734436	2.0831334590911865	1.7526137828826904	1.6080303192138672	False	[1 0 0 0 1 0 0 1 0]	[1 0 0 0 0 0 1 0 0]	[1 0 1 1 0 0]	[0 0 0 0 0 0]
11	-0.75	7.096334457397461	1.974745750427246	2.0326874256134033	1.6518964767456055	1.4370051622390747	False	[1 0 0 1 1 0 0 1 0]	[1 0 0 0 0 0 1 0 1]	[0 0 1 1 0 0]	[1 0 0 0 0 0]
11	0.331195592880249	7.416621685028076	1.9649070501327515	2.0871477127075195	1.6774234771728516	1.6871434450149536	False	[1 0 0 0 1 0 0 1 0]	[1 0 0 0 0 0 1 0 0]	[0 0 1 1 0 1]	[0 0 0 0 0 0]
11	0.05085545778274536	5.929643630981445	1.9387807846069336	1.9675848484039307	1.2871708869934082	0.7361067533493042	False	[1 0 0 1 1 0 0 1 0]	[1 0 0 0 0 0 0 0 0]	[1 0 1 1 0 1]	[1 0 0 0 0 0]
11	0.4580017924308777	5.459793567657471	1.848781704902649	1.9491811990737915	1.1029083728790283	0.5589224696159363	False	[1 0 0 0 1 0 0 1 0]	[1 0 1 0 0 0 0 0 0]	[0 0 1 1 0 1]	[0 0 0 0 0 0]
11	0.4637514054775238	5.936029434204102	1.9245775938034058	2.0077061653137207	1.2992193698883057	0.7045259475708008	False	[1 0 0 1 1 0 0 1 0]	[1 0 1 0 0 0 1 0 0]	[1 0 1 1 0 1]	[1 0 0 0 0 0]
11	0.4063311517238617	5.853554725646973	1.9060624837875366	1.991719126701355	1.2398096323013306	0.7159634828567505	False	[1 0 0 0 1 0 0 1 0]	[1 0 1 0 0 0 0 0 0]	[0 0 1 1 0 1]	[0 0 0 0 0 0]
11	0.5092059373855591	5.9253692626953125	1.9211585521697998	2.0080740451812744	1.2930999994277954	0.7030365467071533	False	[1 0 0 1 1 0 0 1 0]	[1 0 1 0 0 0 1 0 0]	[1 0 1 1 0 1]	[1 0 0 0 0 0]
11	0.2584683299064636	5.704949855804443	1.8844492435455322	1.9875308275222778	1.1904855966567993	0.6424843668937683	False	[1 0 0 0 1 0 0 1 0]	[1 0 0 0 0 0 1 0 0]	[0 0 1 1 0 1]	[0 0 0 0 0 0]
11	0.06428491324186325	5.7929816246032715	1.9415127038955688	1.9545317888259888	1.254436731338501	0.6425002813339233	False	[1 0 0 1 1 0 0 1 0]	[1 0 0 0 0 0 0 0 0]	[1 0 1 1 0 1]	[1 0 0 0 0 0]
11	0.44556957483291626	5.437496185302734	1.8377443552017212	1.947928547859192	1.0864062309265137	0.5654171705245972	False	[1 0 0 0 1 0 0 1 0]	[1 0 1 0 0 0 0 0 0]	[0 0 1 1 0 1]	[0 0 0 0 0 0]
11	0.45466047525405884	5.958791255950928	1.9052000045776367	2.0090653896331787	1.2983239889144897	0.7462020516395569	False	[1 0 0 1 1 0 0 1 0]	[1 0 1 0 0 0 1 0 0]	[1 0 1 1 0 1]	[1 0 0 0 0 0]
11	0.48193320631980896	5.745776176452637	1.892350435256958	1.9938905239105225	1.2031909227371216	0.6563445925712585	False	[1 0 0 0 1 0 0 1 0]	[1 0 1 0 0 0 0 0 0]	[0 0 1 1 0 1]	[0 0 0 0 0 0]
11	0.4637514054775238	6.00364875793457	1.9367965459823608	2.0165724754333496	1.3331314325332642	0.7171481847763062	False	[1 0 0 1 1 0 0 1 0]	[1 0 1 0 0 0 1 0 0]	[1 0 1 1 0 1]	[1 0 0 0 0 0]
11	0.43981999158859253	5.737030029296875	1.8354129791259766	1.9867078065872192	1.1998870372772217	0.7150220274925232	False	[1 0 0 0 1 0 0 1 0]	[1 0 1 0 0 0 0 0 0]	[0 0 1 1 0 1]	[0 0 0 0 0 0]
11	0.4790584146976471	6.0218610763549805	1.8964273929595947	2.0077908039093018	1.3282041549682617	0.7894384860992432	False	[1 0 0 1 1 0 0 1 0]	[1 0 1 0 0 0 1 0 0]	[1 0 1 1 0 1]	[1 0 0 0 0 0]
11	0.451785683631897	5.783587455749512	1.8559764623641968	1.986991286277771	1.2165906429290771	0.7240291237831116	False	[1 0 0 0 1 0 0 1 0]	[1 0 1 0 0 0 0 0 0]	[0 0 1 1 0 1]	[0 0 0 0 0 0]
11	0.0675198957324028	6.009202480316162	1.9224026203155518	2.019989490509033	1.3346004486083984	0.7322096228599548	False	[1 0 0 1 1 0 0 1 0]	[1 0 0 0 0 0 0 0 0]	[1 0 1 1 0 1]	[1 0 0 0 0 0]
11	0.44556957483291626	5.455204963684082	1.8751287460327148	1.9476412534713745	1.0959198474884033	0.5365153551101685	False	[1 0 0 0 1 0 0 1 0]	[1 0 1 0 0 0 0 0 0]	[0 0 1 1 0 1]	[0 0 0 0 0 0]
11	0.05623336508870125	5.9526777267456055	1.9278241395950317	2.012951135635376	1.319057583808899	0.6928446888923645	False	[1 0 0 1 1 0 0 1 0]	[1 0 0 0 0 0 0 0 0]	[1 0 1 1 0 1]	[1 0 0 0 0 0]
11	0.42451295256614685	5.548593044281006	1.878591537475586	1.959149718284607	1.122391700744629	0.5884601473808289	False	[1 0 0 0 1 0 0 1 0]	[1 0 1 0 0 0 0 0 0]	[0 0 1 1 0 1]	[0 0 0 0 0 0]
11	0.5034563541412354	5.983973503112793	1.9201223850250244	2.0092849731445312	1.3227579593658447	0.7318081259727478	False	[1 0 0 1 1 0 0 1 0]	[1 0 1 0 0 0 1 0 0]	[1 0 1 1 0 1]	[1 0 0 0 0 0]
11	0.4637514054775238	5.722804069519043	1.8509992361068726	1.9927451610565186	1.2091189622879028	0.6699408292770386	False	[1 0 0 0 1 0 0 1 0]	[1 0 1 0 0 0 0 0 0]	[0 0 1 1 0 1]	[0 0 0 0 0 0]
11	0.5001150369644165	6.101949691772461	1.9104595184326172	1.9967457056045532	1.3450883626937866	0.8496562838554382	False	[1 0 0 1 1 0 0 1 0]	[1 0 1 0 0 0 1 0 0]	[1 0 1 1 0 1]	[1 0 0 0 0 0]
11	0.48193320631980896	5.995453834533691	1.9087837934494019	2.0027287006378174	1.2799545526504517	0.8039868474006653	False	[1 0 0 0 1 0 0 1 0]	[1 0 1 0 0 0 0 0 0]	[0 0 1 1 0 1]	[0 0 0 0 0 0]
11	0.48193320631980896	5.887319564819336	1.8884673118591309	2.0007131099700928	1.2942118644714355	0.7039272785186768	False	[1 0 0 1 1 0 0 1 0]	[1 0 1 0 0 0 1 0 0]	[1 0 1 1 0 1]	[1 0 0 0 0 0]
11	0.43072906136512756	5.756124019622803	1.83251953125	1.9798756837844849	1.22685968875885	0.7168693542480469	False	[1 0 0 0 1 0 0 1 0]	[1 0 1 0 0 0 0 0 0]	[0 0 1 1 0 1]	[0 0 0 0 0 0]
12	0.2531852424144745	5.370064735412598	2.0256781578063965	1.6845905780792236	1.1502007246017456	0.5095955729484558	False	[0 0 0 1 1 0 0 1 0]	[0 0 0 0 0 1 1 0 1]	[0 0 0 1 0 0]	[1 0 0 0 0 0]
12	-0.25	4.918942451477051	1.9614382982254028	1.6180404424667358	0.9313061237335205	0.40815746784210205	False	[0 0 0 1 1 1 0 1 0]	[0 0 0 0 0 1 0 0 1]	[1 0 0 1 0 0]	[0 0 0 0 0 0]
12	0.15851619839668274	5.917988300323486	2.043606996536255	1.8656243085861206	1.2472171783447266	0.7615397572517395	False	[0 0 0 1 0 1 0 1 0]	[0 0 0 0 0 1 1 0 1]	[1 0 0 0 0 0]	[1 0 0 0 0 0]
12	0.19866372644901276	5.383739471435547	1.9499893188476562	1.6910229921340942	1.0864248275756836	0.6563023924827576	False	[0 0 0 1 1 1 0 1 0]	[0 0 0 0 0 1 0 0 1]	[0 0 0 0 0 0]	[0 0 0 0 0 0]
12	0.16863977909088135	5.147828578948975	2.027156352996826	1.673147201538086	1.0164546966552734	0.43107035756111145	False	[0 0 0 1 1 0 0 1 0]	[0 0 0 0 0 1 1 0 1]	[1 0 0 0 0 0]	[1 0 0 0 0 0]
12	0.2618096172809601	4.748419284820557	1.971483588218689	1.5772125720977783	0.802911102771759	0.3968120515346527	False	[0 0 0 1 1 1 0 1 0]	[0 0 0 0 0 1 0 0 1]	[0 0 0 0 0 0]	[0 0 0 0 0 0]
12	0.16163909435272217	5.158782958984375	2.0355136394500732	1.6670215129852295	1.04167640209198	0.41457125544548035	False	[0 0 0 1 1 0 0 1 0]	[0 0 0 0 0 1 1 0 1]	[1 0 0 0 0 0]	[1 0 0 0 0 0]
12	0.2316621094942093	4.777319431304932	1.9726336002349854	1.5788068771362305	0.8071296215057373	0.41874930262565613	False	[0 0 0 1 1 1 0 1 0]	[0 0 0 0 0 1 0 0 1]	[0 0 0 0 0 0]	[0 0 0 0 0 0]
12	0.14596039056777954	5.189873695373535	2.0304172039031982	1.6637649536132812	1.0347115993499756	0.4609798491001129	False	[0 0 0 1 1 0 0 1 0]	[0 0 0 0 0 1 1 0 1]	[1 0 0 0 0 0]	[1 0 0 0 0 0]
12	0.2458416223526001	4.757051467895508	1.984163522720337	1.5604203939437866	0.8130459785461426	0.39942193031311035	False	[0 0 0 1 1 1 0 1 0]	[0 0 0 0 0 1 0 0 1]	[0 0 0 0 0 0]	[0 0 0 0 0 0]
12	0.1830616444349289	5.105820178985596	2.026934862136841	1.6595209836959839	0.9950342178344727	0.4243302643299103	False	[0 0 0 1 1 0 0 1 0]	[0 0 0 0 0 1 1 0 1]	[1 0 0 0 0 0]	[1 0 0 0 0 0]
12	0.22787821292877197	4.77644157409668	1.9838916063308716	1.5910239219665527	0.7778786420822144	0.4236471652984619	False	[0 0 0 1 1 1 0 1 0]	[0 0 0 0 0 1 0 0 1]	[0 0 0 0 0 0]	[0 0 0 0 0 0]
12	0.16517488658428192	5.147571563720703	2.0248730182647705	1.6595549583435059	1.022011637687683	0.441132128238678	False	[0 0 0 1 1 0 0 1 0]	[0 0 0 0 0 1 1 0 1]	[1 0 0 0 0 0]	[1 0 0 0 0 0]
12	0.2551509439945221	4.773584842681885	1.97898530960083	1.5811270475387573	0.8021807074546814	0.41129156947135925	False	[0 0 0 1 1 1 0 1 0]	[0 0 0 0 0 1 0 0 1]	[0 0 0 0 0 0]	[0 0 0 0 0 0]
12	0.17844530940055847	5.128566741943359	2.0225112438201904	1.664463996887207	1.0084011554718018	0.43319055438041687	False	[0 0 0 1 1 0 0 1 0]	[0 0 0 0 0 1 1 0 1]	[1 0 0 0 0 0]	[1 0 0 0 0 0]
12	0.2230377048254013	4.732362270355225	1.978735327720642	1.5860967636108398	0.7749711275100708	0.3925589621067047	False	[0 0 0 1 1 1 0 1 0]	[0 0 0 0 0 1 0 0 1]	[0 0 0 0 0 0]	[0 0 0 0 0 0]
12	0.16466142237186432	5.167358875274658	2.025799512863159	1.6637169122695923	1.0403465032577515	0.4374955892562866	False	[0 0 0 1 1 0 0 1 0]	[0 0 0 0 0 1 1 0 1]	[1 0 0 0 0 0]	[1 0 0 0 0 0]
12	0.22062942385673523	4.813711166381836	1.9716465473175049	1.5848548412322998	0.8320561051368713	0.42515385150909424	False	[0 0 0 1 1 1 0 1 0]	[0 0 0 0 0 1 0 0 1]	[0 0 0 0 0 0]	[0 0 0 0 0 0]
12	0.1982211470603943	5.0916428565979	2.0215702056884766	1.6645245552062988	1.0062263011932373	0.3993222415447235	False	[0 0 0 1 1 0 0 1 0]	[0 0 0 0 0 1 1 0 1]	[1 0 0 0 0 0]	[1 0 0 0 0 0]
12	0.2799914479255676	4.739437103271484	1.9731322526931763	1.5698528289794922	0.813609778881073	0.38284239172935486	False	[0 0 0 1 1 1 0 1 0]	[0 0 0 0 0 1 0 0 1]	[0 0 0 0 0 0]	[0 0 0 0 0 0]
12	0.15414220094680786	5.185896873474121	2.0313291549682617	1.6644505262374878	1.0440917015075684	0.4460254907608032	False	[0 0 0 1 1 0 0 1 0]	[0 0 0 0 0 1 1 0 1]	[1 0 0 0 0 0]	[1 0 0 0 0 0]
12	0.27461352944374084	4.732394695281982	1.980531930923462	1.5767529010772705	0.7677500247955322	0.407359778881073	False	[0 0 0 1 1 1 0 1 0]	[0 0 0 0 0 1 0 0 1]	[0 0 0 0 0 0]	[0 0 0 0 0 0]
12	0.19062942266464233	5.190117835998535	2.0361175537109375	1.660181999206543	1.042214274406433	0.45160382986068726	False	[0 0 0 1 1 0 0 1 0]	[0 0 0 0 0 1 1 0 1]	[1 0 0 0 0 0]	[1 0 0 0 0 0]
12	0.25136706233024597	4.710103988647461	1.9663829803466797	1.5542967319488525	0.7717530131340027	0.4176713228225708	False	[0 0 0 1 1 1 0 1 0]	[0 0 0 0 0 1 0 0 1]	[0 0 0 0 0 0]	[0 0 0 0 0 0]
12	0.18819721043109894	5.163612365722656	2.0302090644836426	1.6736079454421997	1.0241248607635498	0.43567076325416565	False	[0 0 0 1 1 0 0 1 0]	[0 0 0 0 0 1 1 0 1]	[1 0 0 0 0 0]	[1 0 0 0 0 0]
12	0.24114863574504852	4.71760368347168	1.9586745500564575	1.5632562637329102	0.7933958768844604	0.40227699279785156	False	[0 0 0 1 1 1 0 1 0]	[0 0 0 0 0 1 0 0 1]	[0 0 0 0 0 0]	[0 0 0 0 0 0]
12	0.15900665521621704	5.175341606140137	2.0314395427703857	1.672822117805481	1.0323777198791504	0.4387020468711853	False	[0 0 0 1 1 0 0 1 0]	[0 0 0 0 0 1 1 0 1]	[1 0 0 0 0 0]	[1 0 0 0 0 0]
12	0.26470836997032166	4.7931108474731445	1.9676460027694702	1.5837057828903198	0.8399919271469116	0.40176716446876526	False	[0 0 0 1 1 1 0 1 0]	[0 0 0 0 0 1 0 0 1]	[0 0 0 0 0 0]	[0 0 0 0 0 0]
12	0.18289019167423248	5.165610313415527	2.0357770919799805	1.6642173528671265	1.0156923532485962	0.4499236047267914	False	[0 0 0 1 1 0 0 1 0]	[0 0 0 0 0 1 1 0 1]	[1 0 0 0 0 0]	[1 0 0 0 0 0]
12	0.26242366433143616	4.781117916107178	1.9751406908035278	1.5749962329864502	0.796872079372406	0.4341086745262146	False	[0 0 0 1 1 1 0 1 0]	[0 0 0 0 0 1 0 0 1]	[0 0 0 0 0 0]	[0 0 0 0 0 0]
13	-1.0	7.098584175109863	2.066673517227173	1.8735445737838745	1.4858428239822388	1.6725237369537354	False	[0 0 1 0 0 0 0 0 0]	[0 0 1 0 0 0 0 0 1]	[0 0 1 0 1 0]	[0 0 1 0 0 0]
13	-1.0	7.368597984313965	2.1342694759368896	2.009162187576294	1.5791548490524292	1.6460113525390625	False	[0 0 1 0 0 0 0 0 0]	[0 0 1 0 0 0 0 0 1]	[0 0 0 0 1 0]	[0 0 1 0 0 0]
13	-1.0	6.950170516967773	2.032130241394043	1.7959414720535278	1.4778096675872803	1.6442890167236328	False	[0 0 1 0 1 0 0 0 0]	[0 0 1 0 0 0 0 0 1]	[0 0 1 0 1 0]	[0 0 1 0 0 0]
13	-1.0	5.570943832397461	1.8716257810592651	1.2764087915420532	1.623576045036316	0.799332857131958	False	[0 0 1 0 1 0 0 0 0]	[0 0 1 0 0 0 0 0 1]	[0 0 0 0 1 0]	[0 0 1 0 0 0]
13	-1.0	7.134578704833984	2.0978899002075195	1.890921950340271	1.5075970888137817	1.6381700038909912	False	[0 0 1 0 0 0 0 0 0]	[0 0 1 0 0 0 0 0 1]	[0 0 1 0 1 0]	[0 0 1 0 0 0]
13	-1.0	7.184573173522949	2.1206140518188477	1.9269810914993286	1.599143385887146	1.537834644317627	False	[0 0 1 0 0 0 0 0 0]	[0 0 1 0 0 0 0 0 1]	[0 0 0 0 1 0]	[0 0 1 0 0 0]
13	-1.0	7.179174900054932	2.090724229812622	1.9517065286636353	1.4593455791473389	1.6773983240127563	False	[0 0 1 0 1 0 0 0 0]	[0 0 1 0 0 0 0 0 1]	[0 0 1 0 1 0]	[0 0 1 0 0 0]
13	-1.0	5.776209831237793	1.9074833393096924	1.3478361368179321	1.6234726905822754	0.8974173069000244	False	[0 0 1 0 1 0 0 0 0]	[0 0 1 0 0 0 0 0 1]	[0 0 0 0 1 0]	[0 0 1 0 0 0]
13	-1.0	7.1231489181518555	2.074394702911377	1.8872430324554443	1.4681094884872437	1.693401575088501	False	[0 0 1 0 0 0 0 0 0]	[0 0 1 0 0 0 0 0 1]	[0 0 1 0 1 0]	[0 0 1 0 0 0]
13	-1.0	7.011585712432861	2.0779552459716797	1.8112937211990356	1.5332839488983154	1.5890527963638306	False	[0 0 1 0 0 0 0 0 0]	[0 0 1 0 0 0 0 0 1]	[0 0 0 0 1 0]	[0 0 1 0 0 0]
13	-1.0	7.0174994468688965	2.0425634384155273	1.8420106172561646	1.4786790609359741	1.65424644947052	False	[0 0 1 0 1 0 0 0 0]	[0 0 1 0 0 0 0 0 1]	[0 0 1 0 1 0]	[0 0 1 0 0 0]
13	-1.0	5.915650367736816	1.9272997379302979	1.3834843635559082	1.6165212392807007	0.9883449077606201	False	[0 0 1 0 1 0 0 0 0]	[0 0 1 0 0 0 0 0 1]	[0 0 0 0 1 0]	[0 0 1 0 0 0]
13	-1.0	7.191991329193115	2.0994985103607178	1.9271990060806274	1.5020169019699097	1.6632766723632812	False	[0 0 1 0 0 0 0 0 0]	[0 0 1 0 0 0 0 0 1]	[0 0 1 0 1 0]	[0 0 1 0 0 0]
13	-1.0	6.942340850830078	2.0787577629089355	1.8030922412872314	1.5869179964065552	1.4735729694366455	False	[0 0 1 0 1 0 0 0 0]	[0 0 1 0 0 0 0 0 1]	[0 0 0 0 1 0]	[0 0 1 0 0 0]
13	-1.0	7.069015979766846	2.082871913909912	1.849575161933899	1.509453535079956	1.6271158456802368	False	[0 0 1 0 0 0 0 0 0]	[0 0 1 0 0 0 0 0 1]	[0 0 1 0 1 0]	[0 0 1 0 0 0]
13	-1.0	6.975025177001953	2.090184450149536	1.8191732168197632	1.6028227806091309	1.4628446102142334	False	[0 0 1 0 0 0 0 0 0]	[0 0 1 0 0 0 0 0 1]	[0 0 0 0 1 0]	[0 0 1 0 0 0]
13	-1.0	6.9323248863220215	2.0284628868103027	1.8009984493255615	1.5344734191894531	1.5683902502059937	False	[0 0 1 0 0 0 0 0 0]	[0 0 1 0 0 0 0 0 1]	[0 0 1 0 1 0]	[0 0 1 0 0 0]
13	-1.0	6.9397430419921875	2.079275608062744	1.8228904008865356	1.566752314567566	1.4708245992660522	False	[0 0 1 0 1 0 0 0 0]	[0 0 1 0 0 0 0 0 1]	[0 0 0 0 1 0]	[0 0 1 0 0 0]
13	-1.0	7.046085834503174	2.0637669563293457	1.8282583951950073	1.489292025566101	1.664768099784851	False	[0 0 1 0 0 0 0 0 0]	[0 0 1 0 0 0 0 0 1]	[0 0 1 0 1 0]	[0 0 1 0 0 0]
13	-1.0	6.945967197418213	2.084561347961426	1.8014897108078003	1.617923617362976	1.4419924020767212	False	[0 0 1 0 0 0 0 0 0]	[0 0 1 0 0 0 0 0 1]	[0 0 0 0 1 0]	[0 0 1 0 0 0]
13	-1.0	7.026936054229736	2.0400099754333496	1.8098164796829224	1.502919316291809	1.6741904020309448	False	[0 0 1 0 1 0 0 0 0]	[0 0 1 0 0 0 0 0 1]	[0 0 1 0 1 0]	[0 0 1 0 0 0]
13	-1.0	6.024164199829102	1.9614369869232178	1.437530279159546	1.6199793815612793	1.0052175521850586	False	[0 0 1 0 1 0 0 0 0]	[0 0 1 0 0 0 0 0 1]	[0 0 0 0 1 0]	[0 0 1 0 0 0]
13	-1.0	7.158692359924316	2.091001510620117	1.9082095623016357	1.492883563041687	1.666597843170166	False	[0 0 1 0 1 0 0 0 0]	[0 0 1 0 0 0 0 0 1]	[0 0 1 0 1 0]	[0 0 1 0 0 0]
13	-1.0	5.678730010986328	1.8962911367416382	1.341018795967102	1.6102749109268188	0.8311454653739929	False	[0 0 1 0 1 0 0 0 0]	[0 0 1 0 0 0 0 0 1]	[0 0 0 0 1 0]	[0 0 1 0 0 0]
13	-1.0	7.156672954559326	2.095139265060425	1.8834928274154663	1.526838779449463	1.6512020826339722	False	[0 0 1 0 0 0 0 0 0]	[0 0 1 0 0 0 0 0 1]	[0 0 1 0 1 0]	[0 0 1 0 0 0]
13	-1.0	6.904294013977051	2.0707976818084717	1.7698638439178467	1.541944146156311	1.521688461303711	False	[0 0 1 0 0 0 0 0 0]	[0 0 1 0 0 0 0 0 1]	[0 0 0 0 1 0]	[0 0 1 0 0 0]
13	-1.0	6.809697151184082	1.9984564781188965	1.771873950958252	1.484609603881836	1.5547573566436768	False	[0 0 1 0 1 0 0 0 0]	[0 0 1 0 0 0 0 0 1]	[0 0 1 0 1 0]	[0 0 1 0 0 0]
13	-1.0	6.286941051483154	2.0295302867889404	1.5683008432388306	1.617867350578308	1.071242332458496	False	[0 0 1 0 1 0 0 0 0]	[0 0 1 0 0 0 0 0 1]	[0 0 0 0 1 0]	[0 0 1 0 0 0]
13	-1.0	7.080480575561523	2.083653211593628	1.865375280380249	1.522830843925476	1.60862135887146	False	[0 0 1 0 0 0 0 0 0]	[0 0 1 0 0 0 0 0 1]	[0 0 1 0 1 0]	[0 0 1 0 0 0]
13	-1.0	7.205564498901367	2.124837875366211	1.941265344619751	1.5612144470214844	1.578247308731079	False	[0 0 1 0 0 0 0 0 0]	[0 0 1 0 0 0 0 0 1]	[0 0 0 0 1 0]	[0 0 1 0 0 0]
14	-1.0	7.003988742828369	2.0338315963745117	1.7112654447555542	1.4832152128219604	1.7756762504577637	False	[0 1 1 0 1 0 0 0 1]	[0 0 0 0 0 1 0 0 0]	[0 0 0 0 0 1]	[0 1 0 0 0 0]
14	-1.0	7.035688400268555	2.10290265083313	1.4093633890151978	1.7390391826629639	1.784382939338684	False	[0 1 1 0 0 0 0 0 1]	[0 0 0 0 0 1 0 0 0]	[0 1 0 0 0 1]	[0 1 0 0 0 0]
14	-1.0	6.954721450805664	2.005070209503174	1.6412826776504517	1.5287280082702637	1.7796406745910645	False	[0 1 1 0 1 0 0 0 1]	[0 0 0 0 0 1 0 0 0]	[0 0 0 0 0 1]	[0 0 0 0 0 0]
14	-1.0	6.627084732055664	2.166895866394043	1.3425025939941406	1.7834136486053467	1.3342726230621338	False	[0 1 1 0 1 1 0 0 1]	[0 0 0 0 0 1 0 0 0]	[0 0 0 1 0 1]	[0 0 0 0 0 0]
14	-1.0	6.016593933105469	2.0263774394989014	1.1535193920135498	1.72164785861969	1.1150496006011963	False	[0 1 1 0 0 1 0 0 1]	[0 0 0 0 0 1 0 0 0]	[0 1 0 1 0 1]	[0 0 0 0 0 0]
14	-1.0	6.429773330688477	2.092405080795288	1.4443496465682983	1.6358888149261475	1.2571296691894531	False	[0 1 1 0 1 1 0 0 1]	[0 0 0 0 0 1 0 0 0]	[0 0 0 1 0 1]	[0 0 0 0 0 0]
14	-1.0	6.20328426361084	2.029355525970459	1.2653518915176392	1.7181589603424072	1.1904183626174927	False	[0 1 1 0 1 1 0 0 1]	[0 0 0 0 0 1 0 0 0]	[0 1 0 1 0 1]	[0 0 0 0 0 0]
14	-1.0	6.380578517913818	2.1103460788726807	1.4311211109161377	1.7008825540542603	1.1382288932800293	False	[0 1 1 0 0 1 0 0 1]	[0 0 0 0 0 1 0 0 0]	[0 0 0 1 0 1]	[0 0 0 0 0 0]
14	-1.0	6.3618035316467285	2.090571403503418	1.2329444885253906	1.8388903141021729	1.1993975639343262	False	[0 1 1 0 1 1 0 0 1]	[0 0 0 0 0 1 0 0 0]	[0 1 0 1 0 1]	[0 0 0 0 0 0]
14	-1.0	6.245865821838379	2.081960916519165	1.344983458518982	1.6732614040374756	1.1456605195999146	False	[0 1 1 0 0 1 0 0 1]	[0 0 0 0 0 1 0 0 0]	[0 0 0 1 0 1]	[0 0 0 0 0 0]
14	-1.0	6.463427543640137	2.0702192783355713	1.2309396266937256	1.8093926906585693	1.3528759479522705	False	[0 1 1 0 1 1 0 0 1]	[0 0 0 0 0 1 0 0 0]	[0 1 0 1 0 1]	[0 0 0 0 0 0]
14	-1.0	6.2054853439331055	2.0767605304718018	1.3231397867202759	1.6746644973754883	1.130920171737671	False	[0 1 1 0 0 1 0 0 1]	[0 0 0 0 0 1 0 0 0]	[0 1 0 0 0 1]	[0 0 0 0 0 0]
14	-1.0	5.583163261413574	2.0562992095947266	0.9933072924613953	1.744460105895996	0.7890965938568115	False	[0 1 1 0 1 1 0 0 1]	[0 0 0 0 0 1 0 0 0]	[0 1 0 0 0 1]	[0 0 0 0 0 0]
14	-1.0	6.109428405761719	2.067948818206787	1.2359641790390015	1.7356843948364258	1.0698307752609253	False	[0 1 1 0 0 1 0 0 1]	[0 0 0 0 0 1 0 0 0]	[0 0 0 0 0 1]	[0 0 0 0 0 0]
14	-1.0	5.8114728927612305	2.1128082275390625	1.2786636352539062	1.0864304304122925	1.3335704803466797	False	[0 1 1 0 0 0 0 0 1]	[0 0 0 0 0 1 0 0 0]	[0 0 0 0 0 1]	[0 0 0 0 0 0]
14	-1.0	5.6703901290893555	2.1048569679260254	1.2431080341339111	0.983434796333313	1.3389900922775269	False	[0 1 1 0 0 1 0 0 1]	[0 0 0 0 0 1 0 0 0]	[0 0 0 0 0 1]	[0 0 0 0 0 0]
14	-1.0	5.743765830993652	2.0954089164733887	1.2708959579467773	1.047052025794983	1.330409288406372	False	[0 1 1 0 0 0 0 0 1]	[0 0 0 0 0 1 0 0 0]	[0 0 0 0 0 1]	[0 0 0 0 0 0]
14	-1.0	5.478851318359375	2.1032614707946777	1.1991270780563354	0.9193673133850098	1.2570955753326416	False	[0 1 1 0 0 1 0 0 1]	[0 0 0 0 0 1 0 0 0]	[0 0 0 0 0 1]	[0 0 0 0 0 0]
14	-1.0	5.745771408081055	2.1087729930877686	1.2637747526168823	1.0896906852722168	1.2835330963134766	False	[0 1 1 0 0 0 0 0 1]	[0 0 0 0 0 1 0 0 0]	[0 0 0 0 0 1]	[0 0 0 0 0 0]
14	-1.0	5.456294059753418	2.08253812789917	1.190953254699707	0.9055497646331787	1.2772529125213623	False	[0 1 1 0 0 1 0 0 1]	[0 0 0 0 0 1 0 0 0]	[0 0 0 0 0 1]	[0 0 0 0 0 0]
14	-1.0	5.769876956939697	2.1237070560455322	1.2196720838546753	1.0904980897903442	1.3359999656677246	False	[0 1 1 0 0 0 0 0 1]	[0 0 0 0 0 1 0 0 0]	[0 0 0 0 0 1]	[0 0 0 0 0 0]
14	-1.0	5.619029998779297	2.1006858348846436	1.1550261974334717	0.9904508590698242	1.3728671073913574	False	[0 1 1 0 0 1 0 0 1]	[0 0 0 0 0 1 0 0 0]	[0 0 0 0 0 1]	[0 0 0 0 0 0]
14	-1.0	5.71282434463501	2.0965898036956787	1.2538682222366333	1.0733925104141235	1.2889738082885742	False	[0 1 1 0 0 0 0 0 1]	[0 0 0 0 0 1 0 0 0]	[0 0 0 0 0 1]	[0 0 0 0 0 0]
14	-1.0	5.661320686340332	2.102825164794922	1.3214614391326904	0.9600108861923218	1.2770233154296875	False	[0 1 1 0 0 1 0 0 1]	[0 0 0 0 0 1 0 0 0]	[0 0 0 0 0 1]	[0 0 0 0 0 0]
14	-1.0	5.657558917999268	2.1052937507629395	1.155887246131897	1.10074782371521	1.295629858970642	False	[0 1 1 0 0 0 0 0 1]	[0 0 0 0 0 1 0 0 0]	[0 0 0 0 0 1]	[0 0 0 0 0 0]
14	-1.0	5.754623889923096	2.1039669513702393	1.2588388919830322	1.0126698017120361	1.379148006439209	False	[0 1 1 0 0 1 0 0 1]	[0 0 0 0 0 1 0 0 0]	[0 0 0 0 0 1]	[0 0 0 0 0 0]
14	-1.0	5.659780502319336	2.0967273712158203	1.2851896286010742	1.0209625959396362	1.2569010257720947	False	[0 1 1 0 0 0 0 0 1]	[0 0 0 0 0 1 0 0 0]	[0 0 0 0 0 1]	[0 0 0 0 0 0]
14	-1.0	5.692107677459717	2.1018459796905518	1.3105053901672363	0.9861963987350464	1.2935600280761719	False	[0 1 1 0 0 1 0 0 1]	[0 0 0 0 0 1 0 0 0]	[0 0 0 0 0 1]	[0 0 0 0 0 0]
14	-1.0	5.626462936401367	2.094486951828003	1.2105638980865479	1.0315355062484741	1.2898766994476318	False	[0 1 1 0 0 0 0 0 1]	[0 0 0 0 0 1 0 0 0]	[0 0 0 0 0 1]	[0 0 0 0 0 0]
14	-1.0	5.4007463455200195	2.1094326972961426	1.194476842880249	0.878357470035553	1.218479037284851	False	[0 1 1 0 0 1 0 0 1]	[0 0 0 0 0 1 0 0 0]	[0 0 0 0 0 1]	[0 0 0 0 0 0]
