# num_workers = 7
# num_cells = 256
# seed_for_environment = 2718281
# lr = 0.0003
# max_grad_norm = 1.0
# eval_rollout_length = 30
# scaling_factor = 1000
# frames_per_batch = 500
# sub_batch_size = 64
# num_epochs = 15
# clip_epsilon = 0.2
# gamma = 0.99
# lmbda = 0.95
# entropy_eps = 0.003
# env_reward_engineering = True
# env_minimum_number_of_qubits = 8
# log_name = search_9_6_seed_2718281
# env_error_range = linear5
# env_version = qecc/bbcode-ldpc-v0
# env_bit_flipping = True
# env_l = 9
# env_m = 6
# env_use_dict_observation = True
# env_number_of_decoder_iterations = 50
# env_number_of_samples = 50
# env_code_logging = False
# model_architecture = hybrid
# model_surrogate_model_path = /vol/bitbucket/osella/rl-qecc-data//supervisedLearning/2026-07-12_20-18-32/surrogate_6x6.pth
# model_use_pretrained_encoder = True
# index_to_unfreeze_encoder_updates = 10
# encoder_lr_factor = 0.1
# training_device = cpu
# Resolved arguments:
# Resolved_env_reward_engineering = True
# Resolved_env_bit_flipping = True
# Resolved_env_useDictObservation = True
# Resolved_env_code_logging = False
# Resolved_env_error_range = [np.float64(0.0001), np.float64(0.025075), np.float64(0.05005), np.float64(0.075025), np.float64(0.1)]
# Resolved_model_use_pretrained_encoder = True
# Resolved_trainingDevice = cpu
# Resolved_model_architecture = hybrid
# Just for information, not used in actual run: SLURM CPUS queried from os environment: 96
# Number of workers: 7
# Does torch identify cuda: False
evaluation number	reward	policy entropy	policy entropy aX	policy entropy bX	policy entropy aY	policy entropy bY	Encoder freeze	postAction_aX	postAction_bX	postAction_aY	postAction_bY
0	-1.0	8.43636417388916	2.291750192642212	2.2910404205322266	1.9217681884765625	1.931805968284607	True	[0 0 0 0 0 1 0 0 0]	[0 0 0 0 0 0 0 0 0]	[0 0 0 1 0 0]	[0 0 0 1 0 0]
0	-1.0	8.448140144348145	2.2980332374572754	2.2859883308410645	1.9351896047592163	1.928929090499878	True	[0 0 0 0 0 0 0 0 0]	[0 0 0 0 0 0 0 0 0]	[0 0 1 1 0 0]	[0 0 0 1 0 0]
0	-1.0	8.45920181274414	2.2975387573242188	2.289132595062256	1.9392791986465454	1.9332516193389893	True	[0 0 0 0 0 1 0 0 0]	[0 0 0 0 0 0 0 0 0]	[0 0 0 1 0 0]	[0 0 0 1 0 0]
0	-1.0	8.44906234741211	2.298657178878784	2.2848103046417236	1.9346535205841064	1.9309415817260742	True	[0 0 0 0 0 0 0 0 0]	[0 0 0 0 0 0 0 0 0]	[0 0 1 1 0 0]	[0 0 0 1 0 0]
0	-1.0	8.453879356384277	2.2977256774902344	2.286909580230713	1.9370356798171997	1.932208776473999	True	[0 0 0 0 0 1 0 0 0]	[0 0 0 0 0 0 0 0 0]	[0 0 0 1 0 0]	[0 0 0 1 0 0]
0	-1.0	8.440918922424316	2.2976791858673096	2.282046318054199	1.932841181755066	1.9283521175384521	True	[0 0 0 0 0 0 0 0 0]	[0 0 0 0 0 0 0 0 0]	[0 0 1 1 0 0]	[0 0 0 1 0 0]
0	-1.0	8.455278396606445	2.297379493713379	2.2859246730804443	1.9387428760528564	1.933231234550476	True	[0 0 0 0 0 1 0 0 0]	[0 0 0 0 0 0 0 0 0]	[1 0 1 1 0 0]	[0 0 0 1 0 0]
0	-1.0	8.450218200683594	2.2956364154815674	2.2835044860839844	1.9374252557754517	1.9336525201797485	True	[0 0 0 0 0 1 0 0 1]	[0 0 0 0 0 0 0 0 0]	[1 0 0 1 0 0]	[0 0 0 1 0 0]
0	-1.0	8.451461791992188	2.296079397201538	2.2849597930908203	1.937298059463501	1.93312406539917	True	[0 0 0 0 0 0 0 0 1]	[0 0 0 0 0 0 0 0 0]	[1 0 1 1 0 0]	[0 0 0 1 0 0]
0	-1.0	8.457747459411621	2.2974328994750977	2.2839629650115967	1.9385905265808105	1.937760829925537	True	[0 0 0 0 0 1 0 0 1]	[0 0 0 0 0 0 0 0 0]	[1 0 0 1 0 0]	[0 0 0 1 0 0]
0	-1.0	8.447023391723633	2.297792673110962	2.2833328247070312	1.9351491928100586	1.9307492971420288	True	[0 0 0 0 0 0 0 0 1]	[0 0 0 0 0 0 0 0 0]	[1 0 1 1 0 0]	[0 0 0 1 0 0]
0	-1.0	8.4581298828125	2.29648756980896	2.286760091781616	1.93841552734375	1.936466932296753	True	[0 0 0 0 0 0 0 0 1]	[0 0 0 0 0 0 0 0 0]	[1 0 0 1 0 0]	[0 0 0 1 0 0]
0	-1.0	8.447245597839355	2.29768705368042	2.282419443130493	1.936312198638916	1.930827021598816	True	[0 0 0 0 0 1 0 0 1]	[0 0 0 0 0 0 0 0 0]	[1 0 1 1 0 0]	[0 0 0 1 0 0]
0	-1.0	8.454000473022461	2.2950849533081055	2.2848658561706543	1.9390525817871094	1.934997320175171	True	[0 0 0 0 0 0 0 0 1]	[0 0 0 0 0 0 0 0 0]	[1 0 0 1 0 0]	[0 0 0 1 0 0]
0	-1.0	8.453060150146484	2.296433687210083	2.2860047817230225	1.9377949237823486	1.9328266382217407	True	[0 0 0 0 0 1 0 0 1]	[0 0 0 0 0 0 0 0 0]	[1 0 1 1 0 0]	[0 0 0 1 0 0]
0	-1.0	8.455986022949219	2.295135259628296	2.2858285903930664	1.939325213432312	1.935697078704834	True	[0 0 0 0 0 0 0 0 1]	[0 0 0 0 0 0 0 0 0]	[1 0 0 1 0 0]	[0 0 0 1 0 0]
0	-1.0	8.458048820495605	2.2980499267578125	2.285410165786743	1.9385731220245361	1.9360164403915405	True	[0 0 0 0 0 1 0 0 1]	[0 0 0 0 0 0 0 0 0]	[1 0 1 1 0 0]	[0 0 0 1 0 0]
0	-1.0	8.456109046936035	2.296015501022339	2.2856149673461914	1.9389601945877075	1.935518503189087	True	[0 0 0 0 0 1 0 0 1]	[0 0 0 0 0 0 0 0 0]	[1 0 0 1 0 0]	[0 0 0 1 0 0]
0	-1.0	8.450845718383789	2.2981221675872803	2.282294750213623	1.9366686344146729	1.9337611198425293	True	[0 0 0 0 0 1 0 1 1]	[0 0 0 0 0 0 0 0 0]	[1 0 1 1 0 0]	[0 0 0 1 0 0]
0	-0.5	8.453460693359375	2.2922964096069336	2.2852115631103516	1.9399659633636475	1.9359865188598633	True	[0 0 0 0 0 1 0 1 1]	[0 0 0 0 0 0 0 0 0]	[1 0 0 1 0 0]	[0 0 0 0 0 0]
0	-1.0	8.447395324707031	2.2966296672821045	2.283958673477173	1.9392110109329224	1.9275963306427002	True	[0 0 0 0 0 1 0 1 0]	[0 0 0 0 0 0 0 0 0]	[1 0 1 1 0 0]	[0 0 0 0 1 0]
0	-1.0	8.44955062866211	2.2844526767730713	2.2877142429351807	1.9359246492385864	1.941458821296692	True	[0 0 0 0 0 1 0 1 1]	[0 0 0 0 0 0 0 0 0]	[1 1 1 1 0 0]	[0 0 0 1 1 0]
0	-1.0	8.443331718444824	2.287623643875122	2.2810795307159424	1.9362306594848633	1.9383975267410278	True	[0 0 0 0 0 1 0 1 1]	[0 0 0 0 0 0 0 0 0]	[1 0 1 1 0 0]	[1 0 0 1 1 0]
0	-1.0	8.436742782592773	2.283785820007324	2.282688856124878	1.9333820343017578	1.936886191368103	True	[0 0 0 0 0 1 0 1 1]	[0 0 0 0 0 0 0 0 0]	[1 1 1 1 0 0]	[1 0 1 1 1 0]
0	-1.0	8.45596694946289	2.2906265258789062	2.2826240062713623	1.9406682252883911	1.9420478343963623	True	[0 0 0 0 0 1 0 1 1]	[0 0 0 0 0 0 0 0 0]	[1 1 1 1 0 0]	[1 0 1 1 1 0]
0	-0.75	8.456215858459473	2.290520668029785	2.284291982650757	1.9398502111434937	1.9415522813796997	True	[0 0 0 0 0 1 0 1 1]	[0 0 0 0 0 0 0 0 0]	[1 0 1 1 0 0]	[1 0 1 1 1 0]
0	-0.5	8.452899932861328	2.286311626434326	2.2848782539367676	1.9416756629943848	1.940034031867981	True	[0 0 0 0 0 1 0 1 1]	[0 0 0 0 0 0 0 0 0]	[1 1 1 1 0 0]	[0 0 1 1 1 0]
0	-0.75	8.452665328979492	2.2879951000213623	2.282580852508545	1.9441455602645874	1.937943935394287	True	[0 0 0 0 0 1 0 1 1]	[0 0 0 0 0 0 0 0 0]	[1 0 1 1 0 0]	[1 0 1 1 1 0]
0	-1.0	8.456917762756348	2.2894721031188965	2.2860822677612305	1.9416909217834473	1.939672827720642	True	[0 0 0 0 0 1 0 1 1]	[0 0 0 0 0 0 0 0 0]	[1 1 1 1 0 0]	[1 0 1 1 1 0]
0	-1.0	8.454986572265625	2.2896692752838135	2.283782958984375	1.9401321411132812	1.9414019584655762	True	[0 0 0 0 0 1 0 1 1]	[0 0 0 0 0 0 0 0 0]	[1 1 1 1 0 0]	[1 0 1 1 1 0]
