# num_workers = 8
# num_cells = 256
# seed_for_environment = 478
# lr = 0.0003
# max_grad_norm = 1.0
# eval_rollout_length = 30
# scaling_factor = 1000
# frames_per_batch = 500
# sub_batch_size = 64
# num_epochs = 15
# clip_epsilon = 0.2
# gamma = 0.99
# lmbda = 0.95
# entropy_eps = 0.5
# env_reward_engineering = True
# env_minimum_number_of_qubits = 1
# log_name = None
# env_error_range = dataCollection
# env_version = qecc/bbcode-ldpc-v0
# env_bit_flipping = True
# env_l = 12
# env_m = 6
# env_use_dict_observation = True
# env_number_of_decoder_iterations = 50
# env_number_of_samples = 50
# env_code_logging = True
# model_architecture = hybrid
# model_surrogate_model_path = /rds/general/user/osella/home/rl-qecc-data//supervisedLearning/2026-07-12_20-18-32/surrogate_6x6.pth
# model_use_pretrained_encoder = False
# index_to_unfreeze_encoder_updates = 20
# encoder_lr_factor = 0.1
# training_device = cpu
# Resolved arguments:
# Resolved_env_reward_engineering = True
# Resolved_env_reward_integral = Between prob. of no error and curve.
# Resolved_env_bit_flipping = True
# Resolved_env_useDictObservation = True
# Resolved_env_code_logging = True
# Resolved_env_error_range = [np.float64(0.0001), np.float64(0.000215), np.float64(0.000464), np.float64(0.001), np.float64(0.002154), np.float64(0.003162), np.float64(0.004642), np.float64(0.01), np.float64(0.021544), np.float64(0.025075), np.float64(0.031623), np.float64(0.046416), np.float64(0.05005), np.float64(0.075025), np.float64(0.1)]
# Resolved_model_use_pretrained_encoder = False
# Resolved_trainingDevice = cpu
# Resolved_model_architecture = hybrid
# Number of workers: 8
# Does torch identify cuda: False
# encoder ***RANDOM WEIGHTS***
evaluation number	reward	policy entropy	policy entropy aX	policy entropy bX	policy entropy aY	policy entropy bY	Encoder freeze	postAction_aX	postAction_bX	postAction_aY	postAction_bY
0	0.3764938712120056	8.968753814697266	2.552666425704956	2.5464999675750732	1.9404178857803345	1.9291701316833496	True	[0 0 0 0 0 0 0 0 0 1 0 0]	[0 0 0 0 0 1 0 0 0 0 0 0]	[0 0 0 0 1 0]	[0 0 1 0 0 0]
0	0.2638837397098541	8.985086441040039	2.5552077293395996	2.554434299468994	1.9379785060882568	1.9374654293060303	True	[0 0 0 0 0 0 0 0 1 1 0 0]	[0 0 0 0 0 1 0 0 0 1 0 0]	[0 0 0 0 0 0]	[0 0 0 0 0 0]
0	0.3474084436893463	8.982234954833984	2.5547516345977783	2.552391529083252	1.939285159111023	1.935806155204773	True	[0 0 0 0 0 0 0 0 1 0 0 0]	[0 0 0 0 0 0 0 0 0 1 0 0]	[0 0 0 0 1 0]	[0 0 1 0 0 0]
0	-1.0	8.984594345092773	2.5553600788116455	2.5541088581085205	1.9377667903900146	1.9373588562011719	True	[0 0 0 0 0 0 0 0 0 0 0 0]	[0 0 0 0 0 0 0 0 0 0 0 0]	[0 0 0 0 0 0]	[0 0 0 0 0 0]
0	0.3734225928783417	8.968299865722656	2.5526719093322754	2.5463385581970215	1.9403032064437866	1.9289860725402832	True	[0 0 0 0 0 0 0 0 0 1 0 0]	[0 0 0 0 0 1 0 0 0 0 0 0]	[0 0 0 0 1 0]	[0 0 1 0 0 0]
0	0.2662404775619507	8.9840669631958	2.555349588394165	2.5540473461151123	1.9378132820129395	1.9368566274642944	True	[0 0 0 0 0 0 0 0 1 1 0 0]	[0 0 0 0 0 1 0 0 0 1 0 0]	[0 0 0 0 0 0]	[0 0 0 0 0 0]
0	0.32467421889305115	8.981669425964355	2.554652214050293	2.552431106567383	1.9392319917678833	1.935354471206665	True	[0 0 0 0 0 0 0 0 1 0 0 0]	[0 0 0 0 0 0 0 0 0 1 0 0]	[0 0 0 0 1 0]	[0 0 1 0 0 0]
0	-1.0	8.984663963317871	2.554957389831543	2.5542104244232178	1.9382820129394531	1.9372140169143677	True	[0 0 0 0 0 0 0 0 0 0 0 0]	[0 0 0 0 0 0 0 0 0 0 0 0]	[0 0 0 0 0 0]	[0 0 0 0 0 0]
0	0.3961598873138428	8.968533515930176	2.5528132915496826	2.5463945865631104	1.9403231143951416	1.9290024042129517	True	[0 0 0 0 0 0 0 0 0 1 0 0]	[0 0 0 0 0 1 0 0 0 0 0 0]	[0 0 0 0 1 0]	[0 0 1 0 0 0]
0	0.2363380640745163	8.9842529296875	2.5550644397735596	2.5540945529937744	1.9378373622894287	1.937256932258606	True	[0 0 0 0 0 0 0 0 1 1 0 0]	[0 0 0 0 0 1 0 0 0 1 0 0]	[0 0 0 0 0 0]	[0 0 0 0 0 0]
0	0.1739996075630188	8.981849670410156	2.55462646484375	2.5523409843444824	1.9393315315246582	1.9355509281158447	True	[0 0 0 0 0 0 0 0 0 1 0 0]	[0 0 0 0 0 0 0 0 0 1 0 0]	[0 0 0 0 1 0]	[0 0 1 0 0 0]
0	0.2604471445083618	8.9811429977417	2.5547614097595215	2.5523526668548584	1.9390243291854858	1.9350050687789917	True	[0 0 0 0 0 0 0 0 1 1 0 0]	[0 0 0 0 0 1 0 0 0 1 0 0]	[0 0 0 0 0 0]	[0 0 0 0 0 0]
0	0.3171778917312622	8.981855392456055	2.5547518730163574	2.552672863006592	1.9392110109329224	1.9352197647094727	True	[0 0 0 0 0 0 0 0 1 0 0 0]	[0 0 0 0 0 0 0 0 0 1 0 0]	[0 0 0 0 1 0]	[0 0 1 0 0 0]
0	-1.0	8.983546257019043	2.555037021636963	2.5538723468780518	1.9374033212661743	1.9372334480285645	True	[0 0 0 0 0 0 0 0 0 0 0 0]	[0 0 0 0 0 0 0 0 0 0 0 0]	[0 0 0 0 0 0]	[0 0 0 0 0 0]
0	0.3680063486099243	8.969133377075195	2.5526463985443115	2.546558380126953	1.94059419631958	1.9293341636657715	True	[0 0 0 0 0 0 0 0 0 1 0 0]	[0 0 0 0 0 1 0 0 0 0 0 0]	[0 0 0 0 1 0]	[0 0 1 0 0 0]
0	0.24548524618148804	8.984009742736816	2.5552220344543457	2.554047107696533	1.9376671314239502	1.9370739459991455	True	[0 0 0 0 0 0 0 0 1 1 0 0]	[0 0 0 0 0 1 0 0 0 1 0 0]	[0 0 0 0 0 0]	[0 0 0 0 0 0]
0	0.20853470265865326	8.981790542602539	2.5548229217529297	2.5525054931640625	1.938946008682251	1.935516595840454	True	[0 0 0 0 0 0 0 0 0 1 0 0]	[0 0 0 0 0 0 0 0 0 1 0 0]	[0 0 0 0 1 0]	[0 0 1 0 0 0]
0	0.24444769322872162	8.981496810913086	2.5543930530548096	2.5523526668548584	1.9390941858291626	1.9356569051742554	True	[0 0 0 0 0 0 0 0 1 1 0 0]	[0 0 0 0 0 1 0 0 0 1 0 0]	[0 0 0 0 0 0]	[0 0 0 0 0 0]
0	0.37292590737342834	8.981856346130371	2.5547878742218018	2.552231788635254	1.939200520515442	1.9356365203857422	True	[0 0 0 0 0 0 0 0 0 1 0 0]	[0 0 0 0 0 1 0 0 0 0 0 0]	[0 0 0 0 1 0]	[0 0 1 0 0 0]
0	0.27455878257751465	8.983808517456055	2.5551505088806152	2.5539751052856445	1.937576413154602	1.9371063709259033	True	[0 0 0 0 0 0 0 0 1 1 0 0]	[0 0 0 0 0 1 0 0 0 1 0 0]	[0 0 0 0 0 0]	[0 0 0 0 0 0]
0	0.31486043334007263	8.983102798461914	2.555025339126587	2.5528030395507812	1.9394959211349487	1.9357788562774658	True	[0 0 0 0 0 0 0 0 1 0 0 0]	[0 0 0 0 0 0 0 0 0 1 0 0]	[0 0 0 0 1 0]	[0 0 1 0 0 0]
0	-1.0	8.984170913696289	2.555262327194214	2.553921699523926	1.9379667043685913	1.9370193481445312	True	[0 0 0 0 0 0 0 0 0 0 0 0]	[0 0 0 0 0 0 0 0 0 0 0 0]	[0 0 0 0 0 0]	[0 0 0 0 0 0]
0	0.3603858947753906	8.96737289428711	2.5526342391967773	2.5462989807128906	1.940230369567871	1.928208827972412	True	[0 0 0 0 0 0 0 0 0 1 0 0]	[0 0 0 0 0 1 0 0 0 0 0 0]	[0 0 0 0 1 0]	[0 0 1 0 0 0]
0	0.2536269426345825	8.985092163085938	2.5554466247558594	2.554274320602417	1.9381103515625	1.9372611045837402	True	[0 0 0 0 0 0 0 0 1 1 0 0]	[0 0 0 0 0 1 0 0 0 1 0 0]	[0 0 0 0 0 0]	[0 0 0 0 0 0]
0	0.3307085633277893	8.982680320739746	2.5547468662261963	2.55271315574646	1.939475655555725	1.9357445240020752	True	[0 0 0 0 0 0 0 0 1 0 0 0]	[0 0 0 0 0 1 0 0 0 0 0 0]	[0 0 0 0 1 0]	[0 0 1 0 0 0]
0	-0.5	8.98373031616211	2.5548758506774902	2.5540127754211426	1.9380749464035034	1.9367661476135254	True	[0 0 0 0 0 0 0 0 0 0 0 0]	[0 0 0 0 0 1 0 0 0 1 0 0]	[0 0 0 0 0 0]	[0 0 0 0 0 0]
0	0.1974436193704605	8.975648880004883	2.553837776184082	2.5494227409362793	1.9401098489761353	1.932279109954834	True	[0 0 0 0 0 0 0 0 0 1 0 0]	[0 0 0 0 0 0 0 0 0 1 0 0]	[0 0 0 0 1 0]	[0 0 1 0 0 0]
0	-0.5	8.981761932373047	2.5548293590545654	2.552299976348877	1.9391815662384033	1.9354519844055176	True	[0 0 0 0 0 0 0 0 0 0 0 0]	[0 0 0 0 0 1 0 0 0 1 0 0]	[0 0 0 0 0 0]	[0 0 0 0 0 0]
0	0.192186638712883	8.975394248962402	2.5539040565490723	2.549518585205078	1.9400663375854492	1.9319052696228027	True	[0 0 0 0 0 0 0 0 0 1 0 0]	[0 0 0 0 0 0 0 0 0 1 0 0]	[0 0 0 0 1 0]	[0 0 1 0 0 0]
0	0.23750747740268707	8.981805801391602	2.554638147354126	2.552628517150879	1.9389750957489014	1.9355642795562744	True	[0 0 0 0 0 0 0 0 1 1 0 0]	[0 0 0 0 0 1 0 0 0 1 0 0]	[0 0 0 0 0 0]	[0 0 0 0 0 0]
1	0.3981834948062897	8.800106048583984	2.518937587738037	2.5051355361938477	1.8819169998168945	1.8941154479980469	True	[0 0 0 0 0 0 0 1 0 0 0 0]	[0 0 0 0 0 1 0 0 0 0 0 0]	[0 0 0 1 0 0]	[0 1 0 0 0 0]
1	-0.5	8.964642524719238	2.554037094116211	2.555820941925049	1.9231984615325928	1.9315862655639648	True	[0 0 0 0 0 0 0 1 0 1 0 0]	[0 0 0 0 0 0 0 0 0 0 0 0]	[0 1 0 1 0 0]	[0 0 0 0 0 0]
1	0.40746036171913147	8.91915512084961	2.5461604595184326	2.542616844177246	1.9088635444641113	1.921513557434082	True	[0 0 0 0 0 0 0 0 0 1 0 0]	[0 0 0 0 0 1 0 0 0 0 0 0]	[0 1 0 0 0 0]	[0 1 0 0 0 0]
1	-1.0	8.964154243469238	2.5540928840637207	2.555957555770874	1.9224317073822021	1.9316719770431519	True	[0 0 0 0 0 0 0 0 0 0 0 0]	[0 0 0 0 0 0 0 0 0 0 0 0]	[0 0 0 0 0 0]	[0 0 0 0 0 0]
1	0.35977885127067566	8.800448417663574	2.5195541381835938	2.5046048164367676	1.881250262260437	1.8950392007827759	True	[0 0 0 0 0 0 0 1 0 0 0 0]	[0 0 0 0 0 1 0 0 0 0 0 0]	[0 0 0 1 0 0]	[0 1 0 0 0 0]
1	-0.5	8.962432861328125	2.553874969482422	2.555593967437744	1.9218982458114624	1.9310654401779175	True	[0 0 0 0 0 0 0 1 0 1 0 0]	[0 0 0 0 0 0 0 0 0 0 0 0]	[0 1 0 1 0 0]	[0 0 0 0 0 0]
1	0.37466534972190857	8.919415473937988	2.5466794967651367	2.5427238941192627	1.9083603620529175	1.92165207862854	True	[0 0 0 0 0 0 0 0 0 1 0 0]	[0 0 0 0 0 1 0 0 0 0 0 0]	[0 1 0 0 0 0]	[0 1 0 0 0 0]
1	-1.0	8.96388053894043	2.5539309978485107	2.5556468963623047	1.9227759838104248	1.9315266609191895	True	[0 0 0 0 0 0 0 0 0 0 0 0]	[0 0 0 0 0 0 0 0 0 0 0 0]	[0 0 0 0 0 0]	[0 0 0 0 0 0]
1	0.3848755359649658	8.800122261047363	2.5190815925598145	2.5050506591796875	1.881421685218811	1.8945683240890503	True	[0 0 0 0 0 0 0 1 0 0 0 0]	[0 0 0 0 0 1 0 0 0 0 0 0]	[0 0 0 1 0 0]	[0 1 0 0 0 0]
1	-0.5	8.965303421020508	2.5539700984954834	2.5560433864593506	1.923423171043396	1.931867003440857	True	[0 0 0 0 0 0 0 1 0 1 0 0]	[0 0 0 0 0 0 0 0 0 0 0 0]	[0 1 0 1 0 0]	[0 0 0 0 0 0]
1	0.38723915815353394	8.920400619506836	2.546668767929077	2.5432050228118896	1.9089677333831787	1.9215593338012695	True	[0 0 0 0 0 0 0 0 0 1 0 0]	[0 0 0 0 0 1 0 0 0 0 0 0]	[0 1 0 0 0 0]	[0 1 0 0 0 0]
1	-1.0	8.965655326843262	2.554232597351074	2.5563578605651855	1.9231898784637451	1.931875228881836	True	[0 0 0 0 0 0 0 0 0 0 0 0]	[0 0 0 0 0 0 0 0 0 0 0 0]	[0 0 0 0 0 0]	[0 0 0 0 0 0]
1	0.3820579946041107	8.799234390258789	2.5188403129577637	2.504183292388916	1.8818812370300293	1.894329309463501	True	[0 0 0 0 0 0 0 1 0 0 0 0]	[0 0 0 0 0 1 0 0 0 0 0 0]	[0 0 0 1 0 0]	[0 1 0 0 0 0]
1	-0.5	8.964475631713867	2.5538883209228516	2.5559000968933105	1.9230892658233643	1.9315979480743408	True	[0 0 0 0 0 0 0 1 0 1 0 0]	[0 0 0 0 0 0 0 0 0 0 0 0]	[0 1 0 1 0 0]	[0 0 0 0 0 0]
1	0.3733903765678406	8.922080039978027	2.5470311641693115	2.5438103675842285	1.9095590114593506	1.9216797351837158	True	[0 0 0 0 0 0 0 0 0 1 0 0]	[0 0 0 0 0 1 0 0 0 0 0 0]	[0 1 0 0 0 0]	[0 1 0 0 0 0]
1	-1.0	8.964635848999023	2.554274082183838	2.555903673171997	1.9228415489196777	1.9316158294677734	True	[0 0 0 0 0 0 0 0 0 0 0 0]	[0 0 0 0 0 0 0 0 0 0 0 0]	[0 0 0 0 0 0]	[0 0 0 0 0 0]
1	0.3747774064540863	8.800813674926758	2.5187814235687256	2.50537109375	1.8818835020065308	1.8947769403457642	True	[0 0 0 0 0 0 0 1 0 0 0 0]	[0 0 0 0 0 1 0 0 0 0 0 0]	[0 0 0 1 0 0]	[0 1 0 0 0 0]
1	-0.5	8.964540481567383	2.554352283477783	2.5556228160858154	1.9228997230529785	1.9316658973693848	True	[0 0 0 0 0 0 0 1 0 1 0 0]	[0 0 0 0 0 0 0 0 0 0 0 0]	[0 1 0 1 0 0]	[0 0 0 0 0 0]
1	0.3648334741592407	8.919313430786133	2.546363115310669	2.543069362640381	1.9088243246078491	1.921055793762207	True	[0 0 0 0 0 0 0 0 0 1 0 0]	[0 0 0 0 0 1 0 0 0 0 0 0]	[0 1 0 0 0 0]	[0 1 0 0 0 0]
1	-1.0	8.962662696838379	2.5539867877960205	2.555758476257324	1.9218659400939941	1.9310519695281982	True	[0 0 0 0 0 0 0 0 0 0 0 0]	[0 0 0 0 0 0 0 0 0 0 0 0]	[0 0 0 0 0 0]	[0 0 0 0 0 0]
1	0.37455853819847107	8.800607681274414	2.5194356441497803	2.504897356033325	1.8817094564437866	1.8945647478103638	True	[0 0 0 0 0 0 0 1 0 0 0 0]	[0 0 0 0 0 1 0 0 0 0 0 0]	[0 0 0 1 0 0]	[0 1 0 0 0 0]
1	-0.5	8.964523315429688	2.5541605949401855	2.555786371231079	1.9228379726409912	1.9317376613616943	True	[0 0 0 0 0 0 0 1 0 1 0 0]	[0 0 0 0 0 0 0 0 0 0 0 0]	[0 1 0 1 0 0]	[0 0 0 0 0 0]
1	0.39672961831092834	8.91917896270752	2.5462493896484375	2.542775869369507	1.9087510108947754	1.9214022159576416	True	[0 0 0 0 0 0 0 1 0 0 0 0]	[0 0 0 0 0 1 0 0 0 0 0 0]	[0 1 0 0 0 0]	[0 1 0 0 0 0]
1	-0.5	8.964792251586914	2.5542263984680176	2.5561258792877197	1.922789216041565	1.9316508769989014	True	[0 0 0 0 0 0 0 1 0 1 0 0]	[0 0 0 0 0 0 0 0 0 0 0 0]	[0 0 0 0 0 0]	[0 0 0 0 0 0]
1	0.19192172586917877	8.900577545166016	2.542656183242798	2.537186861038208	1.9035744667053223	1.9171600341796875	True	[0 0 0 0 0 0 0 0 0 1 0 0]	[0 0 0 0 0 1 0 0 0 0 0 0]	[0 0 0 1 0 0]	[0 1 0 0 0 0]
1	-1.0	8.928853034973145	2.5482709407806396	2.5455751419067383	1.9113214015960693	1.923685073852539	True	[0 0 0 0 0 0 0 0 0 0 0 0]	[0 0 0 0 0 0 0 0 0 0 0 0]	[0 0 0 0 0 0]	[0 0 0 0 0 0]
1	0.39005279541015625	8.798166275024414	2.518322229385376	2.504530191421509	1.8809359073638916	1.8943779468536377	True	[0 0 0 0 0 0 0 1 0 0 0 0]	[0 0 0 0 0 1 0 0 0 0 0 0]	[0 0 0 1 0 0]	[0 1 0 0 0 0]
1	-0.5	8.963281631469727	2.5541112422943115	2.555605411529541	1.9222397804260254	1.9313249588012695	True	[0 0 0 0 0 0 0 1 0 1 0 0]	[0 0 0 0 0 0 0 0 0 0 0 0]	[0 1 0 1 0 0]	[0 0 0 0 0 0]
1	0.38305312395095825	8.918462753295898	2.545945405960083	2.542555809020996	1.908616304397583	1.921345829963684	True	[0 0 0 0 0 0 0 0 0 1 0 0]	[0 0 0 0 0 1 0 0 0 0 0 0]	[0 1 0 0 0 0]	[0 1 0 0 0 0]
1	-1.0	8.96338176727295	2.5539584159851074	2.555741786956787	1.922461986541748	1.9312193393707275	True	[0 0 0 0 0 0 0 0 0 0 0 0]	[0 0 0 0 0 0 0 0 0 0 0 0]	[0 0 0 0 0 0]	[0 0 0 0 0 0]
2	0.40289589762687683	8.84938907623291	2.5262210369110107	2.5304877758026123	1.8980520963668823	1.8946278095245361	False	[0 0 0 0 0 0 0 1 0 0 0 0]	[0 0 0 0 0 0 0 1 0 0 0 0]	[0 1 0 0 0 0]	[0 0 0 0 0 1]
2	-0.5	8.952012062072754	2.549717903137207	2.551389694213867	1.923965334892273	1.9269390106201172	False	[0 0 0 0 0 0 0 0 0 0 0 0]	[0 1 0 0 0 0 0 1 0 0 0 0]	[0 0 0 0 0 0]	[0 0 0 0 0 0]
2	0.5471388101577759	8.872028350830078	2.5320143699645996	2.535637378692627	1.9033454656600952	1.9010308980941772	False	[0 0 0 0 0 0 0 1 0 0 0 0]	[0 1 0 0 0 0 0 0 0 0 0 0]	[0 0 0 0 1 0]	[0 0 0 0 0 1]
2	0.03333238512277603	8.963898658752441	2.5522971153259277	2.553436517715454	1.9274203777313232	1.9307438135147095	False	[0 0 0 0 0 0 0 0 0 0 0 0]	[0 0 0 0 0 0 0 0 0 0 0 0]	[0 1 0 0 1 0]	[0 0 0 0 1 1]
2	0.031431395560503006	8.907891273498535	2.5398662090301514	2.54280686378479	1.912656545639038	1.9125615358352661	False	[0 0 0 0 0 0 0 1 0 0 0 0]	[0 0 0 0 0 0 0 1 0 0 0 0]	[0 0 0 0 1 0]	[0 0 0 0 1 0]
2	0.04223787039518356	8.926188468933105	2.544247627258301	2.546721935272217	1.9168062210083008	1.9184129238128662	False	[0 0 0 0 0 0 0 0 0 0 0 0]	[0 0 0 0 0 0 0 0 0 0 0 0]	[0 1 0 0 1 0]	[0 0 0 0 1 1]
2	0.029024731367826462	8.90596866607666	2.5395874977111816	2.5426077842712402	1.9117896556854248	1.9119832515716553	False	[0 0 0 0 0 0 0 1 0 0 0 0]	[0 0 0 0 0 0 0 1 0 0 0 0]	[0 0 0 0 1 0]	[0 0 0 0 1 0]
2	0.0492197647690773	8.926607131958008	2.5441694259643555	2.5466432571411133	1.9174418449401855	1.9183526039123535	False	[0 0 0 0 0 0 0 0 0 0 0 0]	[0 0 0 0 0 0 0 0 0 0 0 0]	[0 1 0 0 1 0]	[0 0 0 0 1 1]
2	0.028090398758649826	8.907751083374023	2.5396878719329834	2.542895555496216	1.9125159978866577	1.912651777267456	False	[0 0 0 0 0 0 0 1 0 0 0 0]	[0 0 0 0 0 0 0 1 0 0 0 0]	[0 0 0 0 1 0]	[0 0 0 0 1 0]
2	0.04863777011632919	8.926460266113281	2.543985366821289	2.546701192855835	1.9174885749816895	1.9182851314544678	False	[0 0 0 0 0 0 0 0 0 0 0 0]	[0 0 0 0 0 0 0 0 0 0 0 0]	[0 1 0 0 1 0]	[0 0 0 0 1 1]
2	0.0335613451898098	8.90723705291748	2.539773941040039	2.542731523513794	1.9124035835266113	1.9123284816741943	False	[0 0 0 0 0 0 0 1 0 0 0 0]	[0 0 0 0 0 0 0 1 0 0 0 0]	[0 0 0 0 1 0]	[0 0 0 0 1 0]
2	0.04393067955970764	8.92596435546875	2.544090986251831	2.546471118927002	1.917066216468811	1.9183366298675537	False	[0 0 0 0 0 0 0 0 0 0 0 0]	[0 0 0 0 0 0 0 0 0 0 0 0]	[0 1 0 0 1 0]	[0 0 0 0 1 1]
2	0.02571277879178524	8.906883239746094	2.540088653564453	2.54287052154541	1.911839246749878	1.9120845794677734	False	[0 0 0 0 0 0 0 1 0 0 0 0]	[0 0 0 0 0 0 0 1 0 0 0 0]	[0 0 0 0 1 0]	[0 0 0 0 1 0]
2	0.048440199345350266	8.926161766052246	2.5442087650299072	2.5466222763061523	1.916947603225708	1.918383240699768	False	[0 0 0 0 0 0 0 0 0 0 0 0]	[0 0 0 0 0 0 0 0 0 0 0 0]	[0 1 0 0 1 0]	[0 0 0 0 1 1]
2	0.023897238075733185	8.905665397644043	2.539550304412842	2.542447566986084	1.911731481552124	1.9119356870651245	False	[0 0 0 0 0 0 0 1 0 0 0 0]	[0 0 0 0 0 0 0 1 0 0 0 0]	[0 0 0 0 1 0]	[0 0 0 0 1 0]
2	0.03218375891447067	8.925856590270996	2.5438952445983887	2.546581745147705	1.917222499847412	1.9181571006774902	False	[0 0 0 0 0 0 0 0 0 0 0 0]	[0 0 0 0 0 0 0 0 0 0 0 0]	[0 1 0 0 1 0]	[0 0 0 0 1 1]
2	0.02910926751792431	8.907212257385254	2.5398473739624023	2.5428733825683594	1.9120659828186035	1.91242516040802	False	[0 0 0 0 0 0 0 1 0 0 0 0]	[0 0 0 0 0 0 0 1 0 0 0 0]	[0 0 0 0 1 0]	[0 0 0 0 1 0]
2	0.04424980655312538	8.925905227661133	2.5441315174102783	2.5465707778930664	1.9170238971710205	1.9181797504425049	False	[0 0 0 0 0 0 0 0 0 0 0 0]	[0 0 0 0 0 0 0 0 0 0 0 0]	[0 1 0 0 1 0]	[0 0 0 0 1 1]
2	0.03544893115758896	8.906519889831543	2.539757251739502	2.542600631713867	1.9118497371673584	1.9123128652572632	False	[0 0 0 0 0 0 0 1 0 0 0 0]	[0 0 0 0 0 0 0 1 0 0 0 0]	[0 0 0 0 1 0]	[0 0 0 0 1 0]
2	0.038266345858573914	8.926284790039062	2.5440468788146973	2.5462536811828613	1.917258858680725	1.9187259674072266	False	[0 0 0 0 0 0 0 0 0 0 0 0]	[0 0 0 0 0 0 0 0 0 0 0 0]	[0 1 0 0 1 0]	[0 0 0 0 1 1]
2	0.03589183837175369	8.906654357910156	2.53951096534729	2.5427160263061523	1.9125421047210693	1.9118847846984863	False	[0 0 0 0 0 0 0 1 0 0 0 0]	[0 0 0 0 0 0 0 1 0 0 0 0]	[0 0 0 0 1 0]	[0 0 0 0 1 0]
2	0.047209616750478745	8.925384521484375	2.5441043376922607	2.546552896499634	1.9168931245803833	1.917834758758545	False	[0 0 0 0 0 0 0 0 0 0 0 0]	[0 0 0 0 0 0 0 0 0 0 0 0]	[0 1 0 0 1 0]	[0 0 0 0 1 1]
2	0.022282041609287262	8.906045913696289	2.5396573543548584	2.542665481567383	1.911943793296814	1.9117794036865234	False	[0 0 0 0 0 0 0 1 0 0 0 0]	[0 0 0 0 0 0 0 1 0 0 0 0]	[0 0 0 0 1 0]	[0 0 0 0 1 0]
2	0.038935672491788864	8.92601203918457	2.544011354446411	2.5465335845947266	1.916947364807129	1.9185194969177246	False	[0 0 0 0 0 0 0 0 0 0 0 0]	[0 0 0 0 0 0 0 0 0 0 0 0]	[0 1 0 0 1 0]	[0 0 0 0 1 1]
2	0.029191147536039352	8.907114028930664	2.539940357208252	2.542884349822998	1.9119338989257812	1.9123549461364746	False	[0 0 0 0 0 0 0 1 0 0 0 0]	[0 0 0 0 0 0 0 1 0 0 0 0]	[0 0 0 0 1 0]	[0 0 0 0 1 0]
2	0.05442085862159729	8.926379203796387	2.544243097305298	2.546395778656006	1.9171230792999268	1.9186174869537354	False	[0 0 0 0 0 0 0 0 0 0 0 0]	[0 0 0 0 0 0 0 0 0 0 0 0]	[0 1 0 0 1 0]	[0 0 0 0 1 1]
2	0.024909161031246185	8.90635871887207	2.5394318103790283	2.542708158493042	1.911940574645996	1.9122778177261353	False	[0 0 0 0 0 0 0 1 0 0 0 0]	[0 0 0 0 0 0 0 1 0 0 0 0]	[0 0 0 0 1 0]	[0 0 0 0 1 0]
2	0.037198346108198166	8.9262113571167	2.544063091278076	2.5464775562286377	1.9172825813293457	1.918387532234192	False	[0 0 0 0 0 0 0 0 0 0 0 0]	[0 0 0 0 0 0 0 0 0 0 0 0]	[0 1 0 0 1 0]	[0 0 0 0 1 1]
2	0.02705294080078602	8.907264709472656	2.540015697479248	2.542846202850342	1.912259817123413	1.912142276763916	False	[0 0 0 0 0 0 0 1 0 0 0 0]	[0 0 0 0 0 0 0 1 0 0 0 0]	[0 0 0 0 1 0]	[0 0 0 0 1 0]
2	0.04819481074810028	8.92614459991455	2.544116497039795	2.546370267868042	1.917056918144226	1.9186010360717773	False	[0 0 0 0 0 0 0 0 0 0 0 0]	[0 0 0 0 0 0 0 0 0 0 0 0]	[0 1 0 0 1 0]	[0 0 0 0 1 1]
3	0.5139815807342529	8.776976585388184	2.5183610916137695	2.5241711139678955	1.872668743133545	1.861775517463684	False	[0 0 0 0 0 0 0 0 1 0 0 0]	[0 0 0 0 0 0 0 1 0 0 0 0]	[0 0 0 1 0 0]	[0 0 0 0 1 0]
3	0.06288056075572968	8.932188034057617	2.5504777431488037	2.550943613052368	1.9180817604064941	1.9126853942871094	False	[0 0 0 0 0 0 0 0 0 0 0 0]	[0 0 0 0 0 0 0 1 0 1 0 0]	[1 0 0 1 0 0]	[0 0 0 0 0 0]
3	0.2992522120475769	8.880718231201172	2.540632963180542	2.54274582862854	1.9023836851119995	1.8949559926986694	False	[0 0 0 0 0 0 0 0 1 0 0 0]	[0 0 0 0 0 0 0 1 0 0 0 0]	[1 0 0 0 0 0]	[0 0 0 0 1 0]
3	0.4610895812511444	8.914381980895996	2.5472257137298584	2.5483429431915283	1.9126381874084473	1.9061752557754517	False	[0 0 0 0 0 0 0 0 0 0 0 0]	[0 0 0 0 0 0 0 1 0 1 0 0]	[1 1 0 0 0 0]	[0 0 0 0 0 0]
3	0.31619367003440857	8.915765762329102	2.547503709793091	2.5485081672668457	1.912726640701294	1.907027006149292	False	[0 0 0 0 0 0 0 0 1 0 0 0]	[0 0 0 0 0 0 0 1 0 0 0 0]	[1 0 0 0 0 0]	[0 0 0 0 1 0]
3	0.43883609771728516	8.915369987487793	2.5474038124084473	2.548412799835205	1.91270112991333	1.9068522453308105	False	[0 0 0 0 0 0 0 0 0 0 0 0]	[0 0 0 0 0 0 0 1 0 1 0 0]	[1 1 0 0 0 0]	[0 0 0 0 0 0]
3	0.35070356726646423	8.915410995483398	2.547356128692627	2.548300266265869	1.9130079746246338	1.9067469835281372	False	[0 0 0 0 0 0 0 0 1 0 0 0]	[0 0 0 0 0 0 0 1 0 0 0 0]	[1 0 0 0 0 0]	[0 0 0 0 1 0]
3	0.4736131727695465	8.914239883422852	2.5471062660217285	2.5481395721435547	1.9124915599822998	1.9065029621124268	False	[0 0 0 0 0 0 0 0 0 0 0 0]	[0 0 0 0 0 0 0 1 0 1 0 0]	[1 1 0 0 0 0]	[0 0 0 0 0 0]
3	0.3343692719936371	8.914222717285156	2.5470619201660156	2.548158884048462	1.9124964475631714	1.9065051078796387	False	[0 0 0 0 0 0 0 0 1 0 0 0]	[0 0 0 0 0 0 0 1 0 0 0 0]	[1 0 0 0 0 0]	[0 0 0 0 1 0]
3	0.49110743403434753	8.91504192352295	2.5472140312194824	2.5485262870788574	1.9127358198165894	1.906565546989441	False	[0 0 0 0 0 0 0 0 0 0 0 0]	[0 0 0 0 0 0 0 1 0 1 0 0]	[1 1 0 0 0 0]	[0 0 0 0 0 0]
3	0.3137390613555908	8.913656234741211	2.5472052097320557	2.548004150390625	1.9122650623321533	1.9061824083328247	False	[0 0 0 0 0 0 0 0 1 0 0 0]	[0 0 0 0 0 0 0 1 0 0 0 0]	[1 0 0 0 0 0]	[0 0 0 0 1 0]
3	0.476067453622818	8.914454460144043	2.5473783016204834	2.54815673828125	1.912438988685608	1.9064805507659912	False	[0 0 0 0 0 0 0 0 0 0 0 0]	[0 0 0 0 0 0 0 1 0 1 0 0]	[1 1 0 0 0 0]	[0 0 0 0 0 0]
3	0.31251633167266846	8.914288520812988	2.5472774505615234	2.548346996307373	1.9123411178588867	1.9063230752944946	False	[0 0 0 0 0 0 0 0 1 0 0 0]	[0 0 0 0 0 0 0 1 0 0 0 0]	[1 0 0 0 0 0]	[0 0 0 0 1 0]
3	0.460708349943161	8.913656234741211	2.5471856594085693	2.5481982231140137	1.9122211933135986	1.906051516532898	False	[0 0 0 0 0 0 0 0 0 0 0 0]	[0 0 0 0 0 0 0 1 0 1 0 0]	[1 1 0 0 0 0]	[0 0 0 0 0 0]
3	0.3348284065723419	8.914289474487305	2.5471935272216797	2.5480384826660156	1.9126920700073242	1.906364917755127	False	[0 0 0 0 0 0 0 0 1 0 0 0]	[0 0 0 0 0 0 0 1 0 0 0 0]	[1 0 0 0 0 0]	[0 0 0 0 1 0]
3	0.47238224744796753	8.916082382202148	2.5474133491516113	2.548438787460327	1.913366675376892	1.906864047050476	False	[0 0 0 0 0 0 0 0 0 0 0 0]	[0 0 0 0 0 0 0 1 0 1 0 0]	[1 1 0 0 0 0]	[0 0 0 0 0 0]
3	0.3062106668949127	8.914335250854492	2.5469541549682617	2.5483765602111816	1.9123971462249756	1.9066078662872314	False	[0 0 0 0 0 0 0 0 1 0 0 0]	[0 0 0 0 0 0 0 1 0 0 0 0]	[1 0 0 0 0 0]	[0 0 0 0 1 0]
3	0.440946102142334	8.913774490356445	2.547395706176758	2.548182725906372	1.9121023416519165	1.9060943126678467	False	[0 0 0 0 0 0 0 0 0 0 0 0]	[0 0 0 0 0 0 0 1 0 1 0 0]	[1 1 0 0 0 0]	[0 0 0 0 0 0]
3	0.3243514895439148	8.914878845214844	2.5471649169921875	2.5484580993652344	1.9125900268554688	1.9066662788391113	False	[0 0 0 0 0 0 0 0 1 0 0 0]	[0 0 0 0 0 0 0 1 0 0 0 0]	[1 0 0 0 0 0]	[0 0 0 0 1 0]
3	0.48256969451904297	8.915692329406738	2.5473787784576416	2.5484418869018555	1.9128869771957397	1.9069850444793701	False	[0 0 0 0 0 0 0 0 0 0 0 0]	[0 0 0 0 0 0 0 1 0 1 0 0]	[1 1 0 0 0 0]	[0 0 0 0 0 0]
3	0.3332292139530182	8.914958000183105	2.5474448204040527	2.5481107234954834	1.9128187894821167	1.9065841436386108	False	[0 0 0 0 0 0 0 0 1 0 0 0]	[0 0 0 0 0 0 0 1 0 0 0 0]	[1 0 0 0 0 0]	[0 0 0 0 1 0]
3	0.46574506163597107	8.91419792175293	2.5471701622009277	2.547966480255127	1.9124095439910889	1.9066513776779175	False	[0 0 0 0 0 0 0 0 0 0 0 0]	[0 0 0 0 0 0 0 1 0 1 0 0]	[1 1 0 0 0 0]	[0 0 0 0 0 0]
3	0.3470875918865204	8.91568660736084	2.547297716140747	2.548633098602295	1.9130237102508545	1.9067316055297852	False	[0 0 0 0 0 0 0 0 1 0 0 0]	[0 0 0 0 0 0 0 1 0 0 0 0]	[1 0 0 0 0 0]	[0 0 0 0 1 0]
3	0.4589719772338867	8.914027214050293	2.547390937805176	2.548077344894409	1.9123725891113281	1.9061862230300903	False	[0 0 0 0 0 0 0 0 0 0 0 0]	[0 0 0 0 0 0 0 1 0 1 0 0]	[1 1 0 0 0 0]	[0 0 0 0 0 0]
3	0.5301964282989502	8.915212631225586	2.5471699237823486	2.5483665466308594	1.912996768951416	1.9066801071166992	False	[0 0 0 0 0 0 0 0 1 0 0 0]	[0 0 0 0 0 0 0 1 0 0 0 0]	[0 1 0 0 0 0]	[0 0 0 0 1 0]
3	0.48610997200012207	8.931394577026367	2.550253391265869	2.5506036281585693	1.9181121587753296	1.9124250411987305	False	[0 0 0 0 0 0 0 0 0 0 0 0]	[0 0 0 0 0 0 0 1 0 1 0 0]	[1 1 0 0 0 0]	[0 0 0 0 0 0]
3	0.3173392713069916	8.914389610290527	2.5471839904785156	2.5481116771698	1.91256582736969	1.9065276384353638	False	[0 0 0 0 0 0 0 0 1 0 0 0]	[0 0 0 0 0 0 0 1 0 0 0 0]	[1 0 0 0 0 0]	[0 0 0 0 1 0]
3	0.4555502235889435	8.916099548339844	2.547366142272949	2.548705816268921	1.9129358530044556	1.9070920944213867	False	[0 0 0 0 0 0 0 0 0 0 0 0]	[0 0 0 0 0 0 0 1 0 1 0 0]	[1 1 0 0 0 0]	[0 0 0 0 0 0]
3	0.3218233585357666	8.913232803344727	2.5469024181365967	2.547989845275879	1.9123400449752808	1.9060003757476807	False	[0 0 0 0 0 0 0 0 1 0 0 0]	[0 0 0 0 0 0 0 1 0 0 0 0]	[1 0 0 0 0 0]	[0 0 0 0 1 0]
3	0.467746376991272	8.914615631103516	2.5470082759857178	2.5483062267303467	1.9127980470657349	1.9065028429031372	False	[0 0 0 0 0 0 0 0 0 0 0 0]	[0 0 0 0 0 0 0 1 0 1 0 0]	[1 1 0 0 0 0]	[0 0 0 0 0 0]
4	0.4190193712711334	8.752285957336426	2.492708206176758	2.513277053833008	1.891008973121643	1.8552916049957275	False	[0 0 0 0 0 0 0 0 1 0 0 0]	[0 0 0 0 0 0 1 0 0 0 0 0]	[0 1 0 0 0 0]	[0 0 0 0 0 1]
4	0.14029186964035034	8.891067504882812	2.537226676940918	2.542330026626587	1.9229105710983276	1.8886007070541382	False	[0 0 0 0 0 0 0 0 0 0 0 0]	[0 0 0 0 0 0 0 0 0 0 0 0]	[0 1 0 0 0 1]	[0 0 0 0 1 1]
4	0.3911502957344055	8.833727836608887	2.520859479904175	2.530775308609009	1.909174919128418	1.8729177713394165	False	[0 0 0 0 0 0 0 0 1 0 0 0]	[0 0 0 0 0 0 1 0 0 0 0 0]	[0 1 0 0 0 0]	[0 0 0 0 1 0]
4	-0.5	8.891401290893555	2.5370092391967773	2.5425961017608643	1.9233794212341309	1.8884167671203613	False	[0 0 0 0 0 0 0 0 0 0 0 0]	[0 0 0 0 0 0 0 0 0 0 0 0]	[0 1 0 0 0 1]	[0 0 0 0 0 0]
4	0.42862704396247864	8.80502986907959	2.5115740299224854	2.5246853828430176	1.9029065370559692	1.8658640384674072	False	[0 0 0 0 0 0 0 0 1 0 0 0]	[0 0 0 0 0 0 1 0 0 0 0 0]	[0 0 0 0 0 1]	[0 0 0 0 0 1]
4	-0.5	8.889421463012695	2.5367133617401123	2.5419387817382812	1.923022985458374	1.88774573802948	False	[0 0 0 0 0 0 0 0 0 0 0 0]	[0 0 0 0 0 0 0 0 0 0 0 0]	[0 0 0 0 0 0]	[0 0 0 0 1 1]
4	0.43130016326904297	8.831254959106445	2.520512580871582	2.5306246280670166	1.9087847471237183	1.871333122253418	False	[0 0 0 0 0 0 0 0 1 0 0 0]	[0 0 0 0 0 0 1 0 0 0 0 0]	[0 0 0 0 0 1]	[0 0 0 0 1 0]
4	-1.0	8.890118598937988	2.5370588302612305	2.542142152786255	1.9228863716125488	1.8880318403244019	False	[0 0 0 0 0 0 0 0 0 0 0 0]	[0 0 0 0 0 0 0 0 0 0 0 0]	[0 0 0 0 0 0]	[0 0 0 0 0 0]
4	0.418837308883667	8.749608993530273	2.491856575012207	2.5123562812805176	1.8908350467681885	1.8545610904693604	False	[0 0 0 0 0 0 0 0 1 0 0 0]	[0 0 0 0 0 0 1 0 0 0 0 0]	[0 1 0 0 0 0]	[0 0 0 0 0 1]
4	0.14539086818695068	8.892547607421875	2.5376057624816895	2.542595863342285	1.9233312606811523	1.8890148401260376	False	[0 0 0 0 0 0 0 0 0 0 0 0]	[0 0 0 0 0 0 0 0 0 0 0 0]	[0 1 0 0 0 1]	[0 0 0 0 1 1]
4	0.4137357473373413	8.838133811950684	2.5220911502838135	2.532045364379883	1.9098572731018066	1.8741405010223389	False	[0 0 0 0 0 0 0 0 1 0 0 0]	[0 0 0 0 0 0 1 0 0 0 0 0]	[0 0 0 0 0 1]	[0 0 0 0 1 0]
4	-1.0	8.889326095581055	2.536775827407837	2.541922092437744	1.922751545906067	1.887876272201538	False	[0 0 0 0 0 0 0 0 0 0 0 0]	[0 0 0 0 0 0 0 0 0 0 0 0]	[0 0 0 0 0 0]	[0 0 0 0 0 0]
4	0.4338517487049103	8.751776695251465	2.4925215244293213	2.5130562782287598	1.8916094303131104	1.8545894622802734	False	[0 0 0 0 0 0 0 0 1 0 0 0]	[0 0 0 0 0 0 1 0 0 0 0 0]	[0 1 0 0 0 0]	[0 0 0 0 0 1]
4	0.14890636503696442	8.889631271362305	2.537062644958496	2.541860342025757	1.9228591918945312	1.8878493309020996	False	[0 0 0 0 0 0 0 0 0 0 0 0]	[0 0 0 0 0 0 0 0 0 0 0 0]	[0 1 0 0 0 1]	[0 0 0 0 1 1]
4	0.40161988139152527	8.834573745727539	2.521026849746704	2.5312585830688477	1.9092234373092651	1.8730652332305908	False	[0 0 0 0 0 0 0 0 1 0 0 0]	[0 0 0 0 0 0 1 0 0 0 0 0]	[0 0 0 0 0 1]	[0 0 0 0 1 0]
4	-1.0	8.890392303466797	2.5371813774108887	2.5421857833862305	1.9227194786071777	1.888305425643921	False	[0 0 0 0 0 0 0 0 0 0 0 0]	[0 0 0 0 0 0 0 0 0 0 0 0]	[0 0 0 0 0 0]	[0 0 0 0 0 0]
4	0.4528423845767975	8.752331733703613	2.492690324783325	2.5132675170898438	1.8913346529006958	1.8550395965576172	False	[0 0 0 0 0 0 0 0 1 0 0 0]	[0 0 0 0 0 0 1 0 0 0 0 0]	[0 1 0 0 0 0]	[0 0 0 0 0 1]
4	0.13846589624881744	8.890329360961914	2.5372514724731445	2.541923761367798	1.922956943511963	1.8881970643997192	False	[0 0 0 0 0 0 0 0 0 0 0 0]	[0 0 0 0 0 0 0 0 0 0 0 0]	[0 1 0 0 0 1]	[0 0 0 0 1 1]
4	0.4286370575428009	8.839448928833008	2.522658348083496	2.5321123600006104	1.9098765850067139	1.8748018741607666	False	[0 0 0 0 0 0 0 0 1 0 0 0]	[0 0 0 0 0 0 1 0 0 0 0 0]	[0 0 0 0 0 1]	[0 0 0 0 1 0]
4	-1.0	8.889700889587402	2.5367414951324463	2.5422475337982178	1.922851800918579	1.887860655784607	False	[0 0 0 0 0 0 0 0 0 0 0 0]	[0 0 0 0 0 0 0 0 0 0 0 0]	[0 0 0 0 0 0]	[0 0 0 0 0 0]
4	0.42906442284584045	8.750919342041016	2.492553234100342	2.512739896774292	1.8911833763122559	1.8544425964355469	False	[0 0 0 0 0 0 0 0 1 0 0 0]	[0 0 0 0 0 0 1 0 0 0 0 0]	[0 1 0 0 0 0]	[0 0 0 0 0 1]
4	0.14872965216636658	8.887929916381836	2.5366029739379883	2.541604995727539	1.9223443269729614	1.8873772621154785	False	[0 0 0 0 0 0 0 0 0 0 0 0]	[0 0 0 0 0 0 0 0 0 0 0 0]	[0 1 0 0 0 1]	[0 0 0 0 1 1]
4	0.4088377356529236	8.834739685058594	2.5211727619171143	2.5311577320098877	1.9094754457473755	1.872934103012085	False	[0 0 0 0 0 0 0 0 1 0 0 0]	[0 0 0 0 0 0 1 0 0 0 0 0]	[0 1 0 0 0 0]	[0 0 0 0 1 0]
4	-0.5	8.889572143554688	2.5368099212646484	2.5419445037841797	1.922853708267212	1.8879642486572266	False	[0 0 0 0 0 0 0 0 0 0 0 0]	[0 0 0 0 0 0 0 0 0 0 0 0]	[0 1 0 0 0 1]	[0 0 0 0 0 0]
4	0.4073554575443268	8.803679466247559	2.5112948417663574	2.5243301391601562	1.9024815559387207	1.8655731678009033	False	[0 0 0 0 0 0 0 0 1 0 0 0]	[0 0 0 0 0 0 1 0 0 0 0 0]	[0 0 0 0 0 1]	[0 0 0 0 0 1]
4	-0.5	8.891176223754883	2.5373189449310303	2.5422282218933105	1.922929048538208	1.888700008392334	False	[0 0 0 0 0 0 0 0 0 0 0 0]	[0 0 0 0 0 0 0 0 0 0 0 0]	[0 0 0 0 0 0]	[0 0 0 0 1 1]
4	0.4378185272216797	8.830427169799805	2.520038366317749	2.5301008224487305	1.9091147184371948	1.8711726665496826	False	[0 0 0 0 0 0 0 0 1 0 0 0]	[0 0 0 0 0 0 1 0 0 0 0 0]	[0 1 0 0 0 0]	[0 0 0 0 1 0]
4	-0.5	8.892369270324707	2.537343740463257	2.5425074100494385	1.9233496189117432	1.8891689777374268	False	[0 0 0 0 0 0 0 0 0 0 0 0]	[0 0 0 0 0 0 0 0 0 0 0 0]	[0 1 0 0 0 1]	[0 0 0 0 0 0]
4	0.4092646539211273	8.805460929870605	2.511840343475342	2.524811267852783	1.9027397632598877	1.8660699129104614	False	[0 0 0 0 0 0 0 0 1 0 0 0]	[0 0 0 0 0 0 1 0 0 0 0 0]	[0 0 0 0 0 1]	[0 0 0 0 0 1]
4	-0.5	8.889841079711914	2.5366408824920654	2.5419700145721436	1.923102855682373	1.888127088546753	False	[0 0 0 0 0 0 0 0 0 0 0 0]	[0 0 0 0 0 0 0 0 0 0 0 0]	[0 0 0 0 0 0]	[0 0 0 0 1 1]
5	0.21058115363121033	8.764031410217285	2.5117859840393066	2.5025320053100586	1.8898141384124756	1.8598997592926025	False	[0 1 0 0 0 0 0 0 0 0 0 0]	[0 0 1 0 0 0 0 0 0 0 0 0]	[0 0 1 0 0 0]	[0 0 0 0 1 0]
5	-1.0	8.841938018798828	2.526808261871338	2.522932767868042	1.906087040901184	1.886110782623291	False	[0 0 0 0 0 0 0 0 0 0 0 0]	[0 0 0 0 0 0 0 0 0 0 0 0]	[0 0 0 0 0 0]	[0 0 0 0 0 0]
5	0.22602157294750214	8.763395309448242	2.5117812156677246	2.5025570392608643	1.8892292976379395	1.859827995300293	False	[0 1 0 0 0 0 0 0 0 0 0 0]	[0 0 1 0 0 0 0 0 0 0 0 0]	[0 0 1 0 0 0]	[0 0 0 0 1 0]
5	-1.0	8.843555450439453	2.5270884037017822	2.5233664512634277	1.9063056707382202	1.8867943286895752	False	[0 0 0 0 0 0 0 0 0 0 0 0]	[0 0 0 0 0 0 0 0 0 0 0 0]	[0 0 0 0 0 0]	[0 0 0 0 0 0]
5	0.20532524585723877	8.761310577392578	2.511422634124756	2.5015037059783936	1.8893810510635376	1.8590035438537598	False	[0 1 0 0 0 0 0 0 0 0 0 0]	[0 0 1 0 0 0 0 0 0 0 0 0]	[0 0 1 0 0 0]	[0 0 0 0 1 0]
5	-1.0	8.838872909545898	2.526323080062866	2.5216879844665527	1.9055449962615967	1.8853167295455933	False	[0 0 0 0 0 0 0 0 0 0 0 0]	[0 0 0 0 0 0 0 0 0 0 0 0]	[0 0 0 0 0 0]	[0 0 0 0 0 0]
5	0.21515217423439026	8.762198448181152	2.5116684436798096	2.501671552658081	1.889211654663086	1.8596471548080444	False	[0 1 0 0 0 0 0 0 0 0 0 0]	[0 0 1 0 0 0 0 0 0 0 0 0]	[0 0 1 0 0 0]	[0 0 0 0 1 0]
5	-1.0	8.842720985412598	2.5268912315368652	2.5231127738952637	1.9060138463974	1.8867027759552002	False	[0 0 0 0 0 0 0 0 0 0 0 0]	[0 0 0 0 0 0 0 0 0 0 0 0]	[0 0 0 0 0 0]	[0 0 0 0 0 0]
5	0.2052423357963562	8.765754699707031	2.512273073196411	2.5034708976745605	1.8895111083984375	1.8604997396469116	False	[0 1 0 0 0 0 0 0 0 0 0 0]	[0 0 1 0 0 0 0 0 0 0 0 0]	[0 0 1 0 0 0]	[0 0 0 0 1 0]
5	-1.0	8.840472221374512	2.526322603225708	2.5225348472595215	1.9061206579208374	1.8854938745498657	False	[0 0 0 0 0 0 0 0 0 0 0 0]	[0 0 0 0 0 0 0 0 0 0 0 0]	[0 0 0 0 0 0]	[0 0 0 0 0 0]
5	0.20361967384815216	8.762744903564453	2.5115888118743896	2.502197027206421	1.8893524408340454	1.8596069812774658	False	[0 1 0 0 0 0 0 0 0 0 0 0]	[0 0 1 0 0 0 0 0 0 0 0 0]	[0 0 1 0 0 0]	[0 0 0 0 1 0]
5	-1.0	8.843235969543457	2.527209520339966	2.522890090942383	1.9064279794692993	1.8867089748382568	False	[0 0 0 0 0 0 0 0 0 0 0 0]	[0 0 0 0 0 0 0 0 0 0 0 0]	[0 0 0 0 0 0]	[0 0 0 0 0 0]
5	0.2089076191186905	8.765951156616211	2.5120816230773926	2.5033881664276123	1.8900436162948608	1.8604373931884766	False	[0 1 0 0 0 0 0 0 0 0 0 0]	[0 0 1 0 0 0 0 0 0 0 0 0]	[0 0 1 0 0 0]	[0 0 0 0 1 0]
5	-1.0	8.841370582580566	2.5267391204833984	2.5225841999053955	1.9058748483657837	1.8861724138259888	False	[0 0 0 0 0 0 0 0 0 0 0 0]	[0 0 0 0 0 0 0 0 0 0 0 0]	[0 0 0 0 0 0]	[0 0 0 0 0 0]
5	0.19367383420467377	8.765215873718262	2.5121326446533203	2.502882719039917	1.8891222476959229	1.8610782623291016	False	[0 1 0 0 0 0 0 0 0 0 0 0]	[0 0 1 0 0 0 0 0 0 0 0 0]	[0 0 1 0 0 0]	[0 0 0 0 1 0]
5	-1.0	8.841175079345703	2.526902914047241	2.5224761962890625	1.9061129093170166	1.8856825828552246	False	[0 0 0 0 0 0 0 0 0 0 0 0]	[0 0 0 0 0 0 0 0 0 0 0 0]	[0 0 0 0 0 0]	[0 0 0 0 0 0]
5	0.21146699786186218	8.762714385986328	2.511430263519287	2.5022130012512207	1.8895283937454224	1.8595432043075562	False	[0 1 0 0 0 0 0 0 0 0 0 0]	[0 0 1 0 0 0 0 0 0 0 0 0]	[0 0 1 0 0 0]	[0 0 0 0 1 0]
5	-1.0	8.843074798583984	2.5270042419433594	2.523338556289673	1.9061012268066406	1.8866311311721802	False	[0 0 0 0 0 0 0 0 0 0 0 0]	[0 0 0 0 0 0 0 0 0 0 0 0]	[0 0 0 0 0 0]	[0 0 0 0 0 0]
5	0.22305743396282196	8.763635635375977	2.51188325881958	2.502507448196411	1.8897414207458496	1.8595032691955566	False	[0 1 0 0 0 0 0 0 0 0 0 0]	[0 0 1 0 0 0 0 0 0 0 0 0]	[0 0 1 0 0 0]	[0 0 0 0 1 0]
5	-1.0	8.843151092529297	2.527003765106201	2.523087501525879	1.906337022781372	1.886722445487976	False	[0 0 0 0 0 0 0 0 0 0 0 0]	[0 0 0 0 0 0 0 0 0 0 0 0]	[0 0 0 0 0 0]	[0 0 0 0 0 0]
5	0.21734897792339325	8.764090538024902	2.5121026039123535	2.5022342205047607	1.8899288177490234	1.8598254919052124	False	[0 1 0 0 0 0 0 0 0 0 0 0]	[0 0 1 0 0 0 0 0 0 0 0 0]	[0 0 1 0 0 0]	[0 0 0 0 1 0]
5	-1.0	8.840893745422363	2.526681900024414	2.5224757194519043	1.9061074256896973	1.885628581047058	False	[0 0 0 0 0 0 0 0 0 0 0 0]	[0 0 0 0 0 0 0 0 0 0 0 0]	[0 0 0 0 0 0]	[0 0 0 0 0 0]
5	0.2005167305469513	8.767054557800293	2.512346029281616	2.5035200119018555	1.8900439739227295	1.861143708229065	False	[0 1 0 0 0 0 0 0 0 0 0 0]	[0 0 1 0 0 0 0 0 0 0 0 0]	[0 0 1 0 0 0]	[0 0 0 0 1 0]
5	-1.0	8.84450626373291	2.5275707244873047	2.523707866668701	1.9061846733093262	1.8870432376861572	False	[0 0 0 0 0 0 0 0 0 0 0 0]	[0 0 0 0 0 0 0 0 0 0 0 0]	[0 0 0 0 0 0]	[0 0 0 0 0 0]
5	0.2231617122888565	8.76382827758789	2.511808156967163	2.5025243759155273	1.8893682956695557	1.8601269721984863	False	[0 1 0 0 0 0 0 0 0 0 0 0]	[0 0 1 0 0 0 0 0 0 0 0 0]	[0 0 1 0 0 0]	[0 0 0 0 1 0]
5	-1.0	8.838971138000488	2.526384115219116	2.521738290786743	1.905814290046692	1.8850345611572266	False	[0 0 0 0 0 0 0 0 0 0 0 0]	[0 0 0 0 0 0 0 0 0 0 0 0]	[0 0 0 0 0 0]	[0 0 0 0 0 0]
5	0.20452681183815002	8.763676643371582	2.5118460655212402	2.5023980140686035	1.8894728422164917	1.859959602355957	False	[0 1 0 0 0 0 0 0 0 0 0 0]	[0 0 1 0 0 0 0 0 0 0 0 0]	[0 0 1 0 0 0]	[0 0 0 0 1 0]
5	-1.0	8.841824531555176	2.527045249938965	2.522786855697632	1.905995488166809	1.8859968185424805	False	[0 0 0 0 0 0 0 0 0 0 0 0]	[0 0 0 0 0 0 0 0 0 0 0 0]	[0 0 0 0 0 0]	[0 0 0 0 0 0]
5	0.21138429641723633	8.764653205871582	2.5120482444763184	2.502812147140503	1.889603614807129	1.8601890802383423	False	[0 1 0 0 0 0 0 0 0 0 0 0]	[0 0 1 0 0 0 0 0 0 0 0 0]	[0 0 1 0 0 0]	[0 0 0 0 1 0]
5	-1.0	8.841100692749023	2.526395082473755	2.522840976715088	1.9059867858886719	1.8858776092529297	False	[0 0 0 0 0 0 0 0 0 0 0 0]	[0 0 0 0 0 0 0 0 0 0 0 0]	[0 0 0 0 0 0]	[0 0 0 0 0 0]
6	0.37393778562545776	8.869423866271973	2.5238583087921143	2.5192055702209473	1.9081676006317139	1.91819167137146	False	[0 0 0 1 0 0 0 0 0 0 0 0]	[0 0 0 0 0 0 0 1 0 0 0 0]	[0 0 0 0 1 0]	[1 0 0 0 0 0]
6	0.2859128713607788	8.9168062210083	2.537240505218506	2.5416336059570312	1.9129245281219482	1.9250081777572632	False	[0 0 0 1 0 0 1 0 0 0 0 0]	[0 0 0 0 0 0 0 0 0 0 0 0]	[0 0 0 0 0 0]	[1 0 0 0 1 0]
6	0.45918864011764526	8.911666870117188	2.536329507827759	2.5382025241851807	1.9120113849639893	1.9251229763031006	False	[0 0 0 0 0 0 1 0 0 0 0 0]	[0 0 0 0 0 0 0 1 0 0 0 0]	[0 0 0 0 1 0]	[1 0 0 0 0 0]
6	-0.5	8.916998863220215	2.5374014377593994	2.5416035652160645	1.912721872329712	1.9252721071243286	False	[0 0 0 0 0 0 0 0 0 0 0 0]	[0 0 0 0 0 0 0 0 0 0 0 0]	[0 0 0 0 0 0]	[1 0 0 0 1 0]
6	0.389507532119751	8.895009994506836	2.5314748287200928	2.5298125743865967	1.9110947847366333	1.9226278066635132	False	[0 0 0 1 0 0 0 0 0 0 0 0]	[0 0 0 0 0 0 0 1 0 0 0 0]	[0 0 0 0 1 0]	[1 0 0 0 0 0]
6	0.27516287565231323	8.919425964355469	2.5381546020507812	2.5421488285064697	1.913203477859497	1.925919771194458	False	[0 0 0 1 0 0 1 0 0 0 0 0]	[0 0 0 0 0 0 0 0 0 0 0 0]	[0 0 0 0 0 0]	[1 0 0 0 1 0]
6	0.4421541392803192	8.913044929504395	2.536363124847412	2.5383853912353516	1.9128506183624268	1.925445795059204	False	[0 0 0 0 0 0 1 0 0 0 0 0]	[0 0 0 0 0 0 0 1 0 0 0 0]	[0 0 0 0 1 0]	[1 0 0 0 0 0]
6	-0.5	8.919828414916992	2.5385942459106445	2.5420310497283936	1.913301706314087	1.9259015321731567	False	[0 0 0 0 0 0 0 0 0 0 0 0]	[0 0 0 0 0 0 0 0 0 0 0 0]	[0 0 0 0 0 0]	[1 0 0 0 1 0]
6	0.40162861347198486	8.895267486572266	2.5316994190216064	2.5302505493164062	1.9108283519744873	1.9224892854690552	False	[0 0 0 1 0 0 0 0 0 0 0 0]	[0 0 0 0 0 0 0 1 0 0 0 0]	[0 0 0 0 1 0]	[1 0 0 0 0 0]
6	0.29666754603385925	8.92002010345459	2.538583517074585	2.5424680709838867	1.9129700660705566	1.925998330116272	False	[0 0 0 1 0 0 1 0 0 0 0 0]	[0 0 0 0 0 0 0 0 0 0 0 0]	[0 0 0 0 0 0]	[1 0 0 0 1 0]
6	0.42738863825798035	8.911032676696777	2.536104917526245	2.5380442142486572	1.9119657278060913	1.9249178171157837	False	[0 0 0 0 0 0 1 0 0 0 0 0]	[0 0 0 0 0 0 0 1 0 0 0 0]	[0 0 0 0 1 0]	[1 0 0 0 0 0]
6	-0.5	8.918517112731934	2.5381808280944824	2.542046546936035	1.9127428531646729	1.925546407699585	False	[0 0 0 0 0 0 0 0 0 0 0 0]	[0 0 0 0 0 0 0 0 0 0 0 0]	[0 0 0 0 0 0]	[1 0 0 0 1 0]
6	0.3773314654827118	8.89283275604248	2.530996084213257	2.529240369796753	1.9104795455932617	1.9221166372299194	False	[0 0 0 1 0 0 0 0 0 0 0 0]	[0 0 0 0 0 0 0 1 0 0 0 0]	[0 0 0 0 1 0]	[1 0 0 0 0 0]
6	0.28462719917297363	8.917985916137695	2.537757396697998	2.541692018508911	1.913116216659546	1.9254201650619507	False	[0 0 0 1 0 0 1 0 0 0 0 0]	[0 0 0 0 0 0 0 0 0 0 0 0]	[0 0 0 0 0 0]	[1 0 0 0 1 0]
6	0.4374390244483948	8.912548065185547	2.5364022254943848	2.538428783416748	1.91237211227417	1.9253450632095337	False	[0 0 0 0 0 0 1 0 0 0 0 0]	[0 0 0 0 0 0 0 1 0 0 0 0]	[0 0 0 0 1 0]	[1 0 0 0 0 0]
6	-0.5	8.918959617614746	2.5380494594573975	2.5422184467315674	1.9130961894989014	1.9255952835083008	False	[0 0 0 0 0 0 0 0 0 0 0 0]	[0 0 0 0 0 0 0 0 0 0 0 0]	[0 0 0 0 0 0]	[1 0 0 0 1 0]
6	0.3712589740753174	8.892566680908203	2.5307366847991943	2.529113292694092	1.9104461669921875	1.9222710132598877	False	[0 0 0 1 0 0 0 0 0 0 0 0]	[0 0 0 0 0 0 0 1 0 0 0 0]	[0 0 0 0 1 0]	[1 0 0 0 0 0]
6	0.2911143898963928	8.918813705444336	2.5378503799438477	2.542003870010376	1.9131382703781128	1.9258217811584473	False	[0 0 0 1 0 0 1 0 0 0 0 0]	[0 0 0 0 0 0 0 0 0 0 0 0]	[0 0 0 0 0 0]	[1 0 0 0 1 0]
6	0.4682568907737732	8.913192749023438	2.5367095470428467	2.538536787033081	1.9124302864074707	1.9255163669586182	False	[0 0 0 0 0 0 1 0 0 0 0 0]	[0 0 0 0 0 0 0 1 0 0 0 0]	[0 0 0 0 1 0]	[1 0 0 0 0 0]
6	-0.5	8.920221328735352	2.5384819507598877	2.5424246788024902	1.9132146835327148	1.9260998964309692	False	[0 0 0 0 0 0 0 0 0 0 0 0]	[0 0 0 0 0 0 0 0 0 0 0 0]	[0 0 0 0 0 0]	[1 0 0 0 1 0]
6	0.3681102395057678	8.893113136291504	2.5306575298309326	2.529531955718994	1.910638451576233	1.922285556793213	False	[0 0 0 1 0 0 0 0 0 0 0 0]	[0 0 0 0 0 0 0 1 0 0 0 0]	[0 0 0 0 1 0]	[1 0 0 0 0 0]
6	0.28428396582603455	8.9197416305542	2.53841233253479	2.54242205619812	1.9130975008010864	1.9258102178573608	False	[0 0 0 1 0 0 1 0 0 0 0 0]	[0 0 0 0 0 0 0 0 0 0 0 0]	[0 0 0 0 0 0]	[1 0 0 0 1 0]
6	0.4436952769756317	8.91343879699707	2.5366952419281006	2.5384278297424316	1.9127905368804932	1.9255257844924927	False	[0 0 0 0 0 0 1 0 0 0 0 0]	[0 0 0 0 0 0 0 1 0 0 0 0]	[0 0 0 0 1 0]	[1 0 0 0 0 0]
6	-0.5	8.920857429504395	2.5387730598449707	2.542524576187134	1.9134089946746826	1.9261505603790283	False	[0 0 0 0 0 0 0 0 0 0 0 0]	[0 0 0 0 0 0 0 0 0 0 0 0]	[0 0 0 0 0 0]	[1 0 0 0 1 0]
6	0.3440196216106415	8.8927001953125	2.5306341648101807	2.5292561054229736	1.9105111360549927	1.9222984313964844	False	[0 0 0 1 0 0 0 0 0 0 0 0]	[0 0 0 0 0 0 0 1 0 0 0 0]	[0 0 0 0 1 0]	[1 0 0 0 0 0]
6	0.26626643538475037	8.91841983795166	2.538257122039795	2.5418601036071777	1.912753701210022	1.9255493879318237	False	[0 0 0 1 0 0 1 0 0 0 0 0]	[0 0 0 0 0 0 0 0 0 0 0 0]	[0 0 0 0 0 0]	[1 0 0 0 1 0]
6	0.4379839599132538	8.912361145019531	2.5362496376037598	2.53804349899292	1.9126508235931396	1.9254167079925537	False	[0 0 0 0 0 0 1 0 0 0 0 0]	[0 0 0 0 0 0 0 1 0 0 0 0]	[0 0 0 0 1 0]	[1 0 0 0 0 0]
6	-0.5	8.917263984680176	2.537681818008423	2.5416324138641357	1.912797212600708	1.9251527786254883	False	[0 0 0 0 0 0 0 0 0 0 0 0]	[0 0 0 0 0 0 0 0 0 0 0 0]	[0 0 0 0 0 0]	[1 0 0 0 1 0]
6	0.39643028378486633	8.890886306762695	2.530076265335083	2.528473138809204	1.9102381467819214	1.9220988750457764	False	[0 0 0 1 0 0 0 0 0 0 0 0]	[0 0 0 0 0 0 0 1 0 0 0 0]	[0 0 0 0 1 0]	[1 0 0 0 0 0]
6	0.2925577163696289	8.918581008911133	2.538161516189575	2.54182767868042	1.9129679203033447	1.9256236553192139	False	[0 0 0 1 0 0 1 0 0 0 0 0]	[0 0 0 0 0 0 0 0 0 0 0 0]	[0 0 0 0 0 0]	[1 0 0 0 1 0]
7	0.04671543836593628	8.94792366027832	2.5375378131866455	2.543987989425659	1.9359740018844604	1.9304237365722656	False	[0 0 0 1 0 0 0 0 0 0 0 0]	[0 0 0 0 0 0 1 0 0 0 0 0]	[0 0 0 0 0 1]	[1 0 0 0 0 0]
7	0.016793742775917053	8.95450210571289	2.549152135848999	2.5430970191955566	1.9304896593093872	1.9317634105682373	False	[0 0 0 0 0 0 0 0 0 0 0 0]	[0 0 0 0 0 0 0 0 0 0 0 0]	[0 0 0 1 0 1]	[1 0 0 0 1 0]
7	0.27621403336524963	8.95804500579834	2.5476913452148438	2.5450849533081055	1.9332454204559326	1.932023048400879	False	[0 0 0 1 0 0 0 0 0 0 0 0]	[0 0 0 0 0 0 1 0 0 0 0 0]	[0 0 1 1 0 1]	[0 0 0 0 1 0]
7	-0.5	8.955114364624023	2.551035165786743	2.5432276725769043	1.9294120073318481	1.9314391613006592	False	[0 0 0 0 0 0 0 0 0 0 0 0]	[0 0 0 0 0 0 0 0 0 0 0 0]	[0 0 1 0 0 1]	[0 0 0 0 0 0]
7	0.0678611546754837	8.954934120178223	2.5436174869537354	2.544848680496216	1.9347467422485352	1.9317209720611572	False	[0 0 0 1 0 0 0 0 0 0 0 0]	[0 0 0 0 0 0 1 0 0 0 0 0]	[0 0 0 0 0 1]	[1 0 0 0 0 0]
7	0.014417332597076893	8.952454566955566	2.5478971004486084	2.542370557785034	1.9307198524475098	1.9314674139022827	False	[0 0 0 0 0 0 0 0 0 0 0 0]	[0 0 0 0 0 0 0 0 0 0 0 0]	[0 0 0 1 0 1]	[1 0 0 0 1 0]
7	0.2767370641231537	8.956917762756348	2.5463645458221436	2.545130968093872	1.9336278438568115	1.9317938089370728	False	[0 0 0 1 0 0 0 0 0 0 0 0]	[0 0 0 0 0 0 1 0 0 0 0 0]	[0 0 1 1 0 1]	[0 0 0 0 1 0]
7	-0.5	8.955038070678711	2.550644874572754	2.5434184074401855	1.929602026939392	1.931373119354248	False	[0 0 0 0 0 0 0 0 0 0 0 0]	[0 0 0 0 0 0 0 0 0 0 0 0]	[0 0 1 0 0 1]	[0 0 0 0 0 0]
7	0.05793110281229019	8.951763153076172	2.5415101051330566	2.544285774230957	1.9349186420440674	1.9310485124588013	False	[0 0 0 1 0 0 0 0 0 0 0 0]	[0 0 0 0 0 0 1 0 0 0 0 0]	[0 0 0 0 0 1]	[1 0 0 0 0 0]
7	0.01879814825952053	8.9534912109375	2.5490548610687256	2.5423994064331055	1.9304614067077637	1.9315755367279053	False	[0 0 0 0 0 0 0 0 0 0 0 0]	[0 0 0 0 0 0 0 0 0 0 0 0]	[0 0 0 1 0 1]	[1 0 0 0 1 0]
7	0.2516430914402008	8.957145690917969	2.546818494796753	2.5449986457824707	1.9333984851837158	1.9319307804107666	False	[0 0 0 1 0 0 0 0 0 0 0 0]	[0 0 0 0 0 0 1 0 0 0 0 0]	[0 0 0 1 0 0]	[0 0 0 0 1 0]
7	-1.0	8.95409870147705	2.5492165088653564	2.5430023670196533	1.9303030967712402	1.9315769672393799	False	[0 0 0 0 0 0 0 0 0 0 0 0]	[0 0 0 0 0 0 0 0 0 0 0 0]	[0 0 0 0 0 0]	[0 0 0 0 0 0]
7	0.04820290580391884	8.948744773864746	2.5386452674865723	2.5441484451293945	1.935745358467102	1.9302055835723877	False	[0 0 0 1 0 0 0 0 0 0 0 0]	[0 0 0 0 0 0 1 0 0 0 0 0]	[0 0 1 0 0 0]	[1 0 0 0 0 0]
7	0.15474560856819153	8.952981948852539	2.548611640930176	2.5426650047302246	1.9303957223892212	1.9313101768493652	False	[0 0 0 0 0 0 0 0 0 0 0 0]	[0 0 0 0 0 0 0 0 0 0 0 0]	[0 0 1 1 0 0]	[1 0 0 0 1 0]
7	0.21069973707199097	8.955860137939453	2.546976089477539	2.5443592071533203	1.9326328039169312	1.9318921566009521	False	[0 0 0 1 0 0 0 0 0 0 0 0]	[0 0 0 0 0 0 1 0 0 0 0 0]	[0 0 1 0 0 0]	[0 0 0 0 1 0]
7	-0.5	8.953654289245605	2.549072265625	2.542846441268921	1.9302655458450317	1.9314697980880737	False	[0 0 0 0 0 0 0 0 0 0 0 0]	[0 0 0 0 0 0 0 0 0 0 0 0]	[0 0 1 1 0 0]	[0 0 0 0 0 0]
7	0.04680030047893524	8.950777053833008	2.544248342514038	2.5425660610198975	1.9324592351913452	1.9315036535263062	False	[0 0 0 1 0 0 0 0 0 0 0 0]	[0 0 0 0 0 0 1 0 0 0 0 0]	[0 0 1 1 0 1]	[1 0 0 0 0 0]
7	-0.5	8.959096908569336	2.5488944053649902	2.5452845096588135	1.9327861070632935	1.9321314096450806	False	[0 0 0 0 0 0 0 0 0 0 0 0]	[0 0 0 0 0 0 0 0 0 0 0 0]	[0 0 0 1 0 1]	[0 0 0 0 0 0]
7	0.04118205979466438	8.950604438781738	2.541851758956909	2.5433943271636963	1.934161901473999	1.9311964511871338	False	[0 0 0 1 0 0 0 0 0 0 0 0]	[0 0 0 0 0 0 1 0 0 0 0 0]	[0 0 1 1 0 1]	[1 0 0 0 0 0]
7	-0.5	8.959558486938477	2.549410343170166	2.545759439468384	1.9324498176574707	1.931938886642456	False	[0 0 0 0 0 0 0 0 0 0 0 0]	[0 0 0 0 0 0 0 0 0 0 0 0]	[0 0 0 1 0 1]	[0 0 0 0 0 0]
7	0.0520082525908947	8.953059196472168	2.5436625480651855	2.543990135192871	1.9339022636413574	1.9315046072006226	False	[0 0 0 1 0 0 0 0 0 0 0 0]	[0 0 0 0 0 0 1 0 0 0 0 0]	[0 0 0 1 0 0]	[1 0 0 0 0 0]
7	-0.5	8.955412864685059	2.5454704761505127	2.544226884841919	1.933619737625122	1.9320957660675049	False	[0 0 0 0 0 0 0 0 0 0 0 0]	[0 0 0 0 0 0 0 0 0 0 0 0]	[0 0 0 1 0 1]	[0 0 0 0 0 0]
7	0.047050878405570984	8.952136039733887	2.54316782951355	2.543668031692505	1.933872103691101	1.9314277172088623	False	[0 0 0 1 0 0 0 0 0 0 0 0]	[0 0 0 0 0 0 1 0 0 0 0 0]	[0 0 0 1 0 0]	[1 0 0 0 0 0]
7	-0.5	8.957075119018555	2.5475032329559326	2.544679641723633	1.9330729246139526	1.9318184852600098	False	[0 0 0 0 0 0 0 0 0 0 0 0]	[0 0 0 0 0 0 0 0 0 0 0 0]	[0 0 1 1 0 0]	[0 0 0 0 0 0]
7	0.04746333509683609	8.950782775878906	2.5436763763427734	2.542649507522583	1.9328882694244385	1.9315690994262695	False	[0 0 0 1 0 0 0 0 0 0 0 0]	[0 0 0 0 0 0 1 0 0 0 0 0]	[0 0 1 1 0 1]	[1 0 0 0 0 0]
7	-0.5	8.958354949951172	2.548980236053467	2.5449118614196777	1.932553768157959	1.9319086074829102	False	[0 0 0 0 0 0 0 0 0 0 0 0]	[0 0 0 0 0 0 0 0 0 0 0 0]	[0 0 0 1 0 1]	[0 0 0 0 0 0]
7	0.046400126069784164	8.952996253967285	2.5432674884796143	2.5439157485961914	1.9340825080871582	1.9317309856414795	False	[0 0 0 1 0 0 0 0 0 0 0 0]	[0 0 0 0 0 0 1 0 0 0 0 0]	[0 0 0 1 0 0]	[1 0 0 0 0 0]
7	-0.5	8.956019401550293	2.5467147827148438	2.544605255126953	1.9329402446746826	1.9317586421966553	False	[0 0 0 0 0 0 0 0 0 0 0 0]	[0 0 0 0 0 0 0 0 0 0 0 0]	[0 0 0 1 0 1]	[0 0 0 0 0 0]
7	0.035486407577991486	8.954206466674805	2.5441110134124756	2.5442230701446533	1.9341158866882324	1.9317567348480225	False	[0 0 0 1 0 0 0 0 0 0 0 0]	[0 0 0 0 0 0 1 0 0 0 0 0]	[0 0 1 1 0 1]	[1 0 0 0 0 0]
7	-0.5	8.958842277526855	2.548712968826294	2.5452117919921875	1.9328289031982422	1.93208909034729	False	[0 0 0 0 0 0 0 0 0 0 0 0]	[0 0 0 0 0 0 0 0 0 0 0 0]	[0 0 0 1 0 1]	[0 0 0 0 0 0]
8	0.370420902967453	8.905467987060547	2.530611515045166	2.5295844078063965	1.9260672330856323	1.919204831123352	False	[0 0 0 0 0 0 0 0 0 1 0 0]	[0 1 0 0 0 0 0 0 0 0 0 0]	[0 0 1 0 0 0]	[0 0 0 0 1 0]
8	-0.5	8.925311088562012	2.544687271118164	2.539829730987549	1.9188144207000732	1.9219797849655151	False	[0 0 0 0 0 0 0 0 0 0 0 0]	[0 1 1 0 0 0 0 0 0 0 0 0]	[0 0 0 0 0 0]	[0 0 1 0 1 0]
8	0.44989797472953796	8.928906440734863	2.5420732498168945	2.5377509593963623	1.9246641397476196	1.9244182109832764	False	[0 0 0 0 0 0 0 0 0 1 0 0]	[0 0 1 0 0 0 0 0 0 0 0 0]	[0 0 1 0 0 0]	[0 0 0 0 1 0]
8	-0.5	8.924504280090332	2.5446853637695312	2.5396652221679688	1.9187695980072021	1.9213836193084717	False	[0 0 0 0 0 0 0 0 0 0 0 0]	[0 0 0 0 0 0 0 0 0 0 0 0]	[0 0 0 0 0 0]	[0 0 1 0 1 0]
8	0.37296515703201294	8.922006607055664	2.537907600402832	2.534942626953125	1.926321029663086	1.9228358268737793	False	[0 0 0 0 0 0 0 0 0 1 0 0]	[0 1 0 0 0 0 0 0 0 0 0 0]	[0 0 1 0 0 0]	[0 0 1 0 0 0]
8	-0.5	8.924882888793945	2.5445268154144287	2.539834976196289	1.9188776016235352	1.9216437339782715	False	[0 0 0 0 0 0 0 0 0 0 0 0]	[0 1 1 0 0 0 0 0 0 0 0 0]	[0 0 0 0 0 0]	[0 0 0 0 0 0]
8	0.4537409245967865	8.929201126098633	2.543516159057617	2.5388567447662354	1.9235279560089111	1.9233009815216064	False	[0 0 0 0 0 0 0 0 0 1 0 0]	[0 0 1 0 0 0 0 0 0 0 0 0]	[0 0 1 0 0 0]	[0 0 1 0 0 0]
8	-1.0	8.924339294433594	2.5445940494537354	2.5395278930664062	1.9190857410430908	1.9211324453353882	False	[0 0 0 0 0 0 0 0 0 0 0 0]	[0 0 0 0 0 0 0 0 0 0 0 0]	[0 0 0 0 0 0]	[0 0 0 0 0 0]
8	0.42444831132888794	8.905374526977539	2.5303211212158203	2.5296976566314697	1.9263558387756348	1.9190003871917725	False	[0 0 0 0 0 0 0 0 0 1 0 0]	[0 1 0 0 0 0 0 0 0 0 0 0]	[0 0 1 0 0 0]	[0 0 0 0 1 0]
8	-0.5	8.925350189208984	2.5447657108306885	2.5400805473327637	1.918968915939331	1.9215342998504639	False	[0 0 0 0 0 0 0 0 0 0 0 0]	[0 1 1 0 0 0 0 0 0 0 0 0]	[0 0 0 0 0 0]	[0 0 1 0 1 0]
8	0.4355458915233612	8.92769718170166	2.54177188873291	2.5375843048095703	1.9243738651275635	1.9239673614501953	False	[0 0 0 0 0 0 0 0 0 1 0 0]	[0 0 1 0 0 0 0 0 0 0 0 0]	[0 0 1 0 0 0]	[0 0 0 0 1 0]
8	-0.5	8.92432975769043	2.5444512367248535	2.539868116378784	1.9186170101165771	1.921393871307373	False	[0 0 0 0 0 0 0 0 0 0 0 0]	[0 0 0 0 0 0 0 0 0 0 0 0]	[0 0 0 0 0 0]	[0 0 1 0 1 0]
8	0.3950369358062744	8.921581268310547	2.537963390350342	2.534749746322632	1.9259690046310425	1.9228990077972412	False	[0 0 0 0 0 0 0 0 0 1 0 0]	[0 1 0 0 0 0 0 0 0 0 0 0]	[0 0 1 0 0 0]	[0 0 1 0 0 0]
8	-0.5	8.925204277038574	2.544883966445923	2.5400145053863525	1.9186828136444092	1.9216234683990479	False	[0 0 0 0 0 0 0 0 0 0 0 0]	[0 1 1 0 0 0 0 0 0 0 0 0]	[0 0 0 0 0 0]	[0 0 0 0 0 0]
8	0.43771567940711975	8.928235054016113	2.543172836303711	2.5387766361236572	1.9237349033355713	1.9225513935089111	False	[0 0 0 0 0 0 0 0 0 1 0 0]	[0 0 1 0 0 0 0 0 0 0 0 0]	[0 0 1 0 0 0]	[0 0 1 0 0 0]
8	-1.0	8.92456340789795	2.5444231033325195	2.53983998298645	1.9191681146621704	1.9211326837539673	False	[0 0 0 0 0 0 0 0 0 0 0 0]	[0 0 0 0 0 0 0 0 0 0 0 0]	[0 0 0 0 0 0]	[0 0 0 0 0 0]
8	0.376491516828537	8.905046463012695	2.5307061672210693	2.5296554565429688	1.9260687828063965	1.9186160564422607	False	[0 0 0 0 0 0 0 0 0 1 0 0]	[0 1 0 0 0 0 0 0 0 0 0 0]	[0 0 1 0 0 0]	[0 0 0 0 1 0]
8	-0.5	8.923957824707031	2.5446019172668457	2.5396535396575928	1.91850745677948	1.921195149421692	False	[0 0 0 0 0 0 0 0 0 0 0 0]	[0 1 1 0 0 0 0 0 0 0 0 0]	[0 0 0 0 0 0]	[0 0 1 0 1 0]
8	0.4557957947254181	8.927294731140137	2.54190731048584	2.537459135055542	1.924041986465454	1.9238866567611694	False	[0 0 0 0 0 0 0 0 0 1 0 0]	[0 0 1 0 0 0 0 0 0 0 0 0]	[0 0 1 0 0 0]	[0 0 0 0 1 0]
8	-0.5	8.924798965454102	2.5446441173553467	2.5395965576171875	1.9189083576202393	1.9216498136520386	False	[0 0 0 0 0 0 0 0 0 0 0 0]	[0 0 0 0 0 0 0 0 0 0 0 0]	[0 0 0 0 0 0]	[0 0 1 0 1 0]
8	0.395580530166626	8.922215461730957	2.538006067276001	2.535000801086426	1.9264167547225952	1.9227921962738037	False	[0 0 0 0 0 0 0 0 0 1 0 0]	[0 1 0 0 0 0 0 0 0 0 0 0]	[0 0 1 0 0 0]	[0 0 1 0 0 0]
8	-0.5	8.92532730102539	2.544593334197998	2.5400733947753906	1.919486403465271	1.9211742877960205	False	[0 0 0 0 0 0 0 0 0 0 0 0]	[0 1 1 0 0 0 0 0 0 0 0 0]	[0 0 0 0 0 0]	[0 0 0 0 0 0]
8	0.3877524435520172	8.928792953491211	2.5434255599975586	2.5389444828033447	1.9239990711212158	1.9224247932434082	False	[0 0 0 0 0 0 0 0 0 1 0 0]	[0 0 1 0 0 0 0 0 0 0 0 0]	[0 0 1 0 0 0]	[0 0 1 0 0 0]
8	-1.0	8.925353050231934	2.544668674468994	2.5399351119995117	1.919695496559143	1.9210535287857056	False	[0 0 0 0 0 0 0 0 0 0 0 0]	[0 0 0 0 0 0 0 0 0 0 0 0]	[0 0 0 0 0 0]	[0 0 0 0 0 0]
8	0.40673795342445374	8.904014587402344	2.530404806137085	2.529379367828369	1.9257481098175049	1.918483018875122	False	[0 0 0 0 0 0 0 0 0 1 0 0]	[0 1 0 0 0 0 0 0 0 0 0 0]	[0 0 1 0 0 0]	[0 0 0 0 1 0]
8	-0.5	8.923942565917969	2.5446150302886963	2.539621591567993	1.9182195663452148	1.9214868545532227	False	[0 0 0 0 0 0 0 0 0 0 0 0]	[0 1 1 0 0 0 0 0 0 0 0 0]	[0 0 0 0 0 0]	[0 0 1 0 1 0]
8	0.46203407645225525	8.929595947265625	2.5424082279205322	2.5380232334136963	1.924695611000061	1.924469232559204	False	[0 0 0 0 0 0 0 0 0 1 0 0]	[0 0 1 0 0 0 0 0 0 0 0 0]	[0 0 1 0 0 0]	[0 0 0 0 1 0]
8	-0.5	8.923707962036133	2.544363498687744	2.5396265983581543	1.918929100036621	1.9207892417907715	False	[0 0 0 0 0 0 0 0 0 0 0 0]	[0 0 0 0 0 0 0 0 0 0 0 0]	[0 0 0 0 0 0]	[0 0 1 0 1 0]
8	0.38001009821891785	8.921375274658203	2.5379998683929443	2.5345871448516846	1.9257875680923462	1.9230012893676758	False	[0 0 0 0 0 0 0 0 0 1 0 0]	[0 1 0 0 0 0 0 0 0 0 0 0]	[0 0 1 0 0 0]	[0 0 1 0 0 0]
8	-0.5	8.92510986328125	2.544710636138916	2.5399067401885986	1.9191783666610718	1.9213142395019531	False	[0 0 0 0 0 0 0 0 0 0 0 0]	[0 1 1 0 0 0 0 0 0 0 0 0]	[0 0 0 0 0 0]	[0 0 0 0 0 0]
9	0.220468670129776	8.89205265045166	2.536972999572754	2.520676374435425	1.9197657108306885	1.9146376848220825	False	[0 0 0 1 0 0 0 0 0 0 0 0]	[0 0 0 0 0 0 1 0 0 0 0 0]	[0 0 1 0 0 0]	[0 0 0 0 1 0]
9	0.23306529223918915	8.907581329345703	2.5489842891693115	2.5294692516326904	1.9152424335479736	1.9138853549957275	False	[0 0 0 1 0 0 0 1 0 0 0 0]	[0 0 0 0 0 0 0 0 0 0 0 0]	[0 0 0 0 0 0]	[0 0 1 0 1 0]
9	0.20176845788955688	8.907999038696289	2.5481369495391846	2.528639078140259	1.916832447052002	1.9143905639648438	False	[0 0 0 1 0 0 0 0 0 0 0 0]	[0 0 0 0 0 0 1 0 0 0 0 0]	[0 0 1 0 0 0]	[0 0 0 0 1 0]
9	0.22143514454364777	8.905335426330566	2.5479989051818848	2.5283265113830566	1.9155993461608887	1.9134104251861572	False	[0 0 0 1 0 0 0 1 0 0 0 0]	[0 0 0 0 0 0 0 0 0 0 0 0]	[0 0 0 0 0 0]	[0 0 1 0 1 0]
9	0.21326720714569092	8.909919738769531	2.549011707305908	2.529752731323242	1.9161770343780518	1.9149779081344604	False	[0 0 0 1 0 0 0 0 0 0 0 0]	[0 0 0 0 0 0 1 0 0 0 0 0]	[0 0 1 0 0 0]	[0 0 0 0 1 0]
9	0.2476329505443573	8.906064987182617	2.548491954803467	2.5285940170288086	1.9154349565505981	1.9135444164276123	False	[0 0 0 1 0 0 0 1 0 0 0 0]	[0 0 0 0 0 0 0 0 0 0 0 0]	[0 0 0 0 0 0]	[0 0 1 0 1 0]
9	0.21291635930538177	8.905807495117188	2.5475974082946777	2.528424024581909	1.9160670042037964	1.9137187004089355	False	[0 0 0 1 0 0 0 0 0 0 0 0]	[0 0 0 0 0 0 1 0 0 0 0 0]	[0 0 1 0 0 0]	[0 0 0 0 1 0]
9	0.23073311150074005	8.906025886535645	2.5483765602111816	2.5283074378967285	1.915778398513794	1.9135634899139404	False	[0 0 0 1 0 0 0 1 0 0 0 0]	[0 0 0 0 0 0 0 0 0 0 0 0]	[0 0 0 0 0 0]	[0 0 1 0 1 0]
9	0.19568821787834167	8.904311180114746	2.5471205711364746	2.5276660919189453	1.9163342714309692	1.9131903648376465	False	[0 0 0 1 0 0 0 0 0 0 0 0]	[0 0 0 0 0 0 1 0 0 0 0 0]	[0 0 1 0 0 0]	[0 0 0 0 1 0]
9	0.25466668605804443	8.907390594482422	2.548811912536621	2.529057025909424	1.9155642986297607	1.9139574766159058	False	[0 0 0 1 0 0 0 1 0 0 0 0]	[0 0 0 0 0 0 0 0 0 0 0 0]	[0 0 0 0 0 0]	[0 0 1 0 1 0]
9	0.19759869575500488	8.908724784851074	2.548879861831665	2.528995990753174	1.9163464307785034	1.9145017862319946	False	[0 0 0 1 0 0 0 0 0 0 0 0]	[0 0 0 0 0 0 1 0 0 0 0 0]	[0 0 1 0 0 0]	[0 0 0 0 1 0]
9	0.26032155752182007	8.907159805297852	2.5487892627716064	2.5290207862854004	1.9155945777893066	1.9137547016143799	False	[0 0 0 1 0 0 0 1 0 0 0 0]	[0 0 0 0 0 0 0 0 0 0 0 0]	[0 0 0 0 0 0]	[0 0 1 0 1 0]
9	0.19147777557373047	8.906352996826172	2.5474092960357666	2.5281593799591064	1.916839599609375	1.9139446020126343	False	[0 0 0 1 0 0 0 0 0 0 0 0]	[0 0 0 0 0 0 1 0 0 0 0 0]	[0 0 1 0 0 0]	[0 0 0 0 1 0]
9	0.24843600392341614	8.906911849975586	2.5488340854644775	2.529454231262207	1.915088176727295	1.9135358333587646	False	[0 0 0 1 0 0 0 1 0 0 0 0]	[0 0 0 0 0 0 0 0 0 0 0 0]	[0 0 0 0 0 0]	[0 0 1 0 1 0]
9	0.2101096659898758	8.906706809997559	2.548041343688965	2.528311252593994	1.916461706161499	1.9138929843902588	False	[0 0 0 1 0 0 0 0 0 0 0 0]	[0 0 0 0 0 0 1 0 0 0 0 0]	[0 0 1 0 0 0]	[0 0 0 0 1 0]
9	0.24602963030338287	8.90693473815918	2.5486552715301514	2.5288925170898438	1.9156914949417114	1.9136950969696045	False	[0 0 0 1 0 0 0 1 0 0 0 0]	[0 0 0 0 0 0 0 0 0 0 0 0]	[0 0 0 0 0 0]	[0 0 1 0 1 0]
9	0.20086538791656494	8.90961742401123	2.5489442348480225	2.5295283794403076	1.9164140224456787	1.9147312641143799	False	[0 0 0 1 0 0 0 0 0 0 0 0]	[0 0 0 0 0 0 1 0 0 0 0 0]	[0 0 1 0 0 0]	[0 0 0 0 1 0]
9	0.22998839616775513	8.90998649597168	2.5497920513153076	2.530163049697876	1.915534257888794	1.9144970178604126	False	[0 0 0 1 0 0 0 1 0 0 0 0]	[0 0 0 0 0 0 0 0 0 0 0 0]	[0 0 0 0 0 0]	[0 0 1 0 1 0]
9	0.22780434787273407	8.906928062438965	2.548184394836426	2.5283801555633545	1.916391134262085	1.9139717817306519	False	[0 0 0 1 0 0 0 0 0 0 0 0]	[0 0 0 0 0 0 1 0 0 0 0 0]	[0 0 1 0 0 0]	[0 0 0 0 1 0]
9	0.25570568442344666	8.904801368713379	2.5479304790496826	2.528097629547119	1.9153974056243896	1.913375735282898	False	[0 0 0 1 0 0 0 1 0 0 0 0]	[0 0 0 0 0 0 0 0 0 0 0 0]	[0 0 0 0 0 0]	[0 0 1 0 1 0]
9	0.2112872302532196	8.90691089630127	2.548069715499878	2.5284976959228516	1.9163360595703125	1.9140069484710693	False	[0 0 0 1 0 0 0 0 0 0 0 0]	[0 0 0 0 0 0 1 0 0 0 0 0]	[0 0 1 0 0 0]	[0 0 0 0 1 0]
9	0.22513025999069214	8.90602970123291	2.5479419231414795	2.528446674346924	1.9160041809082031	1.913637399673462	False	[0 0 0 1 0 0 0 1 0 0 0 0]	[0 0 0 0 0 0 0 0 0 0 0 0]	[0 0 0 0 0 0]	[0 0 1 0 1 0]
9	0.20635993778705597	8.907382011413574	2.5477774143218994	2.5284838676452637	1.9167468547821045	1.9143731594085693	False	[0 0 0 1 0 0 0 0 0 0 0 0]	[0 0 0 0 0 0 1 0 0 0 0 0]	[0 0 1 0 0 0]	[0 0 0 0 1 0]
9	0.24494388699531555	8.905776977539062	2.5480918884277344	2.528564214706421	1.9156334400177002	1.913487195968628	False	[0 0 0 1 0 0 0 1 0 0 0 0]	[0 0 0 0 0 0 0 0 0 0 0 0]	[0 0 0 0 0 0]	[0 0 1 0 1 0]
9	0.22471314668655396	8.908073425292969	2.5485262870788574	2.5286548137664795	1.9165117740631104	1.9143811464309692	False	[0 0 0 1 0 0 0 0 0 0 0 0]	[0 0 0 0 0 0 1 0 0 0 0 0]	[0 0 1 0 0 0]	[0 0 0 0 1 0]
9	0.22635051608085632	8.908395767211914	2.549337387084961	2.5294158458709717	1.9153796434402466	1.9142626523971558	False	[0 0 0 1 0 0 0 1 0 0 0 0]	[0 0 0 0 0 0 0 0 0 0 0 0]	[0 0 0 0 0 0]	[0 0 1 0 1 0]
9	0.22055836021900177	8.909468650817871	2.548685073852539	2.529540538787842	1.9161878824234009	1.9150550365447998	False	[0 0 0 1 0 0 0 0 0 0 0 0]	[0 0 0 0 0 0 1 0 0 0 0 0]	[0 0 1 0 0 0]	[0 0 0 0 1 0]
9	0.22809180617332458	8.904362678527832	2.547807455062866	2.5279276371002197	1.915571689605713	1.9130560159683228	False	[0 0 0 1 0 0 0 1 0 0 0 0]	[0 0 0 0 0 0 0 0 0 0 0 0]	[0 0 0 0 0 0]	[0 0 1 0 1 0]
9	0.23454715311527252	8.905672073364258	2.5475730895996094	2.5282442569732666	1.9162580966949463	1.9135971069335938	False	[0 0 0 1 0 0 0 0 0 0 0 0]	[0 0 0 0 0 0 1 0 0 0 0 0]	[0 0 1 0 0 0]	[0 0 0 0 1 0]
9	0.22182925045490265	8.908848762512207	2.5492138862609863	2.5303142070770264	1.9150840044021606	1.914237380027771	False	[0 0 0 1 0 0 0 1 0 0 0 0]	[0 0 0 0 0 0 0 0 0 0 0 0]	[0 0 0 0 0 0]	[0 0 1 0 1 0]
10	0.353214293718338	8.866670608520508	2.5121357440948486	2.511503219604492	1.92128586769104	1.9217458963394165	False	[0 0 0 0 0 0 0 0 0 0 0 1]	[0 0 0 0 0 0 0 0 1 0 0 0]	[0 0 1 0 0 0]	[0 0 0 0 0 1]
10	0.26354894042015076	8.877287864685059	2.519771099090576	2.5303127765655518	1.9108315706253052	1.916372537612915	False	[0 0 0 0 0 1 0 0 0 0 0 1]	[0 0 0 0 1 0 0 0 1 0 0 0]	[0 0 1 0 1 0]	[0 0 0 0 0 0]
10	0.34874409437179565	8.891950607299805	2.524923324584961	2.533658027648926	1.9139620065689087	1.9194068908691406	False	[0 0 0 0 0 0 0 0 0 0 0 1]	[0 0 0 0 0 0 0 0 1 0 0 0]	[0 0 1 0 0 0]	[0 0 0 0 0 1]
10	0.24715523421764374	8.880985260009766	2.5213875770568848	2.5317347049713135	1.9107149839401245	1.9171473979949951	False	[0 0 0 0 0 1 0 0 0 0 0 1]	[0 0 0 0 1 0 0 0 1 0 0 0]	[0 0 1 0 1 0]	[0 0 0 0 0 0]
10	0.3757771849632263	8.89122486114502	2.5243566036224365	2.5332894325256348	1.9140574932098389	1.9195210933685303	False	[0 0 0 0 0 0 0 0 0 0 0 1]	[0 0 0 0 0 0 0 0 1 0 0 0]	[0 0 1 0 0 0]	[0 0 0 0 0 1]
10	0.2960719168186188	8.880977630615234	2.5213747024536133	2.531355142593384	1.9112062454223633	1.917041301727295	False	[0 0 0 0 0 1 0 0 0 0 0 1]	[0 0 0 0 1 0 0 0 1 0 0 0]	[0 0 1 0 1 0]	[0 0 0 0 0 0]
10	0.3556865155696869	8.890410423278809	2.5238723754882812	2.5331876277923584	1.9140994548797607	1.91925048828125	False	[0 0 0 0 0 0 0 0 0 0 0 1]	[0 0 0 0 0 0 0 0 1 0 0 0]	[0 0 1 0 0 0]	[0 0 0 0 0 1]
10	0.26472485065460205	8.880289077758789	2.5209643840789795	2.5314548015594482	1.9109158515930176	1.916954517364502	False	[0 0 0 0 0 1 0 0 0 0 0 1]	[0 0 0 0 1 0 0 0 1 0 0 0]	[0 0 1 0 1 0]	[0 0 0 0 0 0]
10	0.33978670835494995	8.890710830688477	2.5244691371917725	2.53352427482605	1.9135615825653076	1.919156551361084	False	[0 0 0 0 0 0 0 0 0 0 0 1]	[0 0 0 0 0 0 0 0 1 0 0 0]	[0 0 1 0 0 0]	[0 0 0 0 0 1]
10	0.2966827154159546	8.881709098815918	2.5217485427856445	2.5313236713409424	1.9115300178527832	1.917107343673706	False	[0 0 0 0 0 1 0 0 0 0 0 1]	[0 0 0 0 1 0 0 0 1 0 0 0]	[0 0 1 0 1 0]	[0 0 0 0 0 0]
10	0.35021644830703735	8.89162826538086	2.5245838165283203	2.5335898399353027	1.913798213005066	1.9196566343307495	False	[0 0 0 0 0 0 0 0 0 0 0 1]	[0 0 0 0 0 0 0 0 1 0 0 0]	[0 0 1 0 0 0]	[0 0 0 0 0 1]
10	0.26854971051216125	8.883125305175781	2.5220658779144287	2.5318830013275146	1.911912441253662	1.9172642230987549	False	[0 0 0 0 0 1 0 0 0 0 0 1]	[0 0 0 0 1 0 0 0 1 0 0 0]	[0 0 1 0 1 0]	[0 0 0 0 0 0]
10	0.3440544009208679	8.89442253112793	2.525383472442627	2.534306287765503	1.9146826267242432	1.920051097869873	False	[0 0 0 0 0 0 0 0 0 0 0 1]	[0 0 0 0 0 0 0 0 1 0 0 0]	[0 0 1 0 0 0]	[0 0 0 0 0 1]
10	0.2624828815460205	8.886337280273438	2.523808717727661	2.5331225395202637	1.911600947380066	1.91780424118042	False	[0 0 0 0 0 1 0 0 0 0 0 1]	[0 0 0 0 1 0 0 0 1 0 0 0]	[0 0 1 0 1 0]	[0 0 0 0 0 0]
10	0.3297525644302368	8.89516830444336	2.526336669921875	2.535034418106079	1.9140770435333252	1.9197211265563965	False	[0 0 0 0 0 0 0 0 0 0 0 1]	[0 0 0 0 0 0 0 0 1 0 0 0]	[0 0 1 0 0 0]	[0 0 0 0 0 1]
10	0.26147398352622986	8.879637718200684	2.520456552505493	2.530994176864624	1.9112001657485962	1.9169871807098389	False	[0 0 0 0 0 1 0 0 0 0 0 1]	[0 0 0 0 1 0 0 0 1 0 0 0]	[0 0 1 0 1 0]	[0 0 0 0 0 0]
10	0.3556356430053711	8.892322540283203	2.525300979614258	2.5340399742126465	1.9138872623443604	1.9190940856933594	False	[0 0 0 0 0 0 0 0 0 0 0 1]	[0 0 0 0 0 0 0 0 1 0 0 0]	[0 0 1 0 0 0]	[0 0 0 0 0 1]
10	0.2594473958015442	8.87757396697998	2.5199947357177734	2.530055046081543	1.9109917879104614	1.9165326356887817	False	[0 0 0 0 0 1 0 0 0 0 0 1]	[0 0 0 0 1 0 0 0 1 0 0 0]	[0 0 1 0 1 0]	[0 0 0 0 0 0]
10	0.33086922764778137	8.89192008972168	2.524839401245117	2.533761978149414	1.9139994382858276	1.9193193912506104	False	[0 0 0 0 0 0 0 0 0 0 0 1]	[0 0 0 0 0 0 0 0 1 0 0 0]	[0 0 1 0 0 0]	[0 0 0 0 0 1]
10	0.2704470455646515	8.881394386291504	2.521721124649048	2.5314905643463135	1.9112613201141357	1.9169213771820068	False	[0 0 0 0 0 1 0 0 0 0 0 1]	[0 0 0 0 1 0 0 0 1 0 0 0]	[0 0 1 0 1 0]	[0 0 0 0 0 0]
10	0.30645760893821716	8.894977569580078	2.5257062911987305	2.5348691940307617	1.9143836498260498	1.9200185537338257	False	[0 0 0 0 0 0 0 0 0 0 0 1]	[0 0 0 0 0 0 0 0 1 0 0 0]	[0 0 1 0 0 0]	[0 0 0 0 0 1]
10	0.2523394823074341	8.882290840148926	2.521615743637085	2.5313570499420166	1.9119555950164795	1.9173625707626343	False	[0 0 0 0 0 1 0 0 0 0 0 1]	[0 0 0 0 1 0 0 0 1 0 0 0]	[0 0 1 0 1 0]	[0 0 0 0 0 0]
10	0.35911962389945984	8.889458656311035	2.5234286785125732	2.5327651500701904	1.914278507232666	1.9189860820770264	False	[0 0 0 0 0 0 0 0 0 0 0 1]	[0 0 0 0 0 0 0 0 1 0 0 0]	[0 0 1 0 0 0]	[0 0 0 0 0 1]
10	0.2595460116863251	8.878527641296387	2.520559787750244	2.5307230949401855	1.9105843305587769	1.9166600704193115	False	[0 0 0 0 0 1 0 0 0 0 0 1]	[0 0 0 0 1 0 0 0 1 0 0 0]	[0 0 1 0 1 0]	[0 0 0 0 0 0]
10	0.3434399366378784	8.890619277954102	2.524507522583008	2.5335795879364014	1.9136598110198975	1.9188717603683472	False	[0 0 0 0 0 0 0 0 0 0 0 1]	[0 0 0 0 0 0 0 0 1 0 0 0]	[0 0 1 0 0 0]	[0 0 0 0 0 1]
10	0.2756548523902893	8.881986618041992	2.5219883918762207	2.5317952632904053	1.911078929901123	1.917124629020691	False	[0 0 0 0 0 1 0 0 0 0 0 1]	[0 0 0 0 1 0 0 0 1 0 0 0]	[0 0 1 0 1 0]	[0 0 0 0 0 0]
10	0.32708320021629333	8.887979507446289	2.522524833679199	2.5322957038879395	1.9141002893447876	1.9190583229064941	False	[0 0 0 0 0 0 0 0 0 0 0 1]	[0 0 0 0 0 0 0 0 1 0 0 0]	[0 0 1 0 0 0]	[0 0 0 0 0 1]
10	0.26795071363449097	8.88113784790039	2.5218896865844727	2.531480550765991	1.9109587669372559	1.9168087244033813	False	[0 0 0 0 0 1 0 0 0 0 0 1]	[0 0 0 0 1 0 0 0 1 0 0 0]	[0 0 1 0 1 0]	[0 0 0 0 0 0]
10	0.35076069831848145	8.894322395324707	2.525468587875366	2.534440755844116	1.9142793416976929	1.920133352279663	False	[0 0 0 0 0 0 0 0 0 0 0 1]	[0 0 0 0 0 0 0 0 1 0 0 0]	[0 0 1 0 0 0]	[0 0 0 0 0 1]
10	0.27692320942878723	8.880109786987305	2.521022081375122	2.531029462814331	1.911126732826233	1.9169315099716187	False	[0 0 0 0 0 1 0 0 0 0 0 1]	[0 0 0 0 1 0 0 0 1 0 0 0]	[0 0 1 0 1 0]	[0 0 0 0 0 0]
