# num_workers = 7
# num_cells = 256
# seed_for_environment = 1618033
# lr = 0.0003
# max_grad_norm = 1.0
# eval_rollout_length = 30
# scaling_factor = 1000
# frames_per_batch = 500
# sub_batch_size = 64
# num_epochs = 15
# clip_epsilon = 0.2
# gamma = 0.99
# lmbda = 0.95
# entropy_eps = 0.03
# env_reward_engineering = True
# env_minimum_number_of_qubits = 8
# log_name = search_9_6_seed_1618033
# env_error_range = geometric5
# env_version = qecc/bbcode-ldpc-v0
# env_bit_flipping = True
# env_l = 9
# env_m = 6
# env_use_dict_observation = True
# env_number_of_decoder_iterations = 50
# env_number_of_samples = 50
# env_code_logging = False
# env_reset_type = random3
# model_architecture = hybrid
# model_surrogate_model_path = /vol/bitbucket/osella/rl-qecc-data//supervisedLearning/2026-07-12_21-15-58/surrogate_6x6.pth
# model_use_pretrained_encoder = True
# index_to_unfreeze_encoder_updates = 20
# encoder_lr_factor = 0.1
# training_device = cpu
# Resolved arguments:
# Resolved_env_reward_engineering = True
# Resolved_env_bit_flipping = True
# Resolved_env_useDictObservation = True
# Resolved_env_code_logging = False
# Resolved_env_reset_type = random3
# Resolved_env_error_range = [np.float64(0.001), np.float64(0.003162), np.float64(0.01), np.float64(0.031623), np.float64(0.1)]
# Resolved_model_use_pretrained_encoder = True
# Resolved_trainingDevice = cpu
# Resolved_model_architecture = hybrid
# Just for information, not used in actual run: SLURM CPUS queried from os environment: 96
# Number of workers: 7
# Does torch identify cuda: False
evaluation number	reward	policy entropy	policy entropy aX	policy entropy bX	policy entropy aY	policy entropy bY	Encoder freeze	postAction_aX	postAction_bX	postAction_aY	postAction_bY
0	-0.5	8.458343505859375	2.2924225330352783	2.2906084060668945	1.9380929470062256	1.9372197389602661	True	[0 0 0 0 1 0 0 0 1]	[0 0 0 0 0 0 0 1 0]	[0 0 0 0 0 0]	[0 1 0 0 0 1]
0	-1.0	8.439919471740723	2.285867691040039	2.2814483642578125	1.9407016038894653	1.9319020509719849	True	[0 0 0 1 1 0 0 0 1]	[0 1 0 0 0 0 0 1 0]	[0 0 0 0 0 1]	[1 1 0 0 0 1]
0	-1.0	8.439580917358398	2.288560390472412	2.2883694171905518	1.9292128086090088	1.9334381818771362	True	[0 0 0 1 1 0 0 1 1]	[0 1 0 1 0 0 0 1 0]	[0 0 1 0 0 1]	[1 1 0 0 1 1]
0	-1.0	8.446866989135742	2.294250249862671	2.284240245819092	1.9316794872283936	1.9366965293884277	True	[0 0 0 1 1 0 0 0 1]	[0 1 0 0 0 0 0 1 0]	[0 0 1 0 0 0]	[1 1 0 0 0 1]
0	-1.0	8.439661026000977	2.28363037109375	2.2912566661834717	1.9301304817199707	1.9346435070037842	True	[0 0 0 1 1 0 0 1 1]	[0 1 0 1 0 0 0 1 0]	[0 0 0 0 0 0]	[1 1 0 0 1 1]
0	-1.0	8.444897651672363	2.2888314723968506	2.286212205886841	1.9332491159439087	1.9366049766540527	True	[0 0 0 1 1 0 0 1 0]	[0 1 0 0 0 0 0 1 0]	[0 0 0 0 1 0]	[0 1 0 0 1 1]
0	-1.0	8.443338394165039	2.2889673709869385	2.2901999950408936	1.9292662143707275	1.9349052906036377	True	[0 0 0 1 1 0 0 0 0]	[0 1 0 1 0 0 0 1 0]	[0 0 1 0 1 0]	[0 1 0 0 0 1]
0	-1.0	8.45150089263916	2.2883176803588867	2.2896406650543213	1.9333698749542236	1.9401730298995972	True	[0 0 0 1 1 0 0 1 0]	[0 1 0 0 0 0 0 1 0]	[0 0 0 0 1 0]	[0 1 0 0 1 1]
0	-1.0	8.446234703063965	2.288771390914917	2.2914371490478516	1.9309552907943726	1.9350708723068237	True	[0 0 0 1 1 0 0 0 0]	[0 1 0 1 0 0 0 1 0]	[0 0 1 0 1 0]	[0 1 0 0 0 1]
0	-1.0	8.453741073608398	2.2884533405303955	2.291557788848877	1.9344613552093506	1.9392683506011963	True	[0 0 0 1 1 0 0 1 0]	[0 1 0 0 0 0 0 1 0]	[0 0 0 0 1 0]	[0 1 0 0 1 1]
0	-1.0	8.442065238952637	2.287890672683716	2.290630340576172	1.9294319152832031	1.934112310409546	True	[0 0 0 1 1 0 0 0 0]	[0 1 0 1 0 0 0 1 0]	[0 0 1 0 1 0]	[0 1 0 0 0 1]
0	-1.0	8.45256233215332	2.2880032062530518	2.2910923957824707	1.93352210521698	1.9399447441101074	True	[0 0 0 1 1 0 0 1 0]	[0 1 0 0 0 0 0 1 0]	[0 0 0 0 1 0]	[0 1 0 0 1 1]
0	-1.0	8.442253112792969	2.2882535457611084	2.291203737258911	1.928871750831604	1.9339244365692139	True	[0 0 0 1 1 0 0 0 0]	[0 1 0 1 0 0 0 1 0]	[0 0 1 0 1 0]	[0 1 0 0 0 1]
0	-1.0	8.451729774475098	2.287890911102295	2.2898647785186768	1.9342031478881836	1.9397703409194946	True	[0 0 0 1 1 0 0 1 0]	[0 1 0 0 0 0 0 1 0]	[0 0 1 0 0 0]	[0 1 0 0 1 1]
0	-0.5	8.450149536132812	2.291261672973633	2.2888405323028564	1.932350516319275	1.9376965761184692	True	[0 0 0 1 1 0 0 0 0]	[0 1 0 1 0 0 0 1 0]	[0 0 0 0 0 0]	[0 1 0 0 0 1]
0	-1.0	8.457292556762695	2.2849738597869873	2.2946670055389404	1.936939001083374	1.9407126903533936	True	[0 0 0 1 1 0 0 1 0]	[0 1 0 0 0 0 0 1 0]	[0 0 1 0 0 0]	[0 1 0 0 1 1]
0	-0.5	8.450552940368652	2.2914695739746094	2.2902579307556152	1.9314581155776978	1.9373677968978882	True	[0 0 0 1 1 0 0 0 0]	[0 1 0 1 0 0 0 1 0]	[0 0 0 0 0 0]	[0 1 0 0 0 1]
0	-1.0	8.456805229187012	2.282945394515991	2.295454502105713	1.9381814002990723	1.9402239322662354	True	[0 0 0 1 1 0 0 1 0]	[0 1 0 0 0 0 0 1 0]	[0 0 0 0 1 0]	[0 1 0 0 1 1]
0	-1.0	8.443208694458008	2.2882795333862305	2.2921013832092285	1.928139567375183	1.9346877336502075	True	[0 0 0 1 1 0 0 0 0]	[0 1 0 1 0 0 0 1 0]	[0 0 1 0 1 0]	[0 1 0 0 0 1]
0	-1.0	8.458110809326172	2.289452075958252	2.291660785675049	1.9361103773117065	1.940887451171875	True	[0 0 0 1 1 0 0 1 0]	[0 1 0 0 0 0 0 1 0]	[0 0 0 0 1 0]	[0 1 0 0 1 1]
0	-1.0	8.450994491577148	2.2898001670837402	2.292186975479126	1.931886911392212	1.9371203184127808	True	[0 0 0 1 1 0 0 0 0]	[0 1 0 1 0 0 0 1 0]	[0 0 1 0 1 0]	[0 1 0 0 0 1]
0	-1.0	8.450859069824219	2.2870101928710938	2.2909793853759766	1.9331696033477783	1.939699649810791	True	[0 0 0 1 1 0 0 1 0]	[0 1 0 0 0 0 0 1 0]	[0 0 1 0 0 0]	[0 1 0 0 1 1]
0	-0.5	8.4544038772583	2.2902936935424805	2.2913787364959717	1.9341130256652832	1.9386181831359863	True	[0 0 0 1 1 0 0 0 0]	[0 1 0 1 0 0 0 1 0]	[0 0 0 0 0 0]	[0 1 0 0 0 1]
0	-1.0	8.455302238464355	2.2825253009796143	2.294966697692871	1.9366248846054077	1.9411851167678833	True	[0 0 0 1 1 0 0 1 0]	[0 1 0 0 0 0 0 1 0]	[0 0 0 0 0 1]	[0 1 0 0 1 1]
0	-0.5	8.441734313964844	2.288167715072632	2.289586067199707	1.9282437562942505	1.9357361793518066	True	[0 0 0 1 1 0 0 0 0]	[0 1 0 1 0 0 0 1 0]	[0 0 1 0 0 1]	[0 1 0 0 0 1]
0	-1.0	8.455875396728516	2.292924642562866	2.288923501968384	1.9345214366912842	1.9395053386688232	True	[0 0 0 1 1 0 0 1 0]	[0 1 0 0 0 0 0 1 0]	[0 0 1 0 0 0]	[0 1 0 0 1 1]
0	-0.5	8.451716423034668	2.2915377616882324	2.289708137512207	1.9327757358551025	1.9376943111419678	True	[0 0 0 1 1 0 0 0 0]	[0 1 0 1 0 0 0 1 0]	[0 0 0 0 0 0]	[0 1 0 0 0 1]
0	-1.0	8.457527160644531	2.285344123840332	2.2941908836364746	1.9375752210617065	1.9404163360595703	True	[0 0 0 1 1 0 0 1 0]	[0 1 0 0 0 0 0 1 0]	[0 0 1 0 0 0]	[0 1 0 0 1 1]
0	-0.5	8.455879211425781	2.291012763977051	2.290160655975342	1.9355653524398804	1.9391403198242188	True	[0 0 0 1 1 0 0 0 0]	[0 1 0 1 0 0 0 1 0]	[0 0 0 0 0 0]	[0 1 0 0 0 1]
0	-1.0	8.453923225402832	2.2828359603881836	2.2939815521240234	1.936150074005127	1.9409555196762085	True	[0 0 0 1 1 0 0 1 0]	[0 1 0 0 0 0 0 1 0]	[0 0 0 0 0 1]	[0 1 0 0 1 1]
1	-1.0	7.738506317138672	2.033856153488159	2.190999984741211	1.6918648481369019	1.8217852115631104	True	[0 0 1 1 0 0 0 0 0]	[0 0 1 1 0 0 0 0 0]	[0 0 0 1 1 1]	[0 0 0 1 0 0]
1	-1.0	7.9457902908325195	2.1278610229492188	2.2009475231170654	1.7628401517868042	1.8541414737701416	True	[0 0 0 1 0 0 0 0 0]	[1 0 1 1 0 0 0 0 0]	[0 0 0 0 1 1]	[0 0 0 0 0 0]
1	-1.0	7.874141693115234	2.103492498397827	2.1967506408691406	1.7292208671569824	1.8446776866912842	True	[0 0 1 1 0 0 0 0 0]	[0 0 1 1 0 0 0 0 0]	[0 0 0 1 1 1]	[0 0 0 1 0 0]
1	-1.0	7.931212425231934	2.1331942081451416	2.2143216133117676	1.7447514533996582	1.8389450311660767	True	[0 0 0 1 0 0 0 0 0]	[1 0 1 1 0 0 0 0 0]	[0 0 0 0 1 1]	[0 0 0 0 0 0]
1	-1.0	7.852880477905273	2.084800958633423	2.1925911903381348	1.7275019884109497	1.8479859828948975	True	[0 0 1 1 0 0 0 0 0]	[0 0 1 1 0 0 0 0 0]	[0 0 0 1 1 1]	[0 0 0 1 0 0]
1	-1.0	7.895325183868408	2.0948615074157715	2.2162578105926514	1.7430813312530518	1.8411248922348022	True	[0 0 0 1 0 0 0 0 0]	[1 0 1 1 0 0 0 0 0]	[0 0 0 0 1 1]	[0 0 0 0 0 0]
1	-1.0	7.844840049743652	2.0826404094696045	2.2041711807250977	1.733210563659668	1.8248177766799927	True	[0 0 1 1 0 0 0 0 0]	[0 0 1 1 0 0 0 0 0]	[0 0 0 1 1 1]	[0 0 0 1 0 0]
1	-1.0	7.96319580078125	2.1439571380615234	2.2016589641571045	1.7641913890838623	1.853387713432312	True	[0 0 0 1 0 0 0 0 0]	[1 0 1 1 0 0 0 0 0]	[0 0 0 0 1 1]	[0 0 0 0 0 0]
1	-1.0	7.883085250854492	2.1214041709899902	2.202934980392456	1.7310833930969238	1.827662706375122	True	[0 0 1 1 0 0 0 0 0]	[1 0 1 0 0 0 0 0 0]	[0 0 0 1 1 1]	[0 0 0 1 0 0]
1	-1.0	8.009047508239746	2.1251940727233887	2.2450168132781982	1.776989459991455	1.8618476390838623	True	[0 0 0 1 0 0 0 0 0]	[0 0 1 0 0 0 0 0 0]	[0 0 0 0 1 1]	[0 0 0 0 0 0]
1	-1.0	7.700655460357666	2.0199074745178223	2.180490255355835	1.6821345090866089	1.8181233406066895	True	[0 0 1 1 0 0 0 0 0]	[0 0 1 1 0 0 0 0 0]	[0 0 0 1 1 1]	[0 0 0 1 0 0]
1	-1.0	7.953669548034668	2.1375484466552734	2.2188987731933594	1.7463891506195068	1.8508329391479492	True	[0 0 0 1 0 0 0 0 0]	[1 0 1 1 0 0 0 0 0]	[0 0 0 0 1 1]	[0 0 0 0 0 0]
1	-1.0	7.869233131408691	2.09926176071167	2.2012569904327393	1.723151683807373	1.845562219619751	True	[0 0 1 1 0 0 0 0 0]	[0 0 1 1 0 0 0 0 0]	[0 0 0 1 1 1]	[0 0 0 1 0 0]
1	-1.0	7.942866802215576	2.1277785301208496	2.217910051345825	1.7512743473052979	1.845903992652893	True	[0 0 0 1 0 0 0 0 0]	[1 0 1 1 0 0 0 0 0]	[0 0 0 0 1 1]	[0 0 0 0 0 0]
1	-1.0	7.912878513336182	2.119209051132202	2.192312240600586	1.7448382377624512	1.8565188646316528	True	[0 0 1 1 0 0 0 0 0]	[1 0 1 0 0 0 0 0 0]	[0 0 0 1 1 1]	[0 0 0 1 0 0]
1	-1.0	7.944054126739502	2.08831524848938	2.2327563762664795	1.7676502466201782	1.8553322553634644	True	[0 0 0 1 0 0 0 0 0]	[0 0 1 0 0 0 0 0 0]	[0 0 0 0 1 1]	[0 0 0 0 0 0]
1	-1.0	7.73154878616333	2.0463271141052246	2.191039562225342	1.6886470317840576	1.8055347204208374	True	[0 0 1 1 0 0 0 0 0]	[0 0 1 1 0 0 0 0 0]	[0 0 0 1 1 1]	[0 0 0 1 0 0]
1	-1.0	7.945696830749512	2.1376616954803467	2.2169651985168457	1.74741792678833	1.843652367591858	True	[0 0 0 1 0 0 0 0 0]	[1 0 1 1 0 0 0 0 0]	[0 0 0 0 1 1]	[0 0 0 0 0 0]
1	-1.0	7.8554840087890625	2.0950839519500732	2.1933789253234863	1.7225773334503174	1.8444442749023438	True	[0 0 1 1 0 0 0 0 0]	[0 0 1 1 0 0 0 0 0]	[0 0 0 1 1 1]	[0 0 0 1 0 0]
1	-1.0	7.948754787445068	2.1231935024261475	2.2084414958953857	1.758393406867981	1.8587265014648438	True	[0 0 0 1 0 0 0 0 0]	[1 0 1 1 0 0 0 0 0]	[0 0 0 0 1 1]	[0 0 0 0 0 0]
1	-1.0	7.840987205505371	2.093780040740967	2.18131947517395	1.7125869989395142	1.8533008098602295	True	[0 0 1 1 0 0 0 0 0]	[0 0 1 1 0 0 0 0 0]	[0 0 0 1 1 1]	[0 0 0 1 0 0]
1	-1.0	7.992003440856934	2.1459286212921143	2.206263780593872	1.7767131328582764	1.86309814453125	True	[0 0 0 1 0 0 0 0 0]	[1 0 1 1 0 0 0 0 0]	[0 0 0 0 1 1]	[0 0 0 0 0 0]
1	-1.0	7.8842644691467285	2.1208531856536865	2.196807622909546	1.7286114692687988	1.8379921913146973	True	[0 0 1 1 0 0 0 0 0]	[0 0 1 1 0 0 0 0 0]	[0 0 0 1 1 1]	[0 0 0 1 0 0]
1	-1.0	7.925981521606445	2.11535906791687	2.218482494354248	1.749456524848938	1.8426836729049683	True	[0 0 0 1 0 0 0 0 0]	[1 0 1 1 0 0 0 0 0]	[0 0 0 0 1 1]	[0 0 0 0 0 0]
1	-1.0	7.907520294189453	2.118126153945923	2.1960315704345703	1.740269660949707	1.853093147277832	True	[0 0 1 1 0 0 0 0 0]	[1 0 1 0 0 0 0 0 0]	[0 0 0 1 1 1]	[0 0 0 1 0 0]
1	-1.0	7.998594284057617	2.1136345863342285	2.249899387359619	1.7753037214279175	1.8597562313079834	True	[0 0 0 1 0 0 0 0 0]	[0 0 1 0 0 0 0 0 0]	[0 0 0 0 1 1]	[0 0 0 0 0 0]
1	-1.0	7.7758941650390625	2.0378077030181885	2.1938045024871826	1.7125434875488281	1.8317385911941528	True	[0 0 1 1 0 0 0 0 0]	[0 0 1 1 0 0 0 0 0]	[0 0 0 1 1 1]	[0 0 0 1 0 0]
1	-1.0	7.922236919403076	2.1243948936462402	2.205364227294922	1.7449376583099365	1.847540259361267	True	[0 0 0 1 0 0 0 0 0]	[1 0 1 1 0 0 0 0 0]	[0 0 0 0 1 1]	[0 0 0 0 0 0]
1	-1.0	7.789496421813965	2.0584588050842285	2.18816876411438	1.7043814659118652	1.8384873867034912	True	[0 0 1 1 0 0 0 0 0]	[0 0 1 1 0 0 0 0 0]	[0 0 0 1 1 1]	[0 0 0 1 0 0]
1	-1.0	7.935476779937744	2.124441385269165	2.207583427429199	1.753437876701355	1.8500142097473145	True	[0 0 0 1 0 0 0 0 0]	[1 0 1 1 0 0 0 0 0]	[0 0 0 0 1 1]	[0 0 0 0 0 0]
2	-0.75	7.879673004150391	2.102186679840088	2.053534507751465	1.8292062282562256	1.8947457075119019	False	[0 0 1 0 1 0 0 0 0]	[0 1 1 1 0 0 0 1 0]	[0 0 0 0 0 0]	[1 0 1 0 1 1]
2	0.23650260269641876	7.857860088348389	2.051147222518921	2.0388801097869873	1.8479511737823486	1.9198814630508423	False	[0 0 1 1 1 0 0 0 0]	[0 1 1 0 0 0 0 1 0]	[1 0 0 0 0 0]	[1 1 1 0 1 1]
2	-0.75	7.88087272644043	2.1589393615722656	2.0928075313568115	1.8107554912567139	1.8183701038360596	False	[0 0 1 1 1 0 0 0 1]	[0 1 1 1 0 0 0 1 0]	[1 0 1 0 0 0]	[1 1 1 0 1 0]
2	-0.75	7.854660511016846	2.11196231842041	2.1130008697509766	1.7986032962799072	1.8310942649841309	False	[0 0 1 0 1 0 0 0 1]	[0 1 1 0 0 0 0 1 0]	[0 0 1 0 0 0]	[1 1 1 0 0 0]
2	-0.5	7.758194446563721	2.0297586917877197	1.9980173110961914	1.8718417882919312	1.8585766553878784	False	[0 0 1 1 1 0 0 0 1]	[0 1 1 1 0 0 0 1 0]	[1 0 1 0 0 0]	[1 0 1 0 0 0]
2	-0.5	7.603997707366943	1.9935885667800903	2.057532548904419	1.7843942642211914	1.7684823274612427	False	[0 0 1 0 1 0 0 0 1]	[0 1 1 0 0 0 0 1 0]	[0 0 1 0 0 0]	[1 0 1 0 1 0]
2	-0.5	7.728128433227539	2.0020275115966797	2.144834518432617	1.80088472366333	1.7803819179534912	False	[0 0 1 1 1 0 0 0 1]	[0 1 1 1 0 0 0 1 0]	[1 0 1 0 0 0]	[1 0 1 0 0 0]
2	-0.5	7.554036617279053	1.9828319549560547	2.062845230102539	1.74955153465271	1.7588075399398804	False	[0 0 1 0 1 0 0 0 1]	[0 1 1 0 0 0 0 1 0]	[0 0 1 0 0 0]	[1 0 1 0 1 0]
2	-0.5	7.72393798828125	1.9872082471847534	2.1368672847747803	1.8106215000152588	1.789240837097168	False	[0 0 1 1 1 0 0 0 1]	[0 1 1 1 0 0 0 1 0]	[1 0 1 0 0 0]	[1 0 1 0 0 0]
2	-0.5	7.523845672607422	1.9932960271835327	2.02866792678833	1.7466245889663696	1.7552571296691895	False	[0 0 1 0 1 0 0 0 1]	[0 1 1 0 0 0 0 1 0]	[0 0 1 0 0 0]	[1 0 1 0 1 0]
2	-0.5	7.726855278015137	1.9912139177322388	2.140625238418579	1.7954394817352295	1.7995768785476685	False	[0 0 1 1 1 0 0 0 1]	[0 1 1 1 0 0 0 1 0]	[1 0 1 0 0 0]	[1 0 1 0 0 0]
2	-0.5	7.5930986404418945	2.0281906127929688	2.054706573486328	1.749223232269287	1.760978102684021	False	[0 0 1 0 1 0 0 0 1]	[0 1 1 0 0 0 0 1 0]	[0 0 1 0 0 0]	[1 0 1 0 1 0]
2	-0.5	7.675197601318359	1.997740626335144	2.0999464988708496	1.7776687145233154	1.7998420000076294	False	[0 0 1 1 1 0 0 0 1]	[0 1 1 1 0 0 0 1 0]	[1 0 1 0 0 0]	[1 0 1 0 0 0]
2	-0.5	7.546891212463379	1.9945363998413086	2.0685484409332275	1.7466753721237183	1.7371309995651245	False	[0 0 1 0 1 0 0 0 1]	[0 1 1 0 0 0 0 1 0]	[0 0 1 0 0 0]	[1 0 1 0 1 0]
2	-0.5	7.731968879699707	1.9823416471481323	2.1529288291931152	1.801700234413147	1.7949984073638916	False	[0 0 1 1 1 0 0 0 1]	[0 1 1 1 0 0 0 1 0]	[1 0 1 0 0 0]	[1 0 1 0 0 0]
2	-0.5	7.585042476654053	1.995861530303955	2.08760666847229	1.7607309818267822	1.7408431768417358	False	[0 0 1 0 1 0 0 0 1]	[0 1 1 0 0 0 0 1 0]	[0 0 1 0 0 0]	[1 0 1 0 1 0]
2	-0.5	7.725934982299805	1.9898974895477295	2.125469923019409	1.7971707582473755	1.813396692276001	False	[0 0 1 1 1 0 0 0 1]	[0 1 1 1 0 0 0 1 0]	[1 0 1 0 0 0]	[1 0 1 0 0 0]
2	-0.5	7.6252007484436035	2.0140039920806885	2.0879738330841064	1.766567587852478	1.756655216217041	False	[0 0 1 0 1 0 0 0 1]	[0 1 1 0 0 0 0 1 0]	[0 0 1 0 0 0]	[1 0 1 0 1 0]
2	-0.5	7.68727445602417	1.9985380172729492	2.131831169128418	1.78232741355896	1.7745777368545532	False	[0 0 1 1 1 0 0 0 1]	[0 1 1 1 0 0 0 1 0]	[1 0 1 0 0 0]	[1 0 1 0 0 0]
2	-0.5	7.57790470123291	1.9875760078430176	2.0843374729156494	1.7573845386505127	1.748606562614441	False	[0 0 1 0 1 0 0 0 1]	[0 1 1 0 0 0 0 1 0]	[0 0 1 0 0 0]	[1 0 1 0 1 0]
2	-0.5	7.770005702972412	2.002674102783203	2.16090726852417	1.8108015060424805	1.7956228256225586	False	[0 0 1 1 1 0 0 0 1]	[0 1 1 1 0 0 0 1 0]	[1 0 1 0 0 0]	[1 0 1 0 0 0]
2	-0.5	7.562732696533203	1.9624764919281006	2.094158411026001	1.7632254362106323	1.7428719997406006	False	[0 0 1 0 1 0 0 0 1]	[0 1 1 0 0 0 0 1 0]	[0 0 1 0 0 0]	[1 0 1 0 1 0]
2	-0.5	7.7307538986206055	1.9747613668441772	2.1634068489074707	1.7982702255249023	1.7943155765533447	False	[0 0 1 1 1 0 0 0 1]	[0 1 1 1 0 0 0 1 0]	[1 0 1 0 0 0]	[1 0 1 0 0 0]
2	-0.5	7.525125980377197	1.9834367036819458	2.0550613403320312	1.7581539154052734	1.7284741401672363	False	[0 0 1 0 1 0 0 0 1]	[0 1 1 0 0 0 0 1 0]	[0 0 1 0 0 0]	[1 0 1 0 1 0]
2	-0.5	7.7969160079956055	2.0238521099090576	2.183987617492676	1.8075611591339111	1.7815150022506714	False	[0 0 1 1 1 0 0 0 1]	[0 1 1 1 0 0 0 1 0]	[1 0 1 0 0 0]	[1 0 1 0 0 0]
2	-0.5	7.59606409072876	2.0138463973999023	2.090559959411621	1.7469061613082886	1.7447514533996582	False	[0 0 1 0 1 0 0 0 1]	[0 1 1 0 0 0 0 1 0]	[0 0 1 0 0 0]	[1 0 1 0 1 0]
2	-0.5	7.717233657836914	1.9940561056137085	2.148775577545166	1.7862675189971924	1.7881346940994263	False	[0 0 1 1 1 0 0 0 1]	[0 1 1 1 0 0 0 1 0]	[1 0 1 0 0 0]	[1 0 1 0 0 0]
2	-0.5	7.521555423736572	1.9731196165084839	2.039216995239258	1.7600833177566528	1.7491354942321777	False	[0 0 1 0 1 0 0 0 1]	[0 1 1 0 0 0 0 1 0]	[0 0 1 0 0 0]	[1 0 1 0 1 0]
2	-0.5	7.746011734008789	1.997387409210205	2.1574389934539795	1.7960423231124878	1.7951430082321167	False	[0 0 1 1 1 0 0 0 1]	[0 1 1 1 0 0 0 1 0]	[1 0 1 0 0 0]	[1 0 1 0 0 0]
2	-0.5	7.57301139831543	1.978502869606018	2.0848660469055176	1.759090781211853	1.750551700592041	False	[0 0 1 0 1 0 0 0 1]	[0 1 1 0 0 0 0 1 0]	[0 0 1 0 0 0]	[1 0 1 0 1 0]
3	0.3852745294570923	7.519858360290527	1.8507475852966309	2.114309787750244	1.8749525547027588	1.6798484325408936	False	[0 0 0 1 0 0 0 0 0]	[0 0 0 0 0 0 1 0 0]	[0 0 0 1 0 0]	[0 0 1 0 1 0]
3	-1.0	7.3755717277526855	1.7254477739334106	2.11523175239563	1.7509028911590576	1.783989429473877	False	[0 0 0 1 0 0 0 0 1]	[0 1 0 0 0 0 1 0 0]	[1 0 0 1 0 0]	[0 0 1 0 1 1]
3	-0.5	7.823419570922852	2.0694777965545654	2.2388365268707275	1.8112819194793701	1.7038230895996094	False	[0 1 0 1 0 0 0 0 1]	[0 1 0 0 0 0 0 0 0]	[1 0 0 0 0 0]	[0 0 0 0 1 1]
3	-1.0	6.951282024383545	1.9714058637619019	1.9605848789215088	1.6148383617401123	1.4044528007507324	False	[0 0 0 1 0 0 0 0 1]	[0 1 0 0 0 0 1 0 0]	[1 0 0 1 0 0]	[0 0 1 0 1 1]
3	-0.5	7.723321914672852	2.0537331104278564	2.2150039672851562	1.7729675769805908	1.6816179752349854	False	[0 1 0 1 0 0 0 0 1]	[0 1 0 0 0 0 0 0 0]	[1 0 0 0 0 0]	[0 0 0 0 1 1]
3	-1.0	6.865413188934326	1.96775484085083	1.9666084051132202	1.6022546291351318	1.3287949562072754	False	[0 0 0 1 0 0 0 0 1]	[0 1 0 0 0 0 1 0 0]	[1 0 0 1 0 0]	[0 0 1 0 1 1]
3	-0.5	7.9146647453308105	2.087524890899658	2.2458717823028564	1.8392913341522217	1.7419761419296265	False	[0 1 0 1 0 0 0 0 1]	[0 1 0 0 0 0 0 0 0]	[1 0 0 0 0 0]	[0 0 0 0 1 1]
3	-1.0	7.080324172973633	1.9810532331466675	1.9739638566970825	1.641953706741333	1.4833534955978394	False	[0 1 0 1 0 0 0 0 0]	[0 0 0 0 0 0 0 0 0]	[1 0 0 1 0 0]	[0 0 1 0 1 1]
3	0.37377533316612244	6.912870407104492	2.017249345779419	2.0559771060943604	1.5334488153457642	1.3061953783035278	False	[0 0 0 1 0 0 0 0 0]	[0 0 0 0 0 0 1 0 0]	[1 0 0 0 0 0]	[0 0 0 0 1 1]
3	-1.0	7.1187567710876465	1.8909034729003906	1.9811910390853882	1.7089011669158936	1.5377610921859741	False	[0 0 0 1 0 0 0 0 1]	[0 1 0 0 0 0 1 0 0]	[1 0 0 1 0 0]	[0 0 1 0 1 1]
3	-0.75	7.835280418395996	2.0606045722961426	2.2368640899658203	1.8328465223312378	1.7049648761749268	False	[0 1 0 1 0 0 0 0 1]	[0 1 0 0 0 0 1 0 0]	[1 0 0 0 0 0]	[0 0 0 0 1 1]
3	-0.75	7.135969638824463	2.0060677528381348	2.040151357650757	1.6767430305480957	1.4130078554153442	False	[0 1 0 1 0 0 0 0 0]	[0 1 0 0 0 0 0 0 0]	[1 0 0 1 0 0]	[0 0 1 0 1 1]
3	-0.75	7.373540878295898	2.0117151737213135	2.122189521789551	1.6168795824050903	1.622756838798523	False	[0 1 0 0 0 0 0 0 0]	[0 0 0 0 0 0 0 0 0]	[1 0 0 0 0 0]	[0 0 0 0 1 1]
3	-0.75	6.936066627502441	1.9448111057281494	2.0285074710845947	1.5873017311096191	1.3754465579986572	False	[0 1 0 1 0 0 0 0 0]	[0 0 0 0 0 0 1 0 0]	[1 0 0 1 0 0]	[0 0 1 0 1 1]
3	-0.25	7.426641941070557	2.0218653678894043	2.051832675933838	1.7049999237060547	1.6479440927505493	False	[0 0 0 1 0 0 0 0 0]	[0 0 0 0 0 0 0 0 0]	[1 0 0 0 0 0]	[0 0 0 0 1 1]
3	-0.75	7.332019329071045	2.0768754482269287	1.9012032747268677	1.6907448768615723	1.6631957292556763	False	[0 0 1 1 0 0 0 0 0]	[0 1 0 0 0 0 0 0 0]	[1 0 0 0 1 0]	[0 0 1 0 1 1]
3	-0.25	7.3534440994262695	2.01444935798645	2.131345272064209	1.6794203519821167	1.528228521347046	False	[0 0 1 1 0 0 0 0 1]	[0 0 0 0 0 0 0 0 0]	[1 0 0 1 1 0]	[0 0 0 0 1 1]
3	-0.75	7.604924201965332	2.0820446014404297	1.9996942281723022	1.7733275890350342	1.7498579025268555	False	[0 0 0 1 0 0 0 0 1]	[0 1 0 0 0 0 0 0 0]	[1 0 0 1 0 0]	[0 1 0 0 1 1]
3	0.32163816690444946	7.491899013519287	2.0420122146606445	2.00119686126709	1.67544686794281	1.7732428312301636	False	[0 0 1 1 0 0 0 0 1]	[0 1 0 0 0 1 0 0 0]	[1 0 0 0 0 0]	[0 1 1 0 1 1]
3	-0.25	7.695491313934326	2.1757960319519043	2.0665435791015625	1.778794527053833	1.6743569374084473	False	[0 0 1 1 0 0 1 0 1]	[0 1 1 0 0 1 0 0 0]	[0 0 0 0 0 0]	[0 1 1 0 1 0]
3	-0.75	7.612691402435303	2.1119940280914307	2.0817372798919678	1.7292726039886475	1.6896873712539673	False	[0 0 1 1 0 0 1 0 0]	[0 0 1 0 0 1 0 0 0]	[0 0 0 0 0 1]	[0 1 1 1 1 0]
3	-0.75	7.744315147399902	2.1188485622406006	2.1842448711395264	1.7070822715759277	1.7341394424438477	False	[0 0 1 1 0 0 1 0 1]	[0 1 1 0 0 1 0 0 0]	[0 0 0 0 0 0]	[0 0 1 1 1 0]
3	-0.75	7.825649738311768	2.1554811000823975	2.1641485691070557	1.730160117149353	1.7758598327636719	False	[0 0 1 1 0 0 1 0 0]	[0 0 1 0 0 1 0 0 0]	[0 0 0 0 0 1]	[0 0 1 0 1 0]
3	-0.25	7.660186290740967	2.0797784328460693	2.1376657485961914	1.6860841512680054	1.756657600402832	False	[0 0 1 1 0 0 1 0 1]	[0 1 1 0 0 1 0 0 0]	[0 0 0 0 0 0]	[0 1 1 0 1 0]
3	-0.5	7.569599151611328	2.0941247940063477	2.0764849185943604	1.7283875942230225	1.6706018447875977	False	[0 0 1 1 0 0 1 0 0]	[0 0 1 0 0 1 0 0 0]	[0 0 0 0 1 0]	[0 1 1 1 1 0]
3	-0.75	7.571948528289795	2.045107841491699	2.0943775177001953	1.7265048027038574	1.705958366394043	False	[0 0 1 1 0 0 1 0 1]	[0 1 1 0 0 1 0 0 0]	[0 0 0 0 1 1]	[0 1 1 0 1 0]
3	-0.5	7.9407196044921875	2.185124397277832	2.2261247634887695	1.8077718019485474	1.7216987609863281	False	[0 0 1 1 0 0 1 1 1]	[0 0 1 0 0 1 0 0 0]	[0 1 0 0 1 1]	[0 1 1 1 1 0]
3	-0.75	7.845098972320557	2.212191104888916	2.120105266571045	1.7824223041534424	1.730380654335022	False	[0 0 1 1 0 0 0 1 1]	[0 1 1 0 0 1 0 0 0]	[0 1 0 0 1 0]	[0 0 1 1 1 0]
3	-0.5	7.763885974884033	2.156935214996338	2.1141648292541504	1.706159234046936	1.7866268157958984	False	[0 0 0 1 0 0 0 1 1]	[0 0 1 0 0 1 0 0 0]	[0 1 0 0 1 1]	[0 1 1 1 1 0]
3	-0.75	7.774848937988281	2.17531681060791	2.1161746978759766	1.7392367124557495	1.7441203594207764	False	[0 0 1 1 0 0 0 1 1]	[0 1 1 0 0 1 0 0 0]	[0 1 0 0 1 0]	[0 0 1 1 1 0]
4	-1.0	7.5410590171813965	1.9961462020874023	1.9008318185806274	1.8624027967453003	1.7816781997680664	False	[0 0 0 1 0 0 0 0 0]	[0 0 0 1 0 0 0 0 0]	[0 1 0 0 1 0]	[0 1 0 0 0 0]
4	-0.5	7.747629165649414	2.0985662937164307	2.1127254962921143	1.8659849166870117	1.6703524589538574	False	[0 0 0 1 0 1 0 0 0]	[0 0 0 0 0 0 0 0 0]	[0 1 0 0 1 1]	[0 0 0 0 0 0]
4	-0.5	6.865573883056641	1.9101130962371826	1.5555673837661743	1.7788548469543457	1.6210384368896484	False	[0 0 0 0 0 1 0 0 0]	[0 0 1 0 0 0 0 0 0]	[0 1 0 1 1 1]	[0 1 0 0 0 0]
4	-1.0	7.299445629119873	1.9512629508972168	1.9078798294067383	1.7597181797027588	1.6805843114852905	False	[0 0 0 0 0 1 0 0 1]	[0 0 0 0 0 0 0 0 0]	[0 1 0 1 1 0]	[0 0 0 0 0 0]
4	-1.0	7.566997528076172	2.0500264167785645	1.9198544025421143	1.798200011253357	1.7989165782928467	False	[0 0 0 1 0 1 0 0 1]	[0 0 1 0 0 0 0 0 0]	[0 1 0 1 1 1]	[0 1 0 0 0 0]
4	-1.0	7.8850274085998535	2.1767096519470215	2.1834850311279297	1.7744452953338623	1.7503875494003296	False	[0 0 0 1 0 0 0 0 1]	[0 1 1 0 0 0 0 0 0]	[0 1 0 1 1 0]	[0 0 0 0 0 0]
4	-1.0	7.9327287673950195	2.2210748195648193	2.1636509895324707	1.7026268243789673	1.8453766107559204	False	[0 0 0 0 0 0 0 0 1]	[0 1 1 1 0 0 0 0 0]	[0 1 0 1 1 1]	[0 1 0 0 0 0]
4	-1.0	7.983139514923096	2.141228437423706	2.1741702556610107	1.9019296169281006	1.7658114433288574	False	[0 0 0 0 0 1 0 0 1]	[0 1 1 0 0 0 0 0 0]	[0 1 0 1 1 0]	[0 0 0 0 0 0]
4	-0.5	7.713039398193359	2.1929802894592285	2.0306129455566406	1.6800081729888916	1.80943763256073	False	[0 0 0 0 0 0 0 0 1]	[0 0 1 0 0 0 0 0 0]	[0 1 0 1 1 1]	[0 1 0 0 0 0]
4	-1.0	7.252172470092773	1.938983678817749	1.8731343746185303	1.7741117477416992	1.6659425497055054	False	[0 0 0 0 0 0 0 0 0]	[0 0 0 0 0 0 0 0 0]	[0 1 0 0 1 1]	[0 0 0 0 0 0]
4	-1.0	7.510985851287842	1.981292486190796	1.9024014472961426	1.867504358291626	1.7597874402999878	False	[0 0 0 1 0 0 0 0 0]	[0 0 0 1 0 0 0 0 0]	[0 1 0 0 1 0]	[0 1 0 0 0 0]
4	-0.5	7.648155689239502	2.0731000900268555	2.1052496433258057	1.821976661682129	1.6478296518325806	False	[0 0 0 1 0 1 0 0 0]	[0 0 0 0 0 0 0 0 0]	[0 1 0 0 1 1]	[0 0 0 0 0 0]
4	-0.5	6.849146842956543	1.8967907428741455	1.5526809692382812	1.767215609550476	1.6324596405029297	False	[0 0 0 0 0 1 0 0 0]	[0 0 1 0 0 0 0 0 0]	[0 1 0 1 1 1]	[0 1 0 0 0 0]
4	-1.0	7.265906810760498	1.9213143587112427	1.9271724224090576	1.7553532123565674	1.66206693649292	False	[0 0 0 0 0 1 0 0 1]	[0 1 1 0 0 0 0 0 0]	[0 1 0 1 1 0]	[0 0 0 0 0 0]
4	-0.5	7.7243757247924805	2.196993112564087	2.0596518516540527	1.6699604988098145	1.7977702617645264	False	[0 0 0 0 0 0 0 0 1]	[0 0 1 0 0 0 0 0 0]	[0 1 0 1 1 1]	[0 1 0 0 0 0]
4	-1.0	7.234938621520996	1.9347285032272339	1.88192617893219	1.7597053050994873	1.6585787534713745	False	[0 0 0 0 0 0 0 0 0]	[0 0 0 0 0 0 0 0 0]	[0 1 0 0 1 1]	[0 0 0 0 0 0]
4	-1.0	7.565761089324951	2.011155128479004	1.906488060951233	1.872377872467041	1.775740146636963	False	[0 0 0 1 0 0 0 0 0]	[0 0 0 1 0 0 0 0 0]	[0 1 0 0 1 0]	[0 1 0 0 0 0]
4	-1.0	7.6993889808654785	2.08005690574646	2.124842405319214	1.8439853191375732	1.650504469871521	False	[0 0 0 1 0 0 0 0 1]	[0 0 0 0 0 0 0 0 0]	[0 1 0 1 1 0]	[0 0 0 0 0 0]
4	-1.0	7.622221946716309	2.012955665588379	1.9989734888076782	1.778955340385437	1.8313372135162354	False	[0 0 0 0 0 0 0 0 1]	[0 0 0 1 0 0 0 0 0]	[0 1 0 1 1 1]	[0 1 0 0 0 0]
4	-1.0	7.895072937011719	2.1062464714050293	2.1474194526672363	1.8788819313049316	1.7625253200531006	False	[0 0 0 0 0 1 0 0 1]	[0 0 0 0 0 0 0 0 0]	[0 1 1 1 1 1]	[0 0 0 0 0 0]
4	-1.0	7.598732948303223	1.985876202583313	1.9533662796020508	1.8651947975158691	1.7942957878112793	False	[0 0 0 1 0 1 0 0 1]	[0 0 0 1 0 0 0 0 0]	[0 1 1 1 1 0]	[0 1 0 0 0 0]
4	-1.0	7.9204792976379395	2.177999496459961	2.146329879760742	1.8205527067184448	1.7755969762802124	False	[0 0 0 1 0 1 0 0 0]	[0 0 1 1 0 0 0 0 0]	[0 1 1 1 1 1]	[0 0 0 0 0 0]
4	-1.0	7.673491954803467	2.1508102416992188	2.023817300796509	1.7953802347183228	1.7034845352172852	False	[0 0 0 0 0 1 0 0 0]	[0 0 0 1 0 0 0 0 0]	[0 1 1 1 1 0]	[0 1 0 0 0 0]
4	-1.0	7.869982719421387	2.0888736248016357	2.1612391471862793	1.8401774168014526	1.7796926498413086	False	[0 0 0 0 0 0 0 0 0]	[0 0 0 0 0 0 0 0 0]	[0 1 1 0 1 0]	[0 0 0 0 0 0]
4	-1.0	7.541299819946289	1.997671365737915	1.9023220539093018	1.848292350769043	1.7930138111114502	False	[0 0 0 1 0 0 0 0 0]	[0 0 0 1 0 0 0 0 0]	[0 1 1 0 1 1]	[0 1 0 0 0 0]
4	-0.5	8.061393737792969	2.120103597640991	2.1793441772460938	1.9132142066955566	1.8487310409545898	False	[0 0 0 1 0 0 0 0 1]	[1 0 0 1 0 0 0 0 0]	[0 1 0 0 1 1]	[0 1 0 0 1 0]
4	-1.0	7.598055839538574	1.927888035774231	2.1421127319335938	1.8090877532958984	1.7189676761627197	False	[0 0 0 1 0 0 0 0 0]	[1 1 0 1 0 0 0 0 0]	[0 1 0 0 1 0]	[0 1 1 0 1 0]
4	-1.0	8.09105110168457	2.169192314147949	2.2520103454589844	1.8273906707763672	1.8424581289291382	False	[0 0 0 0 0 0 0 0 0]	[1 1 1 1 0 0 0 0 0]	[0 1 0 0 1 1]	[0 1 0 0 1 0]
4	-0.5	7.767563819885254	2.1955950260162354	2.1890335083007812	1.8610626459121704	1.5218729972839355	False	[0 0 0 1 0 0 0 0 0]	[1 1 0 1 0 0 0 0 0]	[0 1 0 0 0 1]	[0 1 1 0 1 0]
4	-1.0	7.45184326171875	1.90154230594635	2.0442755222320557	1.7621634006500244	1.7438623905181885	False	[0 0 0 0 0 0 0 0 0]	[1 0 0 1 0 0 0 0 0]	[0 1 0 0 0 0]	[0 1 0 0 1 0]
5	-1.0	7.56353235244751	2.1753668785095215	2.14215087890625	1.480168104171753	1.765846610069275	False	[0 0 0 0 0 0 0 1 1]	[0 1 0 0 1 0 1 1 0]	[1 0 0 0 1 0]	[0 1 0 0 0 0]
5	-1.0	7.342029571533203	2.1082875728607178	2.0653722286224365	1.4240323305130005	1.7443374395370483	False	[0 0 0 0 0 0 0 1 0]	[1 1 0 0 1 0 1 1 0]	[1 0 0 0 1 1]	[0 0 0 0 0 0]
5	0.3058885633945465	7.7873640060424805	2.146533250808716	2.143516778945923	1.6360259056091309	1.8612881898880005	False	[0 0 0 1 0 0 0 1 0]	[1 1 0 1 1 0 1 1 0]	[1 0 0 0 1 0]	[0 0 1 0 0 0]
5	-0.5	7.483682155609131	2.006927251815796	2.0626533031463623	1.7584751844406128	1.6556261777877808	False	[0 0 0 1 0 0 0 1 1]	[0 1 0 1 1 0 1 1 0]	[1 1 0 0 1 0]	[0 1 1 0 0 0]
5	-1.0	7.236817359924316	2.0640525817871094	1.9611096382141113	1.603839635848999	1.6078157424926758	False	[0 0 0 1 0 0 0 1 0]	[1 1 0 1 1 0 1 1 0]	[1 1 0 0 1 1]	[1 1 1 0 0 0]
5	-1.0	8.007420539855957	2.1844799518585205	2.179194211959839	1.7650409936904907	1.8787058591842651	False	[0 0 0 0 0 0 0 1 0]	[0 1 0 1 1 0 1 1 0]	[1 1 0 0 1 0]	[1 1 0 0 0 0]
5	-1.0	7.667598247528076	2.155777931213379	2.1470892429351807	1.5479233264923096	1.8168082237243652	False	[0 0 0 1 0 0 0 1 0]	[1 1 0 1 1 0 1 1 0]	[1 1 0 0 1 1]	[1 0 0 0 0 0]
5	-1.0	7.869050979614258	2.1443703174591064	2.1919004917144775	1.7173100709915161	1.8154702186584473	False	[0 0 0 0 0 0 0 1 0]	[1 1 0 0 1 0 1 1 0]	[1 1 0 0 1 0]	[1 1 0 0 0 0]
5	-1.0	7.402864456176758	2.1473891735076904	2.1594607830047607	1.4755982160568237	1.6204164028167725	False	[0 0 0 0 0 0 0 1 1]	[0 1 0 0 1 0 1 1 0]	[1 1 0 0 1 1]	[1 0 0 0 0 0]
5	-1.0	7.847876071929932	2.17901873588562	2.1830894947052	1.6788842678070068	1.806883454322815	False	[0 0 0 0 0 0 0 1 1]	[0 0 0 0 1 0 1 1 0]	[1 1 0 0 1 0]	[1 1 0 0 0 0]
5	-1.0	7.437588691711426	2.155179262161255	2.088113784790039	1.4659371376037598	1.728358507156372	False	[0 0 0 0 0 0 0 1 0]	[1 0 0 0 1 0 1 1 0]	[1 1 0 0 1 1]	[1 0 0 0 0 0]
5	-1.0	7.681769371032715	2.17754864692688	2.1595239639282227	1.5780665874481201	1.766629934310913	False	[0 1 0 0 0 0 0 1 0]	[1 1 0 0 1 0 1 1 0]	[1 1 0 0 1 0]	[1 1 0 0 0 0]
5	-1.0	7.519207000732422	2.17101788520813	2.0054078102111816	1.672307014465332	1.6704742908477783	False	[0 1 0 0 0 0 0 1 1]	[0 1 0 0 1 0 1 1 0]	[1 1 0 0 1 1]	[1 1 1 0 0 0]
5	-1.0	7.501189708709717	2.1817545890808105	2.0198307037353516	1.755582571029663	1.5440219640731812	False	[0 1 0 1 0 0 0 1 1]	[1 1 0 0 1 0 1 1 0]	[1 1 0 0 1 0]	[1 1 0 0 0 0]
5	-1.0	7.602495193481445	2.201626777648926	2.0099306106567383	1.7105071544647217	1.6804306507110596	False	[0 1 0 1 0 0 0 1 0]	[0 1 0 0 1 0 1 1 0]	[1 1 0 0 1 1]	[1 1 1 0 0 0]
5	-1.0	7.531038761138916	2.156886100769043	2.035198211669922	1.7637656927108765	1.5751885175704956	False	[0 1 0 0 0 0 0 1 0]	[1 1 0 0 1 0 1 1 0]	[1 1 0 0 1 0]	[1 1 0 0 0 0]
5	-1.0	7.515564441680908	2.1750450134277344	2.0060529708862305	1.663254737854004	1.6712117195129395	False	[0 1 0 0 0 0 0 1 1]	[0 1 0 0 1 0 1 1 0]	[1 1 0 0 1 1]	[1 1 1 0 0 0]
5	-1.0	7.539019584655762	2.1888601779937744	2.044051170349121	1.7669217586517334	1.5391864776611328	False	[0 1 0 1 0 0 0 1 1]	[1 1 0 0 1 0 1 1 0]	[1 1 0 0 1 0]	[1 1 0 0 0 0]
5	-1.0	7.572628021240234	2.2172250747680664	2.010730504989624	1.6633501052856445	1.6813218593597412	False	[0 1 0 1 0 0 0 1 1]	[0 1 0 0 1 0 1 1 0]	[1 1 0 0 1 1]	[1 1 1 0 0 0]
5	-1.0	7.66348934173584	2.2032737731933594	2.060872793197632	1.8006993532180786	1.5986435413360596	False	[0 1 0 0 0 0 0 1 1]	[1 1 0 0 1 0 1 1 0]	[1 1 0 0 1 0]	[1 1 0 0 0 0]
5	-1.0	7.426485538482666	2.1578996181488037	1.9830667972564697	1.630641222000122	1.6548782587051392	False	[0 1 0 0 0 0 0 1 0]	[0 1 0 0 1 0 1 1 0]	[1 1 0 0 1 1]	[1 1 1 0 0 0]
5	-0.5	7.493973731994629	2.177320718765259	2.03336238861084	1.7430789470672607	1.5402119159698486	False	[0 1 0 1 0 0 0 1 0]	[1 1 0 0 1 0 1 1 0]	[1 1 0 0 1 0]	[1 1 0 0 0 0]
5	-1.0	7.157835006713867	1.9515774250030518	1.8925341367721558	1.6995755434036255	1.6141480207443237	False	[0 1 0 1 0 0 0 1 1]	[0 1 0 0 1 0 1 1 0]	[1 1 0 0 1 1]	[1 1 1 0 0 0]
5	-1.0	7.637794494628906	2.200045585632324	2.037083625793457	1.7895311117172241	1.6111338138580322	False	[0 1 0 0 0 0 0 1 1]	[1 1 0 0 1 0 1 1 0]	[1 1 0 0 1 0]	[1 1 0 0 0 0]
5	-1.0	7.352951526641846	2.1131210327148438	1.9605532884597778	1.630971074104309	1.6483062505722046	False	[0 1 0 0 0 0 0 1 0]	[0 1 0 0 1 0 1 1 0]	[1 1 0 0 1 1]	[1 1 1 0 0 0]
5	-0.5	7.5231404304504395	2.1790611743927	2.042811870574951	1.772537112236023	1.5287299156188965	False	[0 1 0 1 0 0 0 1 0]	[1 1 0 0 1 0 1 1 0]	[1 1 0 0 1 0]	[1 1 0 0 0 0]
5	-1.0	7.059604644775391	1.9306833744049072	1.8320600986480713	1.6873693466186523	1.6094919443130493	False	[0 1 0 1 0 0 0 1 1]	[0 1 0 0 1 0 1 1 0]	[1 1 0 0 1 1]	[1 1 1 0 0 0]
5	-1.0	7.636647701263428	2.1972193717956543	2.044043779373169	1.7922840118408203	1.6031001806259155	False	[0 1 0 0 0 0 0 1 1]	[1 1 0 0 1 0 1 1 0]	[1 1 0 0 1 0]	[1 1 0 0 0 0]
5	-1.0	7.3988356590271	2.14150071144104	1.9661037921905518	1.6464722156524658	1.6447588205337524	False	[0 1 0 0 0 0 0 1 0]	[0 1 0 0 1 0 1 1 0]	[1 1 0 0 1 1]	[1 1 1 0 0 0]
5	-0.5	7.460812568664551	2.173983335494995	2.0199663639068604	1.739188551902771	1.5276743173599243	False	[0 1 0 1 0 0 0 1 0]	[1 1 0 0 1 0 1 1 0]	[1 1 0 0 1 0]	[1 1 0 0 0 0]
6	-1.0	7.99661922454834	2.1103367805480957	2.248589038848877	1.9047901630401611	1.7329037189483643	False	[0 0 0 0 0 0 0 0 0]	[0 1 0 0 0 0 1 0 0]	[0 1 0 0 0 1]	[0 0 0 0 1 0]
6	-1.0	7.936413764953613	2.0262949466705322	2.2383155822753906	1.8964568376541138	1.7753465175628662	False	[0 0 0 0 0 0 0 0 0]	[0 1 0 0 0 0 0 0 0]	[0 0 0 0 0 1]	[0 0 1 0 1 0]
6	-1.0	7.914468288421631	2.1832082271575928	2.248964786529541	1.770477294921875	1.7118182182312012	False	[0 0 0 0 0 0 0 0 0]	[0 0 0 0 0 0 0 0 0]	[0 0 1 0 0 1]	[0 0 0 0 1 0]
6	-1.0	7.479588031768799	1.849651575088501	2.030003786087036	1.8375771045684814	1.7623553276062012	False	[0 0 0 0 0 0 0 0 0]	[0 0 0 0 0 0 0 0 0]	[0 0 1 0 0 1]	[0 0 0 0 1 0]
6	-1.0	7.633245944976807	1.9431439638137817	2.0782482624053955	1.8278340101242065	1.7840193510055542	False	[0 0 0 0 0 0 0 0 0]	[0 0 0 0 0 0 0 0 0]	[0 0 0 0 0 1]	[0 0 0 0 1 0]
6	-1.0	7.849485397338867	2.015174388885498	2.2360036373138428	1.8104472160339355	1.7878605127334595	False	[0 0 0 0 0 0 1 0 0]	[0 0 0 0 0 0 1 0 0]	[0 0 1 0 0 1]	[0 0 1 0 1 0]
6	-1.0	7.455288887023926	1.8402618169784546	1.9518623352050781	1.8253005743026733	1.8378641605377197	False	[0 0 0 0 0 0 1 0 0]	[0 0 0 0 0 0 1 0 0]	[0 0 1 0 0 1]	[0 0 1 0 1 0]
6	0.3427187204360962	7.225486755371094	1.7568855285644531	1.8452781438827515	1.813838243484497	1.8094847202301025	False	[0 0 0 0 0 0 1 0 0]	[0 0 0 0 0 0 1 0 0]	[0 0 1 1 0 1]	[0 0 1 0 1 0]
6	-0.5	7.0817975997924805	2.0191237926483154	1.9791711568832397	1.619379997253418	1.4641226530075073	False	[0 0 0 0 0 0 1 0 1]	[0 0 0 0 0 0 0 0 0]	[1 0 1 1 0 1]	[1 0 1 0 1 0]
6	-1.0	7.443591117858887	2.1143813133239746	2.0802035331726074	1.5987696647644043	1.6502368450164795	False	[0 0 0 0 0 0 1 0 0]	[0 1 0 0 0 0 0 0 0]	[1 0 0 1 0 1]	[0 0 1 0 1 0]
6	-1.0	8.0588960647583	2.1726367473602295	2.25053334236145	1.8787280321121216	1.756998062133789	False	[0 0 0 0 0 0 1 0 0]	[0 0 0 0 0 0 0 0 0]	[1 0 1 1 0 1]	[0 0 0 0 1 0]
6	-1.0	7.988866806030273	2.1276097297668457	2.239420175552368	1.8891311883926392	1.73270583152771	False	[0 0 0 0 0 0 1 0 0]	[0 0 0 0 0 0 0 0 1]	[1 0 1 1 0 0]	[0 0 1 0 1 0]
6	-1.0	7.89201545715332	2.135317325592041	2.220499038696289	1.8275272846221924	1.7086716890335083	False	[0 0 0 0 0 0 1 0 0]	[0 1 0 0 0 0 0 0 1]	[1 0 1 1 0 1]	[0 0 0 0 1 0]
6	-1.0	7.897128105163574	2.090967893600464	2.2250313758850098	1.8631703853607178	1.717958688735962	False	[0 0 0 0 0 0 1 0 0]	[0 1 0 0 0 0 0 0 0]	[1 0 1 1 0 0]	[0 0 1 0 1 0]
6	-1.0	7.9948625564575195	2.1640872955322266	2.254801034927368	1.8579431772232056	1.718031644821167	False	[0 0 0 0 0 0 1 0 0]	[0 0 0 0 0 0 0 0 0]	[1 0 1 1 0 1]	[0 0 0 0 1 0]
6	-1.0	7.923492908477783	2.1037020683288574	2.241384506225586	1.8808470964431763	1.6975592374801636	False	[0 0 0 0 0 0 1 0 0]	[0 0 0 0 0 0 0 0 1]	[1 0 0 1 0 1]	[0 0 1 0 1 0]
6	-1.0	8.049818992614746	2.1328206062316895	2.2513585090637207	1.8981837034225464	1.767456293106079	False	[0 0 0 0 0 0 1 0 0]	[0 0 0 0 0 0 0 0 0]	[1 0 0 1 0 0]	[0 0 0 0 1 0]
6	-1.0	7.923076629638672	2.060342311859131	2.234067440032959	1.8661203384399414	1.7625463008880615	False	[0 0 0 0 0 0 0 0 0]	[0 0 0 0 0 0 0 0 1]	[1 0 1 1 0 0]	[0 0 1 0 1 0]
6	-0.5	8.005250930786133	2.1209607124328613	2.2500312328338623	1.8518412113189697	1.7824186086654663	False	[0 0 0 0 0 0 0 0 0]	[0 0 0 0 0 0 0 0 1]	[1 1 1 1 0 0]	[0 0 0 0 1 0]
6	-0.5	7.348012447357178	2.0389835834503174	2.0861573219299316	1.57902193069458	1.64384925365448	False	[0 0 0 0 0 0 0 0 1]	[0 1 0 0 0 0 0 0 1]	[0 1 1 1 0 0]	[0 0 1 0 1 0]
6	-0.5	7.331642150878906	1.9936771392822266	2.10727858543396	1.5886032581329346	1.6420831680297852	False	[0 0 0 0 0 0 0 0 0]	[0 0 0 0 0 0 0 0 1]	[1 1 1 1 0 0]	[0 0 0 0 1 0]
6	-0.5	7.244289398193359	1.9741168022155762	2.0722296237945557	1.5701547861099243	1.6277880668640137	False	[0 0 0 0 0 0 0 0 1]	[0 1 0 0 0 0 0 0 1]	[0 1 1 1 0 0]	[0 0 1 0 1 0]
6	-0.5	7.364407062530518	2.0350141525268555	2.122854709625244	1.5653311014175415	1.641207218170166	False	[0 0 0 0 0 0 0 0 0]	[0 0 0 0 0 0 0 0 1]	[1 1 1 1 0 0]	[1 0 1 0 1 0]
6	-0.5	7.284398078918457	2.06111216545105	2.121497869491577	1.4973219633102417	1.604466199874878	False	[0 0 0 0 0 0 0 0 1]	[0 1 0 0 0 0 0 0 1]	[0 1 1 1 0 0]	[0 0 1 0 1 0]
6	-0.5	7.253894805908203	1.9740835428237915	2.0976080894470215	1.5513463020324707	1.630856990814209	False	[0 0 0 0 0 0 0 0 0]	[0 0 0 0 0 0 0 0 1]	[1 1 1 1 0 0]	[0 0 0 0 1 0]
6	-0.5	7.296313285827637	2.0327036380767822	2.0824966430664062	1.54555344581604	1.6355597972869873	False	[0 0 0 0 0 0 0 0 1]	[0 1 0 0 0 0 0 0 1]	[0 1 1 1 0 0]	[0 0 1 0 1 0]
6	-0.5	7.295906066894531	2.0033791065216064	2.0990490913391113	1.5494096279144287	1.6440677642822266	False	[0 0 0 0 0 0 0 0 0]	[0 0 0 0 0 0 0 0 1]	[1 1 1 1 0 0]	[0 0 0 0 1 0]
6	-0.5	7.288174629211426	2.012442111968994	2.0674474239349365	1.5701725482940674	1.6381127834320068	False	[0 0 0 0 0 0 0 0 1]	[0 1 0 0 0 0 0 0 1]	[0 1 1 1 0 0]	[0 0 1 0 1 0]
6	-0.5	7.299300193786621	1.9813982248306274	2.094982385635376	1.575791835784912	1.6471275091171265	False	[0 0 0 0 0 0 0 0 0]	[0 0 0 0 0 0 0 0 1]	[1 1 1 1 0 0]	[0 0 0 0 1 0]
6	-0.5	7.269096374511719	2.0114586353302	2.0857858657836914	1.5462630987167358	1.6255888938903809	False	[0 0 0 0 0 0 0 0 1]	[0 1 0 0 0 0 0 0 1]	[0 1 1 1 0 0]	[0 0 1 0 1 0]
7	-0.5	7.320756435394287	2.078127384185791	1.8447006940841675	1.7267396450042725	1.6711889505386353	False	[0 1 1 0 0 0 0 1 1]	[1 1 0 0 0 1 0 0 0]	[1 0 0 0 1 0]	[1 0 1 1 1 0]
7	-1.0	7.548000335693359	2.039466381072998	2.0961623191833496	1.6846188306808472	1.727752923965454	False	[0 1 1 0 0 0 0 1 0]	[0 1 0 0 0 1 0 0 0]	[1 0 0 1 1 0]	[0 0 1 1 1 0]
7	-0.75	7.696753025054932	2.2627859115600586	2.2101967334747314	1.6415364742279053	1.5822337865829468	False	[0 0 1 0 0 0 0 1 0]	[0 1 0 0 1 1 0 0 0]	[1 0 0 1 1 1]	[0 0 1 1 1 0]
7	-0.75	7.602530479431152	2.1265869140625	2.149406671524048	1.6602139472961426	1.6663234233856201	False	[0 0 1 0 0 0 0 1 1]	[1 1 0 0 1 1 0 0 0]	[1 0 0 1 1 0]	[0 0 1 0 1 0]
7	-0.5	7.743660926818848	2.1675827503204346	2.1485867500305176	1.6369993686676025	1.790492057800293	False	[0 0 1 0 1 0 0 1 1]	[1 1 0 0 0 1 0 0 0]	[1 0 0 1 1 1]	[1 0 1 0 1 0]
7	-0.5	7.613863945007324	2.131284713745117	2.123462438583374	1.7225110530853271	1.6366053819656372	False	[0 0 1 0 0 0 0 1 1]	[0 1 0 0 0 1 0 0 0]	[0 0 0 1 1 1]	[0 0 1 0 1 0]
7	-0.75	7.642858505249023	2.136169195175171	2.10422420501709	1.7205787897109985	1.6818859577178955	False	[0 0 1 0 1 0 0 1 1]	[1 1 0 0 0 1 0 0 0]	[0 0 0 1 1 0]	[1 0 1 0 1 0]
7	-0.75	7.669501304626465	2.127863883972168	2.170117139816284	1.6389437913894653	1.7325761318206787	False	[0 0 0 0 1 0 0 1 1]	[1 1 1 0 0 1 0 0 0]	[0 0 0 1 1 1]	[1 0 1 1 1 0]
7	-0.75	7.575595855712891	2.1527044773101807	2.1266820430755615	1.6445704698562622	1.6516392230987549	False	[0 0 0 0 1 0 0 1 0]	[0 1 1 0 0 1 0 0 0]	[0 0 0 1 1 0]	[1 0 1 0 1 0]
7	-0.75	7.701188087463379	2.145848274230957	2.156784772872925	1.6012054681777954	1.797349214553833	False	[0 0 0 0 1 0 0 1 1]	[1 1 1 0 0 1 0 0 0]	[0 0 0 1 1 1]	[1 1 1 0 1 0]
7	-0.75	7.700815200805664	2.1690306663513184	2.1348683834075928	1.624903678894043	1.7720128297805786	False	[0 0 0 0 0 0 0 1 1]	[1 1 1 0 1 1 0 0 0]	[0 0 0 1 1 0]	[0 1 1 0 1 0]
7	-0.75	7.635793685913086	2.1418585777282715	2.0947976112365723	1.6380695104599	1.7610677480697632	False	[0 0 0 0 1 0 0 1 1]	[1 1 1 0 0 1 0 0 0]	[0 0 0 1 1 1]	[1 1 1 0 1 0]
7	-0.75	7.70049524307251	2.166994094848633	2.128871202468872	1.6239476203918457	1.7806825637817383	False	[0 0 0 0 0 0 0 1 1]	[1 1 1 0 1 1 0 0 0]	[0 0 0 1 1 0]	[1 0 1 0 1 0]
7	-0.5	7.695253372192383	2.1380412578582764	2.088365077972412	1.688751220703125	1.780096173286438	False	[0 0 0 0 0 0 1 1 1]	[1 1 1 0 0 1 0 0 0]	[0 0 0 1 1 1]	[0 0 1 0 1 0]
7	-0.75	7.5977606773376465	2.133535385131836	2.081442356109619	1.720062255859375	1.6627205610275269	False	[0 0 0 0 1 0 1 1 1]	[0 1 1 0 0 1 0 0 0]	[0 0 0 1 1 0]	[1 0 1 0 1 0]
7	-0.75	7.663271427154541	2.1412479877471924	2.1436142921447754	1.6253206729888916	1.7530884742736816	False	[0 0 0 0 1 0 1 1 0]	[1 1 1 0 0 1 0 0 0]	[0 0 0 1 1 1]	[1 0 1 1 1 0]
7	-0.75	7.302236080169678	2.122728109359741	1.8871794939041138	1.6179202795028687	1.674407958984375	False	[0 0 0 0 1 0 1 1 1]	[0 1 1 0 0 1 0 0 0]	[0 0 0 1 1 0]	[1 0 1 0 1 0]
7	-0.75	7.666570663452148	2.1547160148620605	2.1479625701904297	1.626024603843689	1.7378671169281006	False	[0 0 0 0 1 0 1 1 0]	[1 1 1 0 0 1 0 0 0]	[0 0 0 1 1 1]	[1 0 1 1 1 0]
7	-0.75	7.281653881072998	2.119392156600952	1.874432921409607	1.6343562602996826	1.6534724235534668	False	[0 0 0 0 0 0 1 1 0]	[0 1 1 0 0 1 0 0 0]	[0 0 0 1 1 0]	[1 0 1 0 1 0]
7	-0.75	7.655671119689941	2.1340527534484863	2.1492769718170166	1.6193506717681885	1.752990484237671	False	[0 0 0 0 0 0 1 1 1]	[1 1 1 0 0 1 0 0 0]	[0 0 0 1 1 1]	[1 0 1 1 1 0]
7	-0.75	7.5584611892700195	2.142974376678467	2.115025281906128	1.6325877904891968	1.6678739786148071	False	[0 0 0 0 0 0 1 1 0]	[0 1 1 0 0 1 0 0 0]	[0 0 0 1 1 0]	[1 0 1 0 1 0]
7	-0.75	7.658840179443359	2.119114875793457	2.1370673179626465	1.611676812171936	1.7909811735153198	False	[0 0 0 0 0 0 1 1 1]	[1 1 1 0 0 1 0 0 0]	[0 0 0 1 1 1]	[1 0 1 1 1 0]
7	-0.75	7.598109722137451	2.1357624530792236	2.1081149578094482	1.6370418071746826	1.7171903848648071	False	[0 0 0 0 0 0 1 1 0]	[0 1 1 0 0 1 0 0 0]	[0 0 0 1 1 0]	[1 0 1 0 1 0]
7	-0.75	7.669048309326172	2.0989491939544678	2.144930601119995	1.6213104724884033	1.803857684135437	False	[0 0 0 0 0 0 1 1 1]	[1 1 1 0 0 1 0 0 0]	[0 0 0 1 1 1]	[1 0 1 1 1 0]
7	-0.75	7.598260879516602	2.135457754135132	2.1005749702453613	1.6515560150146484	1.7106724977493286	False	[0 0 0 0 0 0 1 1 0]	[0 1 1 0 0 1 0 0 0]	[0 0 0 1 1 0]	[1 0 1 0 1 0]
7	-0.75	7.670003414154053	2.1283295154571533	2.1467041969299316	1.6279933452606201	1.7669757604599	False	[0 0 0 0 0 0 1 1 1]	[1 1 1 0 0 1 0 0 0]	[0 0 0 1 1 1]	[1 0 1 1 1 0]
7	-0.75	7.603739261627197	2.1377954483032227	2.124389410018921	1.6465342044830322	1.695020079612732	False	[0 0 0 0 0 0 1 1 0]	[0 1 1 0 0 1 0 0 0]	[0 0 0 1 1 0]	[1 0 1 0 1 0]
7	-0.75	7.6458024978637695	2.132836103439331	2.144596576690674	1.6167848110198975	1.7515852451324463	False	[0 0 0 0 0 0 1 1 1]	[1 1 1 0 0 1 0 0 0]	[0 0 0 1 1 1]	[1 0 1 1 1 0]
7	-0.75	7.56520414352417	2.1484498977661133	2.129626750946045	1.6418156623840332	1.645311951637268	False	[0 0 0 0 0 0 1 1 0]	[0 1 1 0 0 1 0 0 0]	[0 0 0 1 1 0]	[1 0 1 0 1 0]
7	-0.75	7.622005462646484	2.1351335048675537	2.1380615234375	1.6010568141937256	1.7477532625198364	False	[0 0 0 0 0 0 1 1 1]	[1 1 1 0 0 1 0 0 0]	[0 0 0 1 1 1]	[1 0 1 1 1 0]
8	-0.25	7.00969934463501	2.0574522018432617	1.8366234302520752	1.5367430448532104	1.578880786895752	False	[1 0 0 0 0 0 0 0 0]	[1 0 1 0 0 0 0 0 1]	[1 1 1 0 0 0]	[1 0 0 0 0 0]
8	-0.75	6.855041027069092	2.021021604537964	1.9089452028274536	1.531522274017334	1.3935517072677612	False	[1 0 1 0 0 0 0 0 0]	[1 0 0 0 0 0 0 0 1]	[1 1 0 0 0 0]	[0 0 0 0 0 0]
8	-0.25	7.0269293785095215	2.078293561935425	1.884892225265503	1.5066804885864258	1.5570629835128784	False	[1 0 0 0 0 0 0 0 0]	[1 0 1 0 0 0 0 0 1]	[1 1 1 0 0 0]	[0 0 0 0 1 0]
8	-0.75	7.1364874839782715	1.972882628440857	1.9442875385284424	1.685887336730957	1.5334302186965942	False	[1 0 1 0 0 0 0 0 0]	[1 0 0 0 0 0 0 0 1]	[1 1 1 0 1 0]	[0 0 1 0 1 0]
8	-0.25	7.332096576690674	2.053757429122925	2.006446361541748	1.685748815536499	1.586143970489502	False	[1 0 0 0 0 0 0 0 0]	[1 0 1 0 0 0 0 0 1]	[1 1 1 0 0 0]	[0 0 0 0 1 0]
8	-0.75	7.195188045501709	1.9787895679473877	1.9670950174331665	1.6977112293243408	1.551592230796814	False	[1 0 1 0 0 0 0 0 0]	[1 0 0 0 0 0 0 0 1]	[1 1 1 0 1 0]	[0 0 1 0 1 0]
8	-0.25	7.3445048332214355	2.0449461936950684	2.0127649307250977	1.698227882385254	1.5885658264160156	False	[1 0 0 0 0 0 0 0 0]	[1 0 1 0 0 0 0 0 1]	[1 1 0 0 1 0]	[0 0 0 0 1 0]
8	-0.25	7.047501564025879	2.0899572372436523	1.7935839891433716	1.6759932041168213	1.4879672527313232	False	[1 0 1 0 0 0 0 0 0]	[1 0 1 0 0 0 0 1 1]	[1 1 1 0 1 0]	[1 0 0 0 1 0]
8	-0.5	7.373801231384277	2.074028730392456	2.031018018722534	1.673271656036377	1.5954827070236206	False	[1 0 1 0 0 0 1 0 0]	[1 0 1 0 0 0 0 0 1]	[1 1 1 0 1 1]	[1 0 1 0 1 0]
8	-0.5	7.59061336517334	2.0918118953704834	2.142906665802002	1.6693816184997559	1.6865134239196777	False	[0 0 1 0 0 0 1 0 0]	[0 0 1 0 0 0 0 0 1]	[1 1 1 0 0 1]	[0 0 1 0 1 0]
8	0.369967520236969	7.410501956939697	2.0559885501861572	2.132537364959717	1.637580156326294	1.5843957662582397	False	[0 0 1 0 0 0 1 0 1]	[1 0 1 0 0 0 0 0 1]	[1 1 1 0 1 1]	[0 0 0 0 1 0]
8	-0.5	7.218777656555176	1.998645305633545	1.985854983329773	1.663245439529419	1.5710313320159912	False	[0 0 1 0 0 0 0 0 1]	[1 0 1 0 0 0 0 1 1]	[1 1 1 0 0 1]	[1 0 0 0 1 0]
8	-0.5	7.402956485748291	2.093405246734619	2.0510005950927734	1.6567107439041138	1.6018399000167847	False	[0 1 1 0 0 0 0 0 1]	[1 0 1 0 0 0 0 0 1]	[1 1 1 0 1 1]	[1 0 1 0 1 0]
8	-0.5	7.529883861541748	2.0471503734588623	2.120333671569824	1.6969578266143799	1.6654419898986816	False	[0 1 1 0 1 0 0 0 1]	[1 0 1 0 0 0 0 1 1]	[1 1 1 0 0 1]	[0 0 1 0 1 0]
8	-0.5	7.344691753387451	2.003831624984741	2.0676300525665283	1.6690781116485596	1.6041522026062012	False	[0 1 0 0 1 0 0 0 1]	[0 0 1 0 0 0 0 1 1]	[1 1 1 0 1 1]	[1 0 1 0 1 0]
8	-0.5	7.474828720092773	2.008369207382202	2.1345748901367188	1.691681981086731	1.6402026414871216	False	[0 1 1 0 1 0 0 0 1]	[1 0 1 0 0 0 0 1 1]	[1 1 1 0 0 1]	[0 0 1 0 1 0]
8	-0.5	7.387602806091309	2.0105087757110596	2.0845000743865967	1.679187297821045	1.6134066581726074	False	[0 1 0 0 1 0 0 0 1]	[1 0 0 0 0 0 0 1 1]	[1 1 1 0 1 1]	[0 0 0 0 1 0]
8	0.451785683631897	7.410510063171387	2.005927801132202	2.0596790313720703	1.713045597076416	1.6318572759628296	False	[0 1 1 0 1 0 0 0 1]	[1 0 0 0 0 0 0 0 1]	[0 1 1 0 1 1]	[1 0 0 0 1 0]
8	-0.5	6.890806198120117	1.8968918323516846	1.9761316776275635	1.6037923097610474	1.4139907360076904	False	[0 1 0 0 1 0 0 0 1]	[1 0 0 0 0 0 0 1 1]	[1 1 1 0 1 1]	[0 0 0 0 1 0]
8	0.4336038827896118	7.328600883483887	2.0079522132873535	2.0278444290161133	1.7054716348648071	1.587332844734192	False	[0 1 1 0 1 0 0 0 1]	[1 0 0 0 0 0 0 0 1]	[0 1 1 0 1 1]	[1 0 0 0 1 0]
8	-0.5	6.922146320343018	1.894036054611206	1.9774634838104248	1.6036289930343628	1.4470176696777344	False	[0 1 0 0 1 0 0 0 1]	[1 0 0 0 0 0 0 1 1]	[1 1 1 0 1 1]	[0 0 0 0 1 0]
8	0.41829684376716614	7.4275665283203125	2.0107011795043945	2.065370798110962	1.7124768495559692	1.6390180587768555	False	[0 1 1 0 1 0 0 0 1]	[1 0 0 0 0 0 0 0 1]	[0 1 1 0 1 1]	[1 0 0 0 1 0]
8	-0.5	6.9234137535095215	1.893493890762329	1.9809339046478271	1.6068809032440186	1.4421049356460571	False	[0 1 0 0 1 0 0 0 1]	[1 0 0 0 0 0 0 1 1]	[1 1 1 0 1 1]	[0 0 0 0 1 0]
8	0.41829684376716614	7.358994483947754	1.9938069581985474	2.0314671993255615	1.7037060260772705	1.6300146579742432	False	[0 1 1 0 1 0 0 0 1]	[1 0 0 0 0 0 0 0 1]	[0 1 1 0 1 1]	[1 0 0 0 1 0]
8	-0.5	6.9189453125	1.8931491374969482	1.9684852361679077	1.6099988222122192	1.4473122358322144	False	[0 1 0 0 1 0 0 0 1]	[1 0 0 0 0 0 0 1 1]	[1 1 1 0 1 1]	[0 0 0 0 1 0]
8	-0.5	7.409578323364258	2.009448289871216	2.045924186706543	1.7190437316894531	1.635162591934204	False	[0 1 1 0 1 0 0 0 1]	[1 0 0 0 0 0 0 0 1]	[1 1 1 0 0 1]	[1 0 0 0 1 0]
8	-0.5	7.206295013427734	2.0087966918945312	1.9540464878082275	1.6946572065353394	1.5487949848175049	False	[0 1 0 0 1 0 0 0 1]	[1 0 1 0 0 0 0 0 1]	[1 1 1 0 1 1]	[1 0 1 0 1 0]
8	-0.5	7.353853702545166	2.041290283203125	1.9906858205795288	1.6657586097717285	1.6561188697814941	False	[0 1 0 0 0 0 0 0 1]	[1 0 1 0 0 0 0 1 1]	[0 1 1 0 1 1]	[0 0 1 0 1 0]
8	0.4637514054775238	7.406937599182129	2.0241715908050537	2.084937572479248	1.687668800354004	1.6101601123809814	False	[0 1 1 0 0 0 0 0 1]	[1 0 0 0 0 0 0 1 1]	[0 1 1 0 0 1]	[1 0 1 0 1 0]
8	-0.5	7.14527702331543	1.8913373947143555	2.0424442291259766	1.6919164657592773	1.5195786952972412	False	[0 1 0 0 0 0 0 0 1]	[0 0 0 0 0 0 0 1 1]	[0 1 1 0 1 1]	[0 0 1 0 1 0]
9	0.3852745294570923	5.833463668823242	1.9004685878753662	1.9245097637176514	1.592799425125122	0.4156856834888458	False	[0 1 0 0 0 1 0 0 0]	[0 0 0 0 0 1 0 1 0]	[0 0 0 0 0 0]	[1 1 0 1 1 0]
9	0.43981999158859253	6.194435119628906	2.0259525775909424	1.9508589506149292	1.5915625095367432	0.6260615587234497	False	[0 1 0 0 0 1 1 0 0]	[0 0 0 0 0 1 0 0 0]	[1 0 0 0 0 0]	[0 1 0 1 1 0]
9	0.34134310483932495	6.066971778869629	1.9776051044464111	1.9808465242385864	1.4659745693206787	0.6425459384918213	False	[0 1 0 0 1 1 1 0 0]	[0 0 0 0 0 1 0 1 0]	[0 0 0 0 0 0]	[1 1 0 1 1 0]
9	-0.5	6.480869293212891	2.0126523971557617	2.03849196434021	1.5967347621917725	0.8329899311065674	False	[0 1 0 0 1 1 0 0 0]	[0 0 0 0 0 1 1 1 0]	[0 0 1 0 0 0]	[0 1 0 1 1 0]
9	-0.5	7.179443359375	2.042746067047119	2.072584629058838	1.5596072673797607	1.5045050382614136	False	[0 1 0 0 1 1 1 0 0]	[0 0 0 0 0 1 0 1 0]	[1 0 1 0 0 0]	[1 1 0 1 1 0]
9	-0.5	7.388640403747559	2.042123556137085	2.1220080852508545	1.6928489208221436	1.5316599607467651	False	[0 1 1 0 1 1 1 0 0]	[0 0 0 0 0 1 1 1 0]	[0 0 1 0 0 0]	[0 1 0 1 1 0]
9	-0.75	7.526834487915039	2.028521776199341	2.1218550205230713	1.76279878616333	1.6136590242385864	False	[0 1 1 1 1 1 1 0 0]	[1 0 0 0 0 1 1 1 0]	[0 0 1 1 0 0]	[1 1 0 1 1 0]
9	-0.75	7.535741806030273	2.1066477298736572	2.0956063270568848	1.7158126831054688	1.6176745891571045	False	[0 1 1 1 0 1 1 0 0]	[0 0 0 0 0 1 1 1 0]	[1 0 1 1 0 0]	[1 1 1 1 1 0]
9	-0.75	7.748610973358154	2.1349356174468994	2.1496987342834473	1.7265324592590332	1.7374440431594849	False	[0 1 1 1 1 1 1 0 0]	[0 0 0 0 1 1 1 1 0]	[1 0 1 1 1 0]	[1 1 0 1 1 0]
9	-0.75	7.555374622344971	2.0382907390594482	2.0948739051818848	1.6729334592819214	1.7492765188217163	False	[0 1 1 1 0 1 1 0 0]	[0 0 0 0 1 1 1 1 1]	[0 0 1 1 1 0]	[1 1 0 1 1 1]
9	-0.25	7.540730953216553	2.0733697414398193	2.159801959991455	1.638753890991211	1.668805480003357	False	[0 1 1 1 1 1 1 0 0]	[1 0 0 0 1 1 1 1 1]	[0 0 1 1 0 0]	[1 1 1 1 1 1]
9	-0.25	7.338979244232178	1.9421473741531372	2.1079251766204834	1.6173498630523682	1.671556830406189	False	[0 1 1 0 1 1 1 0 0]	[0 0 0 0 1 1 1 1 1]	[0 0 1 1 1 0]	[1 1 0 1 1 1]
9	-0.25	7.306884765625	2.0128908157348633	2.110369920730591	1.5501983165740967	1.6334255933761597	False	[0 1 1 1 1 1 1 0 0]	[1 0 0 0 1 1 1 1 1]	[1 0 1 1 1 0]	[1 1 1 1 1 1]
9	-0.75	7.1211771965026855	1.9429988861083984	2.048248529434204	1.4469304084777832	1.6829992532730103	False	[0 1 1 1 0 1 1 0 0]	[1 0 0 0 1 1 1 1 0]	[1 0 1 1 0 0]	[1 1 1 0 1 1]
9	-0.75	7.761740207672119	2.12835693359375	2.1935019493103027	1.7596770524978638	1.6802043914794922	False	[0 1 1 1 1 1 1 0 0]	[1 0 0 1 1 1 1 1 0]	[0 0 1 1 0 0]	[1 1 1 0 1 0]
9	-0.75	7.376837730407715	1.9964572191238403	2.0685677528381348	1.737483024597168	1.5743298530578613	False	[0 1 1 0 1 1 1 0 0]	[0 0 0 1 1 1 1 1 0]	[0 0 1 1 1 0]	[1 1 0 0 1 0]
9	-0.75	7.689262390136719	2.1170575618743896	2.1176531314849854	1.7600572109222412	1.6944941282272339	False	[0 1 1 0 0 1 1 0 0]	[0 0 0 0 1 1 1 1 0]	[1 0 1 1 1 0]	[1 1 0 0 1 1]
9	-0.75	7.681302547454834	2.124511480331421	2.161693572998047	1.7516462802886963	1.6434510946273804	False	[0 1 1 0 1 1 1 0 0]	[0 0 0 1 1 1 1 1 0]	[0 0 1 1 1 0]	[1 1 0 0 1 0]
9	-0.75	7.6947784423828125	2.115863800048828	2.122189521789551	1.755450963973999	1.7012741565704346	False	[0 1 1 0 0 1 1 0 0]	[0 0 0 0 1 1 1 1 0]	[1 0 1 1 1 0]	[1 1 0 0 1 1]
9	-0.75	7.7190093994140625	2.138521671295166	2.169630765914917	1.7656480073928833	1.6452090740203857	False	[0 1 1 0 1 1 1 0 0]	[0 0 0 1 1 1 1 1 0]	[0 0 1 1 1 0]	[1 1 0 0 1 0]
9	-0.75	7.696142196655273	2.1133620738983154	2.1299245357513428	1.763684630393982	1.6891710758209229	False	[0 1 1 0 0 1 1 0 0]	[0 0 0 0 1 1 1 1 0]	[1 0 1 1 1 0]	[1 1 0 0 1 1]
9	-0.75	7.699294090270996	2.1334590911865234	2.159867525100708	1.766213059425354	1.6397547721862793	False	[0 1 1 0 1 1 1 0 0]	[0 0 0 1 1 1 1 1 0]	[0 0 1 1 1 0]	[1 1 0 0 1 0]
9	-0.75	7.699110984802246	2.119967460632324	2.1307127475738525	1.7546347379684448	1.6937962770462036	False	[0 1 1 0 0 1 1 0 0]	[0 0 0 0 1 1 1 1 0]	[1 0 1 1 1 0]	[1 1 0 0 1 1]
9	-0.75	7.680834770202637	2.1350889205932617	2.1507201194763184	1.754775047302246	1.640250563621521	False	[0 1 1 0 1 1 1 0 0]	[0 0 0 1 1 1 1 1 0]	[0 0 1 1 1 0]	[1 1 0 0 1 0]
9	-0.75	7.706484317779541	2.1124260425567627	2.1313669681549072	1.7595434188842773	1.7031477689743042	False	[0 1 1 0 0 1 1 0 0]	[0 0 0 0 1 1 1 1 0]	[1 0 1 1 1 0]	[1 1 0 0 1 1]
9	-0.75	7.682365417480469	2.135495662689209	2.160051107406616	1.7566626071929932	1.6301565170288086	False	[0 1 1 0 1 1 1 0 0]	[0 0 0 1 1 1 1 1 0]	[0 0 1 1 1 0]	[1 1 0 0 1 0]
9	-0.75	7.695291042327881	2.1268293857574463	2.124497413635254	1.7475793361663818	1.6963847875595093	False	[0 1 1 0 0 1 1 0 0]	[0 0 0 0 1 1 1 1 0]	[1 0 1 1 1 0]	[1 1 0 0 1 1]
9	-0.75	7.711058616638184	2.141195297241211	2.1703991889953613	1.7682194709777832	1.6312445402145386	False	[0 1 0 0 0 1 1 0 0]	[0 0 0 1 1 1 1 1 0]	[0 0 1 1 1 0]	[1 1 0 0 1 0]
9	-0.25	7.429959297180176	2.1225483417510986	1.9771641492843628	1.716639518737793	1.6136072874069214	False	[1 1 0 0 0 1 1 0 0]	[0 0 0 0 1 1 1 1 0]	[1 0 1 1 1 0]	[1 1 0 0 1 1]
9	-0.75	7.409731864929199	2.0704283714294434	2.1185452938079834	1.6709282398223877	1.549830675125122	False	[1 1 1 0 0 1 1 0 0]	[0 0 0 1 1 1 1 1 0]	[0 0 1 1 1 0]	[0 1 0 0 1 1]
10	-1.0	7.50380802154541	2.0767741203308105	2.106720447540283	1.6131876707077026	1.7071254253387451	False	[0 1 1 0 1 1 0 0 0]	[0 1 0 0 1 1 1 0 0]	[1 1 0 1 0 0]	[1 1 0 0 1 1]
10	-1.0	6.98654842376709	1.8936221599578857	2.000112771987915	1.5714277029037476	1.521385669708252	False	[0 1 1 0 1 1 0 0 0]	[0 1 0 0 1 1 1 0 0]	[1 1 0 1 0 0]	[1 1 0 0 1 1]
10	-1.0	6.829715251922607	1.847525954246521	1.9892933368682861	1.5587513446807861	1.434144377708435	False	[0 1 1 0 1 1 0 0 0]	[0 1 0 0 1 1 1 0 0]	[1 1 0 1 0 0]	[1 1 0 0 1 1]
10	-1.0	7.1412458419799805	1.9274402856826782	2.060830593109131	1.5894423723220825	1.5635329484939575	False	[0 1 1 0 1 1 0 0 0]	[0 1 0 0 1 1 1 0 0]	[1 1 0 1 0 0]	[1 1 0 0 1 1]
10	-1.0	7.006340980529785	1.8844313621520996	2.0453951358795166	1.5633811950683594	1.513132929801941	False	[0 1 1 0 1 1 0 0 0]	[0 1 0 0 1 1 1 0 0]	[1 1 0 1 0 0]	[1 1 0 0 1 1]
10	-1.0	7.019833564758301	1.8789942264556885	2.0649642944335938	1.5090750455856323	1.5668003559112549	False	[0 1 1 0 1 1 0 0 0]	[0 1 0 0 1 1 1 0 0]	[1 1 0 1 0 0]	[1 1 0 0 1 1]
10	-1.0	7.04009485244751	1.89347243309021	2.0605382919311523	1.5739046335220337	1.5121792554855347	False	[0 1 1 0 1 1 0 0 0]	[0 1 0 0 1 1 1 0 0]	[1 1 0 1 0 0]	[1 1 0 0 1 1]
10	-1.0	7.056570529937744	1.9046375751495361	2.069448232650757	1.556061029434204	1.5264239311218262	False	[0 1 1 0 1 1 0 0 0]	[0 1 0 0 1 1 1 0 0]	[1 1 0 1 0 0]	[1 1 0 0 1 1]
10	-1.0	7.034412384033203	1.905941128730774	2.052405595779419	1.5437582731246948	1.5323071479797363	False	[0 1 1 0 1 1 0 0 0]	[0 1 0 0 1 1 1 0 0]	[1 1 0 1 0 0]	[1 1 0 0 1 1]
10	-1.0	7.076827526092529	1.9333857297897339	2.0513970851898193	1.5932793617248535	1.498765468597412	False	[0 1 1 0 1 1 0 0 0]	[0 1 0 0 1 1 1 0 0]	[1 1 0 1 0 0]	[1 1 0 0 1 1]
10	-1.0	7.128444671630859	1.9138089418411255	2.0955591201782227	1.5498992204666138	1.569177508354187	False	[0 1 1 0 1 1 0 0 0]	[0 1 0 0 1 1 1 0 0]	[1 1 0 1 0 0]	[1 1 0 0 1 1]
10	-1.0	7.0534515380859375	1.9050443172454834	2.0892488956451416	1.5349442958831787	1.5242136716842651	False	[0 1 1 0 1 1 0 0 0]	[0 1 0 0 1 1 1 0 0]	[1 1 0 1 0 0]	[1 1 0 0 1 1]
10	-1.0	7.027088165283203	1.8875466585159302	2.0785059928894043	1.518227458000183	1.5428082942962646	False	[0 1 1 0 1 1 0 0 0]	[0 1 0 0 1 1 1 0 0]	[1 1 0 1 0 0]	[1 1 0 0 1 1]
10	-1.0	6.85427713394165	1.8662621974945068	1.9907703399658203	1.5546703338623047	1.442574143409729	False	[0 1 1 0 1 1 0 0 0]	[0 1 0 0 1 1 1 0 0]	[1 1 0 1 0 0]	[1 1 0 0 1 1]
10	-1.0	7.060852527618408	1.9160761833190918	2.082623243331909	1.5409406423568726	1.5212124586105347	False	[0 1 1 0 1 1 0 0 0]	[0 1 0 0 1 1 1 0 0]	[1 1 0 1 0 0]	[1 1 0 0 1 1]
10	-1.0	7.165772438049316	1.923694133758545	2.097973585128784	1.5828945636749268	1.5612105131149292	False	[0 1 1 0 1 1 0 0 0]	[0 1 0 0 1 1 1 0 0]	[1 1 0 1 0 0]	[1 1 0 0 1 1]
10	-1.0	6.742392539978027	1.839249610900879	1.9719489812850952	1.5133271217346191	1.417866587638855	False	[0 1 1 0 1 1 0 0 0]	[0 1 0 0 1 1 1 0 0]	[1 1 0 1 0 0]	[1 1 0 0 1 1]
10	-1.0	7.085444450378418	1.9096355438232422	2.0658111572265625	1.5830376148223877	1.5269604921340942	False	[0 1 1 0 1 1 0 0 0]	[0 1 0 0 1 1 1 0 0]	[1 1 0 1 0 0]	[1 1 0 0 1 1]
10	-1.0	7.090533256530762	1.9122555255889893	2.064228057861328	1.5766355991363525	1.5374138355255127	False	[0 1 1 0 1 1 0 0 0]	[0 1 0 0 1 1 1 0 0]	[1 1 0 1 0 0]	[1 1 0 0 1 1]
10	-1.0	7.057000637054443	1.9274765253067017	2.0164973735809326	1.5963468551635742	1.5166797637939453	False	[0 1 1 0 1 1 0 0 0]	[0 1 0 0 1 1 1 0 0]	[1 1 0 1 0 0]	[1 1 0 0 1 1]
10	-1.0	6.920703887939453	1.84620201587677	2.03775954246521	1.510772705078125	1.5259697437286377	False	[0 1 1 0 1 1 0 0 0]	[0 1 0 0 1 1 1 0 0]	[1 1 0 1 0 0]	[1 1 0 0 1 1]
10	-1.0	6.789484977722168	1.8478965759277344	1.9932196140289307	1.4943954944610596	1.4539731740951538	False	[0 1 1 0 1 1 0 0 0]	[0 1 0 0 1 1 1 0 0]	[1 1 0 1 0 0]	[1 1 0 0 1 1]
10	-1.0	6.828919410705566	1.9010968208312988	1.941293716430664	1.5379230976104736	1.4486057758331299	False	[0 1 1 0 1 1 0 0 0]	[0 1 0 0 1 1 1 0 0]	[1 1 0 1 0 0]	[1 1 0 0 1 1]
10	-1.0	6.974132061004639	1.887655258178711	2.03391695022583	1.5392236709594727	1.5133363008499146	False	[0 1 1 0 1 1 0 0 0]	[0 1 0 0 1 1 1 0 0]	[1 1 0 1 0 0]	[1 1 0 0 1 1]
10	-1.0	6.841373443603516	1.882318139076233	1.964043378829956	1.5407447814941406	1.4542670249938965	False	[0 1 1 0 1 1 0 0 0]	[0 1 0 0 1 1 1 0 0]	[1 1 0 1 0 0]	[1 1 0 0 1 1]
10	-1.0	6.923245429992676	1.856096625328064	2.0248897075653076	1.5282819271087646	1.5139771699905396	False	[0 1 1 0 1 1 0 0 0]	[0 1 0 0 1 1 1 0 0]	[1 1 0 1 0 0]	[1 1 0 0 1 1]
10	-1.0	6.937718868255615	1.8852735757827759	2.033911943435669	1.5555880069732666	1.4629454612731934	False	[0 1 1 0 1 1 0 0 0]	[0 1 0 0 1 1 1 0 0]	[1 1 0 1 0 0]	[1 1 0 0 1 1]
10	-1.0	6.816289901733398	1.8702714443206787	1.9727280139923096	1.5047471523284912	1.4685430526733398	False	[0 1 1 0 1 1 0 0 0]	[0 1 0 0 1 1 1 0 0]	[1 1 0 1 0 0]	[1 1 0 0 1 1]
10	-1.0	7.0580244064331055	1.9119902849197388	2.060112953186035	1.570909023284912	1.5150120258331299	False	[0 1 1 0 1 1 0 0 0]	[0 1 0 0 1 1 1 0 0]	[1 1 0 1 0 0]	[1 1 0 0 1 1]
10	-1.0	6.103053569793701	1.6895173788070679	1.7908029556274414	1.384529948234558	1.2382030487060547	False	[0 1 1 0 1 1 0 0 0]	[0 1 0 0 1 1 1 0 0]	[1 1 0 1 0 0]	[1 1 0 0 1 1]
11	0.08988123387098312	7.824296951293945	2.1829206943511963	1.9906525611877441	1.862579107284546	1.7881439924240112	False	[1 1 0 0 0 1 0 0 0]	[0 0 0 0 0 0 0 0 0]	[1 0 0 0 1 0]	[0 0 0 0 0 0]
11	-1.0	5.652847766876221	1.9856592416763306	2.061540365219116	1.1957454681396484	0.4099027216434479	False	[1 1 0 0 1 1 0 0 0]	[0 0 0 0 0 1 0 0 0]	[0 0 0 0 1 0]	[1 0 0 0 0 0]
11	-1.0	6.071362018585205	1.663012981414795	1.806908130645752	1.2910044193267822	1.310436725616455	False	[1 1 0 0 1 1 0 1 0]	[0 0 0 0 0 1 0 0 0]	[0 0 0 0 1 0]	[0 0 0 0 0 0]
11	-1.0	6.317920207977295	1.6519887447357178	1.8619060516357422	1.4857993125915527	1.3182263374328613	False	[1 1 0 0 1 1 0 0 0]	[0 0 0 0 0 1 0 0 0]	[0 0 0 0 1 0]	[1 0 0 0 0 0]
11	-1.0	6.241971969604492	1.6930255889892578	1.8462218046188354	1.3894132375717163	1.313310980796814	False	[1 1 0 0 1 1 0 1 0]	[0 0 0 0 0 1 0 0 0]	[0 0 0 0 1 0]	[0 0 0 0 0 0]
11	-1.0	6.301579475402832	1.6304548978805542	1.841817021369934	1.4818761348724365	1.347430944442749	False	[1 1 0 0 1 1 0 0 0]	[0 0 0 0 0 1 0 0 0]	[0 0 0 0 1 0]	[1 0 0 0 0 0]
11	-1.0	6.267075538635254	1.7263247966766357	1.8090453147888184	1.3931021690368652	1.338602900505066	False	[1 1 0 0 1 1 0 1 0]	[0 0 0 0 0 1 0 0 0]	[0 0 0 0 1 0]	[0 0 0 0 0 0]
11	-1.0	6.264682292938232	1.6761291027069092	1.7915289402008057	1.4386224746704102	1.3584017753601074	False	[1 1 0 0 1 1 0 0 0]	[0 0 0 0 0 1 0 0 0]	[0 0 0 0 1 0]	[1 0 0 0 0 0]
11	-1.0	6.205988883972168	1.7294414043426514	1.828342318534851	1.3083618879318237	1.339843511581421	False	[1 1 0 0 1 1 0 1 0]	[0 0 0 0 0 1 0 0 0]	[0 0 0 0 1 0]	[0 0 0 0 0 0]
11	-1.0	6.111090183258057	1.6163160800933838	1.8127363920211792	1.3520441055297852	1.3299938440322876	False	[1 1 0 0 1 1 0 0 0]	[0 0 0 0 0 1 0 0 0]	[0 0 0 0 1 0]	[1 0 0 0 0 0]
11	-1.0	6.272781848907471	1.7297260761260986	1.8150302171707153	1.3483130931854248	1.3797125816345215	False	[1 1 0 0 1 1 0 1 0]	[0 0 0 0 0 1 0 0 0]	[0 0 0 0 1 0]	[0 0 0 0 0 0]
11	-1.0	6.30522346496582	1.6686230897903442	1.841186285018921	1.4713793992996216	1.3240346908569336	False	[1 1 0 0 1 1 0 0 0]	[0 0 0 0 0 1 0 0 0]	[0 0 0 0 1 0]	[1 0 0 0 0 0]
11	-1.0	6.5142364501953125	1.777766466140747	1.8604847192764282	1.4699503183364868	1.4060348272323608	False	[1 1 0 0 1 1 0 1 0]	[0 0 0 0 0 1 0 0 0]	[0 0 0 0 1 0]	[0 0 0 0 0 0]
11	-1.0	6.268983840942383	1.6837573051452637	1.7813129425048828	1.435286045074463	1.3686275482177734	False	[1 1 0 0 1 1 0 0 0]	[0 0 0 0 0 1 0 0 0]	[0 0 0 0 1 0]	[1 0 0 0 0 0]
11	-1.0	6.200318336486816	1.7528290748596191	1.7934337854385376	1.2898001670837402	1.364255428314209	False	[1 1 0 0 1 1 0 1 0]	[0 0 0 0 0 1 0 0 0]	[0 0 0 0 1 0]	[0 0 0 0 0 0]
11	-1.0	6.305294990539551	1.6726531982421875	1.7965538501739502	1.4521198272705078	1.3839683532714844	False	[1 1 0 0 1 1 0 0 0]	[0 0 0 0 0 1 0 0 0]	[0 0 0 0 1 0]	[1 0 0 0 0 0]
11	-1.0	6.345277786254883	1.725311040878296	1.8563605546951294	1.458803415298462	1.3048030138015747	False	[1 1 0 0 1 1 0 1 0]	[0 0 0 0 0 1 0 0 0]	[0 0 0 0 1 0]	[0 0 0 0 0 0]
11	-1.0	6.345582008361816	1.670720100402832	1.8312443494796753	1.4962102174758911	1.3474071025848389	False	[1 1 0 0 1 1 0 0 0]	[0 0 0 0 0 1 0 0 0]	[0 0 0 0 1 0]	[1 0 0 0 0 0]
11	-1.0	6.190488338470459	1.7357399463653564	1.7937133312225342	1.2860476970672607	1.374987244606018	False	[1 1 0 0 1 1 0 1 0]	[0 0 0 0 0 1 0 0 0]	[0 0 0 0 1 0]	[0 0 0 0 0 0]
11	-1.0	6.22435188293457	1.64431893825531	1.7906445264816284	1.4275659322738647	1.3618228435516357	False	[1 1 0 0 1 1 0 0 0]	[0 0 0 0 0 1 0 0 0]	[0 0 0 0 1 0]	[1 0 0 0 0 0]
11	-1.0	6.359640121459961	1.739901065826416	1.8385945558547974	1.4313123226165771	1.34983229637146	False	[1 1 0 0 1 1 0 1 0]	[0 0 0 0 0 1 0 0 0]	[0 0 0 0 1 0]	[0 0 0 0 0 0]
11	-1.0	6.173072338104248	1.649638295173645	1.76915442943573	1.3550907373428345	1.3991889953613281	False	[1 1 0 0 1 1 0 0 0]	[0 0 0 0 0 1 0 0 0]	[0 0 0 0 1 0]	[1 0 0 0 0 0]
11	-1.0	6.292697429656982	1.7653658390045166	1.7959812879562378	1.3703327178955078	1.3610177040100098	False	[1 1 0 0 1 1 0 1 0]	[0 0 0 0 0 1 0 0 0]	[0 0 0 0 1 0]	[0 0 0 0 0 0]
11	-1.0	6.188148021697998	1.631110668182373	1.7969367504119873	1.4047954082489014	1.3553051948547363	False	[1 1 0 0 1 1 0 0 0]	[0 0 0 0 0 1 0 0 0]	[0 0 0 0 1 0]	[1 0 0 0 0 0]
11	-1.0	6.190164566040039	1.7274854183197021	1.786888599395752	1.3156545162200928	1.3601362705230713	False	[1 1 0 0 1 1 0 1 0]	[0 0 0 0 0 1 0 0 0]	[0 0 0 0 1 0]	[0 0 0 0 0 0]
11	-1.0	6.260109901428223	1.6688909530639648	1.8010947704315186	1.403922200202942	1.3862017393112183	False	[1 1 0 0 1 1 0 0 0]	[0 0 0 0 0 1 0 0 0]	[0 0 0 0 1 0]	[1 0 0 0 0 0]
11	-1.0	6.463708877563477	1.75611412525177	1.8714213371276855	1.4824614524841309	1.3537120819091797	False	[1 1 0 0 1 1 0 1 0]	[0 0 0 0 0 1 0 0 0]	[0 0 0 0 1 0]	[0 0 0 0 0 0]
11	-1.0	6.239561557769775	1.6192662715911865	1.811819314956665	1.4625802040100098	1.3458958864212036	False	[1 1 0 0 1 1 0 0 0]	[0 0 0 0 0 1 0 0 0]	[0 0 0 0 1 0]	[1 0 0 0 0 0]
11	-1.0	6.2563157081604	1.713394284248352	1.8593509197235107	1.3392196893692017	1.3443509340286255	False	[1 1 0 0 1 1 0 1 0]	[0 0 0 0 0 1 0 0 0]	[0 0 0 0 1 0]	[0 0 0 0 0 0]
11	-1.0	6.219448566436768	1.6448513269424438	1.7826344966888428	1.4303544759750366	1.3616079092025757	False	[1 1 0 0 1 1 0 0 0]	[0 0 0 0 0 1 0 0 0]	[0 0 0 0 1 0]	[1 0 0 0 0 0]
12	-1.0	6.452854633331299	2.013909339904785	2.219350814819336	1.816502571105957	0.40309202671051025	False	[0 1 0 1 1 0 0 0 0]	[1 0 0 0 0 0 0 0 0]	[0 1 0 1 1 1]	[1 0 0 0 0 0]
12	-1.0	6.486042022705078	2.010371208190918	2.1952457427978516	1.672133207321167	0.6082914471626282	False	[0 0 0 1 1 0 0 0 0]	[0 0 0 0 0 0 0 0 0]	[0 1 0 1 1 0]	[0 0 0 0 0 0]
12	-1.0	6.398059844970703	1.9894635677337646	2.2233097553253174	1.7936198711395264	0.39166638255119324	False	[0 1 0 1 1 0 0 0 0]	[1 0 0 0 0 0 0 0 0]	[0 1 0 1 1 1]	[1 0 0 0 0 0]
12	-1.0	6.518315315246582	2.015745162963867	2.1928625106811523	1.6826292276382446	0.6270787715911865	False	[0 0 0 1 1 0 0 0 0]	[0 0 0 0 0 0 0 0 0]	[0 1 0 1 1 0]	[0 0 0 0 0 0]
12	-1.0	6.451086044311523	1.9844427108764648	2.2264792919158936	1.789977788925171	0.45018571615219116	False	[0 1 0 1 1 0 0 0 0]	[1 0 0 0 0 0 0 0 0]	[0 1 0 1 1 1]	[1 0 0 0 0 0]
12	-1.0	6.463139533996582	1.9993457794189453	2.192983865737915	1.6377551555633545	0.6330549716949463	False	[0 0 0 1 1 0 0 0 0]	[1 0 0 0 0 0 0 1 0]	[0 1 0 1 1 0]	[0 0 0 0 0 0]
12	-1.0	6.45710563659668	1.9177066087722778	2.1508774757385254	1.744968295097351	0.6435530185699463	False	[0 0 0 1 1 0 0 1 0]	[1 0 0 0 0 0 0 1 0]	[0 1 0 1 1 1]	[1 0 0 0 0 0]
12	-1.0	6.586840629577637	1.7860032320022583	2.0728418827056885	1.6642366647720337	1.0637589693069458	False	[0 0 0 1 1 0 0 0 0]	[1 0 0 0 0 0 0 1 0]	[0 1 0 1 1 1]	[1 0 0 0 0 0]
12	0.400115042924881	6.539936065673828	1.9181349277496338	2.151379108428955	1.7197363376617432	0.7506856918334961	False	[0 0 0 1 1 0 0 1 0]	[1 0 0 0 0 1 0 1 0]	[0 1 0 1 1 0]	[0 0 0 0 0 0]
12	-1.0	5.205904006958008	2.006162166595459	1.8819197416305542	1.1817585229873657	0.13606341183185577	False	[1 0 0 1 1 0 0 1 0]	[1 0 0 0 1 1 0 1 0]	[1 1 0 1 1 0]	[1 0 0 0 0 0]
12	-1.0	6.306026458740234	1.9643603563308716	2.0577447414398193	1.6755011081695557	0.6084203124046326	False	[1 0 0 1 1 0 0 0 0]	[1 0 0 0 1 1 0 1 0]	[1 1 0 1 1 0]	[0 0 0 0 0 0]
12	-1.0	6.393181800842285	1.926009178161621	2.1328885555267334	1.6899724006652832	0.6443114280700684	False	[1 0 0 1 1 0 0 1 0]	[1 0 0 0 1 1 0 1 0]	[1 1 0 1 1 0]	[1 0 0 0 0 0]
12	-1.0	6.177675724029541	1.9518024921417236	2.0769872665405273	1.5786404609680176	0.570245623588562	False	[1 0 0 1 1 0 0 0 0]	[1 0 0 0 1 1 0 1 0]	[1 1 0 1 1 0]	[0 0 0 0 0 0]
12	-1.0	6.357867240905762	1.960724949836731	2.0972800254821777	1.6473337411880493	0.6525286436080933	False	[1 0 0 1 1 0 0 1 0]	[1 0 0 0 1 1 0 1 0]	[1 1 0 1 1 0]	[1 0 0 0 0 0]
12	-1.0	6.200713157653809	1.9557461738586426	2.0417425632476807	1.5663446187973022	0.6368798613548279	False	[1 0 0 1 1 0 0 0 0]	[1 0 0 0 1 1 0 1 0]	[1 1 0 1 1 0]	[0 0 0 0 0 0]
12	-1.0	6.307173252105713	1.92719566822052	2.106776714324951	1.6585509777069092	0.6146501302719116	False	[1 0 0 1 1 0 0 1 0]	[1 0 0 0 1 1 0 1 0]	[1 1 0 1 1 0]	[1 0 0 0 0 0]
12	-1.0	6.16203498840332	1.9521838426589966	2.0514566898345947	1.604234218597412	0.5541602373123169	False	[1 0 0 1 1 0 0 0 0]	[1 0 0 0 1 1 0 1 0]	[1 1 0 1 1 0]	[0 0 0 0 0 0]
12	-1.0	6.279709815979004	1.9256565570831299	2.108372211456299	1.6730214357376099	0.5726593732833862	False	[1 0 0 1 1 0 0 1 0]	[1 0 0 0 1 1 0 1 0]	[1 1 0 1 1 0]	[1 0 0 0 0 0]
12	-1.0	6.2223896980285645	1.934134840965271	2.089625358581543	1.647403359413147	0.5512263178825378	False	[1 0 0 1 1 0 0 0 0]	[1 0 0 0 1 1 0 1 0]	[1 1 0 1 1 0]	[0 0 0 0 0 0]
12	-1.0	6.483134746551514	1.9571133852005005	2.1216142177581787	1.676444411277771	0.7279625535011292	False	[1 0 0 1 1 0 0 1 0]	[1 0 0 0 1 1 0 1 0]	[1 1 0 1 1 0]	[1 0 0 0 0 0]
12	-1.0	6.249143123626709	1.9382134675979614	2.087523937225342	1.615190029144287	0.6082157492637634	False	[1 0 0 1 1 0 0 0 0]	[1 0 0 0 1 1 0 1 0]	[1 1 0 1 1 0]	[0 0 0 0 0 0]
12	-1.0	6.304940223693848	1.9002254009246826	2.135969638824463	1.700709581375122	0.5680359601974487	False	[1 0 0 1 1 0 0 1 0]	[1 0 0 0 1 1 0 1 0]	[1 1 0 1 1 0]	[1 0 0 0 0 0]
12	-1.0	6.2660088539123535	1.942767858505249	2.1102943420410156	1.6742539405822754	0.5386925935745239	False	[1 0 0 1 1 0 0 0 0]	[1 0 0 0 1 1 0 1 0]	[1 1 0 1 1 0]	[0 0 0 0 0 0]
12	-1.0	6.318234443664551	1.915641188621521	2.131415605545044	1.6811047792434692	0.5900730490684509	False	[1 0 0 1 1 0 0 1 0]	[1 0 0 0 1 1 0 1 0]	[1 1 0 1 1 0]	[1 0 0 0 0 0]
12	-1.0	6.303287982940674	1.9675768613815308	2.0691699981689453	1.6600450277328491	0.6064959168434143	False	[1 0 0 1 1 0 0 0 0]	[1 0 0 0 1 1 0 1 0]	[1 1 0 1 1 0]	[0 0 0 0 0 0]
12	-1.0	6.396731853485107	1.9234824180603027	2.0917561054229736	1.7046154737472534	0.6768775582313538	False	[1 0 0 1 1 0 0 1 0]	[1 0 0 0 1 1 0 1 0]	[1 1 0 1 1 0]	[1 0 0 0 0 0]
12	-1.0	6.230185031890869	1.9535499811172485	2.0801072120666504	1.6358247995376587	0.5607032179832458	False	[1 0 0 1 1 0 0 0 0]	[1 0 0 0 1 1 0 1 0]	[1 1 0 1 1 0]	[0 0 0 0 0 0]
12	-1.0	6.287779808044434	1.9112910032272339	2.088358163833618	1.6675374507904053	0.620593249797821	False	[1 0 0 1 1 0 0 1 0]	[1 0 0 0 1 1 0 1 0]	[1 1 0 1 1 0]	[1 0 0 0 0 0]
12	-1.0	6.246333122253418	1.9525728225708008	2.069195508956909	1.6624294519424438	0.5621352791786194	False	[1 0 0 1 1 0 0 0 0]	[1 0 0 0 1 1 0 1 0]	[1 1 0 1 1 0]	[0 0 0 0 0 0]
12	-1.0	6.412533283233643	1.929197072982788	2.091862916946411	1.71014404296875	0.6813293695449829	False	[1 0 0 1 1 0 0 1 0]	[1 0 0 0 1 1 0 1 0]	[1 1 0 1 1 0]	[1 0 0 0 0 0]
13	0.44603610038757324	6.072848796844482	2.0632400512695312	2.200704574584961	1.5654269456863403	0.2434774786233902	False	[0 0 0 0 0 0 0 0 0]	[0 0 0 0 0 1 0 1 0]	[1 1 0 0 0 1]	[1 0 0 0 0 0]
13	-1.0	5.55992317199707	2.0985946655273438	2.07088303565979	1.2999356985092163	0.09051011502742767	False	[1 0 0 0 0 0 0 0 0]	[0 0 0 0 1 1 0 1 0]	[0 1 0 0 0 1]	[0 0 0 0 0 0]
13	-1.0	6.129131317138672	2.1174440383911133	2.0403850078582764	1.7668391466140747	0.2044629007577896	False	[1 0 0 0 0 0 0 1 0]	[0 0 0 0 1 1 0 1 0]	[0 1 0 0 0 0]	[1 0 0 0 0 0]
13	-1.0	6.1186347007751465	2.110933780670166	2.195948600769043	1.6230907440185547	0.18866179883480072	False	[1 1 0 0 0 0 0 1 0]	[0 0 0 0 1 1 0 1 0]	[0 1 0 0 0 1]	[0 0 0 0 0 0]
13	-1.0	6.178680419921875	2.1331329345703125	2.0750560760498047	1.73811674118042	0.23237445950508118	False	[1 1 0 0 0 0 0 0 0]	[0 0 0 0 1 0 0 1 0]	[0 1 0 0 0 0]	[1 0 0 0 0 0]
13	-1.0	6.033083915710449	2.0665574073791504	2.173564910888672	1.534961462020874	0.25800058245658875	False	[1 0 0 0 0 0 0 0 0]	[0 0 0 0 1 1 0 1 0]	[0 1 0 0 0 1]	[0 0 0 0 0 0]
13	-1.0	6.138400554656982	2.1213440895080566	2.0592894554138184	1.7734746932983398	0.18429219722747803	False	[1 0 0 0 0 0 0 1 0]	[0 0 0 0 1 1 0 1 0]	[0 1 0 0 0 0]	[1 0 0 0 0 0]
13	-1.0	6.064937591552734	2.1077065467834473	2.1455745697021484	1.6292476654052734	0.1824086308479309	False	[1 1 0 0 0 0 0 1 0]	[0 0 0 0 1 1 0 1 0]	[0 1 0 0 0 1]	[0 0 0 0 0 0]
13	-1.0	6.284156322479248	2.150240421295166	2.0624990463256836	1.7743418216705322	0.2970750033855438	False	[1 1 0 0 0 0 0 0 0]	[0 0 0 0 1 0 0 1 0]	[0 1 0 0 0 0]	[1 0 0 0 0 0]
13	-1.0	6.048083305358887	2.083998203277588	2.1960089206695557	1.5554007291793823	0.21267502009868622	False	[1 0 0 0 0 0 0 0 0]	[0 0 0 0 1 1 0 1 0]	[0 1 0 0 0 1]	[0 0 0 0 0 0]
13	-1.0	6.138533115386963	2.13205885887146	2.0528221130371094	1.7831368446350098	0.17051517963409424	False	[1 0 0 0 0 0 0 1 0]	[0 0 0 0 1 1 0 1 0]	[0 1 0 0 0 0]	[1 0 0 0 0 0]
13	-1.0	6.122706413269043	2.1020736694335938	2.191401720046997	1.637176275253296	0.1920546591281891	False	[1 0 0 0 0 0 0 0 0]	[0 0 0 0 1 1 0 1 0]	[0 1 0 0 0 1]	[0 0 0 0 0 0]
13	-1.0	6.195384502410889	2.1300837993621826	2.058002471923828	1.8041250705718994	0.2031732052564621	False	[1 0 0 0 0 0 0 1 0]	[0 0 0 0 1 1 0 1 0]	[0 1 0 0 0 0]	[1 0 0 0 0 0]
13	0.3460361063480377	6.07120943069458	2.0910263061523438	2.1881301403045654	1.5794671773910522	0.21258553862571716	False	[1 1 0 0 0 0 0 1 0]	[0 0 0 0 1 0 0 1 0]	[0 1 0 0 0 1]	[0 0 0 0 0 0]
13	-1.0	5.224340915679932	2.0363094806671143	1.8828898668289185	1.1974856853485107	0.1076558455824852	False	[1 1 0 0 0 0 0 1 1]	[0 0 0 0 1 1 0 1 0]	[0 1 1 0 0 1]	[1 0 0 0 0 0]
13	-1.0	6.2479777336120605	2.1251659393310547	2.0657761096954346	1.719403862953186	0.33763206005096436	False	[1 1 0 0 0 0 0 0 1]	[0 0 0 0 1 1 0 1 0]	[0 1 1 0 0 0]	[0 0 0 0 0 0]
13	-1.0	6.030912399291992	2.073643207550049	2.1706795692443848	1.578257441520691	0.2083321213722229	False	[1 1 0 0 0 0 0 1 1]	[0 0 0 0 1 0 0 1 0]	[0 1 1 0 0 1]	[1 0 0 0 0 0]
13	-1.0	6.642550468444824	2.122495651245117	1.9078134298324585	1.7406086921691895	0.8716325163841248	False	[1 1 0 0 0 0 0 0 1]	[0 0 0 0 1 1 0 1 0]	[0 1 0 0 0 1]	[0 0 0 0 0 0]
13	-1.0	6.170316696166992	2.138087511062622	2.1050732135772705	1.724906325340271	0.202249675989151	False	[1 1 0 0 0 0 0 1 1]	[0 0 0 0 1 1 0 1 0]	[0 1 0 0 0 0]	[1 0 0 0 0 0]
13	-1.0	6.06576681137085	2.070543050765991	2.181912899017334	1.5335519313812256	0.2797587811946869	False	[1 0 0 0 0 0 0 1 1]	[0 0 0 0 1 1 0 1 0]	[0 1 0 0 0 1]	[0 0 0 0 0 0]
13	-1.0	6.120620250701904	2.1339049339294434	2.1088783740997314	1.6989730596542358	0.17886370420455933	False	[1 0 0 0 0 0 0 0 1]	[0 0 0 0 1 1 0 1 0]	[0 1 0 0 0 0]	[1 0 0 0 0 0]
13	-1.0	6.076644420623779	2.0647659301757812	2.159749746322632	1.5364270210266113	0.31570157408714294	False	[1 0 0 0 0 0 0 1 1]	[0 0 0 0 1 1 0 1 0]	[0 1 0 0 0 1]	[0 0 0 0 0 0]
13	-1.0	6.107911586761475	2.113790988922119	2.054694175720215	1.6958744525909424	0.24355152249336243	False	[1 0 0 0 0 0 0 0 1]	[0 0 0 0 1 1 0 1 0]	[0 1 0 0 0 0]	[1 0 0 0 0 0]
13	-1.0	6.054943561553955	2.097780466079712	2.1714346408843994	1.6171716451644897	0.16855648159980774	False	[1 0 0 0 0 0 0 1 1]	[0 0 0 0 1 1 0 1 0]	[0 1 0 0 0 1]	[0 0 0 0 0 0]
13	-1.0	6.108903884887695	2.123430013656616	2.1176037788391113	1.681502342224121	0.18636789917945862	False	[1 0 0 0 0 0 0 0 1]	[0 0 0 0 1 1 0 1 0]	[0 1 0 0 0 0]	[1 0 0 0 0 0]
13	-1.0	6.029872417449951	2.075242280960083	2.1823532581329346	1.5720832347869873	0.2001940906047821	False	[1 1 0 0 0 0 0 0 1]	[0 0 0 0 1 1 0 1 0]	[0 1 0 0 0 1]	[0 0 0 0 0 0]
13	-1.0	6.130631446838379	2.1253867149353027	2.1007516384124756	1.7044029235839844	0.2000901848077774	False	[1 1 0 0 0 0 0 1 1]	[0 0 0 0 1 1 0 1 0]	[0 1 0 0 0 0]	[1 0 0 0 0 0]
13	0.421638160943985	6.09602689743042	2.0794496536254883	2.164475917816162	1.612467646598816	0.23963335156440735	False	[1 0 0 0 0 0 0 1 1]	[0 0 0 0 1 0 0 1 0]	[0 1 0 0 0 1]	[0 0 0 0 0 0]
13	-1.0	5.169607162475586	2.0224974155426025	1.885840892791748	1.163826823234558	0.09744194149971008	False	[1 0 0 0 0 0 0 1 0]	[0 0 0 0 1 1 0 1 0]	[0 1 1 0 0 1]	[1 0 0 0 0 0]
13	0.3730904161930084	6.530196189880371	2.1312053203582764	1.9108920097351074	1.770195722579956	0.7179033756256104	False	[1 0 0 0 0 0 0 0 0]	[0 0 0 0 1 0 0 1 0]	[0 1 0 0 0 1]	[0 0 0 0 0 0]
14	-1.0	5.253603935241699	1.9709961414337158	0.8520534634590149	1.7307507991790771	0.6998032331466675	False	[0 0 0 0 0 0 0 1 0]	[0 0 0 0 0 1 1 1 0]	[0 0 0 0 1 0]	[0 1 0 1 0 0]
14	-1.0	5.908033847808838	1.998705506324768	0.7987709045410156	1.7019585371017456	1.4085990190505981	False	[0 0 0 0 0 0 0 1 0]	[0 0 0 0 0 1 1 1 0]	[0 0 0 0 0 0]	[0 1 0 1 0 0]
14	-1.0	5.369187355041504	1.9521173238754272	0.851231575012207	1.7285807132720947	0.8372572064399719	False	[0 0 0 0 0 0 0 1 0]	[0 0 0 0 0 1 1 1 0]	[0 0 0 0 1 0]	[0 1 0 1 0 0]
14	-1.0	5.931601524353027	1.9732770919799805	0.852393388748169	1.7028602361679077	1.4030709266662598	False	[0 0 0 0 0 0 0 1 0]	[0 0 0 0 0 1 1 1 0]	[0 0 0 0 1 1]	[0 1 0 1 0 0]
14	-1.0	6.00571346282959	2.0358853340148926	0.9270283579826355	1.6632493734359741	1.3795502185821533	False	[0 0 0 0 0 0 0 1 0]	[0 0 0 0 0 1 1 1 0]	[0 0 0 0 1 1]	[0 1 0 1 0 0]
14	-1.0	5.904178142547607	1.9786067008972168	0.9483687877655029	1.6780509948730469	1.2991520166397095	False	[0 0 0 0 0 0 0 1 0]	[0 0 0 0 0 1 1 1 0]	[0 0 0 0 1 0]	[0 1 0 1 0 0]
14	-1.0	6.119454383850098	2.079676866531372	1.0047049522399902	1.6523114442825317	1.382761001586914	False	[0 0 0 0 0 0 0 1 0]	[0 0 0 0 0 1 1 1 0]	[0 0 0 0 0 0]	[0 1 0 1 1 0]
14	-1.0	4.749729633331299	1.5308808088302612	0.7734094262123108	1.3851797580718994	1.0602596998214722	False	[0 0 0 0 0 0 0 1 0]	[0 0 0 0 0 1 1 1 0]	[0 0 0 0 0 0]	[0 1 0 1 1 0]
14	-1.0	5.143780708312988	1.585183024406433	0.8236202001571655	1.5036859512329102	1.23129141330719	False	[0 0 0 0 0 0 0 1 0]	[0 0 0 0 0 1 1 1 0]	[0 0 0 0 0 0]	[0 1 0 1 1 0]
14	-1.0	5.20832633972168	1.652967095375061	0.8140513300895691	1.5610504150390625	1.180257797241211	False	[0 0 0 0 0 0 0 1 0]	[0 0 0 0 0 1 1 1 0]	[0 0 0 0 0 0]	[0 1 0 1 1 0]
14	-1.0	5.224669456481934	1.6273274421691895	0.8952764868736267	1.535754919052124	1.166310429573059	False	[0 0 0 0 0 0 0 1 0]	[0 0 0 0 0 1 1 1 0]	[0 0 0 0 0 0]	[0 1 0 1 1 0]
14	-1.0	4.745538711547852	1.5712084770202637	0.7556666135787964	1.3029569387435913	1.115706205368042	False	[0 0 0 0 0 0 0 1 0]	[0 0 0 0 0 1 1 1 0]	[0 0 0 0 0 0]	[0 1 0 1 1 0]
14	-1.0	5.1376237869262695	1.6182410717010498	0.8965095281600952	1.4543102979660034	1.1685630083084106	False	[0 0 0 0 0 0 0 1 0]	[0 0 0 0 0 1 1 1 0]	[0 0 0 0 0 0]	[0 1 0 1 1 0]
14	-1.0	4.886116981506348	1.5393486022949219	0.8267915844917297	1.3644253015518188	1.1555514335632324	False	[0 0 0 0 0 0 0 1 0]	[0 0 0 0 0 1 1 1 0]	[0 0 0 0 0 0]	[0 1 0 1 1 0]
14	-1.0	5.023833274841309	1.629679560661316	0.7366130948066711	1.5008995532989502	1.1566407680511475	False	[0 0 0 0 0 0 0 1 0]	[0 0 0 0 0 1 1 1 0]	[0 0 0 0 0 0]	[0 1 0 1 1 0]
14	-1.0	5.256896495819092	1.636337399482727	0.8475421667098999	1.5014135837554932	1.2716034650802612	False	[0 0 0 0 0 0 0 1 0]	[0 0 0 0 0 1 1 1 0]	[0 0 0 0 0 0]	[0 1 0 1 1 0]
14	-1.0	4.952308654785156	1.6049522161483765	0.7825121283531189	1.4360231161117554	1.1288212537765503	False	[0 0 0 0 0 0 0 1 0]	[0 0 0 0 0 1 1 1 0]	[0 0 0 0 0 0]	[0 1 0 1 1 0]
14	-1.0	5.183122158050537	1.6511080265045166	0.8247386813163757	1.510009527206421	1.1972659826278687	False	[0 0 0 0 0 0 0 1 0]	[0 0 0 0 0 1 1 1 0]	[0 0 0 0 0 0]	[0 1 0 1 1 0]
14	-1.0	5.155671119689941	1.6270215511322021	0.8174009919166565	1.513272762298584	1.197975993156433	False	[0 0 0 0 0 0 0 1 0]	[0 0 0 0 0 1 1 1 0]	[0 0 0 0 0 0]	[0 1 0 1 1 0]
14	-1.0	5.358677864074707	1.6776227951049805	0.8471641540527344	1.57927668094635	1.2546145915985107	False	[0 0 0 0 0 0 0 1 0]	[0 0 0 0 0 1 1 1 0]	[0 0 0 0 0 0]	[0 1 0 1 1 0]
14	-1.0	5.1775102615356445	1.6339237689971924	0.8639078736305237	1.5039864778518677	1.1756923198699951	False	[0 0 0 0 0 0 0 1 0]	[0 0 0 0 0 1 1 1 0]	[0 0 0 0 0 0]	[0 1 0 1 1 0]
14	-1.0	5.080539703369141	1.6146471500396729	0.7840244770050049	1.5254805088043213	1.156387448310852	False	[0 0 0 0 0 0 0 1 0]	[0 0 0 0 0 1 1 1 0]	[0 0 0 0 0 0]	[0 1 0 1 1 0]
14	-1.0	5.023716926574707	1.6232936382293701	0.8087910413742065	1.4696084260940552	1.1220240592956543	False	[0 0 0 0 0 0 0 1 0]	[0 0 0 0 0 1 1 1 0]	[0 0 0 0 0 0]	[0 1 0 1 1 0]
14	-1.0	4.893606185913086	1.6007976531982422	0.7502428293228149	1.437106966972351	1.1054588556289673	False	[0 0 0 0 0 0 0 1 0]	[0 0 0 0 0 1 1 1 0]	[0 0 0 0 0 0]	[0 1 0 1 1 0]
14	-1.0	5.186488151550293	1.6360688209533691	0.7890264391899109	1.527222752571106	1.2341700792312622	False	[0 0 0 0 0 0 0 1 0]	[0 0 0 0 0 1 1 1 0]	[0 0 0 0 0 0]	[0 1 0 1 1 0]
14	-1.0	5.018013000488281	1.6094965934753418	0.7522692084312439	1.5321907997131348	1.1240565776824951	False	[0 0 0 0 0 0 0 1 0]	[0 0 0 0 0 1 1 1 0]	[0 0 0 0 0 0]	[0 1 0 1 1 0]
14	-1.0	5.356387615203857	1.6792454719543457	0.8762910962104797	1.5455576181411743	1.2552932500839233	False	[0 0 0 0 0 0 0 1 0]	[0 0 0 0 0 1 1 1 0]	[0 0 0 0 0 0]	[0 1 0 1 1 0]
14	-1.0	5.255270957946777	1.6284607648849487	0.8383294343948364	1.5422890186309814	1.2461920976638794	False	[0 0 0 0 0 0 0 1 0]	[0 0 0 0 0 1 1 1 0]	[0 0 0 0 0 0]	[0 1 0 1 1 0]
14	-1.0	4.851222038269043	1.5766041278839111	0.750034749507904	1.4647257328033447	1.0598576068878174	False	[0 0 0 0 0 0 0 1 0]	[0 0 0 0 0 1 1 1 0]	[0 0 0 0 0 0]	[0 1 0 1 1 0]
14	-1.0	5.33497428894043	1.6925041675567627	0.8810301423072815	1.5774235725402832	1.184016227722168	False	[0 0 0 0 0 0 0 1 0]	[0 0 0 0 0 1 1 1 0]	[0 0 0 0 0 0]	[0 1 0 1 1 0]
15	-0.75	7.25712776184082	2.0610098838806152	2.0834884643554688	1.6980576515197754	1.414571762084961	False	[0 0 0 0 0 1 0 0 0]	[0 0 0 0 0 0 0 1 0]	[0 0 0 1 0 0]	[0 0 1 0 1 1]
15	-0.75	7.167936325073242	2.0808446407318115	2.137712001800537	1.688527226448059	1.2608526945114136	False	[0 0 0 0 0 1 0 1 0]	[0 0 0 0 0 0 0 0 0]	[0 0 0 1 0 1]	[0 0 1 0 0 1]
15	-0.25	5.911330223083496	1.956890344619751	1.9147772789001465	1.7506248950958252	0.28903794288635254	False	[0 0 0 0 0 1 0 0 0]	[0 0 0 0 0 0 0 1 0]	[0 0 1 1 0 1]	[1 0 1 0 0 1]
15	0.07345246523618698	5.8739333152771	2.063408613204956	2.0413341522216797	0.6448107957839966	1.1243797540664673	False	[0 0 0 0 0 1 0 1 0]	[0 0 0 0 0 1 0 1 0]	[1 0 1 1 0 1]	[1 0 1 1 0 1]
15	-0.25	5.651134967803955	2.079836368560791	1.9626827239990234	0.2022799402475357	1.4063358306884766	False	[0 0 0 0 0 1 0 1 1]	[0 0 0 1 0 1 0 1 0]	[0 0 1 1 0 1]	[1 0 1 0 0 1]
15	0.2013201117515564	5.215531826019287	1.9621661901474	2.010779619216919	0.4555111825466156	0.7870750427246094	False	[0 0 0 0 0 1 1 1 1]	[0 0 0 0 0 1 0 1 0]	[1 0 1 1 0 1]	[1 0 1 1 0 1]
15	-0.25	5.847985744476318	2.0820744037628174	1.9813040494918823	0.2569635510444641	1.5276437997817993	False	[0 0 0 0 0 1 1 1 0]	[0 0 0 1 0 1 0 1 0]	[0 0 1 1 0 1]	[1 0 1 0 0 1]
15	0.2609005272388458	5.839511394500732	2.0696818828582764	1.9976189136505127	0.6091623902320862	1.1630481481552124	False	[0 0 0 0 0 1 1 0 0]	[0 0 0 0 0 1 0 1 0]	[1 0 1 1 0 1]	[1 0 1 1 0 1]
15	-0.25	5.653069019317627	2.084989547729492	1.9888323545455933	0.25795677304267883	1.3212898969650269	False	[0 0 0 0 0 1 1 0 1]	[0 0 0 1 0 1 0 1 0]	[0 0 1 1 0 1]	[1 0 1 0 0 1]
15	0.2609005272388458	5.428338050842285	2.000847816467285	2.0228421688079834	0.7346068620681763	0.6700409650802612	False	[0 0 0 0 0 1 0 0 1]	[0 0 0 0 0 1 0 1 0]	[1 0 1 1 0 1]	[1 0 1 1 0 1]
15	-0.25	5.007818222045898	2.0643601417541504	1.8785362243652344	0.1977793574333191	0.8671428561210632	False	[0 0 0 0 0 1 1 0 1]	[0 0 0 1 0 1 0 1 0]	[0 0 1 1 0 1]	[1 0 1 0 0 1]
15	0.23453690111637115	5.397678375244141	1.9989970922470093	2.02056884765625	0.6467664241790771	0.7313461303710938	False	[0 0 0 0 0 1 0 0 1]	[0 0 0 0 0 1 0 1 0]	[1 0 1 1 0 1]	[1 0 1 1 0 1]
15	-0.25	5.5093994140625	2.0735838413238525	1.9103522300720215	0.33749714493751526	1.1879661083221436	False	[0 0 0 0 0 1 1 0 1]	[0 0 0 1 0 1 0 1 0]	[0 0 1 1 0 1]	[1 0 1 0 0 1]
15	0.2618096172809601	5.501220703125	1.9953675270080566	2.0212676525115967	0.6789161562919617	0.8056697845458984	False	[0 0 0 0 0 1 0 0 1]	[0 0 0 0 0 1 0 1 0]	[1 0 1 1 0 1]	[1 0 1 1 0 1]
15	-0.25	5.22050666809082	2.081768751144409	1.9166899919509888	0.24600651860237122	0.9760411977767944	False	[0 0 0 0 0 1 1 0 1]	[0 0 0 1 0 1 0 1 0]	[0 0 1 1 0 1]	[1 0 1 0 0 1]
15	0.24937741458415985	5.65385103225708	1.99599027633667	2.0356810092926025	0.69573974609375	0.926439642906189	False	[0 0 0 0 0 1 0 0 1]	[0 0 0 0 0 1 0 1 0]	[1 0 1 1 0 1]	[1 0 1 1 0 1]
15	-0.25	5.291679859161377	2.074169874191284	1.895921230316162	0.25274527072906494	1.0688433647155762	False	[0 0 0 0 0 1 1 0 1]	[0 0 0 1 0 1 0 1 0]	[0 0 1 1 0 1]	[1 0 1 0 0 1]
15	0.2453751116991043	5.231095314025879	1.995843529701233	2.0070862770080566	0.5801775455474854	0.6479880809783936	False	[0 0 0 0 0 1 0 0 1]	[0 0 0 0 0 1 0 1 0]	[1 0 1 1 0 1]	[1 0 1 1 0 1]
15	-0.25	5.393569469451904	2.0834760665893555	1.9137797355651855	0.275620698928833	1.1206927299499512	False	[0 0 0 0 0 1 1 0 1]	[0 0 0 1 0 1 0 1 0]	[0 0 1 1 0 1]	[1 0 1 0 0 1]
15	0.2699914574623108	5.305372714996338	2.0021286010742188	2.0147993564605713	0.6647025942802429	0.6237426400184631	False	[0 0 0 0 0 1 0 0 1]	[0 0 0 0 0 1 0 1 0]	[1 0 1 1 0 1]	[1 0 1 1 0 1]
15	-0.25	5.387964725494385	2.0802950859069824	1.8997877836227417	0.27219119668006897	1.135690689086914	False	[0 0 0 0 0 1 1 0 1]	[0 0 0 1 0 1 0 1 0]	[0 0 1 1 0 1]	[1 0 1 0 0 1]
15	0.29195716977119446	5.119139671325684	1.9979994297027588	1.9975316524505615	0.5747488737106323	0.5488597750663757	False	[0 0 0 0 0 1 0 0 1]	[0 0 0 0 0 1 0 1 0]	[1 0 1 1 0 1]	[1 0 1 1 0 1]
15	-0.25	5.218907356262207	2.0646567344665527	1.8804333209991455	0.2075536847114563	1.0662639141082764	False	[0 0 0 0 0 1 1 0 1]	[0 0 0 1 0 1 0 1 0]	[0 0 1 1 0 1]	[1 0 1 0 0 1]
15	0.2618096172809601	5.373591899871826	1.991222620010376	2.014030933380127	0.6173073053359985	0.7510309815406799	False	[0 0 0 0 0 1 0 0 1]	[0 0 0 0 0 1 0 1 0]	[1 0 1 1 0 1]	[1 0 1 1 0 1]
15	-0.25	5.244762420654297	2.080012798309326	1.918471336364746	0.22057276964187622	1.0257055759429932	False	[0 0 0 0 0 1 1 0 1]	[0 0 0 1 0 1 0 1 0]	[0 0 1 1 0 1]	[1 0 1 0 0 1]
15	0.25559350848197937	5.222467422485352	1.9923702478408813	2.004993438720703	0.5896592140197754	0.6354445815086365	False	[0 0 0 0 0 1 0 0 1]	[0 0 0 0 0 1 0 1 0]	[1 0 1 1 0 1]	[1 0 1 1 0 1]
15	-0.25	5.1634416580200195	2.0715034008026123	1.8890752792358398	0.23639973998069763	0.9664628505706787	False	[0 0 0 0 0 1 1 0 1]	[0 0 0 1 0 1 0 1 0]	[0 0 1 1 0 1]	[1 0 1 0 0 1]
15	0.28817325830459595	5.277089595794678	1.9968514442443848	2.0089848041534424	0.6691936254501343	0.6020594239234924	False	[0 0 0 0 0 1 0 0 1]	[0 0 0 0 0 1 0 1 0]	[1 0 1 1 0 1]	[1 0 1 1 0 1]
15	-0.25	5.237208843231201	2.064103841781616	1.9023213386535645	0.208109512925148	1.0626740455627441	False	[0 0 0 0 0 1 1 0 1]	[0 0 0 1 0 1 0 1 0]	[0 0 1 1 0 1]	[1 0 1 0 0 1]
15	0.2762075662612915	5.449296474456787	2.003007650375366	2.0221102237701416	0.6797614097595215	0.7444170713424683	False	[0 0 0 0 0 1 0 0 1]	[0 0 0 0 0 1 0 1 0]	[1 0 1 1 0 1]	[1 0 1 1 0 1]
