# num_workers = 11
# num_cells = 256
# seed_for_environment = 9999998
# lr = 0.0003
# max_grad_norm = 1.0
# eval_rollout_length = 30
# scaling_factor = 100
# frames_per_batch = 500
# sub_batch_size = 64
# num_epochs = 15
# clip_epsilon = 0.2
# gamma = 0.99
# lmbda = 0.95
# entropy_eps = 0.03
# env_reward_engineering = True
# env_minimum_number_of_qubits = 16
# log_name = experiment_21_18_seed_9999998.txt
# env_error_range = geometric5
# env_version = qecc/bbcode-ldpc-v0
# env_bit_flipping = True
# env_l = 21
# env_m = 18
# env_use_dict_observation = True
# env_number_of_decoder_iterations = 50
# env_number_of_samples = 50
# env_code_logging = False
# env_reset_type = random3
# env_max_step = 30
# env_max_decoding_usage = 1073741824
# model_architecture = hybrid
# model_surrogate_model_path = /vol/bitbucket/osella/rl-qecc-data//supervisedLearning/sweep2/g5_ground_pure_H10_s466555.pth
# model_use_pretrained_encoder = True
# index_to_unfreeze_encoder_updates = 20
# encoder_lr_factor = 0.1
# training_device = cpu
# Resolved arguments:
# Resolved_env_reward_engineering = True
# Resolved_env_bit_flipping = True
# Resolved_env_useDictObservation = True
# Resolved_env_code_logging = False
# Resolved_env_max_step = 30
# Resolved_env_max_decoding_usage = 1073741824
# Resolved_env_reset_type = random3
# Resolved_env_error_range = [np.float64(0.001), np.float64(0.003162), np.float64(0.01), np.float64(0.031623), np.float64(0.1)]
# Resolved_model_use_pretrained_encoder = True
# Resolved_trainingDevice = cpu
# Resolved_model_architecture = hybrid
# Just for information, not used in actual run: SLURM CPUS queried from os environment: 12
# Number of workers: 11
# Does torch identify cuda: True
evaluation number	time	reward	time	policy entropy	time	policy entropy aX	time	policy entropy bX	time	policy entropy aY	time	policy entropy bY	time	Encoder freeze	time	preAction_aX	time	preAction_bX	time	preAction_aY	time	preAction_bY	time	preAction_k	time	postAction_aX	time	postAction_bX	time	postAction_aY	time	postAction_bY	time	postAction_k	time
0	2026-08-08_20-50-22	-0.875	2026-08-08_20-50-22	11.905668258666992	2026-08-08_20-50-22	3.0466010570526123	2026-08-08_20-50-22	3.048006772994995	2026-08-08_20-50-22	2.907514810562134	2026-08-08_20-50-22	2.9035451412200928	2026-08-08_20-50-22	True	2026-08-08_20-50-22	[0 0 0 0 0 0 0 0 0 0 0 0 0 0 0 0 0 0 0 0 0]	2026-08-08_20-50-22	[0 0 0 0 0 0 0 0 0 0 0 0 0 0 0 0 0 0 1 0 0]	2026-08-08_20-50-22	[0 0 0 0 1 0 0 1 0 0 0 0 0 0 0 0 0 0]	2026-08-08_20-50-22	[0 0 0 0 0 0 0 0 0 0 0 0 1 0 0 0 0 0]	2026-08-08_20-50-22	[18]	2026-08-08_20-50-22	[0 0 1 0 0 0 0 0 0 0 0 0 0 0 0 0 0 0 0 0 0]	2026-08-08_20-50-22	[0 0 0 0 0 0 0 0 0 0 0 0 0 0 0 0 0 0 0 0 0]	2026-08-08_20-50-22	[1 0 0 0 1 0 0 1 0 0 0 0 0 0 0 0 0 0]	2026-08-08_20-50-22	[0 1 0 0 0 0 0 0 0 0 0 0 1 0 0 0 0 0]	2026-08-08_20-50-22	[2]	2026-08-08_20-50-22
0	2026-08-08_20-50-22	0.30011501908302307	2026-08-08_20-50-22	11.92068862915039	2026-08-08_20-50-22	3.052001953125	2026-08-08_20-50-22	3.051844596862793	2026-08-08_20-50-22	2.9118905067443848	2026-08-08_20-50-22	2.904951333999634	2026-08-08_20-50-22	True	2026-08-08_20-50-22	[0 0 1 0 0 0 0 0 0 0 0 0 0 0 0 0 0 0 0 0 0]	2026-08-08_20-50-22	[0 0 0 0 0 0 0 0 0 0 0 0 0 0 0 0 0 0 0 0 0]	2026-08-08_20-50-22	[1 0 0 0 1 0 0 1 0 0 0 0 0 0 0 0 0 0]	2026-08-08_20-50-22	[0 1 0 0 0 0 0 0 0 0 0 0 1 0 0 0 0 0]	2026-08-08_20-50-22	[2]	2026-08-08_20-50-22	[0 0 0 0 0 0 0 0 0 0 0 0 0 0 0 0 0 0 0 0 0]	2026-08-08_20-50-22	[0 0 0 0 0 0 0 0 0 0 0 0 0 0 0 0 0 0 1 0 0]	2026-08-08_20-50-22	[0 0 0 0 1 0 0 1 0 0 0 0 0 0 0 0 0 0]	2026-08-08_20-50-22	[0 0 0 0 0 0 0 0 0 0 0 0 1 0 0 0 0 0]	2026-08-08_20-50-22	[18]	2026-08-08_20-50-22
0	2026-08-08_20-50-22	-0.875	2026-08-08_20-50-22	11.894432067871094	2026-08-08_20-50-22	3.043278455734253	2026-08-08_20-50-22	3.044904947280884	2026-08-08_20-50-22	2.9047513008117676	2026-08-08_20-50-22	2.9014968872070312	2026-08-08_20-50-22	True	2026-08-08_20-50-22	[0 0 0 0 0 0 0 0 0 0 0 0 0 0 0 0 0 0 0 0 0]	2026-08-08_20-50-22	[0 0 0 0 0 0 0 0 0 0 0 0 0 0 0 0 0 0 1 0 0]	2026-08-08_20-50-22	[0 0 0 0 1 0 0 1 0 0 0 0 0 0 0 0 0 0]	2026-08-08_20-50-22	[0 0 0 0 0 0 0 0 0 0 0 0 1 0 0 0 0 0]	2026-08-08_20-50-22	[18]	2026-08-08_20-50-22	[0 0 1 0 0 0 0 0 0 0 0 0 0 0 0 0 0 0 0 0 0]	2026-08-08_20-50-22	[0 0 0 0 0 0 0 0 0 0 0 0 0 0 0 0 0 0 0 0 0]	2026-08-08_20-50-22	[1 0 0 0 1 0 0 1 0 0 0 0 0 0 0 0 0 0]	2026-08-08_20-50-22	[0 1 0 0 0 0 0 0 0 0 0 0 1 0 0 0 0 0]	2026-08-08_20-50-22	[2]	2026-08-08_20-50-22
0	2026-08-08_20-50-22	0.30633115768432617	2026-08-08_20-50-22	11.919317245483398	2026-08-08_20-50-22	3.0510764122009277	2026-08-08_20-50-22	3.0521037578582764	2026-08-08_20-50-22	2.912841320037842	2026-08-08_20-50-22	2.9032959938049316	2026-08-08_20-50-22	True	2026-08-08_20-50-22	[0 0 1 0 0 0 0 0 0 0 0 0 0 0 0 0 0 0 0 0 0]	2026-08-08_20-50-22	[0 0 0 0 0 0 0 0 0 0 0 0 0 0 0 0 0 0 0 0 0]	2026-08-08_20-50-22	[1 0 0 0 1 0 0 1 0 0 0 0 0 0 0 0 0 0]	2026-08-08_20-50-22	[0 1 0 0 0 0 0 0 0 0 0 0 1 0 0 0 0 0]	2026-08-08_20-50-22	[2]	2026-08-08_20-50-22	[0 0 0 0 0 0 0 0 0 0 0 0 0 0 0 0 0 0 0 0 0]	2026-08-08_20-50-22	[0 0 0 0 0 0 0 0 0 0 0 0 0 0 0 0 0 0 1 0 0]	2026-08-08_20-50-22	[0 0 0 0 1 0 0 1 0 0 0 0 0 0 0 0 0 0]	2026-08-08_20-50-22	[0 0 0 0 0 0 0 0 0 0 0 0 1 0 0 0 0 0]	2026-08-08_20-50-22	[18]	2026-08-08_20-50-22
0	2026-08-08_20-50-22	-0.875	2026-08-08_20-50-22	11.886137008666992	2026-08-08_20-50-22	3.0402095317840576	2026-08-08_20-50-22	3.0437214374542236	2026-08-08_20-50-22	2.904280185699463	2026-08-08_20-50-22	2.897925853729248	2026-08-08_20-50-22	True	2026-08-08_20-50-22	[0 0 0 0 0 0 0 0 0 0 0 0 0 0 0 0 0 0 0 0 0]	2026-08-08_20-50-22	[0 0 0 0 0 0 0 0 0 0 0 0 0 0 0 0 0 0 1 0 0]	2026-08-08_20-50-22	[0 0 0 0 1 0 0 1 0 0 0 0 0 0 0 0 0 0]	2026-08-08_20-50-22	[0 0 0 0 0 0 0 0 0 0 0 0 1 0 0 0 0 0]	2026-08-08_20-50-22	[18]	2026-08-08_20-50-22	[0 0 1 0 0 0 0 0 0 0 0 0 0 0 0 0 0 0 0 0 0]	2026-08-08_20-50-22	[0 0 0 0 0 0 0 0 0 0 0 0 0 0 0 0 0 0 0 0 0]	2026-08-08_20-50-22	[1 0 0 0 1 0 0 1 0 0 0 0 0 0 0 0 0 0]	2026-08-08_20-50-22	[0 1 0 0 0 0 0 0 0 0 0 0 1 0 0 0 0 0]	2026-08-08_20-50-22	[2]	2026-08-08_20-50-22
0	2026-08-08_20-50-22	0.38193321228027344	2026-08-08_20-50-22	11.933782577514648	2026-08-08_20-50-22	3.0550696849823	2026-08-08_20-50-22	3.0539190769195557	2026-08-08_20-50-22	2.9164042472839355	2026-08-08_20-50-22	2.9083902835845947	2026-08-08_20-50-22	True	2026-08-08_20-50-22	[0 0 1 0 0 0 0 0 0 0 0 0 0 0 0 0 0 0 0 0 0]	2026-08-08_20-50-22	[0 0 0 0 0 0 0 0 0 0 0 0 0 0 0 0 0 0 0 0 0]	2026-08-08_20-50-22	[1 0 0 0 1 0 0 1 0 0 0 0 0 0 0 0 0 0]	2026-08-08_20-50-22	[0 1 0 0 0 0 0 0 0 0 0 0 1 0 0 0 0 0]	2026-08-08_20-50-22	[2]	2026-08-08_20-50-22	[0 0 0 0 0 0 0 0 0 0 0 0 0 0 0 0 0 0 0 0 0]	2026-08-08_20-50-22	[0 0 0 0 0 0 0 0 0 0 0 0 0 0 0 0 0 0 1 0 0]	2026-08-08_20-50-22	[0 0 0 0 1 0 0 1 0 0 0 0 0 0 0 0 0 0]	2026-08-08_20-50-22	[0 0 0 0 0 0 0 0 0 0 0 0 1 0 0 0 0 0]	2026-08-08_20-50-22	[18]	2026-08-08_20-50-22
0	2026-08-08_20-50-22	-0.875	2026-08-08_20-50-22	11.892101287841797	2026-08-08_20-50-22	3.0403339862823486	2026-08-08_20-50-22	3.044931411743164	2026-08-08_20-50-22	2.905353546142578	2026-08-08_20-50-22	2.901482105255127	2026-08-08_20-50-22	True	2026-08-08_20-50-22	[0 0 0 0 0 0 0 0 0 0 0 0 0 0 0 0 0 0 0 0 0]	2026-08-08_20-50-22	[0 0 0 0 0 0 0 0 0 0 0 0 0 0 0 0 0 0 1 0 0]	2026-08-08_20-50-22	[0 0 0 0 1 0 0 1 0 0 0 0 0 0 0 0 0 0]	2026-08-08_20-50-22	[0 0 0 0 0 0 0 0 0 0 0 0 1 0 0 0 0 0]	2026-08-08_20-50-22	[18]	2026-08-08_20-50-22	[0 0 1 0 0 0 0 0 0 0 0 0 0 0 0 0 0 0 0 0 0]	2026-08-08_20-50-22	[0 0 0 0 0 0 0 0 0 0 0 0 0 0 0 0 0 0 0 0 0]	2026-08-08_20-50-22	[1 0 0 0 1 0 0 1 0 0 0 0 0 0 0 0 0 0]	2026-08-08_20-50-22	[0 1 0 0 0 0 0 0 0 0 0 0 1 0 0 0 0 0]	2026-08-08_20-50-22	[2]	2026-08-08_20-50-22
0	2026-08-08_20-50-22	0.3336038589477539	2026-08-08_20-50-22	11.918764114379883	2026-08-08_20-50-22	3.0502984523773193	2026-08-08_20-50-22	3.0545458793640137	2026-08-08_20-50-22	2.9115500450134277	2026-08-08_20-50-22	2.9023706912994385	2026-08-08_20-50-22	True	2026-08-08_20-50-22	[0 0 1 0 0 0 0 0 0 0 0 0 0 0 0 0 0 0 0 0 0]	2026-08-08_20-50-22	[0 0 0 0 0 0 0 0 0 0 0 0 0 0 0 0 0 0 0 0 0]	2026-08-08_20-50-22	[1 0 0 0 1 0 0 1 0 0 0 0 0 0 0 0 0 0]	2026-08-08_20-50-22	[0 1 0 0 0 0 0 0 0 0 0 0 1 0 0 0 0 0]	2026-08-08_20-50-22	[2]	2026-08-08_20-50-22	[0 0 0 0 0 0 0 0 0 0 0 0 0 0 0 0 0 0 0 0 0]	2026-08-08_20-50-22	[0 0 0 0 0 0 0 0 0 0 0 0 0 0 0 0 0 0 1 0 0]	2026-08-08_20-50-22	[0 0 0 0 1 0 0 1 0 0 0 0 0 0 0 0 0 0]	2026-08-08_20-50-22	[0 0 0 0 0 0 0 0 0 0 0 0 1 0 0 0 0 0]	2026-08-08_20-50-22	[18]	2026-08-08_20-50-22
0	2026-08-08_20-50-22	-0.875	2026-08-08_20-50-22	11.90011978149414	2026-08-08_20-50-22	3.044173002243042	2026-08-08_20-50-22	3.0472075939178467	2026-08-08_20-50-22	2.906494140625	2026-08-08_20-50-22	2.9022445678710938	2026-08-08_20-50-22	True	2026-08-08_20-50-22	[0 0 0 0 0 0 0 0 0 0 0 0 0 0 0 0 0 0 0 0 0]	2026-08-08_20-50-22	[0 0 0 0 0 0 0 0 0 0 0 0 0 0 0 0 0 0 1 0 0]	2026-08-08_20-50-22	[0 0 0 0 1 0 0 1 0 0 0 0 0 0 0 0 0 0]	2026-08-08_20-50-22	[0 0 0 0 0 0 0 0 0 0 0 0 1 0 0 0 0 0]	2026-08-08_20-50-22	[18]	2026-08-08_20-50-22	[0 0 1 0 0 0 0 0 0 0 0 0 0 0 0 0 0 0 0 0 0]	2026-08-08_20-50-22	[0 0 0 0 0 0 0 0 0 0 0 0 0 0 0 0 0 0 0 0 0]	2026-08-08_20-50-22	[1 0 0 0 1 0 0 1 0 0 0 0 0 0 0 0 0 0]	2026-08-08_20-50-22	[0 1 0 0 0 0 0 0 0 0 0 0 1 0 0 0 0 0]	2026-08-08_20-50-22	[2]	2026-08-08_20-50-22
0	2026-08-08_20-50-22	0.32163816690444946	2026-08-08_20-50-22	11.903938293457031	2026-08-08_20-50-22	3.0493879318237305	2026-08-08_20-50-22	3.0468411445617676	2026-08-08_20-50-22	2.9062488079071045	2026-08-08_20-50-22	2.901460647583008	2026-08-08_20-50-22	True	2026-08-08_20-50-22	[0 0 1 0 0 0 0 0 0 0 0 0 0 0 0 0 0 0 0 0 0]	2026-08-08_20-50-22	[0 0 0 0 0 0 0 0 0 0 0 0 0 0 0 0 0 0 0 0 0]	2026-08-08_20-50-22	[1 0 0 0 1 0 0 1 0 0 0 0 0 0 0 0 0 0]	2026-08-08_20-50-22	[0 1 0 0 0 0 0 0 0 0 0 0 1 0 0 0 0 0]	2026-08-08_20-50-22	[2]	2026-08-08_20-50-22	[0 0 0 0 0 0 0 0 0 0 0 0 0 0 0 0 0 0 0 0 0]	2026-08-08_20-50-22	[0 0 0 0 0 0 0 0 0 0 0 0 0 0 0 0 0 0 1 0 0]	2026-08-08_20-50-22	[0 0 0 0 1 0 0 1 0 0 0 0 0 0 0 0 0 0]	2026-08-08_20-50-22	[0 0 0 0 0 0 0 0 0 0 0 0 1 0 0 0 0 0]	2026-08-08_20-50-22	[18]	2026-08-08_20-50-22
0	2026-08-08_20-50-22	-0.875	2026-08-08_20-50-22	11.904279708862305	2026-08-08_20-50-22	3.0456037521362305	2026-08-08_20-50-22	3.0464577674865723	2026-08-08_20-50-22	2.9079227447509766	2026-08-08_20-50-22	2.904294729232788	2026-08-08_20-50-22	True	2026-08-08_20-50-22	[0 0 0 0 0 0 0 0 0 0 0 0 0 0 0 0 0 0 0 0 0]	2026-08-08_20-50-22	[0 0 0 0 0 0 0 0 0 0 0 0 0 0 0 0 0 0 1 0 0]	2026-08-08_20-50-22	[0 0 0 0 1 0 0 1 0 0 0 0 0 0 0 0 0 0]	2026-08-08_20-50-22	[0 0 0 0 0 0 0 0 0 0 0 0 1 0 0 0 0 0]	2026-08-08_20-50-22	[18]	2026-08-08_20-50-22	[0 0 1 0 0 0 0 0 0 0 0 0 0 0 0 0 0 0 0 0 0]	2026-08-08_20-50-22	[0 0 0 0 0 0 0 0 0 0 0 0 0 0 0 0 0 0 0 0 0]	2026-08-08_20-50-22	[1 0 0 0 1 0 0 1 0 0 0 0 0 0 0 0 0 0]	2026-08-08_20-50-22	[0 1 0 0 0 0 0 0 0 0 0 0 1 0 0 0 0 0]	2026-08-08_20-50-22	[2]	2026-08-08_20-50-22
0	2026-08-08_20-50-22	0.369967520236969	2026-08-08_20-50-22	11.920208930969238	2026-08-08_20-50-22	3.049609422683716	2026-08-08_20-50-22	3.0537304878234863	2026-08-08_20-50-22	2.9125826358795166	2026-08-08_20-50-22	2.9042863845825195	2026-08-08_20-50-22	True	2026-08-08_20-50-22	[0 0 1 0 0 0 0 0 0 0 0 0 0 0 0 0 0 0 0 0 0]	2026-08-08_20-50-22	[0 0 0 0 0 0 0 0 0 0 0 0 0 0 0 0 0 0 0 0 0]	2026-08-08_20-50-22	[1 0 0 0 1 0 0 1 0 0 0 0 0 0 0 0 0 0]	2026-08-08_20-50-22	[0 1 0 0 0 0 0 0 0 0 0 0 1 0 0 0 0 0]	2026-08-08_20-50-22	[2]	2026-08-08_20-50-22	[0 0 0 0 0 0 0 0 0 0 0 0 0 0 0 0 0 0 0 0 0]	2026-08-08_20-50-22	[0 0 0 0 0 0 0 0 0 0 0 0 0 0 0 0 0 0 1 0 0]	2026-08-08_20-50-22	[0 0 0 0 1 0 0 1 0 0 0 0 0 0 0 0 0 0]	2026-08-08_20-50-22	[0 0 0 0 0 0 0 0 0 0 0 0 1 0 0 0 0 0]	2026-08-08_20-50-22	[18]	2026-08-08_20-50-22
0	2026-08-08_20-50-22	-0.875	2026-08-08_20-50-22	11.907326698303223	2026-08-08_20-50-22	3.0459258556365967	2026-08-08_20-50-22	3.049069881439209	2026-08-08_20-50-22	2.9089465141296387	2026-08-08_20-50-22	2.903384208679199	2026-08-08_20-50-22	True	2026-08-08_20-50-22	[0 0 0 0 0 0 0 0 0 0 0 0 0 0 0 0 0 0 0 0 0]	2026-08-08_20-50-22	[0 0 0 0 0 0 0 0 0 0 0 0 0 0 0 0 0 0 1 0 0]	2026-08-08_20-50-22	[0 0 0 0 1 0 0 1 0 0 0 0 0 0 0 0 0 0]	2026-08-08_20-50-22	[0 0 0 0 0 0 0 0 0 0 0 0 1 0 0 0 0 0]	2026-08-08_20-50-22	[18]	2026-08-08_20-50-22	[0 0 1 0 0 0 0 0 0 0 0 0 0 0 0 0 0 0 0 0 0]	2026-08-08_20-50-22	[0 0 0 0 0 0 0 0 0 0 0 0 0 0 0 0 0 0 0 0 0]	2026-08-08_20-50-22	[1 0 0 0 1 0 0 1 0 0 0 0 0 0 0 0 0 0]	2026-08-08_20-50-22	[0 1 0 0 0 0 0 0 0 0 0 0 1 0 0 0 0 0]	2026-08-08_20-50-22	[2]	2026-08-08_20-50-22
0	2026-08-08_20-50-22	0.3273877501487732	2026-08-08_20-50-22	11.908719062805176	2026-08-08_20-50-22	3.0487303733825684	2026-08-08_20-50-22	3.048543691635132	2026-08-08_20-50-22	2.909688949584961	2026-08-08_20-50-22	2.9017560482025146	2026-08-08_20-50-22	True	2026-08-08_20-50-22	[0 0 1 0 0 0 0 0 0 0 0 0 0 0 0 0 0 0 0 0 0]	2026-08-08_20-50-22	[0 0 0 0 0 0 0 0 0 0 0 0 0 0 0 0 0 0 0 0 0]	2026-08-08_20-50-22	[1 0 0 0 1 0 0 1 0 0 0 0 0 0 0 0 0 0]	2026-08-08_20-50-22	[0 1 0 0 0 0 0 0 0 0 0 0 1 0 0 0 0 0]	2026-08-08_20-50-22	[2]	2026-08-08_20-50-22	[0 0 0 0 0 0 0 0 0 0 0 0 0 0 0 0 0 0 0 0 0]	2026-08-08_20-50-22	[0 0 0 0 0 0 0 0 0 0 0 0 0 0 0 0 0 0 1 0 0]	2026-08-08_20-50-22	[0 0 0 0 1 0 0 1 0 0 0 0 0 0 0 0 0 0]	2026-08-08_20-50-22	[0 0 0 0 0 0 0 0 0 0 0 0 1 0 0 0 0 0]	2026-08-08_20-50-22	[18]	2026-08-08_20-50-22
0	2026-08-08_20-50-22	-0.875	2026-08-08_20-50-22	11.898726463317871	2026-08-08_20-50-22	3.0438356399536133	2026-08-08_20-50-22	3.0457844734191895	2026-08-08_20-50-22	2.906996250152588	2026-08-08_20-50-22	2.9021100997924805	2026-08-08_20-50-22	True	2026-08-08_20-50-22	[0 0 0 0 0 0 0 0 0 0 0 0 0 0 0 0 0 0 0 0 0]	2026-08-08_20-50-22	[0 0 0 0 0 0 0 0 0 0 0 0 0 0 0 0 0 0 1 0 0]	2026-08-08_20-50-22	[0 0 0 0 1 0 0 1 0 0 0 0 0 0 0 0 0 0]	2026-08-08_20-50-22	[0 0 0 0 0 0 0 0 0 0 0 0 1 0 0 0 0 0]	2026-08-08_20-50-22	[18]	2026-08-08_20-50-22	[0 0 1 0 0 0 0 0 0 0 0 0 0 0 0 0 0 0 0 0 0]	2026-08-08_20-50-22	[0 0 0 0 0 0 0 0 0 0 0 0 0 0 0 0 0 0 0 0 0]	2026-08-08_20-50-22	[1 0 0 0 1 0 0 1 0 0 0 0 0 0 0 0 0 0]	2026-08-08_20-50-22	[0 1 0 0 0 0 0 0 0 0 0 0 1 0 0 0 0 0]	2026-08-08_20-50-22	[2]	2026-08-08_20-50-22
0	2026-08-08_20-50-22	0.3546604812145233	2026-08-08_20-50-22	11.916705131530762	2026-08-08_20-50-22	3.0521082878112793	2026-08-08_20-50-22	3.0498266220092773	2026-08-08_20-50-22	2.9127509593963623	2026-08-08_20-50-22	2.9020192623138428	2026-08-08_20-50-22	True	2026-08-08_20-50-22	[0 0 1 0 0 0 0 0 0 0 0 0 0 0 0 0 0 0 0 0 0]	2026-08-08_20-50-22	[0 0 0 0 0 0 0 0 0 0 0 0 0 0 0 0 0 0 0 0 0]	2026-08-08_20-50-22	[1 0 0 0 1 0 0 1 0 0 0 0 0 0 0 0 0 0]	2026-08-08_20-50-22	[0 1 0 0 0 0 0 0 0 0 0 0 1 0 0 0 0 0]	2026-08-08_20-50-22	[2]	2026-08-08_20-50-22	[0 0 0 0 0 0 0 0 0 0 0 0 0 0 0 0 0 0 0 0 0]	2026-08-08_20-50-22	[0 0 0 0 0 0 0 0 0 0 0 0 0 0 0 0 0 0 1 0 0]	2026-08-08_20-50-22	[0 0 0 0 1 0 0 1 0 0 0 0 0 0 0 0 0 0]	2026-08-08_20-50-22	[0 0 0 0 0 0 0 0 0 0 0 0 1 0 0 0 0 0]	2026-08-08_20-50-22	[18]	2026-08-08_20-50-22
0	2026-08-08_20-50-22	-0.875	2026-08-08_20-50-22	11.904146194458008	2026-08-08_20-50-22	3.0453107357025146	2026-08-08_20-50-22	3.0469307899475098	2026-08-08_20-50-22	2.9061317443847656	2026-08-08_20-50-22	2.9057726860046387	2026-08-08_20-50-22	True	2026-08-08_20-50-22	[0 0 0 0 0 0 0 0 0 0 0 0 0 0 0 0 0 0 0 0 0]	2026-08-08_20-50-22	[0 0 0 0 0 0 0 0 0 0 0 0 0 0 0 0 0 0 1 0 0]	2026-08-08_20-50-22	[0 0 0 0 1 0 0 1 0 0 0 0 0 0 0 0 0 0]	2026-08-08_20-50-22	[0 0 0 0 0 0 0 0 0 0 0 0 1 0 0 0 0 0]	2026-08-08_20-50-22	[18]	2026-08-08_20-50-22	[0 0 1 0 0 0 0 0 0 0 0 0 0 0 0 0 0 0 0 0 0]	2026-08-08_20-50-22	[0 0 0 0 0 0 0 0 0 0 0 0 0 0 0 0 0 0 0 0 0]	2026-08-08_20-50-22	[1 0 0 0 1 0 0 1 0 0 0 0 0 0 0 0 0 0]	2026-08-08_20-50-22	[0 1 0 0 0 0 0 0 0 0 0 0 1 0 0 0 0 0]	2026-08-08_20-50-22	[2]	2026-08-08_20-50-22
0	2026-08-08_20-50-22	0.32163816690444946	2026-08-08_20-50-22	11.915973663330078	2026-08-08_20-50-22	3.049544095993042	2026-08-08_20-50-22	3.051509380340576	2026-08-08_20-50-22	2.9110019207000732	2026-08-08_20-50-22	2.9039177894592285	2026-08-08_20-50-22	True	2026-08-08_20-50-22	[0 0 1 0 0 0 0 0 0 0 0 0 0 0 0 0 0 0 0 0 0]	2026-08-08_20-50-22	[0 0 0 0 0 0 0 0 0 0 0 0 0 0 0 0 0 0 0 0 0]	2026-08-08_20-50-22	[1 0 0 0 1 0 0 1 0 0 0 0 0 0 0 0 0 0]	2026-08-08_20-50-22	[0 1 0 0 0 0 0 0 0 0 0 0 1 0 0 0 0 0]	2026-08-08_20-50-22	[2]	2026-08-08_20-50-22	[0 0 0 0 0 0 0 0 0 0 0 0 0 0 0 0 0 0 0 0 0]	2026-08-08_20-50-22	[0 0 0 0 0 0 0 0 0 0 0 0 0 0 0 0 0 0 1 0 0]	2026-08-08_20-50-22	[0 0 0 0 1 0 0 1 0 0 0 0 0 0 0 0 0 0]	2026-08-08_20-50-22	[0 0 0 0 0 0 0 0 0 0 0 0 1 0 0 0 0 0]	2026-08-08_20-50-22	[18]	2026-08-08_20-50-22
0	2026-08-08_20-50-22	-0.875	2026-08-08_20-50-22	11.895861625671387	2026-08-08_20-50-22	3.0425195693969727	2026-08-08_20-50-22	3.0451512336730957	2026-08-08_20-50-22	2.905433177947998	2026-08-08_20-50-22	2.9027576446533203	2026-08-08_20-50-22	True	2026-08-08_20-50-22	[0 0 0 0 0 0 0 0 0 0 0 0 0 0 0 0 0 0 0 0 0]	2026-08-08_20-50-22	[0 0 0 0 0 0 0 0 0 0 0 0 0 0 0 0 0 0 1 0 0]	2026-08-08_20-50-22	[0 0 0 0 1 0 0 1 0 0 0 0 0 0 0 0 0 0]	2026-08-08_20-50-22	[0 0 0 0 0 0 0 0 0 0 0 0 1 0 0 0 0 0]	2026-08-08_20-50-22	[18]	2026-08-08_20-50-22	[0 0 1 0 0 0 0 0 0 0 0 0 0 0 0 0 0 0 0 0 0]	2026-08-08_20-50-22	[0 0 0 0 0 0 0 0 0 0 0 0 0 0 0 0 0 0 0 0 0]	2026-08-08_20-50-22	[1 0 0 0 1 0 0 1 0 0 0 0 0 0 0 0 0 0]	2026-08-08_20-50-22	[0 1 0 0 0 0 0 0 0 0 0 0 1 0 0 0 0 0]	2026-08-08_20-50-22	[2]	2026-08-08_20-50-22
0	2026-08-08_20-50-22	0.3125472664833069	2026-08-08_20-50-22	11.921985626220703	2026-08-08_20-50-22	3.0513882637023926	2026-08-08_20-50-22	3.0529937744140625	2026-08-08_20-50-22	2.912447690963745	2026-08-08_20-50-22	2.905156373977661	2026-08-08_20-50-22	True	2026-08-08_20-50-22	[0 0 1 0 0 0 0 0 0 0 0 0 0 0 0 0 0 0 0 0 0]	2026-08-08_20-50-22	[0 0 0 0 0 0 0 0 0 0 0 0 0 0 0 0 0 0 0 0 0]	2026-08-08_20-50-22	[1 0 0 0 1 0 0 1 0 0 0 0 0 0 0 0 0 0]	2026-08-08_20-50-22	[0 1 0 0 0 0 0 0 0 0 0 0 1 0 0 0 0 0]	2026-08-08_20-50-22	[2]	2026-08-08_20-50-22	[0 0 0 0 0 0 0 0 0 0 0 0 0 0 0 0 0 0 0 0 0]	2026-08-08_20-50-22	[0 0 0 0 0 0 0 0 0 0 0 0 0 0 0 0 0 0 1 0 0]	2026-08-08_20-50-22	[0 0 0 0 1 0 0 1 0 0 0 0 0 0 0 0 0 0]	2026-08-08_20-50-22	[0 0 0 0 0 0 0 0 0 0 0 0 1 0 0 0 0 0]	2026-08-08_20-50-22	[18]	2026-08-08_20-50-22
0	2026-08-08_20-50-22	-0.875	2026-08-08_20-50-22	11.897502899169922	2026-08-08_20-50-22	3.042665958404541	2026-08-08_20-50-22	3.045454263687134	2026-08-08_20-50-22	2.9055607318878174	2026-08-08_20-50-22	2.9038214683532715	2026-08-08_20-50-22	True	2026-08-08_20-50-22	[0 0 0 0 0 0 0 0 0 0 0 0 0 0 0 0 0 0 0 0 0]	2026-08-08_20-50-22	[0 0 0 0 0 0 0 0 0 0 0 0 0 0 0 0 0 0 1 0 0]	2026-08-08_20-50-22	[0 0 0 0 1 0 0 1 0 0 0 0 0 0 0 0 0 0]	2026-08-08_20-50-22	[0 0 0 0 0 0 0 0 0 0 0 0 1 0 0 0 0 0]	2026-08-08_20-50-22	[18]	2026-08-08_20-50-22	[0 0 1 0 0 0 0 0 0 0 0 0 0 0 0 0 0 0 0 0 0]	2026-08-08_20-50-22	[0 0 0 0 0 0 0 0 0 0 0 0 0 0 0 0 0 0 0 0 0]	2026-08-08_20-50-22	[1 0 0 0 1 0 0 1 0 0 0 0 0 0 0 0 0 0]	2026-08-08_20-50-22	[0 1 0 0 0 0 0 0 0 0 0 0 1 0 0 0 0 0]	2026-08-08_20-50-22	[2]	2026-08-08_20-50-22
0	2026-08-08_20-50-22	0.3637514114379883	2026-08-08_20-50-22	11.896167755126953	2026-08-08_20-50-22	3.044144868850708	2026-08-08_20-50-22	3.045332670211792	2026-08-08_20-50-22	2.9077036380767822	2026-08-08_20-50-22	2.898986339569092	2026-08-08_20-50-22	True	2026-08-08_20-50-22	[0 0 1 0 0 0 0 0 0 0 0 0 0 0 0 0 0 0 0 0 0]	2026-08-08_20-50-22	[0 0 0 0 0 0 0 0 0 0 0 0 0 0 0 0 0 0 0 0 0]	2026-08-08_20-50-22	[1 0 0 0 1 0 0 1 0 0 0 0 0 0 0 0 0 0]	2026-08-08_20-50-22	[0 1 0 0 0 0 0 0 0 0 0 0 1 0 0 0 0 0]	2026-08-08_20-50-22	[2]	2026-08-08_20-50-22	[0 0 0 0 0 0 0 0 0 0 0 0 0 0 0 0 0 0 0 0 0]	2026-08-08_20-50-22	[0 0 0 0 0 0 0 0 0 0 0 0 0 0 0 0 0 0 1 0 0]	2026-08-08_20-50-22	[0 0 0 0 1 0 0 1 0 0 0 0 0 0 0 0 0 0]	2026-08-08_20-50-22	[0 0 0 0 0 0 0 0 0 0 0 0 1 0 0 0 0 0]	2026-08-08_20-50-22	[18]	2026-08-08_20-50-22
0	2026-08-08_20-50-22	-0.875	2026-08-08_20-50-22	11.896707534790039	2026-08-08_20-50-22	3.043999671936035	2026-08-08_20-50-22	3.04504656791687	2026-08-08_20-50-22	2.9045498371124268	2026-08-08_20-50-22	2.903111696243286	2026-08-08_20-50-22	True	2026-08-08_20-50-22	[0 0 0 0 0 0 0 0 0 0 0 0 0 0 0 0 0 0 0 0 0]	2026-08-08_20-50-22	[0 0 0 0 0 0 0 0 0 0 0 0 0 0 0 0 0 0 1 0 0]	2026-08-08_20-50-22	[0 0 0 0 1 0 0 1 0 0 0 0 0 0 0 0 0 0]	2026-08-08_20-50-22	[0 0 0 0 0 0 0 0 0 0 0 0 1 0 0 0 0 0]	2026-08-08_20-50-22	[18]	2026-08-08_20-50-22	[0 0 1 0 0 0 0 0 0 0 0 0 0 0 0 0 0 0 0 0 0]	2026-08-08_20-50-22	[0 0 0 0 0 0 0 0 0 0 0 0 0 0 0 0 0 0 0 0 0]	2026-08-08_20-50-22	[1 0 0 0 1 0 0 1 0 0 0 0 0 0 0 0 0 0]	2026-08-08_20-50-22	[0 1 0 0 0 0 0 0 0 0 0 0 1 0 0 0 0 0]	2026-08-08_20-50-22	[2]	2026-08-08_20-50-22
0	2026-08-08_20-50-22	0.36087659001350403	2026-08-08_20-50-22	11.909029006958008	2026-08-08_20-50-22	3.0500199794769287	2026-08-08_20-50-22	3.0475430488586426	2026-08-08_20-50-22	2.909669876098633	2026-08-08_20-50-22	2.9017961025238037	2026-08-08_20-50-22	True	2026-08-08_20-50-22	[0 0 1 0 0 0 0 0 0 0 0 0 0 0 0 0 0 0 0 0 0]	2026-08-08_20-50-22	[0 0 0 0 0 0 0 0 0 0 0 0 0 0 0 0 0 0 0 0 0]	2026-08-08_20-50-22	[1 0 0 0 1 0 0 1 0 0 0 0 0 0 0 0 0 0]	2026-08-08_20-50-22	[0 1 0 0 0 0 0 0 0 0 0 0 1 0 0 0 0 0]	2026-08-08_20-50-22	[2]	2026-08-08_20-50-22	[0 0 0 0 0 0 0 0 0 0 0 0 0 0 0 0 0 0 0 0 0]	2026-08-08_20-50-22	[0 0 0 0 0 0 0 0 0 0 0 0 0 0 0 0 0 0 1 0 0]	2026-08-08_20-50-22	[0 0 0 0 1 0 0 1 0 0 0 0 0 0 0 0 0 0]	2026-08-08_20-50-22	[0 0 0 0 0 0 0 0 0 0 0 0 1 0 0 0 0 0]	2026-08-08_20-50-22	[18]	2026-08-08_20-50-22
0	2026-08-08_20-50-22	-0.875	2026-08-08_20-50-22	11.903326988220215	2026-08-08_20-50-22	3.045666456222534	2026-08-08_20-50-22	3.04616379737854	2026-08-08_20-50-22	2.9068427085876465	2026-08-08_20-50-22	2.9046545028686523	2026-08-08_20-50-22	True	2026-08-08_20-50-22	[0 0 0 0 0 0 0 0 0 0 0 0 0 0 0 0 0 0 0 0 0]	2026-08-08_20-50-22	[0 0 0 0 0 0 0 0 0 0 0 0 0 0 0 0 0 0 1 0 0]	2026-08-08_20-50-22	[0 0 0 0 1 0 0 1 0 0 0 0 0 0 0 0 0 0]	2026-08-08_20-50-22	[0 0 0 0 0 0 0 0 0 0 0 0 1 0 0 0 0 0]	2026-08-08_20-50-22	[18]	2026-08-08_20-50-22	[0 0 1 0 0 0 0 0 0 0 0 0 0 0 0 0 0 0 0 0 0]	2026-08-08_20-50-22	[0 0 0 0 0 0 0 0 0 0 0 0 0 0 0 0 0 0 0 0 0]	2026-08-08_20-50-22	[1 0 0 0 1 0 0 1 0 0 0 0 0 0 0 0 0 0]	2026-08-08_20-50-22	[0 1 0 0 0 0 0 0 0 0 0 0 1 0 0 0 0 0]	2026-08-08_20-50-22	[2]	2026-08-08_20-50-22
0	2026-08-08_20-50-22	0.33647868037223816	2026-08-08_20-50-22	11.931856155395508	2026-08-08_20-50-22	3.0543434619903564	2026-08-08_20-50-22	3.054804563522339	2026-08-08_20-50-22	2.9152214527130127	2026-08-08_20-50-22	2.9074866771698	2026-08-08_20-50-22	True	2026-08-08_20-50-22	[0 0 1 0 0 0 0 0 0 0 0 0 0 0 0 0 0 0 0 0 0]	2026-08-08_20-50-22	[0 0 0 0 0 0 0 0 0 0 0 0 0 0 0 0 0 0 0 0 0]	2026-08-08_20-50-22	[1 0 0 0 1 0 0 1 0 0 0 0 0 0 0 0 0 0]	2026-08-08_20-50-22	[0 1 0 0 0 0 0 0 0 0 0 0 1 0 0 0 0 0]	2026-08-08_20-50-22	[2]	2026-08-08_20-50-22	[0 0 0 0 0 0 0 0 0 0 0 0 0 0 0 0 0 0 0 0 0]	2026-08-08_20-50-22	[0 0 0 0 0 0 0 0 0 0 0 0 0 0 0 0 0 0 1 0 0]	2026-08-08_20-50-22	[0 0 0 0 1 0 0 1 0 0 0 0 0 0 0 0 0 0]	2026-08-08_20-50-22	[0 0 0 0 0 0 0 0 0 0 0 0 1 0 0 0 0 0]	2026-08-08_20-50-22	[18]	2026-08-08_20-50-22
0	2026-08-08_20-50-22	-0.875	2026-08-08_20-50-22	11.888992309570312	2026-08-08_20-50-22	3.0403406620025635	2026-08-08_20-50-22	3.043123245239258	2026-08-08_20-50-22	2.9030656814575195	2026-08-08_20-50-22	2.902462959289551	2026-08-08_20-50-22	True	2026-08-08_20-50-22	[0 0 0 0 0 0 0 0 0 0 0 0 0 0 0 0 0 0 0 0 0]	2026-08-08_20-50-22	[0 0 0 0 0 0 0 0 0 0 0 0 0 0 0 0 0 0 1 0 0]	2026-08-08_20-50-22	[0 0 0 0 1 0 0 1 0 0 0 0 0 0 0 0 0 0]	2026-08-08_20-50-22	[0 0 0 0 0 0 0 0 0 0 0 0 1 0 0 0 0 0]	2026-08-08_20-50-22	[18]	2026-08-08_20-50-22	[0 0 1 0 0 0 0 0 0 0 0 0 0 0 0 0 0 0 0 0 0]	2026-08-08_20-50-22	[0 0 0 0 0 0 0 0 0 0 0 0 0 0 0 0 0 0 0 0 0]	2026-08-08_20-50-22	[1 0 0 0 1 0 0 1 0 0 0 0 0 0 0 0 0 0]	2026-08-08_20-50-22	[0 1 0 0 0 0 0 0 0 0 0 0 1 0 0 0 0 0]	2026-08-08_20-50-22	[2]	2026-08-08_20-50-22
0	2026-08-08_20-50-22	0.34556958079338074	2026-08-08_20-50-22	11.917240142822266	2026-08-08_20-50-22	3.050955057144165	2026-08-08_20-50-22	3.0508201122283936	2026-08-08_20-50-22	2.9121055603027344	2026-08-08_20-50-22	2.9033594131469727	2026-08-08_20-50-22	True	2026-08-08_20-50-22	[0 0 1 0 0 0 0 0 0 0 0 0 0 0 0 0 0 0 0 0 0]	2026-08-08_20-50-22	[0 0 0 0 0 0 0 0 0 0 0 0 0 0 0 0 0 0 0 0 0]	2026-08-08_20-50-22	[1 0 0 0 1 0 0 1 0 0 0 0 0 0 0 0 0 0]	2026-08-08_20-50-22	[0 1 0 0 0 0 0 0 0 0 0 0 1 0 0 0 0 0]	2026-08-08_20-50-22	[2]	2026-08-08_20-50-22	[0 0 0 0 0 0 0 0 0 0 0 0 0 0 0 0 0 0 0 0 0]	2026-08-08_20-50-22	[0 0 0 0 0 0 0 0 0 0 0 0 0 0 0 0 0 0 1 0 0]	2026-08-08_20-50-22	[0 0 0 0 1 0 0 1 0 0 0 0 0 0 0 0 0 0]	2026-08-08_20-50-22	[0 0 0 0 0 0 0 0 0 0 0 0 1 0 0 0 0 0]	2026-08-08_20-50-22	[18]	2026-08-08_20-50-22
0	2026-08-08_20-50-22	-0.875	2026-08-08_20-50-22	11.89307689666748	2026-08-08_20-50-22	3.0412757396698	2026-08-08_20-50-22	3.0431618690490723	2026-08-08_20-50-22	2.9057071208953857	2026-08-08_20-50-22	2.9029324054718018	2026-08-08_20-50-22	True	2026-08-08_20-50-22	[0 0 0 0 0 0 0 0 0 0 0 0 0 0 0 0 0 0 0 0 0]	2026-08-08_20-50-22	[0 0 0 0 0 0 0 0 0 0 0 0 0 0 0 0 0 0 1 0 0]	2026-08-08_20-50-22	[0 0 0 0 1 0 0 1 0 0 0 0 0 0 0 0 0 0]	2026-08-08_20-50-22	[0 0 0 0 0 0 0 0 0 0 0 0 1 0 0 0 0 0]	2026-08-08_20-50-22	[18]	2026-08-08_20-50-22	[0 0 1 0 0 0 0 0 0 0 0 0 0 0 0 0 0 0 0 0 0]	2026-08-08_20-50-22	[0 0 0 0 0 0 0 0 0 0 0 0 0 0 0 0 0 0 0 0 0]	2026-08-08_20-50-22	[1 0 0 0 1 0 0 1 0 0 0 0 0 0 0 0 0 0]	2026-08-08_20-50-22	[0 1 0 0 0 0 0 0 0 0 0 0 1 0 0 0 0 0]	2026-08-08_20-50-22	[2]	2026-08-08_20-50-22
0	2026-08-08_20-50-22	0.369967520236969	2026-08-08_20-50-22	11.924936294555664	2026-08-08_20-50-22	3.053774833679199	2026-08-08_20-50-22	3.0527758598327637	2026-08-08_20-50-22	2.9152817726135254	2026-08-08_20-50-22	2.903104305267334	2026-08-08_20-50-22	True	2026-08-08_20-50-22	[0 0 1 0 0 0 0 0 0 0 0 0 0 0 0 0 0 0 0 0 0]	2026-08-08_20-50-22	[0 0 0 0 0 0 0 0 0 0 0 0 0 0 0 0 0 0 0 0 0]	2026-08-08_20-50-22	[1 0 0 0 1 0 0 1 0 0 0 0 0 0 0 0 0 0]	2026-08-08_20-50-22	[0 1 0 0 0 0 0 0 0 0 0 0 1 0 0 0 0 0]	2026-08-08_20-50-22	[2]	2026-08-08_20-50-22	[0 0 0 0 0 0 0 0 0 0 0 0 0 0 0 0 0 0 0 0 0]	2026-08-08_20-50-22	[0 0 0 0 0 0 0 0 0 0 0 0 0 0 0 0 0 0 1 0 0]	2026-08-08_20-50-22	[0 0 0 0 1 0 0 1 0 0 0 0 0 0 0 0 0 0]	2026-08-08_20-50-22	[0 0 0 0 0 0 0 0 0 0 0 0 1 0 0 0 0 0]	2026-08-08_20-50-22	[18]	2026-08-08_20-50-22
1	2026-08-09_20-48-09	-1.0	2026-08-09_20-48-09	11.28317642211914	2026-08-09_20-48-09	2.86678147315979	2026-08-09_20-48-09	2.8908212184906006	2026-08-09_20-48-09	2.805415153503418	2026-08-09_20-48-09	2.720158576965332	2026-08-09_20-48-09	True	2026-08-09_20-48-09	[0 0 0 0 0 0 0 0 1 0 0 0 0 0 0 0 0 0 0 0 0]	2026-08-09_20-48-09	[1 0 0 0 0 1 0 0 0 0 0 0 0 0 0 0 0 1 0 0 0]	2026-08-09_20-48-09	[0 0 0 0 0 0 0 0 1 0 0 0 0 0 0 0 1 0]	2026-08-09_20-48-09	[0 0 0 0 0 0 0 0 1 0 0 0 0 0 0 0 0 1]	2026-08-09_20-48-09	[0]	2026-08-09_20-48-09	[0 0 0 0 0 0 1 0 1 0 0 0 0 0 0 0 0 0 0 0 0]	2026-08-09_20-48-09	[1 0 0 0 0 1 0 0 0 0 0 0 0 0 0 0 0 1 0 0 1]	2026-08-09_20-48-09	[0 0 0 0 0 0 0 1 1 0 0 0 0 0 0 0 1 0]	2026-08-09_20-48-09	[0 0 0 1 0 0 0 0 1 0 0 0 0 0 0 0 0 1]	2026-08-09_20-48-09	[0]	2026-08-09_20-48-09
1	2026-08-09_20-48-09	-1.0	2026-08-09_20-48-09	11.558698654174805	2026-08-09_20-48-09	2.9592363834381104	2026-08-09_20-48-09	2.963844060897827	2026-08-09_20-48-09	2.8420982360839844	2026-08-09_20-48-09	2.7935194969177246	2026-08-09_20-48-09	True	2026-08-09_20-48-09	[0 0 0 0 0 0 1 0 1 0 0 0 0 0 0 0 0 0 0 0 0]	2026-08-09_20-48-09	[1 0 0 0 0 1 0 0 0 0 0 0 0 0 0 0 0 1 0 0 1]	2026-08-09_20-48-09	[0 0 0 0 0 0 0 1 1 0 0 0 0 0 0 0 1 0]	2026-08-09_20-48-09	[0 0 0 1 0 0 0 0 1 0 0 0 0 0 0 0 0 1]	2026-08-09_20-48-09	[0]	2026-08-09_20-48-09	[0 0 0 0 0 0 0 0 1 0 0 0 0 0 0 0 0 0 0 0 0]	2026-08-09_20-48-09	[1 0 0 0 0 1 0 0 0 0 0 0 0 0 0 0 0 1 0 0 0]	2026-08-09_20-48-09	[0 0 0 0 0 0 0 0 1 0 0 0 0 0 0 0 1 0]	2026-08-09_20-48-09	[0 0 0 0 0 0 0 0 1 0 0 0 0 0 0 0 0 1]	2026-08-09_20-48-09	[0]	2026-08-09_20-48-09
1	2026-08-09_20-48-09	-1.0	2026-08-09_20-48-09	11.331940650939941	2026-08-09_20-48-09	2.894307851791382	2026-08-09_20-48-09	2.902299642562866	2026-08-09_20-48-09	2.80290150642395	2026-08-09_20-48-09	2.732431411743164	2026-08-09_20-48-09	True	2026-08-09_20-48-09	[0 0 0 0 0 0 0 0 1 0 0 0 0 0 0 0 0 0 0 0 0]	2026-08-09_20-48-09	[1 0 0 0 0 1 0 0 0 0 0 0 0 0 0 0 0 1 0 0 0]	2026-08-09_20-48-09	[0 0 0 0 0 0 0 0 1 0 0 0 0 0 0 0 1 0]	2026-08-09_20-48-09	[0 0 0 0 0 0 0 0 1 0 0 0 0 0 0 0 0 1]	2026-08-09_20-48-09	[0]	2026-08-09_20-48-09	[0 0 0 0 0 0 1 0 1 0 0 0 0 0 0 0 0 0 0 0 0]	2026-08-09_20-48-09	[1 0 0 0 0 1 0 0 0 0 0 0 0 0 0 0 0 1 0 0 1]	2026-08-09_20-48-09	[0 0 0 0 0 0 0 1 1 0 0 0 0 0 0 0 1 0]	2026-08-09_20-48-09	[0 0 0 1 0 0 0 0 1 0 0 0 0 0 0 0 0 1]	2026-08-09_20-48-09	[0]	2026-08-09_20-48-09
1	2026-08-09_20-48-09	-1.0	2026-08-09_20-48-09	11.53358268737793	2026-08-09_20-48-09	2.953702449798584	2026-08-09_20-48-09	2.958087205886841	2026-08-09_20-48-09	2.835894823074341	2026-08-09_20-48-09	2.785897731781006	2026-08-09_20-48-09	True	2026-08-09_20-48-09	[0 0 0 0 0 0 1 0 1 0 0 0 0 0 0 0 0 0 0 0 0]	2026-08-09_20-48-09	[1 0 0 0 0 1 0 0 0 0 0 0 0 0 0 0 0 1 0 0 1]	2026-08-09_20-48-09	[0 0 0 0 0 0 0 1 1 0 0 0 0 0 0 0 1 0]	2026-08-09_20-48-09	[0 0 0 1 0 0 0 0 1 0 0 0 0 0 0 0 0 1]	2026-08-09_20-48-09	[0]	2026-08-09_20-48-09	[0 0 0 1 0 0 1 0 1 0 0 0 0 0 0 0 0 0 0 0 0]	2026-08-09_20-48-09	[1 0 0 0 0 1 0 0 0 0 0 0 0 0 0 0 0 1 0 0 0]	2026-08-09_20-48-09	[0 0 0 0 0 0 0 0 1 0 0 0 0 0 0 0 1 0]	2026-08-09_20-48-09	[0 0 0 0 0 0 0 0 1 0 0 0 0 0 0 0 0 1]	2026-08-09_20-48-09	[0]	2026-08-09_20-48-09
1	2026-08-09_20-48-09	-1.0	2026-08-09_20-48-09	11.396065711975098	2026-08-09_20-48-09	2.9137959480285645	2026-08-09_20-48-09	2.9210364818573	2026-08-09_20-48-09	2.8085720539093018	2026-08-09_20-48-09	2.75266170501709	2026-08-09_20-48-09	True	2026-08-09_20-48-09	[0 0 0 1 0 0 1 0 1 0 0 0 0 0 0 0 0 0 0 0 0]	2026-08-09_20-48-09	[1 0 0 0 0 1 0 0 0 0 0 0 0 0 0 0 0 1 0 0 0]	2026-08-09_20-48-09	[0 0 0 0 0 0 0 0 1 0 0 0 0 0 0 0 1 0]	2026-08-09_20-48-09	[0 0 0 0 0 0 0 0 1 0 0 0 0 0 0 0 0 1]	2026-08-09_20-48-09	[0]	2026-08-09_20-48-09	[0 0 0 1 0 0 0 0 1 0 0 0 0 0 0 0 0 0 0 0 0]	2026-08-09_20-48-09	[1 0 0 0 0 1 0 0 0 0 0 0 0 0 0 0 0 1 0 0 1]	2026-08-09_20-48-09	[0 0 0 0 0 0 0 1 1 0 0 0 0 0 0 0 1 0]	2026-08-09_20-48-09	[0 0 0 1 0 0 0 0 1 0 0 0 0 0 0 0 0 1]	2026-08-09_20-48-09	[0]	2026-08-09_20-48-09
1	2026-08-09_20-48-09	-1.0	2026-08-09_20-48-09	11.585899353027344	2026-08-09_20-48-09	2.970754384994507	2026-08-09_20-48-09	2.9687137603759766	2026-08-09_20-48-09	2.847731590270996	2026-08-09_20-48-09	2.7986998558044434	2026-08-09_20-48-09	True	2026-08-09_20-48-09	[0 0 0 1 0 0 0 0 1 0 0 0 0 0 0 0 0 0 0 0 0]	2026-08-09_20-48-09	[1 0 0 0 0 1 0 0 0 0 0 0 0 0 0 0 0 1 0 0 1]	2026-08-09_20-48-09	[0 0 0 0 0 0 0 1 1 0 0 0 0 0 0 0 1 0]	2026-08-09_20-48-09	[0 0 0 1 0 0 0 0 1 0 0 0 0 0 0 0 0 1]	2026-08-09_20-48-09	[0]	2026-08-09_20-48-09	[0 0 0 0 0 0 0 0 1 0 0 0 0 0 0 0 0 0 0 0 0]	2026-08-09_20-48-09	[1 0 0 0 0 1 0 0 0 0 0 0 0 0 0 0 0 1 0 0 0]	2026-08-09_20-48-09	[0 0 0 0 0 0 0 0 1 0 0 0 0 0 0 0 1 0]	2026-08-09_20-48-09	[0 0 0 0 0 0 0 0 1 0 0 0 0 0 0 0 0 1]	2026-08-09_20-48-09	[0]	2026-08-09_20-48-09
1	2026-08-09_20-48-09	-1.0	2026-08-09_20-48-09	11.271154403686523	2026-08-09_20-48-09	2.87410831451416	2026-08-09_20-48-09	2.8887877464294434	2026-08-09_20-48-09	2.789153814315796	2026-08-09_20-48-09	2.7191050052642822	2026-08-09_20-48-09	True	2026-08-09_20-48-09	[0 0 0 0 0 0 0 0 1 0 0 0 0 0 0 0 0 0 0 0 0]	2026-08-09_20-48-09	[1 0 0 0 0 1 0 0 0 0 0 0 0 0 0 0 0 1 0 0 0]	2026-08-09_20-48-09	[0 0 0 0 0 0 0 0 1 0 0 0 0 0 0 0 1 0]	2026-08-09_20-48-09	[0 0 0 0 0 0 0 0 1 0 0 0 0 0 0 0 0 1]	2026-08-09_20-48-09	[0]	2026-08-09_20-48-09	[0 0 0 0 0 0 1 0 1 0 0 0 0 0 0 0 0 0 0 0 0]	2026-08-09_20-48-09	[1 0 0 0 0 1 0 0 0 0 0 0 0 0 0 0 0 1 0 0 1]	2026-08-09_20-48-09	[0 0 0 0 0 0 0 1 1 0 0 0 0 0 0 0 1 0]	2026-08-09_20-48-09	[0 0 0 1 0 0 0 0 1 0 0 0 0 0 0 0 0 1]	2026-08-09_20-48-09	[0]	2026-08-09_20-48-09
1	2026-08-09_20-48-09	-1.0	2026-08-09_20-48-09	11.549461364746094	2026-08-09_20-48-09	2.9618358612060547	2026-08-09_20-48-09	2.9597513675689697	2026-08-09_20-48-09	2.8402438163757324	2026-08-09_20-48-09	2.787630319595337	2026-08-09_20-48-09	True	2026-08-09_20-48-09	[0 0 0 0 0 0 1 0 1 0 0 0 0 0 0 0 0 0 0 0 0]	2026-08-09_20-48-09	[1 0 0 0 0 1 0 0 0 0 0 0 0 0 0 0 0 1 0 0 1]	2026-08-09_20-48-09	[0 0 0 0 0 0 0 1 1 0 0 0 0 0 0 0 1 0]	2026-08-09_20-48-09	[0 0 0 1 0 0 0 0 1 0 0 0 0 0 0 0 0 1]	2026-08-09_20-48-09	[0]	2026-08-09_20-48-09	[0 0 0 1 0 0 1 0 1 0 0 0 0 0 0 0 0 0 0 0 0]	2026-08-09_20-48-09	[1 0 0 0 0 1 0 0 0 0 0 0 0 0 0 0 0 1 0 0 0]	2026-08-09_20-48-09	[0 0 0 0 0 0 0 0 1 0 0 0 0 0 0 0 1 0]	2026-08-09_20-48-09	[0 0 0 0 0 0 0 0 1 0 0 0 0 0 0 0 0 1]	2026-08-09_20-48-09	[0]	2026-08-09_20-48-09
1	2026-08-09_20-48-09	-1.0	2026-08-09_20-48-09	11.371528625488281	2026-08-09_20-48-09	2.903949499130249	2026-08-09_20-48-09	2.911013603210449	2026-08-09_20-48-09	2.8123533725738525	2026-08-09_20-48-09	2.7442123889923096	2026-08-09_20-48-09	True	2026-08-09_20-48-09	[0 0 0 1 0 0 1 0 1 0 0 0 0 0 0 0 0 0 0 0 0]	2026-08-09_20-48-09	[1 0 0 0 0 1 0 0 0 0 0 0 0 0 0 0 0 1 0 0 0]	2026-08-09_20-48-09	[0 0 0 0 0 0 0 0 1 0 0 0 0 0 0 0 1 0]	2026-08-09_20-48-09	[0 0 0 0 0 0 0 0 1 0 0 0 0 0 0 0 0 1]	2026-08-09_20-48-09	[0]	2026-08-09_20-48-09	[0 0 0 1 0 0 0 0 1 0 0 0 0 0 0 0 0 0 0 0 0]	2026-08-09_20-48-09	[1 0 0 0 0 1 0 0 0 0 0 0 0 0 0 0 0 1 0 0 1]	2026-08-09_20-48-09	[0 0 0 0 0 0 0 1 1 0 0 0 0 0 0 0 1 0]	2026-08-09_20-48-09	[0 0 0 1 0 0 0 0 1 0 0 0 0 0 0 0 0 1]	2026-08-09_20-48-09	[0]	2026-08-09_20-48-09
1	2026-08-09_20-48-09	-1.0	2026-08-09_20-48-09	11.541974067687988	2026-08-09_20-48-09	2.955223321914673	2026-08-09_20-48-09	2.9590606689453125	2026-08-09_20-48-09	2.8450093269348145	2026-08-09_20-48-09	2.782681465148926	2026-08-09_20-48-09	True	2026-08-09_20-48-09	[0 0 0 1 0 0 0 0 1 0 0 0 0 0 0 0 0 0 0 0 0]	2026-08-09_20-48-09	[1 0 0 0 0 1 0 0 0 0 0 0 0 0 0 0 0 1 0 0 1]	2026-08-09_20-48-09	[0 0 0 0 0 0 0 1 1 0 0 0 0 0 0 0 1 0]	2026-08-09_20-48-09	[0 0 0 1 0 0 0 0 1 0 0 0 0 0 0 0 0 1]	2026-08-09_20-48-09	[0]	2026-08-09_20-48-09	[0 0 0 0 0 0 0 0 1 0 0 0 0 0 0 0 0 0 0 0 0]	2026-08-09_20-48-09	[1 0 0 0 0 1 0 0 0 0 0 0 0 0 0 0 0 1 0 0 0]	2026-08-09_20-48-09	[0 0 0 0 0 0 0 0 1 0 0 0 0 0 0 0 1 0]	2026-08-09_20-48-09	[0 0 0 0 0 0 0 0 1 0 0 0 0 0 0 0 0 1]	2026-08-09_20-48-09	[0]	2026-08-09_20-48-09
1	2026-08-09_20-48-09	-1.0	2026-08-09_20-48-09	11.360312461853027	2026-08-09_20-48-09	2.902409553527832	2026-08-09_20-48-09	2.915517807006836	2026-08-09_20-48-09	2.7987654209136963	2026-08-09_20-48-09	2.743619680404663	2026-08-09_20-48-09	True	2026-08-09_20-48-09	[0 0 0 0 0 0 0 0 1 0 0 0 0 0 0 0 0 0 0 0 0]	2026-08-09_20-48-09	[1 0 0 0 0 1 0 0 0 0 0 0 0 0 0 0 0 1 0 0 0]	2026-08-09_20-48-09	[0 0 0 0 0 0 0 0 1 0 0 0 0 0 0 0 1 0]	2026-08-09_20-48-09	[0 0 0 0 0 0 0 0 1 0 0 0 0 0 0 0 0 1]	2026-08-09_20-48-09	[0]	2026-08-09_20-48-09	[0 0 0 0 0 0 1 0 1 0 0 0 0 0 0 0 0 0 0 0 0]	2026-08-09_20-48-09	[1 0 0 0 0 1 0 0 0 0 0 0 0 0 0 0 0 1 0 0 1]	2026-08-09_20-48-09	[0 0 0 0 0 0 0 1 1 0 0 0 0 0 0 0 1 0]	2026-08-09_20-48-09	[0 0 0 1 0 0 0 0 1 0 0 0 0 0 0 0 0 1]	2026-08-09_20-48-09	[0]	2026-08-09_20-48-09
1	2026-08-09_20-48-09	-1.0	2026-08-09_20-48-09	11.602293968200684	2026-08-09_20-48-09	2.977292776107788	2026-08-09_20-48-09	2.973054885864258	2026-08-09_20-48-09	2.8537888526916504	2026-08-09_20-48-09	2.7981576919555664	2026-08-09_20-48-09	True	2026-08-09_20-48-09	[0 0 0 0 0 0 1 0 1 0 0 0 0 0 0 0 0 0 0 0 0]	2026-08-09_20-48-09	[1 0 0 0 0 1 0 0 0 0 0 0 0 0 0 0 0 1 0 0 1]	2026-08-09_20-48-09	[0 0 0 0 0 0 0 1 1 0 0 0 0 0 0 0 1 0]	2026-08-09_20-48-09	[0 0 0 1 0 0 0 0 1 0 0 0 0 0 0 0 0 1]	2026-08-09_20-48-09	[0]	2026-08-09_20-48-09	[0 0 0 1 0 0 1 0 1 0 0 0 0 0 0 0 0 0 0 0 0]	2026-08-09_20-48-09	[1 0 0 0 0 1 0 0 0 0 0 0 0 0 0 0 0 1 0 0 0]	2026-08-09_20-48-09	[0 0 0 0 0 0 0 0 1 0 0 0 0 0 0 0 1 0]	2026-08-09_20-48-09	[0 0 0 0 0 0 0 0 1 0 0 0 0 0 0 0 0 1]	2026-08-09_20-48-09	[0]	2026-08-09_20-48-09
1	2026-08-09_20-48-09	-1.0	2026-08-09_20-48-09	11.389431953430176	2026-08-09_20-48-09	2.915341377258301	2026-08-09_20-48-09	2.9181947708129883	2026-08-09_20-48-09	2.8061797618865967	2026-08-09_20-48-09	2.749715805053711	2026-08-09_20-48-09	True	2026-08-09_20-48-09	[0 0 0 1 0 0 1 0 1 0 0 0 0 0 0 0 0 0 0 0 0]	2026-08-09_20-48-09	[1 0 0 0 0 1 0 0 0 0 0 0 0 0 0 0 0 1 0 0 0]	2026-08-09_20-48-09	[0 0 0 0 0 0 0 0 1 0 0 0 0 0 0 0 1 0]	2026-08-09_20-48-09	[0 0 0 0 0 0 0 0 1 0 0 0 0 0 0 0 0 1]	2026-08-09_20-48-09	[0]	2026-08-09_20-48-09	[0 0 0 0 0 0 1 0 1 0 0 0 0 0 0 0 0 0 0 0 0]	2026-08-09_20-48-09	[1 0 0 0 0 1 0 0 0 0 0 0 0 0 0 0 0 1 0 0 1]	2026-08-09_20-48-09	[0 0 0 0 0 0 0 1 1 0 0 0 0 0 0 0 1 0]	2026-08-09_20-48-09	[0 0 0 1 0 0 0 0 1 0 0 0 0 0 0 0 0 1]	2026-08-09_20-48-09	[0]	2026-08-09_20-48-09
1	2026-08-09_20-48-09	-1.0	2026-08-09_20-48-09	11.481767654418945	2026-08-09_20-48-09	2.932111978530884	2026-08-09_20-48-09	2.9437952041625977	2026-08-09_20-48-09	2.8406457901000977	2026-08-09_20-48-09	2.7652149200439453	2026-08-09_20-48-09	True	2026-08-09_20-48-09	[0 0 0 0 0 0 1 0 1 0 0 0 0 0 0 0 0 0 0 0 0]	2026-08-09_20-48-09	[1 0 0 0 0 1 0 0 0 0 0 0 0 0 0 0 0 1 0 0 1]	2026-08-09_20-48-09	[0 0 0 0 0 0 0 1 1 0 0 0 0 0 0 0 1 0]	2026-08-09_20-48-09	[0 0 0 1 0 0 0 0 1 0 0 0 0 0 0 0 0 1]	2026-08-09_20-48-09	[0]	2026-08-09_20-48-09	[0 0 0 0 0 0 0 0 1 0 0 0 0 0 0 0 0 0 0 0 0]	2026-08-09_20-48-09	[1 0 0 0 0 1 0 0 0 0 0 0 0 0 0 0 0 1 0 0 0]	2026-08-09_20-48-09	[0 0 0 0 0 0 0 0 1 0 0 0 0 0 0 0 1 0]	2026-08-09_20-48-09	[0 0 0 0 0 0 0 0 1 0 0 0 0 0 0 0 0 1]	2026-08-09_20-48-09	[0]	2026-08-09_20-48-09
1	2026-08-09_20-48-09	-1.0	2026-08-09_20-48-09	11.215229034423828	2026-08-09_20-48-09	2.855625629425049	2026-08-09_20-48-09	2.864509105682373	2026-08-09_20-48-09	2.787148952484131	2026-08-09_20-48-09	2.707944631576538	2026-08-09_20-48-09	True	2026-08-09_20-48-09	[0 0 0 0 0 0 0 0 1 0 0 0 0 0 0 0 0 0 0 0 0]	2026-08-09_20-48-09	[1 0 0 0 0 1 0 0 0 0 0 0 0 0 0 0 0 1 0 0 0]	2026-08-09_20-48-09	[0 0 0 0 0 0 0 0 1 0 0 0 0 0 0 0 1 0]	2026-08-09_20-48-09	[0 0 0 0 0 0 0 0 1 0 0 0 0 0 0 0 0 1]	2026-08-09_20-48-09	[0]	2026-08-09_20-48-09	[0 0 0 0 0 0 1 0 1 0 0 0 0 0 0 0 0 0 0 0 0]	2026-08-09_20-48-09	[1 0 0 0 0 1 0 0 0 0 0 0 0 0 0 0 0 1 0 0 1]	2026-08-09_20-48-09	[0 0 0 0 0 0 0 1 1 0 0 0 0 0 0 0 1 0]	2026-08-09_20-48-09	[0 0 0 1 0 0 0 0 1 0 0 0 0 0 0 0 0 1]	2026-08-09_20-48-09	[0]	2026-08-09_20-48-09
1	2026-08-09_20-48-09	-1.0	2026-08-09_20-48-09	11.521358489990234	2026-08-09_20-48-09	2.9489293098449707	2026-08-09_20-48-09	2.952517509460449	2026-08-09_20-48-09	2.8347866535186768	2026-08-09_20-48-09	2.7851243019104004	2026-08-09_20-48-09	True	2026-08-09_20-48-09	[0 0 0 0 0 0 1 0 1 0 0 0 0 0 0 0 0 0 0 0 0]	2026-08-09_20-48-09	[1 0 0 0 0 1 0 0 0 0 0 0 0 0 0 0 0 1 0 0 1]	2026-08-09_20-48-09	[0 0 0 0 0 0 0 1 1 0 0 0 0 0 0 0 1 0]	2026-08-09_20-48-09	[0 0 0 1 0 0 0 0 1 0 0 0 0 0 0 0 0 1]	2026-08-09_20-48-09	[0]	2026-08-09_20-48-09	[0 0 0 1 0 0 1 0 1 0 0 0 0 0 0 0 0 0 0 0 0]	2026-08-09_20-48-09	[1 0 0 0 0 1 0 0 0 0 0 0 0 0 0 0 0 1 0 0 0]	2026-08-09_20-48-09	[0 0 0 0 0 0 0 0 1 0 0 0 0 0 0 0 1 0]	2026-08-09_20-48-09	[0 0 0 0 0 0 0 0 1 0 0 0 0 0 0 0 0 1]	2026-08-09_20-48-09	[0]	2026-08-09_20-48-09
1	2026-08-09_20-48-09	-1.0	2026-08-09_20-48-09	11.472482681274414	2026-08-09_20-48-09	2.938833475112915	2026-08-09_20-48-09	2.9335687160491943	2026-08-09_20-48-09	2.8290607929229736	2026-08-09_20-48-09	2.77101993560791	2026-08-09_20-48-09	True	2026-08-09_20-48-09	[0 0 0 1 0 0 1 0 1 0 0 0 0 0 0 0 0 0 0 0 0]	2026-08-09_20-48-09	[1 0 0 0 0 1 0 0 0 0 0 0 0 0 0 0 0 1 0 0 0]	2026-08-09_20-48-09	[0 0 0 0 0 0 0 0 1 0 0 0 0 0 0 0 1 0]	2026-08-09_20-48-09	[0 0 0 0 0 0 0 0 1 0 0 0 0 0 0 0 0 1]	2026-08-09_20-48-09	[0]	2026-08-09_20-48-09	[0 0 0 1 0 0 0 0 1 0 0 0 0 0 0 0 0 0 0 0 0]	2026-08-09_20-48-09	[1 0 0 0 0 1 0 0 0 0 0 0 0 0 0 0 0 1 0 0 1]	2026-08-09_20-48-09	[0 0 0 0 0 0 0 1 1 0 0 0 0 0 0 0 1 0]	2026-08-09_20-48-09	[0 0 0 1 0 0 0 0 1 0 0 0 0 0 0 0 0 1]	2026-08-09_20-48-09	[0]	2026-08-09_20-48-09
1	2026-08-09_20-48-09	-1.0	2026-08-09_20-48-09	11.618170738220215	2026-08-09_20-48-09	2.9806318283081055	2026-08-09_20-48-09	2.9769158363342285	2026-08-09_20-48-09	2.8531720638275146	2026-08-09_20-48-09	2.8074512481689453	2026-08-09_20-48-09	True	2026-08-09_20-48-09	[0 0 0 1 0 0 0 0 1 0 0 0 0 0 0 0 0 0 0 0 0]	2026-08-09_20-48-09	[1 0 0 0 0 1 0 0 0 0 0 0 0 0 0 0 0 1 0 0 1]	2026-08-09_20-48-09	[0 0 0 0 0 0 0 1 1 0 0 0 0 0 0 0 1 0]	2026-08-09_20-48-09	[0 0 0 1 0 0 0 0 1 0 0 0 0 0 0 0 0 1]	2026-08-09_20-48-09	[0]	2026-08-09_20-48-09	[0 0 0 0 0 0 0 0 1 0 0 0 0 0 0 0 0 0 0 0 0]	2026-08-09_20-48-09	[1 0 0 0 0 1 0 0 0 0 0 0 0 0 0 0 0 1 0 0 0]	2026-08-09_20-48-09	[0 0 0 0 0 0 0 0 1 0 0 0 0 0 0 0 1 0]	2026-08-09_20-48-09	[0 0 0 0 0 0 0 0 1 0 0 0 0 0 0 0 0 1]	2026-08-09_20-48-09	[0]	2026-08-09_20-48-09
1	2026-08-09_20-48-09	-1.0	2026-08-09_20-48-09	11.185070991516113	2026-08-09_20-48-09	2.845101833343506	2026-08-09_20-48-09	2.866041898727417	2026-08-09_20-48-09	2.7716903686523438	2026-08-09_20-48-09	2.702237129211426	2026-08-09_20-48-09	True	2026-08-09_20-48-09	[0 0 0 0 0 0 0 0 1 0 0 0 0 0 0 0 0 0 0 0 0]	2026-08-09_20-48-09	[1 0 0 0 0 1 0 0 0 0 0 0 0 0 0 0 0 1 0 0 0]	2026-08-09_20-48-09	[0 0 0 0 0 0 0 0 1 0 0 0 0 0 0 0 1 0]	2026-08-09_20-48-09	[0 0 0 0 0 0 0 0 1 0 0 0 0 0 0 0 0 1]	2026-08-09_20-48-09	[0]	2026-08-09_20-48-09	[0 0 0 0 0 0 1 0 1 0 0 0 0 0 0 0 0 0 0 0 0]	2026-08-09_20-48-09	[1 0 0 0 0 1 0 0 0 0 0 0 0 0 0 0 0 1 0 0 1]	2026-08-09_20-48-09	[0 0 0 0 0 0 0 1 1 0 0 0 0 0 0 0 1 0]	2026-08-09_20-48-09	[0 0 0 1 0 0 0 0 1 0 0 0 0 0 0 0 0 1]	2026-08-09_20-48-09	[0]	2026-08-09_20-48-09
1	2026-08-09_20-48-09	-1.0	2026-08-09_20-48-09	11.500311851501465	2026-08-09_20-48-09	2.9420175552368164	2026-08-09_20-48-09	2.9475584030151367	2026-08-09_20-48-09	2.834686756134033	2026-08-09_20-48-09	2.776049852371216	2026-08-09_20-48-09	True	2026-08-09_20-48-09	[0 0 0 0 0 0 1 0 1 0 0 0 0 0 0 0 0 0 0 0 0]	2026-08-09_20-48-09	[1 0 0 0 0 1 0 0 0 0 0 0 0 0 0 0 0 1 0 0 1]	2026-08-09_20-48-09	[0 0 0 0 0 0 0 1 1 0 0 0 0 0 0 0 1 0]	2026-08-09_20-48-09	[0 0 0 1 0 0 0 0 1 0 0 0 0 0 0 0 0 1]	2026-08-09_20-48-09	[0]	2026-08-09_20-48-09	[0 0 0 1 0 0 1 0 1 0 0 0 0 0 0 0 0 0 0 0 0]	2026-08-09_20-48-09	[1 0 0 0 0 1 0 0 0 0 0 0 0 0 0 0 0 1 0 0 0]	2026-08-09_20-48-09	[0 0 0 0 0 0 0 0 1 0 0 0 0 0 0 0 1 0]	2026-08-09_20-48-09	[0 0 0 0 0 0 0 0 1 0 0 0 0 0 0 0 0 1]	2026-08-09_20-48-09	[0]	2026-08-09_20-48-09
1	2026-08-09_20-48-09	-1.0	2026-08-09_20-48-09	11.379804611206055	2026-08-09_20-48-09	2.9103775024414062	2026-08-09_20-48-09	2.9148471355438232	2026-08-09_20-48-09	2.8085615634918213	2026-08-09_20-48-09	2.7460179328918457	2026-08-09_20-48-09	True	2026-08-09_20-48-09	[0 0 0 1 0 0 1 0 1 0 0 0 0 0 0 0 0 0 0 0 0]	2026-08-09_20-48-09	[1 0 0 0 0 1 0 0 0 0 0 0 0 0 0 0 0 1 0 0 0]	2026-08-09_20-48-09	[0 0 0 0 0 0 0 0 1 0 0 0 0 0 0 0 1 0]	2026-08-09_20-48-09	[0 0 0 0 0 0 0 0 1 0 0 0 0 0 0 0 0 1]	2026-08-09_20-48-09	[0]	2026-08-09_20-48-09	[0 0 0 1 0 0 0 0 1 0 0 0 0 0 0 0 0 0 0 0 0]	2026-08-09_20-48-09	[1 0 0 0 0 1 0 0 0 0 0 0 0 0 0 0 0 1 0 0 1]	2026-08-09_20-48-09	[0 0 0 0 0 0 0 1 1 0 0 0 0 0 0 0 1 0]	2026-08-09_20-48-09	[0 0 0 1 0 0 0 0 1 0 0 0 0 0 0 0 0 1]	2026-08-09_20-48-09	[0]	2026-08-09_20-48-09
1	2026-08-09_20-48-09	-1.0	2026-08-09_20-48-09	11.62297248840332	2026-08-09_20-48-09	2.981301784515381	2026-08-09_20-48-09	2.9734387397766113	2026-08-09_20-48-09	2.8608031272888184	2026-08-09_20-48-09	2.8074278831481934	2026-08-09_20-48-09	True	2026-08-09_20-48-09	[0 0 0 1 0 0 0 0 1 0 0 0 0 0 0 0 0 0 0 0 0]	2026-08-09_20-48-09	[1 0 0 0 0 1 0 0 0 0 0 0 0 0 0 0 0 1 0 0 1]	2026-08-09_20-48-09	[0 0 0 0 0 0 0 1 1 0 0 0 0 0 0 0 1 0]	2026-08-09_20-48-09	[0 0 0 1 0 0 0 0 1 0 0 0 0 0 0 0 0 1]	2026-08-09_20-48-09	[0]	2026-08-09_20-48-09	[0 0 0 0 0 0 0 0 1 0 0 0 0 0 0 0 0 0 0 0 0]	2026-08-09_20-48-09	[1 0 0 0 0 1 0 0 0 0 0 0 0 0 0 0 0 1 0 0 0]	2026-08-09_20-48-09	[0 0 0 0 0 0 0 0 1 0 0 0 0 0 0 0 1 0]	2026-08-09_20-48-09	[0 0 0 0 0 0 0 0 1 0 0 0 0 0 0 0 0 1]	2026-08-09_20-48-09	[0]	2026-08-09_20-48-09
1	2026-08-09_20-48-09	-1.0	2026-08-09_20-48-09	11.278219223022461	2026-08-09_20-48-09	2.8703975677490234	2026-08-09_20-48-09	2.8893239498138428	2026-08-09_20-48-09	2.7985193729400635	2026-08-09_20-48-09	2.719977855682373	2026-08-09_20-48-09	True	2026-08-09_20-48-09	[0 0 0 0 0 0 0 0 1 0 0 0 0 0 0 0 0 0 0 0 0]	2026-08-09_20-48-09	[1 0 0 0 0 1 0 0 0 0 0 0 0 0 0 0 0 1 0 0 0]	2026-08-09_20-48-09	[0 0 0 0 0 0 0 0 1 0 0 0 0 0 0 0 1 0]	2026-08-09_20-48-09	[0 0 0 0 0 0 0 0 1 0 0 0 0 0 0 0 0 1]	2026-08-09_20-48-09	[0]	2026-08-09_20-48-09	[0 0 0 0 0 0 1 0 1 0 0 0 0 0 0 0 0 0 0 0 0]	2026-08-09_20-48-09	[1 0 0 0 0 1 0 0 0 0 0 0 0 0 0 0 0 1 0 0 1]	2026-08-09_20-48-09	[0 0 0 0 0 0 0 1 1 0 0 0 0 0 0 0 1 0]	2026-08-09_20-48-09	[0 0 0 1 0 0 0 0 1 0 0 0 0 0 0 0 0 1]	2026-08-09_20-48-09	[0]	2026-08-09_20-48-09
1	2026-08-09_20-48-09	-1.0	2026-08-09_20-48-09	11.5697660446167	2026-08-09_20-48-09	2.9644863605499268	2026-08-09_20-48-09	2.9619648456573486	2026-08-09_20-48-09	2.846369743347168	2026-08-09_20-48-09	2.7969443798065186	2026-08-09_20-48-09	True	2026-08-09_20-48-09	[0 0 0 0 0 0 1 0 1 0 0 0 0 0 0 0 0 0 0 0 0]	2026-08-09_20-48-09	[1 0 0 0 0 1 0 0 0 0 0 0 0 0 0 0 0 1 0 0 1]	2026-08-09_20-48-09	[0 0 0 0 0 0 0 1 1 0 0 0 0 0 0 0 1 0]	2026-08-09_20-48-09	[0 0 0 1 0 0 0 0 1 0 0 0 0 0 0 0 0 1]	2026-08-09_20-48-09	[0]	2026-08-09_20-48-09	[0 0 0 1 0 0 1 0 1 0 0 0 0 0 0 0 0 0 0 0 0]	2026-08-09_20-48-09	[1 0 0 0 0 1 0 0 0 0 0 0 0 0 0 0 0 1 0 0 0]	2026-08-09_20-48-09	[0 0 0 0 0 0 0 0 1 0 0 0 0 0 0 0 1 0]	2026-08-09_20-48-09	[0 0 0 0 0 0 0 0 1 0 0 0 0 0 0 0 0 1]	2026-08-09_20-48-09	[0]	2026-08-09_20-48-09
1	2026-08-09_20-48-09	-1.0	2026-08-09_20-48-09	11.346705436706543	2026-08-09_20-48-09	2.901191234588623	2026-08-09_20-48-09	2.9018659591674805	2026-08-09_20-48-09	2.8010828495025635	2026-08-09_20-48-09	2.742565155029297	2026-08-09_20-48-09	True	2026-08-09_20-48-09	[0 0 0 1 0 0 1 0 1 0 0 0 0 0 0 0 0 0 0 0 0]	2026-08-09_20-48-09	[1 0 0 0 0 1 0 0 0 0 0 0 0 0 0 0 0 1 0 0 0]	2026-08-09_20-48-09	[0 0 0 0 0 0 0 0 1 0 0 0 0 0 0 0 1 0]	2026-08-09_20-48-09	[0 0 0 0 0 0 0 0 1 0 0 0 0 0 0 0 0 1]	2026-08-09_20-48-09	[0]	2026-08-09_20-48-09	[0 0 0 1 0 0 0 0 1 0 0 0 0 0 0 0 0 0 0 0 0]	2026-08-09_20-48-09	[1 0 0 0 0 1 0 0 0 0 0 0 0 0 0 0 0 1 0 0 1]	2026-08-09_20-48-09	[0 0 0 0 0 0 0 1 1 0 0 0 0 0 0 0 1 0]	2026-08-09_20-48-09	[0 0 0 1 0 0 0 0 1 0 0 0 0 0 0 0 0 1]	2026-08-09_20-48-09	[0]	2026-08-09_20-48-09
1	2026-08-09_20-48-09	-1.0	2026-08-09_20-48-09	11.575942993164062	2026-08-09_20-48-09	2.969284772872925	2026-08-09_20-48-09	2.958935022354126	2026-08-09_20-48-09	2.8518779277801514	2026-08-09_20-48-09	2.795844554901123	2026-08-09_20-48-09	True	2026-08-09_20-48-09	[0 0 0 1 0 0 0 0 1 0 0 0 0 0 0 0 0 0 0 0 0]	2026-08-09_20-48-09	[1 0 0 0 0 1 0 0 0 0 0 0 0 0 0 0 0 1 0 0 1]	2026-08-09_20-48-09	[0 0 0 0 0 0 0 1 1 0 0 0 0 0 0 0 1 0]	2026-08-09_20-48-09	[0 0 0 1 0 0 0 0 1 0 0 0 0 0 0 0 0 1]	2026-08-09_20-48-09	[0]	2026-08-09_20-48-09	[0 0 0 0 0 0 0 0 1 0 0 0 0 0 0 0 0 0 0 0 0]	2026-08-09_20-48-09	[1 0 0 0 0 1 0 0 0 0 0 0 0 0 0 0 0 1 0 0 0]	2026-08-09_20-48-09	[0 0 0 0 0 0 0 0 1 0 0 0 0 0 0 0 1 0]	2026-08-09_20-48-09	[0 0 0 1 0 0 0 1 1 0 0 0 0 0 0 0 0 1]	2026-08-09_20-48-09	[0]	2026-08-09_20-48-09
1	2026-08-09_20-48-09	-1.0	2026-08-09_20-48-09	11.48498249053955	2026-08-09_20-48-09	2.939579725265503	2026-08-09_20-48-09	2.9427688121795654	2026-08-09_20-48-09	2.8286426067352295	2026-08-09_20-48-09	2.773991346359253	2026-08-09_20-48-09	True	2026-08-09_20-48-09	[0 0 0 0 0 0 0 0 1 0 0 0 0 0 0 0 0 0 0 0 0]	2026-08-09_20-48-09	[1 0 0 0 0 1 0 0 0 0 0 0 0 0 0 0 0 1 0 0 0]	2026-08-09_20-48-09	[0 0 0 0 0 0 0 0 1 0 0 0 0 0 0 0 1 0]	2026-08-09_20-48-09	[0 0 0 1 0 0 0 1 1 0 0 0 0 0 0 0 0 1]	2026-08-09_20-48-09	[0]	2026-08-09_20-48-09	[0 0 0 1 0 0 0 0 1 0 0 0 0 0 0 0 0 0 0 0 0]	2026-08-09_20-48-09	[1 0 0 0 0 1 0 0 0 0 0 0 0 0 0 0 0 1 0 0 1]	2026-08-09_20-48-09	[0 0 0 0 0 0 0 1 1 0 0 0 0 0 0 0 1 0]	2026-08-09_20-48-09	[0 0 0 0 0 0 0 1 1 0 0 0 0 0 0 0 0 1]	2026-08-09_20-48-09	[0]	2026-08-09_20-48-09
1	2026-08-09_20-48-09	-1.0	2026-08-09_20-48-09	11.454656600952148	2026-08-09_20-48-09	2.9323432445526123	2026-08-09_20-48-09	2.934330463409424	2026-08-09_20-48-09	2.8207812309265137	2026-08-09_20-48-09	2.7672019004821777	2026-08-09_20-48-09	True	2026-08-09_20-48-09	[0 0 0 1 0 0 0 0 1 0 0 0 0 0 0 0 0 0 0 0 0]	2026-08-09_20-48-09	[1 0 0 0 0 1 0 0 0 0 0 0 0 0 0 0 0 1 0 0 1]	2026-08-09_20-48-09	[0 0 0 0 0 0 0 1 1 0 0 0 0 0 0 0 1 0]	2026-08-09_20-48-09	[0 0 0 0 0 0 0 1 1 0 0 0 0 0 0 0 0 1]	2026-08-09_20-48-09	[0]	2026-08-09_20-48-09	[0 0 0 0 0 0 0 0 1 0 0 0 0 0 0 0 0 0 0 0 0]	2026-08-09_20-48-09	[1 0 0 0 0 1 0 0 0 0 0 0 0 0 0 0 0 1 0 0 0]	2026-08-09_20-48-09	[0 0 0 0 0 0 0 0 1 0 0 0 0 0 0 0 1 0]	2026-08-09_20-48-09	[0 0 0 1 0 0 0 1 1 0 0 0 0 0 0 0 0 1]	2026-08-09_20-48-09	[0]	2026-08-09_20-48-09
1	2026-08-09_20-48-09	-1.0	2026-08-09_20-48-09	11.40239143371582	2026-08-09_20-48-09	2.921644687652588	2026-08-09_20-48-09	2.9254493713378906	2026-08-09_20-48-09	2.8018622398376465	2026-08-09_20-48-09	2.753434658050537	2026-08-09_20-48-09	True	2026-08-09_20-48-09	[0 0 0 0 0 0 0 0 1 0 0 0 0 0 0 0 0 0 0 0 0]	2026-08-09_20-48-09	[1 0 0 0 0 1 0 0 0 0 0 0 0 0 0 0 0 1 0 0 0]	2026-08-09_20-48-09	[0 0 0 0 0 0 0 0 1 0 0 0 0 0 0 0 1 0]	2026-08-09_20-48-09	[0 0 0 1 0 0 0 1 1 0 0 0 0 0 0 0 0 1]	2026-08-09_20-48-09	[0]	2026-08-09_20-48-09	[0 0 0 0 0 0 1 0 1 0 0 0 0 0 0 0 0 0 0 0 0]	2026-08-09_20-48-09	[1 0 0 0 0 1 0 0 0 0 0 0 0 0 0 0 0 1 0 0 1]	2026-08-09_20-48-09	[0 0 0 0 0 0 0 1 1 0 0 0 0 0 0 0 1 0]	2026-08-09_20-48-09	[0 0 0 0 0 0 0 1 1 0 0 0 0 0 0 0 0 1]	2026-08-09_20-48-09	[0]	2026-08-09_20-48-09
1	2026-08-09_20-48-09	-1.0	2026-08-09_20-48-09	11.491150856018066	2026-08-09_20-48-09	2.9461324214935303	2026-08-09_20-48-09	2.9444515705108643	2026-08-09_20-48-09	2.8246705532073975	2026-08-09_20-48-09	2.7758960723876953	2026-08-09_20-48-09	True	2026-08-09_20-48-09	[0 0 0 0 0 0 1 0 1 0 0 0 0 0 0 0 0 0 0 0 0]	2026-08-09_20-48-09	[1 0 0 0 0 1 0 0 0 0 0 0 0 0 0 0 0 1 0 0 1]	2026-08-09_20-48-09	[0 0 0 0 0 0 0 1 1 0 0 0 0 0 0 0 1 0]	2026-08-09_20-48-09	[0 0 0 0 0 0 0 1 1 0 0 0 0 0 0 0 0 1]	2026-08-09_20-48-09	[0]	2026-08-09_20-48-09	[0 0 0 0 0 0 0 0 1 0 0 0 0 0 0 0 0 0 0 0 0]	2026-08-09_20-48-09	[1 0 0 0 0 1 0 0 0 0 0 0 0 0 0 0 0 1 0 0 0]	2026-08-09_20-48-09	[0 0 0 0 0 0 0 0 1 0 0 0 0 0 0 0 1 0]	2026-08-09_20-48-09	[0 0 0 1 0 0 0 1 1 0 0 0 0 0 0 0 0 1]	2026-08-09_20-48-09	[0]	2026-08-09_20-48-09
2	2026-08-10_18-33-00	-0.75	2026-08-10_18-33-00	10.809527397155762	2026-08-10_18-33-00	2.766538143157959	2026-08-10_18-33-00	2.8436238765716553	2026-08-10_18-33-00	2.7259442806243896	2026-08-10_18-33-00	2.4734208583831787	2026-08-10_18-33-00	False	2026-08-10_18-33-00	[0 0 0 0 0 0 0 0 0 0 0 0 0 0 0 0 0 0 0 0 0]	2026-08-10_18-33-00	[0 0 0 0 0 0 0 0 0 0 0 0 0 0 0 0 0 0 0 0 0]	2026-08-10_18-33-00	[1 0 0 1 0 0 0 0 0 0 0 0 0 0 0 0 0 0]	2026-08-10_18-33-00	[0 0 0 0 0 0 1 0 0 0 0 0 0 0 0 0 0 0]	2026-08-10_18-33-00	[0]	2026-08-10_18-33-00	[0 0 1 0 0 0 0 0 0 0 0 0 0 0 0 0 0 0 0 0 0]	2026-08-10_18-33-00	[0 0 0 0 0 0 0 0 0 0 1 0 0 0 0 0 0 0 0 0 0]	2026-08-10_18-33-00	[1 0 1 1 0 0 0 0 0 0 0 0 0 0 0 0 0 0]	2026-08-10_18-33-00	[0 0 0 0 0 0 1 0 1 0 0 0 0 0 0 0 0 0]	2026-08-10_18-33-00	[4]	2026-08-10_18-33-00
2	2026-08-10_18-33-00	-0.75	2026-08-10_18-33-00	10.438980102539062	2026-08-10_18-33-00	2.5985021591186523	2026-08-10_18-33-00	2.677685499191284	2026-08-10_18-33-00	2.6640031337738037	2026-08-10_18-33-00	2.498789072036743	2026-08-10_18-33-00	False	2026-08-10_18-33-00	[0 0 1 0 0 0 0 0 0 0 0 0 0 0 0 0 0 0 0 0 0]	2026-08-10_18-33-00	[0 0 0 0 0 0 0 0 0 0 1 0 0 0 0 0 0 0 0 0 0]	2026-08-10_18-33-00	[1 0 1 1 0 0 0 0 0 0 0 0 0 0 0 0 0 0]	2026-08-10_18-33-00	[0 0 0 0 0 0 1 0 1 0 0 0 0 0 0 0 0 0]	2026-08-10_18-33-00	[4]	2026-08-10_18-33-00	[0 0 1 1 0 0 0 0 0 0 0 0 0 0 0 0 0 0 0 0 0]	2026-08-10_18-33-00	[0 0 0 0 0 0 0 0 0 0 0 0 0 0 0 0 0 0 0 0 0]	2026-08-10_18-33-00	[1 0 1 1 0 0 0 0 0 0 0 0 0 0 0 0 0 1]	2026-08-10_18-33-00	[0 0 0 0 0 0 1 0 1 0 0 0 0 0 0 0 1 0]	2026-08-10_18-33-00	[4]	2026-08-10_18-33-00
2	2026-08-10_18-33-00	-1.0	2026-08-10_18-33-00	10.793764114379883	2026-08-10_18-33-00	2.745490074157715	2026-08-10_18-33-00	2.7969119548797607	2026-08-10_18-33-00	2.7003586292266846	2026-08-10_18-33-00	2.5510032176971436	2026-08-10_18-33-00	False	2026-08-10_18-33-00	[0 0 1 1 0 0 0 0 0 0 0 0 0 0 0 0 0 0 0 0 0]	2026-08-10_18-33-00	[0 0 0 0 0 0 0 0 0 0 0 0 0 0 0 0 0 0 0 0 0]	2026-08-10_18-33-00	[1 0 1 1 0 0 0 0 0 0 0 0 0 0 0 0 0 1]	2026-08-10_18-33-00	[0 0 0 0 0 0 1 0 1 0 0 0 0 0 0 0 1 0]	2026-08-10_18-33-00	[4]	2026-08-10_18-33-00	[0 0 1 0 0 0 0 0 0 0 0 0 0 0 0 0 0 0 0 0 0]	2026-08-10_18-33-00	[0 0 0 0 0 0 0 0 0 0 1 0 0 0 0 0 0 0 0 0 0]	2026-08-10_18-33-00	[1 0 1 1 0 0 0 0 0 0 0 0 0 0 0 0 0 0]	2026-08-10_18-33-00	[0 0 0 1 0 0 1 0 1 0 0 0 0 0 0 0 1 0]	2026-08-10_18-33-00	[0]	2026-08-10_18-33-00
2	2026-08-10_18-33-00	-1.0	2026-08-10_18-33-00	10.696672439575195	2026-08-10_18-33-00	2.657569169998169	2026-08-10_18-33-00	2.685310125350952	2026-08-10_18-33-00	2.7327795028686523	2026-08-10_18-33-00	2.6210131645202637	2026-08-10_18-33-00	False	2026-08-10_18-33-00	[0 0 1 0 0 0 0 0 0 0 0 0 0 0 0 0 0 0 0 0 0]	2026-08-10_18-33-00	[0 0 0 0 0 0 0 0 0 0 1 0 0 0 0 0 0 0 0 0 0]	2026-08-10_18-33-00	[1 0 1 1 0 0 0 0 0 0 0 0 0 0 0 0 0 0]	2026-08-10_18-33-00	[0 0 0 1 0 0 1 0 1 0 0 0 0 0 0 0 1 0]	2026-08-10_18-33-00	[0]	2026-08-10_18-33-00	[0 0 0 0 0 0 0 0 0 0 0 0 0 0 0 0 0 0 0 0 0]	2026-08-10_18-33-00	[0 0 0 0 0 0 0 0 0 0 0 0 0 0 0 0 0 0 0 0 0]	2026-08-10_18-33-00	[1 0 1 0 0 0 0 0 0 0 0 0 0 0 0 0 0 0]	2026-08-10_18-33-00	[0 0 0 1 0 0 1 0 1 0 0 0 0 0 0 0 0 0]	2026-08-10_18-33-00	[0]	2026-08-10_18-33-00
2	2026-08-10_18-33-00	-0.25	2026-08-10_18-33-00	10.527515411376953	2026-08-10_18-33-00	2.711364984512329	2026-08-10_18-33-00	2.709872245788574	2026-08-10_18-33-00	2.6905219554901123	2026-08-10_18-33-00	2.4157559871673584	2026-08-10_18-33-00	False	2026-08-10_18-33-00	[0 0 0 0 0 0 0 0 0 0 0 0 0 0 0 0 0 0 0 0 0]	2026-08-10_18-33-00	[0 0 0 0 0 0 0 0 0 0 0 0 0 0 0 0 0 0 0 0 0]	2026-08-10_18-33-00	[1 0 1 0 0 0 0 0 0 0 0 0 0 0 0 0 0 0]	2026-08-10_18-33-00	[0 0 0 1 0 0 1 0 1 0 0 0 0 0 0 0 0 0]	2026-08-10_18-33-00	[0]	2026-08-10_18-33-00	[0 0 1 0 0 0 0 0 0 0 0 0 0 0 0 0 0 0 0 0 0]	2026-08-10_18-33-00	[0 0 0 0 0 0 0 0 0 0 1 0 0 0 0 0 0 0 0 0 0]	2026-08-10_18-33-00	[1 0 0 0 0 0 0 0 0 0 0 0 0 0 0 0 0 0]	2026-08-10_18-33-00	[0 0 0 1 0 0 1 0 0 0 0 0 0 0 0 0 0 0]	2026-08-10_18-33-00	[12]	2026-08-10_18-33-00
2	2026-08-10_18-33-00	-1.0	2026-08-10_18-33-00	10.051858901977539	2026-08-10_18-33-00	2.492943286895752	2026-08-10_18-33-00	2.5778894424438477	2026-08-10_18-33-00	2.5361738204956055	2026-08-10_18-33-00	2.444852828979492	2026-08-10_18-33-00	False	2026-08-10_18-33-00	[0 0 1 0 0 0 0 0 0 0 0 0 0 0 0 0 0 0 0 0 0]	2026-08-10_18-33-00	[0 0 0 0 0 0 0 0 0 0 1 0 0 0 0 0 0 0 0 0 0]	2026-08-10_18-33-00	[1 0 0 0 0 0 0 0 0 0 0 0 0 0 0 0 0 0]	2026-08-10_18-33-00	[0 0 0 1 0 0 1 0 0 0 0 0 0 0 0 0 0 0]	2026-08-10_18-33-00	[12]	2026-08-10_18-33-00	[0 0 1 1 0 0 0 0 0 0 0 0 0 0 0 0 0 0 0 0 0]	2026-08-10_18-33-00	[0 0 0 0 0 0 0 0 0 0 0 0 0 0 0 0 0 0 0 0 0]	2026-08-10_18-33-00	[1 0 0 1 0 0 0 0 0 0 0 0 0 0 0 0 0 0]	2026-08-10_18-33-00	[0 0 0 1 0 0 1 0 0 0 0 0 0 0 0 0 1 0]	2026-08-10_18-33-00	[0]	2026-08-10_18-33-00
2	2026-08-10_18-33-00	-0.25	2026-08-10_18-33-00	10.552392959594727	2026-08-10_18-33-00	2.670954942703247	2026-08-10_18-33-00	2.676460027694702	2026-08-10_18-33-00	2.6924784183502197	2026-08-10_18-33-00	2.5124995708465576	2026-08-10_18-33-00	False	2026-08-10_18-33-00	[0 0 1 1 0 0 0 0 0 0 0 0 0 0 0 0 0 0 0 0 0]	2026-08-10_18-33-00	[0 0 0 0 0 0 0 0 0 0 0 0 0 0 0 0 0 0 0 0 0]	2026-08-10_18-33-00	[1 0 0 1 0 0 0 0 0 0 0 0 0 0 0 0 0 0]	2026-08-10_18-33-00	[0 0 0 1 0 0 1 0 0 0 0 0 0 0 0 0 1 0]	2026-08-10_18-33-00	[0]	2026-08-10_18-33-00	[0 0 0 1 0 0 0 0 0 0 0 0 0 0 0 0 0 0 0 0 0]	2026-08-10_18-33-00	[0 0 0 0 0 0 0 0 0 0 1 0 0 0 0 0 0 0 0 0 0]	2026-08-10_18-33-00	[1 0 0 0 0 0 0 0 0 0 0 0 0 0 0 0 0 0]	2026-08-10_18-33-00	[0 0 0 1 0 0 1 0 0 0 0 0 0 0 0 0 0 0]	2026-08-10_18-33-00	[12]	2026-08-10_18-33-00
2	2026-08-10_18-33-00	-1.0	2026-08-10_18-33-00	10.28428840637207	2026-08-10_18-33-00	2.6393399238586426	2026-08-10_18-33-00	2.6446099281311035	2026-08-10_18-33-00	2.5747458934783936	2026-08-10_18-33-00	2.4255926609039307	2026-08-10_18-33-00	False	2026-08-10_18-33-00	[0 0 0 1 0 0 0 0 0 0 0 0 0 0 0 0 0 0 0 0 0]	2026-08-10_18-33-00	[0 0 0 0 0 0 0 0 0 0 1 0 0 0 0 0 0 0 0 0 0]	2026-08-10_18-33-00	[1 0 0 0 0 0 0 0 0 0 0 0 0 0 0 0 0 0]	2026-08-10_18-33-00	[0 0 0 1 0 0 1 0 0 0 0 0 0 0 0 0 0 0]	2026-08-10_18-33-00	[12]	2026-08-10_18-33-00	[0 0 0 0 0 0 0 0 0 0 0 0 0 0 0 0 0 0 0 0 0]	2026-08-10_18-33-00	[0 0 0 0 0 0 0 0 0 0 0 0 0 0 0 0 0 0 0 0 0]	2026-08-10_18-33-00	[1 0 0 1 0 0 0 0 0 0 0 0 0 0 0 0 0 0]	2026-08-10_18-33-00	[0 0 0 1 0 0 1 0 1 0 0 0 0 0 0 0 0 0]	2026-08-10_18-33-00	[0]	2026-08-10_18-33-00
2	2026-08-10_18-33-00	-1.0	2026-08-10_18-33-00	10.724723815917969	2026-08-10_18-33-00	2.7376272678375244	2026-08-10_18-33-00	2.8008248805999756	2026-08-10_18-33-00	2.71010160446167	2026-08-10_18-33-00	2.4761698246002197	2026-08-10_18-33-00	False	2026-08-10_18-33-00	[0 0 0 0 0 0 0 0 0 0 0 0 0 0 0 0 0 0 0 0 0]	2026-08-10_18-33-00	[0 0 0 0 0 0 0 0 0 0 0 0 0 0 0 0 0 0 0 0 0]	2026-08-10_18-33-00	[1 0 0 1 0 0 0 0 0 0 0 0 0 0 0 0 0 0]	2026-08-10_18-33-00	[0 0 0 1 0 0 1 0 1 0 0 0 0 0 0 0 0 0]	2026-08-10_18-33-00	[0]	2026-08-10_18-33-00	[0 0 1 0 0 0 0 0 0 0 0 0 0 0 0 0 0 0 0 0 0]	2026-08-10_18-33-00	[0 0 0 0 0 0 0 0 0 0 1 0 0 0 0 0 0 0 0 0 0]	2026-08-10_18-33-00	[1 0 1 1 0 0 0 0 0 0 0 0 0 0 0 0 0 0]	2026-08-10_18-33-00	[0 0 0 1 0 0 1 0 0 0 0 0 0 0 0 0 0 0]	2026-08-10_18-33-00	[0]	2026-08-10_18-33-00
2	2026-08-10_18-33-00	-1.0	2026-08-10_18-33-00	10.650203704833984	2026-08-10_18-33-00	2.6688547134399414	2026-08-10_18-33-00	2.6998062133789062	2026-08-10_18-33-00	2.7100789546966553	2026-08-10_18-33-00	2.571463108062744	2026-08-10_18-33-00	False	2026-08-10_18-33-00	[0 0 1 0 0 0 0 0 0 0 0 0 0 0 0 0 0 0 0 0 0]	2026-08-10_18-33-00	[0 0 0 0 0 0 0 0 0 0 1 0 0 0 0 0 0 0 0 0 0]	2026-08-10_18-33-00	[1 0 1 1 0 0 0 0 0 0 0 0 0 0 0 0 0 0]	2026-08-10_18-33-00	[0 0 0 1 0 0 1 0 0 0 0 0 0 0 0 0 0 0]	2026-08-10_18-33-00	[0]	2026-08-10_18-33-00	[0 0 0 0 0 0 0 0 0 0 0 0 0 0 0 0 0 0 0 0 0]	2026-08-10_18-33-00	[0 0 0 0 0 0 0 0 0 0 0 0 0 0 0 0 0 0 0 0 0]	2026-08-10_18-33-00	[1 0 1 0 0 0 0 0 0 0 0 0 0 0 0 0 0 0]	2026-08-10_18-33-00	[0 0 0 1 0 0 1 0 0 0 0 0 0 0 0 0 1 0]	2026-08-10_18-33-00	[0]	2026-08-10_18-33-00
2	2026-08-10_18-33-00	-1.0	2026-08-10_18-33-00	10.570663452148438	2026-08-10_18-33-00	2.726531744003296	2026-08-10_18-33-00	2.7170774936676025	2026-08-10_18-33-00	2.69746994972229	2026-08-10_18-33-00	2.429584264755249	2026-08-10_18-33-00	False	2026-08-10_18-33-00	[0 0 0 0 0 0 0 0 0 0 0 0 0 0 0 0 0 0 0 0 0]	2026-08-10_18-33-00	[0 0 0 0 0 0 0 0 0 0 0 0 0 0 0 0 0 0 0 0 0]	2026-08-10_18-33-00	[1 0 1 0 0 0 0 0 0 0 0 0 0 0 0 0 0 0]	2026-08-10_18-33-00	[0 0 0 1 0 0 1 0 0 0 0 0 0 0 0 0 1 0]	2026-08-10_18-33-00	[0]	2026-08-10_18-33-00	[0 0 1 0 0 0 0 0 0 0 0 0 0 0 0 0 0 0 0 0 0]	2026-08-10_18-33-00	[0 0 0 0 0 0 0 0 0 0 1 0 0 0 0 0 0 0 0 0 0]	2026-08-10_18-33-00	[1 0 1 1 0 0 0 0 0 0 0 0 0 0 0 0 0 0]	2026-08-10_18-33-00	[0 0 0 1 0 0 1 0 1 0 0 0 0 0 0 0 1 0]	2026-08-10_18-33-00	[0]	2026-08-10_18-33-00
2	2026-08-10_18-33-00	-1.0	2026-08-10_18-33-00	10.752986907958984	2026-08-10_18-33-00	2.704563617706299	2026-08-10_18-33-00	2.7333006858825684	2026-08-10_18-33-00	2.725900650024414	2026-08-10_18-33-00	2.589221954345703	2026-08-10_18-33-00	False	2026-08-10_18-33-00	[0 0 1 0 0 0 0 0 0 0 0 0 0 0 0 0 0 0 0 0 0]	2026-08-10_18-33-00	[0 0 0 0 0 0 0 0 0 0 1 0 0 0 0 0 0 0 0 0 0]	2026-08-10_18-33-00	[1 0 1 1 0 0 0 0 0 0 0 0 0 0 0 0 0 0]	2026-08-10_18-33-00	[0 0 0 1 0 0 1 0 1 0 0 0 0 0 0 0 1 0]	2026-08-10_18-33-00	[0]	2026-08-10_18-33-00	[0 0 0 0 0 0 0 0 0 0 0 0 0 0 0 0 0 0 0 0 0]	2026-08-10_18-33-00	[0 0 0 0 0 0 0 0 0 0 0 0 0 0 0 0 0 0 0 0 0]	2026-08-10_18-33-00	[1 0 1 1 0 0 0 0 0 0 0 0 0 0 0 0 0 1]	2026-08-10_18-33-00	[0 0 0 1 0 0 1 0 1 0 0 0 0 0 0 0 0 0]	2026-08-10_18-33-00	[0]	2026-08-10_18-33-00
2	2026-08-10_18-33-00	-1.0	2026-08-10_18-33-00	10.90478229522705	2026-08-10_18-33-00	2.801720380783081	2026-08-10_18-33-00	2.881910562515259	2026-08-10_18-33-00	2.7399165630340576	2026-08-10_18-33-00	2.481234312057495	2026-08-10_18-33-00	False	2026-08-10_18-33-00	[0 0 0 0 0 0 0 0 0 0 0 0 0 0 0 0 0 0 0 0 0]	2026-08-10_18-33-00	[0 0 0 0 0 0 0 0 0 0 0 0 0 0 0 0 0 0 0 0 0]	2026-08-10_18-33-00	[1 0 1 1 0 0 0 0 0 0 0 0 0 0 0 0 0 1]	2026-08-10_18-33-00	[0 0 0 1 0 0 1 0 1 0 0 0 0 0 0 0 0 0]	2026-08-10_18-33-00	[0]	2026-08-10_18-33-00	[0 0 1 0 0 0 0 0 0 0 0 0 0 0 0 0 0 0 0 0 0]	2026-08-10_18-33-00	[0 0 0 0 0 0 0 0 0 0 1 0 0 0 0 0 0 0 0 0 0]	2026-08-10_18-33-00	[1 0 0 1 0 0 0 0 0 0 0 0 0 0 0 0 0 1]	2026-08-10_18-33-00	[0 0 0 1 0 0 1 0 0 0 0 0 0 0 0 0 0 0]	2026-08-10_18-33-00	[0]	2026-08-10_18-33-00
2	2026-08-10_18-33-00	-1.0	2026-08-10_18-33-00	10.519241333007812	2026-08-10_18-33-00	2.680548906326294	2026-08-10_18-33-00	2.642900228500366	2026-08-10_18-33-00	2.6987006664276123	2026-08-10_18-33-00	2.497091293334961	2026-08-10_18-33-00	False	2026-08-10_18-33-00	[0 0 1 0 0 0 0 0 0 0 0 0 0 0 0 0 0 0 0 0 0]	2026-08-10_18-33-00	[0 0 0 0 0 0 0 0 0 0 1 0 0 0 0 0 0 0 0 0 0]	2026-08-10_18-33-00	[1 0 0 1 0 0 0 0 0 0 0 0 0 0 0 0 0 1]	2026-08-10_18-33-00	[0 0 0 1 0 0 1 0 0 0 0 0 0 0 0 0 0 0]	2026-08-10_18-33-00	[0]	2026-08-10_18-33-00	[0 0 0 0 0 0 0 0 0 0 0 0 0 0 0 0 0 0 0 0 0]	2026-08-10_18-33-00	[0 0 0 0 0 0 0 0 0 0 0 0 0 0 0 0 0 0 0 0 0]	2026-08-10_18-33-00	[1 0 0 0 0 0 0 0 0 0 0 0 0 0 0 0 0 1]	2026-08-10_18-33-00	[0 0 0 1 0 0 1 0 0 0 0 0 0 0 0 0 1 0]	2026-08-10_18-33-00	[0]	2026-08-10_18-33-00
2	2026-08-10_18-33-00	-0.75	2026-08-10_18-33-00	10.850576400756836	2026-08-10_18-33-00	2.7925896644592285	2026-08-10_18-33-00	2.8790762424468994	2026-08-10_18-33-00	2.7363669872283936	2026-08-10_18-33-00	2.442542791366577	2026-08-10_18-33-00	False	2026-08-10_18-33-00	[0 0 0 0 0 0 0 0 0 0 0 0 0 0 0 0 0 0 0 0 0]	2026-08-10_18-33-00	[0 0 0 0 0 0 0 0 0 0 0 0 0 0 0 0 0 0 0 0 0]	2026-08-10_18-33-00	[1 0 0 0 0 0 0 0 0 0 0 0 0 0 0 0 0 1]	2026-08-10_18-33-00	[0 0 0 1 0 0 1 0 0 0 0 0 0 0 0 0 1 0]	2026-08-10_18-33-00	[0]	2026-08-10_18-33-00	[0 0 0 0 0 0 0 0 0 0 0 0 0 0 0 0 0 1 0 0 0]	2026-08-10_18-33-00	[0 0 0 0 0 0 0 0 0 0 1 0 0 0 0 0 0 0 0 0 0]	2026-08-10_18-33-00	[1 0 1 0 0 0 0 0 0 0 0 0 0 0 0 0 0 1]	2026-08-10_18-33-00	[0 0 0 1 0 0 1 0 1 0 0 0 0 0 0 0 1 0]	2026-08-10_18-33-00	[4]	2026-08-10_18-33-00
2	2026-08-10_18-33-00	-1.0	2026-08-10_18-33-00	10.730087280273438	2026-08-10_18-33-00	2.740770101547241	2026-08-10_18-33-00	2.782170057296753	2026-08-10_18-33-00	2.672696352005005	2026-08-10_18-33-00	2.534450054168701	2026-08-10_18-33-00	False	2026-08-10_18-33-00	[0 0 0 0 0 0 0 0 0 0 0 0 0 0 0 0 0 1 0 0 0]	2026-08-10_18-33-00	[0 0 0 0 0 0 0 0 0 0 1 0 0 0 0 0 0 0 0 0 0]	2026-08-10_18-33-00	[1 0 1 0 0 0 0 0 0 0 0 0 0 0 0 0 0 1]	2026-08-10_18-33-00	[0 0 0 1 0 0 1 0 1 0 0 0 0 0 0 0 1 0]	2026-08-10_18-33-00	[4]	2026-08-10_18-33-00	[0 0 1 0 0 0 0 0 0 0 0 0 0 0 0 0 0 1 0 0 0]	2026-08-10_18-33-00	[0 0 0 0 0 0 0 0 0 0 1 0 0 0 0 0 0 0 1 0 0]	2026-08-10_18-33-00	[1 0 1 0 0 0 0 0 0 0 0 0 0 0 0 0 0 0]	2026-08-10_18-33-00	[0 0 0 0 0 0 1 0 1 0 0 0 0 0 0 0 1 0]	2026-08-10_18-33-00	[0]	2026-08-10_18-33-00
2	2026-08-10_18-33-00	-1.0	2026-08-10_18-33-00	10.802176475524902	2026-08-10_18-33-00	2.7245068550109863	2026-08-10_18-33-00	2.6887893676757812	2026-08-10_18-33-00	2.7451157569885254	2026-08-10_18-33-00	2.6437644958496094	2026-08-10_18-33-00	False	2026-08-10_18-33-00	[0 0 1 0 0 0 0 0 0 0 0 0 0 0 0 0 0 1 0 0 0]	2026-08-10_18-33-00	[0 0 0 0 0 0 0 0 0 0 1 0 0 0 0 0 0 0 1 0 0]	2026-08-10_18-33-00	[1 0 1 0 0 0 0 0 0 0 0 0 0 0 0 0 0 0]	2026-08-10_18-33-00	[0 0 0 0 0 0 1 0 1 0 0 0 0 0 0 0 1 0]	2026-08-10_18-33-00	[0]	2026-08-10_18-33-00	[0 0 0 0 0 0 0 0 0 0 0 0 0 0 0 0 0 1 0 0 0]	2026-08-10_18-33-00	[0 0 0 0 0 0 0 0 0 0 0 0 0 0 0 0 0 0 1 0 0]	2026-08-10_18-33-00	[1 0 1 1 0 0 0 0 0 0 0 0 0 0 0 0 0 0]	2026-08-10_18-33-00	[0 0 0 0 0 0 1 0 1 0 0 0 0 0 0 0 0 0]	2026-08-10_18-33-00	[0]	2026-08-10_18-33-00
2	2026-08-10_18-33-00	-1.0	2026-08-10_18-33-00	10.389076232910156	2026-08-10_18-33-00	2.598151445388794	2026-08-10_18-33-00	2.5796666145324707	2026-08-10_18-33-00	2.6932668685913086	2026-08-10_18-33-00	2.517990827560425	2026-08-10_18-33-00	False	2026-08-10_18-33-00	[0 0 0 0 0 0 0 0 0 0 0 0 0 0 0 0 0 1 0 0 0]	2026-08-10_18-33-00	[0 0 0 0 0 0 0 0 0 0 0 0 0 0 0 0 0 0 1 0 0]	2026-08-10_18-33-00	[1 0 1 1 0 0 0 0 0 0 0 0 0 0 0 0 0 0]	2026-08-10_18-33-00	[0 0 0 0 0 0 1 0 1 0 0 0 0 0 0 0 0 0]	2026-08-10_18-33-00	[0]	2026-08-10_18-33-00	[0 0 1 0 0 0 0 0 0 0 0 0 0 0 0 0 0 1 0 0 0]	2026-08-10_18-33-00	[0 0 0 0 0 0 0 0 0 0 1 0 0 0 0 0 0 0 1 0 0]	2026-08-10_18-33-00	[1 0 1 0 0 0 0 0 0 0 0 0 0 0 0 0 0 0]	2026-08-10_18-33-00	[0 0 0 0 0 0 1 0 1 0 0 0 0 0 0 0 1 0]	2026-08-10_18-33-00	[0]	2026-08-10_18-33-00
2	2026-08-10_18-33-00	-1.0	2026-08-10_18-33-00	10.700373649597168	2026-08-10_18-33-00	2.6523611545562744	2026-08-10_18-33-00	2.6502394676208496	2026-08-10_18-33-00	2.746943712234497	2026-08-10_18-33-00	2.650829315185547	2026-08-10_18-33-00	False	2026-08-10_18-33-00	[0 0 1 0 0 0 0 0 0 0 0 0 0 0 0 0 0 1 0 0 0]	2026-08-10_18-33-00	[0 0 0 0 0 0 0 0 0 0 1 0 0 0 0 0 0 0 1 0 0]	2026-08-10_18-33-00	[1 0 1 0 0 0 0 0 0 0 0 0 0 0 0 0 0 0]	2026-08-10_18-33-00	[0 0 0 0 0 0 1 0 1 0 0 0 0 0 0 0 1 0]	2026-08-10_18-33-00	[0]	2026-08-10_18-33-00	[0 0 0 0 0 0 0 0 0 0 0 0 0 0 0 0 0 1 0 0 0]	2026-08-10_18-33-00	[0 0 0 0 0 0 0 0 0 0 0 0 0 0 0 0 0 0 1 0 0]	2026-08-10_18-33-00	[1 0 1 1 0 0 0 0 0 0 0 0 0 0 0 0 0 0]	2026-08-10_18-33-00	[0 0 0 0 0 0 1 0 1 0 0 0 0 0 0 0 0 0]	2026-08-10_18-33-00	[0]	2026-08-10_18-33-00
2	2026-08-10_18-33-00	-1.0	2026-08-10_18-33-00	10.380374908447266	2026-08-10_18-33-00	2.6179568767547607	2026-08-10_18-33-00	2.5581109523773193	2026-08-10_18-33-00	2.6825430393218994	2026-08-10_18-33-00	2.521763324737549	2026-08-10_18-33-00	False	2026-08-10_18-33-00	[0 0 0 0 0 0 0 0 0 0 0 0 0 0 0 0 0 1 0 0 0]	2026-08-10_18-33-00	[0 0 0 0 0 0 0 0 0 0 0 0 0 0 0 0 0 0 1 0 0]	2026-08-10_18-33-00	[1 0 1 1 0 0 0 0 0 0 0 0 0 0 0 0 0 0]	2026-08-10_18-33-00	[0 0 0 0 0 0 1 0 1 0 0 0 0 0 0 0 0 0]	2026-08-10_18-33-00	[0]	2026-08-10_18-33-00	[0 0 1 0 0 0 0 0 0 0 0 0 0 0 0 0 0 1 0 0 0]	2026-08-10_18-33-00	[0 0 0 0 0 0 0 0 0 0 1 0 0 0 0 0 0 0 1 0 0]	2026-08-10_18-33-00	[1 0 1 0 0 0 0 0 0 0 0 0 0 0 0 0 0 0]	2026-08-10_18-33-00	[0 0 0 0 0 0 1 0 1 0 0 0 0 0 0 0 1 0]	2026-08-10_18-33-00	[0]	2026-08-10_18-33-00
2	2026-08-10_18-33-00	-1.0	2026-08-10_18-33-00	10.738811492919922	2026-08-10_18-33-00	2.6538820266723633	2026-08-10_18-33-00	2.664646625518799	2026-08-10_18-33-00	2.7510085105895996	2026-08-10_18-33-00	2.669273853302002	2026-08-10_18-33-00	False	2026-08-10_18-33-00	[0 0 1 0 0 0 0 0 0 0 0 0 0 0 0 0 0 1 0 0 0]	2026-08-10_18-33-00	[0 0 0 0 0 0 0 0 0 0 1 0 0 0 0 0 0 0 1 0 0]	2026-08-10_18-33-00	[1 0 1 0 0 0 0 0 0 0 0 0 0 0 0 0 0 0]	2026-08-10_18-33-00	[0 0 0 0 0 0 1 0 1 0 0 0 0 0 0 0 1 0]	2026-08-10_18-33-00	[0]	2026-08-10_18-33-00	[0 0 0 0 0 0 0 0 0 0 0 0 0 0 0 0 0 1 0 0 0]	2026-08-10_18-33-00	[0 0 0 0 0 0 0 0 0 0 0 0 0 0 0 0 0 0 1 0 0]	2026-08-10_18-33-00	[1 0 1 1 0 0 0 0 0 0 0 0 0 0 0 0 0 0]	2026-08-10_18-33-00	[0 0 0 0 0 0 1 0 1 0 0 0 0 0 0 0 0 0]	2026-08-10_18-33-00	[0]	2026-08-10_18-33-00
2	2026-08-10_18-33-00	-1.0	2026-08-10_18-33-00	10.454925537109375	2026-08-10_18-33-00	2.6228535175323486	2026-08-10_18-33-00	2.6024115085601807	2026-08-10_18-33-00	2.6925573348999023	2026-08-10_18-33-00	2.5371031761169434	2026-08-10_18-33-00	False	2026-08-10_18-33-00	[0 0 0 0 0 0 0 0 0 0 0 0 0 0 0 0 0 1 0 0 0]	2026-08-10_18-33-00	[0 0 0 0 0 0 0 0 0 0 0 0 0 0 0 0 0 0 1 0 0]	2026-08-10_18-33-00	[1 0 1 1 0 0 0 0 0 0 0 0 0 0 0 0 0 0]	2026-08-10_18-33-00	[0 0 0 0 0 0 1 0 1 0 0 0 0 0 0 0 0 0]	2026-08-10_18-33-00	[0]	2026-08-10_18-33-00	[0 0 1 0 0 0 0 0 0 0 0 0 0 0 0 0 0 1 0 0 0]	2026-08-10_18-33-00	[0 0 0 0 0 0 0 0 0 0 1 0 0 0 0 0 0 0 1 0 0]	2026-08-10_18-33-00	[1 0 1 0 0 0 0 0 0 0 0 0 0 0 0 0 0 0]	2026-08-10_18-33-00	[0 0 0 0 0 0 1 0 1 0 0 0 0 0 0 0 1 0]	2026-08-10_18-33-00	[0]	2026-08-10_18-33-00
2	2026-08-10_18-33-00	-1.0	2026-08-10_18-33-00	10.773466110229492	2026-08-10_18-33-00	2.661501884460449	2026-08-10_18-33-00	2.6842565536499023	2026-08-10_18-33-00	2.7614786624908447	2026-08-10_18-33-00	2.666229486465454	2026-08-10_18-33-00	False	2026-08-10_18-33-00	[0 0 1 0 0 0 0 0 0 0 0 0 0 0 0 0 0 1 0 0 0]	2026-08-10_18-33-00	[0 0 0 0 0 0 0 0 0 0 1 0 0 0 0 0 0 0 1 0 0]	2026-08-10_18-33-00	[1 0 1 0 0 0 0 0 0 0 0 0 0 0 0 0 0 0]	2026-08-10_18-33-00	[0 0 0 0 0 0 1 0 1 0 0 0 0 0 0 0 1 0]	2026-08-10_18-33-00	[0]	2026-08-10_18-33-00	[0 0 0 0 0 0 0 0 0 0 0 0 0 0 0 0 0 1 0 0 0]	2026-08-10_18-33-00	[0 0 0 0 0 0 0 0 0 0 0 0 0 0 0 0 0 0 1 0 0]	2026-08-10_18-33-00	[1 0 1 1 0 0 0 0 0 0 0 0 0 0 0 0 0 0]	2026-08-10_18-33-00	[0 0 0 0 0 0 1 0 1 0 0 0 0 0 0 0 0 0]	2026-08-10_18-33-00	[0]	2026-08-10_18-33-00
2	2026-08-10_18-33-00	-1.0	2026-08-10_18-33-00	10.337554931640625	2026-08-10_18-33-00	2.586350917816162	2026-08-10_18-33-00	2.5282487869262695	2026-08-10_18-33-00	2.690098762512207	2026-08-10_18-33-00	2.532855987548828	2026-08-10_18-33-00	False	2026-08-10_18-33-00	[0 0 0 0 0 0 0 0 0 0 0 0 0 0 0 0 0 1 0 0 0]	2026-08-10_18-33-00	[0 0 0 0 0 0 0 0 0 0 0 0 0 0 0 0 0 0 1 0 0]	2026-08-10_18-33-00	[1 0 1 1 0 0 0 0 0 0 0 0 0 0 0 0 0 0]	2026-08-10_18-33-00	[0 0 0 0 0 0 1 0 1 0 0 0 0 0 0 0 0 0]	2026-08-10_18-33-00	[0]	2026-08-10_18-33-00	[0 0 1 0 0 0 0 0 0 0 0 0 0 0 0 0 0 1 0 0 0]	2026-08-10_18-33-00	[0 0 0 0 0 0 0 0 0 0 1 0 0 0 0 0 0 0 1 0 0]	2026-08-10_18-33-00	[1 0 1 0 0 0 0 0 0 0 0 0 0 0 0 0 0 0]	2026-08-10_18-33-00	[0 0 0 0 0 0 1 0 1 0 0 0 0 0 0 0 1 0]	2026-08-10_18-33-00	[0]	2026-08-10_18-33-00
2	2026-08-10_18-33-00	-1.0	2026-08-10_18-33-00	10.67281723022461	2026-08-10_18-33-00	2.6530935764312744	2026-08-10_18-33-00	2.6440420150756836	2026-08-10_18-33-00	2.7386207580566406	2026-08-10_18-33-00	2.6370608806610107	2026-08-10_18-33-00	False	2026-08-10_18-33-00	[0 0 1 0 0 0 0 0 0 0 0 0 0 0 0 0 0 1 0 0 0]	2026-08-10_18-33-00	[0 0 0 0 0 0 0 0 0 0 1 0 0 0 0 0 0 0 1 0 0]	2026-08-10_18-33-00	[1 0 1 0 0 0 0 0 0 0 0 0 0 0 0 0 0 0]	2026-08-10_18-33-00	[0 0 0 0 0 0 1 0 1 0 0 0 0 0 0 0 1 0]	2026-08-10_18-33-00	[0]	2026-08-10_18-33-00	[0 0 0 0 0 0 0 0 0 0 0 0 0 0 0 0 0 1 0 0 0]	2026-08-10_18-33-00	[0 0 0 0 0 0 0 0 0 0 0 0 0 0 0 0 0 0 1 0 0]	2026-08-10_18-33-00	[1 0 1 1 0 0 0 0 0 0 0 0 0 0 0 0 0 0]	2026-08-10_18-33-00	[0 0 0 0 0 0 1 0 1 0 0 0 0 0 0 0 0 0]	2026-08-10_18-33-00	[0]	2026-08-10_18-33-00
2	2026-08-10_18-33-00	-1.0	2026-08-10_18-33-00	10.566877365112305	2026-08-10_18-33-00	2.6519527435302734	2026-08-10_18-33-00	2.65891432762146	2026-08-10_18-33-00	2.709969997406006	2026-08-10_18-33-00	2.546039581298828	2026-08-10_18-33-00	False	2026-08-10_18-33-00	[0 0 0 0 0 0 0 0 0 0 0 0 0 0 0 0 0 1 0 0 0]	2026-08-10_18-33-00	[0 0 0 0 0 0 0 0 0 0 0 0 0 0 0 0 0 0 1 0 0]	2026-08-10_18-33-00	[1 0 1 1 0 0 0 0 0 0 0 0 0 0 0 0 0 0]	2026-08-10_18-33-00	[0 0 0 0 0 0 1 0 1 0 0 0 0 0 0 0 0 0]	2026-08-10_18-33-00	[0]	2026-08-10_18-33-00	[0 0 1 0 0 0 0 0 0 0 0 0 0 0 0 0 0 1 0 0 0]	2026-08-10_18-33-00	[0 0 0 0 0 0 0 0 0 0 1 0 0 0 0 0 0 0 1 0 0]	2026-08-10_18-33-00	[1 0 1 0 0 0 0 0 0 0 0 0 0 0 0 0 0 0]	2026-08-10_18-33-00	[0 0 0 0 0 0 1 0 1 0 0 0 0 0 0 0 1 0]	2026-08-10_18-33-00	[0]	2026-08-10_18-33-00
2	2026-08-10_18-33-00	-1.0	2026-08-10_18-33-00	10.556472778320312	2026-08-10_18-33-00	2.6389737129211426	2026-08-10_18-33-00	2.5919981002807617	2026-08-10_18-33-00	2.7207627296447754	2026-08-10_18-33-00	2.6047379970550537	2026-08-10_18-33-00	False	2026-08-10_18-33-00	[0 0 1 0 0 0 0 0 0 0 0 0 0 0 0 0 0 1 0 0 0]	2026-08-10_18-33-00	[0 0 0 0 0 0 0 0 0 0 1 0 0 0 0 0 0 0 1 0 0]	2026-08-10_18-33-00	[1 0 1 0 0 0 0 0 0 0 0 0 0 0 0 0 0 0]	2026-08-10_18-33-00	[0 0 0 0 0 0 1 0 1 0 0 0 0 0 0 0 1 0]	2026-08-10_18-33-00	[0]	2026-08-10_18-33-00	[0 0 0 0 0 0 0 0 0 0 0 0 0 0 0 0 0 1 0 0 0]	2026-08-10_18-33-00	[0 0 0 0 0 0 0 0 0 0 0 0 0 0 0 0 0 0 1 0 0]	2026-08-10_18-33-00	[1 0 1 1 0 0 0 0 0 0 0 0 0 0 0 0 0 0]	2026-08-10_18-33-00	[0 0 0 0 0 0 1 0 1 0 0 0 0 0 0 0 0 0]	2026-08-10_18-33-00	[0]	2026-08-10_18-33-00
2	2026-08-10_18-33-00	-1.0	2026-08-10_18-33-00	10.809334754943848	2026-08-10_18-33-00	2.7107741832733154	2026-08-10_18-33-00	2.741171360015869	2026-08-10_18-33-00	2.7394580841064453	2026-08-10_18-33-00	2.617931365966797	2026-08-10_18-33-00	False	2026-08-10_18-33-00	[0 0 0 0 0 0 0 0 0 0 0 0 0 0 0 0 0 1 0 0 0]	2026-08-10_18-33-00	[0 0 0 0 0 0 0 0 0 0 0 0 0 0 0 0 0 0 1 0 0]	2026-08-10_18-33-00	[1 0 1 1 0 0 0 0 0 0 0 0 0 0 0 0 0 0]	2026-08-10_18-33-00	[0 0 0 0 0 0 1 0 1 0 0 0 0 0 0 0 0 0]	2026-08-10_18-33-00	[0]	2026-08-10_18-33-00	[0 0 1 0 0 0 0 0 0 0 0 0 0 0 0 0 0 1 0 0 0]	2026-08-10_18-33-00	[0 0 0 0 0 0 0 0 0 0 1 0 0 0 0 0 0 0 1 0 0]	2026-08-10_18-33-00	[1 0 1 0 0 0 0 0 0 0 0 0 0 0 0 0 0 0]	2026-08-10_18-33-00	[0 0 0 0 0 0 1 0 1 0 0 0 0 0 0 0 1 0]	2026-08-10_18-33-00	[0]	2026-08-10_18-33-00
2	2026-08-10_18-33-00	-1.0	2026-08-10_18-33-00	10.713451385498047	2026-08-10_18-33-00	2.6724448204040527	2026-08-10_18-33-00	2.6428282260894775	2026-08-10_18-33-00	2.744354248046875	2026-08-10_18-33-00	2.6538243293762207	2026-08-10_18-33-00	False	2026-08-10_18-33-00	[0 0 1 0 0 0 0 0 0 0 0 0 0 0 0 0 0 1 0 0 0]	2026-08-10_18-33-00	[0 0 0 0 0 0 0 0 0 0 1 0 0 0 0 0 0 0 1 0 0]	2026-08-10_18-33-00	[1 0 1 0 0 0 0 0 0 0 0 0 0 0 0 0 0 0]	2026-08-10_18-33-00	[0 0 0 0 0 0 1 0 1 0 0 0 0 0 0 0 1 0]	2026-08-10_18-33-00	[0]	2026-08-10_18-33-00	[0 0 0 0 0 0 0 0 0 0 0 0 0 0 0 0 0 1 0 0 0]	2026-08-10_18-33-00	[0 0 0 0 0 0 0 0 0 0 0 0 0 0 0 0 0 0 1 0 0]	2026-08-10_18-33-00	[1 0 1 1 0 0 0 0 0 0 0 0 0 0 0 0 0 0]	2026-08-10_18-33-00	[0 0 0 0 0 0 1 0 1 0 0 0 0 0 0 0 0 0]	2026-08-10_18-33-00	[0]	2026-08-10_18-33-00
2	2026-08-10_18-33-00	-1.0	2026-08-10_18-33-00	10.423402786254883	2026-08-10_18-33-00	2.5846505165100098	2026-08-10_18-33-00	2.5801029205322266	2026-08-10_18-33-00	2.7048354148864746	2026-08-10_18-33-00	2.55381441116333	2026-08-10_18-33-00	False	2026-08-10_18-33-00	[0 0 0 0 0 0 0 0 0 0 0 0 0 0 0 0 0 1 0 0 0]	2026-08-10_18-33-00	[0 0 0 0 0 0 0 0 0 0 0 0 0 0 0 0 0 0 1 0 0]	2026-08-10_18-33-00	[1 0 1 1 0 0 0 0 0 0 0 0 0 0 0 0 0 0]	2026-08-10_18-33-00	[0 0 0 0 0 0 1 0 1 0 0 0 0 0 0 0 0 0]	2026-08-10_18-33-00	[0]	2026-08-10_18-33-00	[0 0 1 0 0 0 0 0 0 0 0 0 0 0 0 0 0 1 0 0 0]	2026-08-10_18-33-00	[0 0 0 0 0 0 0 0 0 0 1 0 0 0 0 0 0 0 1 0 0]	2026-08-10_18-33-00	[1 0 1 0 0 0 0 0 0 0 0 0 0 0 0 0 0 0]	2026-08-10_18-33-00	[0 0 0 0 0 0 1 0 1 0 0 0 0 0 0 0 1 0]	2026-08-10_18-33-00	[0]	2026-08-10_18-33-00
