# num_workers = 8
# num_cells = 256
# seed_for_environment = 478
# lr = 0.0003
# max_grad_norm = 1.0
# eval_rollout_length = 30
# scaling_factor = 1000
# frames_per_batch = 500
# sub_batch_size = 64
# num_epochs = 15
# clip_epsilon = 0.2
# gamma = 0.99
# lmbda = 0.95
# entropy_eps = 0.5
# env_reward_engineering = True
# env_minimum_number_of_qubits = 1
# log_name = None
# env_error_range = dataCollection
# env_version = qecc/bbcode-ldpc-v0
# env_bit_flipping = True
# env_l = 12
# env_m = 6
# env_use_dict_observation = True
# env_number_of_decoder_iterations = 50
# env_number_of_samples = 50
# env_code_logging = True
# model_architecture = hybrid
# model_surrogate_model_path = /rds/general/user/osella/home/rl-qecc-data//supervisedLearning/2026-07-12_20-18-32/surrogate_6x6.pth
# model_use_pretrained_encoder = False
# index_to_unfreeze_encoder_updates = 20
# encoder_lr_factor = 0.1
# training_device = cpu
# Resolved arguments:
# Resolved_env_reward_engineering = True
# Resolved_env_reward_integral = Between prob. of no error and curve.
# Resolved_env_bit_flipping = True
# Resolved_env_useDictObservation = True
# Resolved_env_code_logging = True
# Resolved_env_error_range = [np.float64(0.0001), np.float64(0.000215), np.float64(0.000464), np.float64(0.001), np.float64(0.002154), np.float64(0.003162), np.float64(0.004642), np.float64(0.01), np.float64(0.021544), np.float64(0.025075), np.float64(0.031623), np.float64(0.046416), np.float64(0.05005), np.float64(0.075025), np.float64(0.1)]
# Resolved_model_use_pretrained_encoder = False
# Resolved_trainingDevice = cpu
# Resolved_model_architecture = hybrid
# Number of workers: 8
# Does torch identify cuda: False
# encoder ***RANDOM WEIGHTS***
evaluation number	reward	policy entropy	policy entropy aX	policy entropy bX	policy entropy aY	policy entropy bY	Encoder freeze	postAction_aX	postAction_bX	postAction_aY	postAction_bY
0	0.5492673516273499	8.967649459838867	2.554530382156372	2.5526461601257324	1.9252694845199585	1.935203194618225	True	[0 0 0 0 0 0 0 0 0 0 1 0]	[0 0 0 0 0 1 0 0 0 0 0 0]	[0 1 0 0 0 0]	[1 0 0 0 0 0]
0	-0.5	8.993378639221191	2.5586564540863037	2.55918550491333	1.9365025758743286	1.9390342235565186	True	[0 0 0 0 0 0 0 0 0 0 0 0]	[0 1 0 0 0 1 0 0 0 0 0 0]	[0 0 0 0 0 0]	[1 1 0 0 0 0]
0	0.5605080723762512	8.989468574523926	2.5580894947052	2.5580873489379883	1.9345237016677856	1.9387683868408203	True	[0 0 0 0 0 0 0 0 0 0 1 0]	[0 0 0 0 0 1 0 0 0 0 0 0]	[0 1 0 0 0 0]	[0 1 0 0 0 0]
0	-0.5	8.99350643157959	2.559103012084961	2.5592219829559326	1.9361238479614258	1.9390569925308228	True	[0 0 0 0 0 0 0 0 0 0 0 0]	[0 1 0 0 0 1 0 0 0 0 0 0]	[0 0 0 0 0 0]	[0 0 0 0 0 0]
0	0.5148429870605469	8.97830867767334	2.5566024780273438	2.5551609992980957	1.9296411275863647	1.9369041919708252	True	[0 0 0 0 0 0 0 0 0 0 1 0]	[0 1 0 0 0 0 0 0 0 0 0 0]	[0 1 0 0 0 0]	[1 0 0 0 0 0]
0	-0.5	8.992911338806152	2.5586042404174805	2.559178352355957	1.9366445541381836	1.9384845495224	True	[0 0 0 0 0 0 0 0 0 0 0 0]	[0 0 0 0 0 0 0 0 0 0 0 0]	[0 0 0 0 0 0]	[1 1 0 0 0 0]
0	0.3480551242828369	8.982807159423828	2.5572357177734375	2.5562877655029297	1.9312089681625366	1.9380742311477661	True	[0 0 0 0 0 0 0 0 0 0 1 0]	[0 1 0 0 0 0 0 0 0 0 0 0]	[0 1 0 0 0 0]	[0 1 0 0 0 0]
0	-0.5	8.991728782653809	2.559062957763672	2.5584359169006348	1.9349868297576904	1.939243197441101	True	[0 0 0 0 0 0 0 0 0 0 0 0]	[0 0 0 0 0 0 0 0 0 0 0 0]	[0 0 0 0 0 0]	[1 1 0 0 0 0]
0	0.35668104887008667	8.982815742492676	2.557074546813965	2.5563302040100098	1.9313315153121948	1.9380792379379272	True	[0 0 0 0 0 0 0 0 0 0 1 0]	[0 1 0 0 0 0 0 0 0 0 0 0]	[0 1 0 0 0 0]	[0 1 0 0 0 0]
0	-0.5	8.991029739379883	2.5590076446533203	2.558246612548828	1.9342491626739502	1.939526915550232	True	[0 0 0 0 0 0 0 0 0 0 0 0]	[0 0 0 0 0 0 0 0 0 0 0 0]	[0 0 0 0 0 0]	[1 1 0 0 0 0]
0	0.35879018902778625	8.98365592956543	2.5573196411132812	2.556523323059082	1.9316422939300537	1.9381705522537231	True	[0 0 0 0 0 0 0 0 0 0 1 0]	[0 1 0 0 0 0 0 0 0 0 0 0]	[0 1 0 0 0 0]	[0 1 0 0 0 0]
0	-0.5	8.991094589233398	2.558701515197754	2.558365821838379	1.9346632957458496	1.9393634796142578	True	[0 0 0 0 0 0 0 0 0 0 0 0]	[0 0 0 0 0 0 0 0 0 0 0 0]	[0 0 0 0 0 0]	[1 1 0 0 0 0]
0	0.34093186259269714	8.983095169067383	2.5570261478424072	2.5565247535705566	1.9313874244689941	1.938156247138977	True	[0 0 0 0 0 0 0 0 0 0 1 0]	[0 1 0 0 0 0 0 0 0 0 0 0]	[0 1 0 0 0 0]	[0 1 0 0 0 0]
0	-0.5	8.992180824279785	2.559112071990967	2.5586488246917725	1.935185432434082	1.939234972000122	True	[0 0 0 0 0 0 0 0 0 0 0 0]	[0 0 0 0 0 0 0 0 0 0 0 0]	[0 0 0 0 0 0]	[1 1 0 0 0 0]
0	0.35783591866493225	8.982583045959473	2.5572316646575928	2.5562217235565186	1.931031346321106	1.9380981922149658	True	[0 0 0 0 0 0 0 0 0 0 1 0]	[0 1 0 0 0 0 0 0 0 0 0 0]	[0 1 0 0 0 0]	[0 1 0 0 0 0]
0	-0.5	8.991273880004883	2.5590057373046875	2.5584073066711426	1.9346257448196411	1.939234733581543	True	[0 0 0 0 0 0 0 0 0 0 0 0]	[0 0 0 0 0 0 0 0 0 0 0 0]	[0 0 0 0 0 0]	[1 1 0 0 0 0]
0	0.3621588349342346	8.982932090759277	2.5572926998138428	2.556370973587036	1.9314038753509521	1.9378643035888672	True	[0 0 0 0 0 0 0 0 0 0 1 0]	[0 1 0 0 0 0 0 0 0 0 0 0]	[0 1 0 0 0 0]	[0 1 0 0 0 0]
0	-0.5	8.9913911819458	2.559044361114502	2.5583207607269287	1.934942603111267	1.9390833377838135	True	[0 0 0 0 0 0 0 0 0 0 0 0]	[0 0 0 0 0 0 0 0 0 0 0 0]	[0 0 0 0 0 0]	[1 1 0 0 0 0]
0	0.33709338307380676	8.9830961227417	2.5571608543395996	2.5564637184143066	1.9317258596420288	1.9377456903457642	True	[0 0 0 0 0 0 0 0 0 0 1 0]	[0 1 0 0 0 0 0 0 0 0 0 0]	[0 1 0 0 0 0]	[0 1 0 0 0 0]
0	-0.5	8.991105079650879	2.5588324069976807	2.558312177658081	1.934755563735962	1.9392054080963135	True	[0 0 0 0 0 0 0 0 0 0 0 0]	[0 0 0 0 0 0 0 0 0 0 0 0]	[0 0 0 0 0 0]	[1 1 0 0 0 0]
0	0.38777822256088257	8.984089851379395	2.5575125217437744	2.5568578243255615	1.9319920539855957	1.937727451324463	True	[0 0 0 0 0 0 0 0 0 0 1 0]	[0 1 0 0 0 0 0 0 0 0 0 0]	[0 1 0 0 0 0]	[0 1 0 0 0 0]
0	-0.5	8.991876602172852	2.559356212615967	2.5585525035858154	1.9347299337387085	1.9392379522323608	True	[0 0 0 0 0 0 0 0 0 0 0 0]	[0 0 0 0 0 0 0 0 0 0 0 0]	[0 0 0 0 0 0]	[1 1 0 0 0 0]
0	0.34856003522872925	8.983253479003906	2.557108163833618	2.556539297103882	1.9315890073776245	1.9380173683166504	True	[0 0 0 0 0 0 0 0 0 0 1 0]	[0 1 0 0 0 0 0 0 0 0 0 0]	[0 1 0 0 0 0]	[0 1 0 0 0 0]
0	-0.5	8.991347312927246	2.5590012073516846	2.558448553085327	1.9349358081817627	1.9389623403549194	True	[0 0 0 0 0 0 0 0 0 0 0 0]	[0 0 0 0 0 0 0 0 0 0 0 0]	[0 0 0 0 0 0]	[1 1 0 0 0 0]
0	0.3258016109466553	8.98320198059082	2.5573742389678955	2.5566868782043457	1.931283950805664	1.9378570318222046	True	[0 0 0 0 0 0 0 0 0 0 1 0]	[0 1 0 0 0 0 0 0 0 0 0 0]	[0 1 0 0 0 0]	[0 1 0 0 0 0]
0	-0.5	8.991608619689941	2.5593791007995605	2.5583629608154297	1.934973955154419	1.938892126083374	True	[0 0 0 0 0 0 0 0 0 0 0 0]	[0 0 0 0 0 0 0 0 0 0 0 0]	[0 0 0 0 0 0]	[1 1 0 0 0 0]
0	0.3487361967563629	8.983275413513184	2.5571980476379395	2.556432008743286	1.9317028522491455	1.9379427433013916	True	[0 0 0 0 0 0 0 0 0 0 1 0]	[0 1 0 0 0 0 0 0 0 0 0 0]	[0 1 0 0 0 0]	[0 1 0 0 0 0]
0	-0.5	8.991424560546875	2.5592544078826904	2.5585334300994873	1.9346213340759277	1.9390151500701904	True	[0 0 0 0 0 0 0 0 0 0 0 0]	[0 0 0 0 0 0 0 0 0 0 0 0]	[0 0 0 0 0 0]	[1 1 0 0 0 0]
0	0.3529328405857086	8.983394622802734	2.5572216510772705	2.556511878967285	1.9315426349639893	1.9381189346313477	True	[0 0 0 0 0 0 0 0 0 0 1 0]	[0 1 0 0 0 0 0 0 0 0 0 0]	[0 1 0 0 0 0]	[0 1 0 0 0 0]
0	-0.5	8.991899490356445	2.5591487884521484	2.5583865642547607	1.935058355331421	1.939305067062378	True	[0 0 0 0 0 0 0 0 0 0 0 0]	[0 0 0 0 0 0 0 0 0 0 0 0]	[0 0 0 0 0 0]	[1 1 0 0 0 0]
1	0.031877823173999786	8.775992393493652	2.524566650390625	2.4913489818573	1.880117654800415	1.8799593448638916	True	[0 0 0 1 0 0 0 0 0 0 0 0]	[0 0 0 0 0 0 0 0 0 1 0 0]	[0 0 0 0 1 0]	[0 0 1 0 0 0]
1	-0.5	8.893152236938477	2.545201301574707	2.5253243446350098	1.9096649885177612	1.9129619598388672	True	[0 0 0 0 0 0 0 0 0 0 0 0]	[0 0 0 0 0 0 0 0 0 0 0 0]	[1 0 0 0 1 0]	[0 0 0 0 0 0]
1	0.2057207077741623	8.83321762084961	2.5350911617279053	2.5078978538513184	1.8944683074951172	1.8957602977752686	True	[0 0 0 1 0 0 0 0 0 0 0 0]	[0 0 0 0 0 0 0 0 0 1 0 0]	[1 0 0 0 0 0]	[0 0 1 0 0 0]
1	-1.0	8.895296096801758	2.545443534851074	2.526381254196167	1.910218596458435	1.9132524728775024	True	[0 0 0 0 0 0 0 0 0 0 0 0]	[0 0 0 0 0 0 0 0 0 0 0 0]	[0 0 0 0 0 0]	[0 0 0 0 0 0]
1	0.02764546126127243	8.775426864624023	2.523862361907959	2.4909937381744385	1.8801941871643066	1.880375862121582	True	[0 0 0 1 0 0 0 0 0 0 0 0]	[0 0 0 0 0 0 0 0 0 1 0 0]	[0 0 0 0 1 0]	[0 0 1 0 0 0]
1	-0.5	8.894293785095215	2.545635223388672	2.5254921913146973	1.9099502563476562	1.9132161140441895	True	[0 0 0 0 0 0 0 0 0 0 0 0]	[0 0 0 0 0 0 0 0 0 0 0 0]	[1 0 0 0 1 0]	[0 0 0 0 0 0]
1	0.19853384792804718	8.835524559020996	2.535828113555908	2.508218765258789	1.894874095916748	1.8966037034988403	True	[0 0 0 1 0 0 0 0 0 0 0 0]	[0 0 0 0 0 0 0 0 0 1 0 0]	[1 0 0 0 0 0]	[0 0 1 0 0 0]
1	-1.0	8.895108222961426	2.546034097671509	2.525804281234741	1.9102277755737305	1.9130420684814453	True	[0 0 0 0 0 0 0 0 0 0 0 0]	[0 0 0 0 0 0 0 0 0 0 0 0]	[0 0 0 0 0 0]	[0 0 0 0 0 0]
1	0.03140132874250412	8.774300575256348	2.523883104324341	2.490501642227173	1.8800902366638184	1.8798259496688843	True	[0 0 0 1 0 0 0 0 0 0 0 0]	[0 0 0 0 0 0 0 0 0 1 0 0]	[0 0 0 0 1 0]	[0 0 1 0 0 0]
1	-0.5	8.894432067871094	2.545222759246826	2.525662660598755	1.910141944885254	1.9134048223495483	True	[0 0 0 0 0 0 0 0 0 0 0 0]	[0 0 0 0 0 0 0 0 0 0 0 0]	[1 0 0 0 1 0]	[0 0 0 0 0 0]
1	0.20221249759197235	8.83348274230957	2.534928321838379	2.5076546669006348	1.8949391841888428	1.8959611654281616	True	[0 0 0 1 0 0 0 0 0 0 0 0]	[0 0 0 0 0 0 0 0 0 1 0 0]	[1 0 0 0 0 0]	[0 0 1 0 0 0]
1	-1.0	8.894063949584961	2.5457193851470947	2.525780439376831	1.9096248149871826	1.912939190864563	True	[0 0 0 0 0 0 0 0 0 0 0 0]	[0 0 0 0 0 0 0 0 0 0 0 0]	[0 0 0 0 0 0]	[0 0 0 0 0 0]
1	0.029165901243686676	8.7738676071167	2.5243241786956787	2.4907424449920654	1.879589319229126	1.8792113065719604	True	[0 0 0 1 0 0 0 0 0 0 0 0]	[0 0 0 0 0 0 0 0 0 1 0 0]	[0 0 0 0 1 0]	[0 0 1 0 0 0]
1	-0.5	8.894388198852539	2.5455615520477295	2.5259363651275635	1.9096364974975586	1.9132535457611084	True	[0 0 0 0 0 0 0 0 0 0 0 0]	[0 0 0 0 0 0 0 0 0 0 0 0]	[1 0 0 0 1 0]	[0 0 0 0 0 0]
1	0.20145532488822937	8.832533836364746	2.5349392890930176	2.507756471633911	1.8945839405059814	1.8952537775039673	True	[0 0 0 1 0 0 0 0 0 0 0 0]	[0 0 0 0 0 0 0 0 0 1 0 0]	[1 0 0 0 0 0]	[0 0 1 0 0 0]
1	-1.0	8.895162582397461	2.5452959537506104	2.5261025428771973	1.9105666875839233	1.9131966829299927	True	[0 0 0 0 0 0 0 0 0 0 0 0]	[0 0 0 0 0 0 0 0 0 0 0 0]	[0 0 0 0 0 0]	[0 0 0 0 0 0]
1	0.0224384106695652	8.773550033569336	2.5242722034454346	2.4903059005737305	1.8799480199813843	1.8790242671966553	True	[0 0 0 1 0 0 0 0 0 0 0 0]	[0 0 0 0 0 0 0 0 0 1 0 0]	[0 0 0 0 1 0]	[0 0 1 0 0 0]
1	-0.5	8.894983291625977	2.5456409454345703	2.5259687900543213	1.9103385210037231	1.9130357503890991	True	[0 0 0 0 0 0 0 0 0 0 0 0]	[0 0 0 0 0 0 0 0 0 0 0 0]	[1 0 0 0 1 0]	[0 0 0 0 0 0]
1	0.19499307870864868	8.832956314086914	2.535540819168091	2.5078985691070557	1.8935292959213257	1.8959875106811523	True	[0 0 0 1 0 0 0 0 0 0 0 0]	[0 0 0 0 0 0 0 0 0 1 0 0]	[1 0 0 0 0 0]	[0 0 1 0 0 0]
1	-1.0	8.89631462097168	2.545618772506714	2.526259183883667	1.9104925394058228	1.9139440059661865	True	[0 0 0 0 0 0 0 0 0 0 0 0]	[0 0 0 0 0 0 0 0 0 0 0 0]	[0 0 0 0 0 0]	[0 0 0 0 0 0]
1	0.027682553976774216	8.775002479553223	2.524280071258545	2.490992307662964	1.880262017250061	1.879468321800232	True	[0 0 0 1 0 0 0 0 0 0 0 0]	[0 0 0 0 0 0 0 0 0 1 0 0]	[0 0 0 0 1 0]	[0 0 1 0 0 0]
1	-0.5	8.895048141479492	2.5455777645111084	2.525836229324341	1.9100168943405151	1.913617491722107	True	[0 0 0 0 0 0 0 0 0 0 0 0]	[0 0 0 0 0 0 0 0 0 0 0 0]	[1 0 0 0 1 0]	[0 0 0 0 0 0]
1	0.1868852972984314	8.833953857421875	2.5355396270751953	2.508084774017334	1.8945434093475342	1.8957862854003906	True	[0 0 0 1 0 0 0 0 0 0 0 0]	[0 0 0 0 0 0 0 0 0 1 0 0]	[1 0 0 0 0 0]	[0 0 1 0 0 0]
1	-1.0	8.894783973693848	2.5455894470214844	2.5258188247680664	1.9100713729858398	1.9133045673370361	True	[0 0 0 0 0 0 0 0 0 0 0 0]	[0 0 0 0 0 0 0 0 0 0 0 0]	[0 0 0 0 0 0]	[0 0 0 0 0 0]
1	0.02578757330775261	8.7755765914917	2.5242974758148193	2.490778684616089	1.8802006244659424	1.8802993297576904	True	[0 0 0 1 0 0 0 0 0 0 0 0]	[0 0 0 0 0 0 0 0 0 1 0 0]	[0 0 0 0 1 0]	[0 0 1 0 0 0]
1	-0.5	8.89307975769043	2.545220136642456	2.5251829624176025	1.909632682800293	1.9130443334579468	True	[0 0 0 0 0 0 0 0 0 0 0 0]	[0 0 0 0 0 0 0 0 0 0 0 0]	[1 0 0 0 1 0]	[0 0 0 0 0 0]
1	0.18161419034004211	8.830721855163574	2.5346240997314453	2.506911277770996	1.893805980682373	1.8953802585601807	True	[0 0 0 1 0 0 0 0 0 0 0 0]	[0 0 0 0 0 0 0 0 0 1 0 0]	[1 0 0 0 0 0]	[0 0 1 0 0 0]
1	-1.0	8.893807411193848	2.5455620288848877	2.525388717651367	1.909905195236206	1.9129512310028076	True	[0 0 0 0 0 0 0 0 0 0 0 0]	[0 0 0 0 0 0 0 0 0 0 0 0]	[0 0 0 0 0 0]	[0 0 0 0 0 0]
1	0.036196015775203705	8.774869918823242	2.5243852138519287	2.490622043609619	1.8800228834152222	1.8798398971557617	True	[0 0 0 1 0 0 0 0 0 0 0 0]	[0 0 0 0 0 0 0 0 0 1 0 0]	[0 0 0 0 1 0]	[0 0 1 0 0 0]
1	-0.5	8.895173072814941	2.5457565784454346	2.5257911682128906	1.9100589752197266	1.9135668277740479	True	[0 0 0 0 0 0 0 0 0 0 0 0]	[0 0 0 0 0 0 0 0 0 0 0 0]	[1 0 0 0 1 0]	[0 0 0 0 0 0]
2	0.21767988801002502	8.825812339782715	2.466844081878662	2.5348024368286133	1.90155827999115	1.9226073026657104	False	[0 0 0 1 0 0 0 0 0 0 0 0]	[0 0 0 0 0 0 0 0 0 1 0 0]	[0 0 1 0 0 0]	[0 0 0 0 0 1]
2	-1.0	8.9429292678833	2.524076461791992	2.5539467334747314	1.9270740747451782	1.9378327131271362	False	[0 0 0 0 0 0 0 0 0 0 0 0]	[0 0 0 0 0 0 0 0 0 0 0 0]	[0 0 0 0 0 0]	[0 0 0 0 0 0]
2	0.22224415838718414	8.827728271484375	2.4672646522521973	2.5351786613464355	1.901553750038147	1.9237314462661743	False	[0 0 0 1 0 0 0 0 0 0 0 0]	[0 0 0 0 0 0 0 0 0 1 0 0]	[0 0 1 0 0 0]	[0 0 0 0 0 1]
2	-1.0	8.943294525146484	2.5241806507110596	2.5542502403259277	1.9267035722732544	1.9381598234176636	False	[0 0 0 0 0 0 0 0 0 0 0 0]	[0 0 0 0 0 0 0 0 0 0 0 0]	[0 0 0 0 0 0]	[0 0 0 0 0 0]
2	0.2303355187177658	8.827320098876953	2.467273712158203	2.534867525100708	1.9015405178070068	1.9236383438110352	False	[0 0 0 1 0 0 0 0 0 0 0 0]	[0 0 0 0 0 0 0 0 0 1 0 0]	[0 0 1 0 0 0]	[0 0 0 0 0 1]
2	-1.0	8.943222999572754	2.5240631103515625	2.553837299346924	1.9271787405014038	1.9381434917449951	False	[0 0 0 0 0 0 0 0 0 0 0 0]	[0 0 0 0 0 0 0 0 0 0 0 0]	[0 0 0 0 0 0]	[0 0 0 0 0 0]
2	0.23301859200000763	8.829618453979492	2.4677071571350098	2.5356521606445312	1.9023113250732422	1.9239481687545776	False	[0 0 0 1 0 0 0 0 0 0 0 0]	[0 0 0 0 0 0 0 0 0 1 0 0]	[0 0 1 0 0 0]	[0 0 0 0 0 1]
2	-1.0	8.94155502319336	2.5230941772460938	2.553572654724121	1.926984190940857	1.9379040002822876	False	[0 0 0 0 0 0 0 0 0 0 0 0]	[0 0 0 0 0 0 0 0 0 0 0 0]	[0 0 0 0 0 0]	[0 0 0 0 0 0]
2	0.22713162004947662	8.827608108520508	2.467176675796509	2.535090684890747	1.90189790725708	1.92344331741333	False	[0 0 0 1 0 0 0 0 0 0 0 0]	[0 0 0 0 0 0 0 0 0 1 0 0]	[0 0 1 0 0 0]	[0 0 0 0 0 1]
2	-1.0	8.94131851196289	2.522994041442871	2.553861379623413	1.9269945621490479	1.9374687671661377	False	[0 0 0 0 0 0 0 0 0 0 0 0]	[0 0 0 0 0 0 0 0 0 0 0 0]	[0 0 0 0 0 0]	[0 0 0 0 0 0]
2	0.23191551864147186	8.828187942504883	2.4676928520202637	2.5354440212249756	1.901436686515808	1.9236149787902832	False	[0 0 0 1 0 0 0 0 0 0 0 0]	[0 0 0 0 0 0 0 0 0 1 0 0]	[0 0 1 0 0 0]	[0 0 0 0 0 1]
2	-1.0	8.943586349487305	2.5238938331604004	2.5543503761291504	1.9271198511123657	1.938222885131836	False	[0 0 0 0 0 0 0 0 0 0 0 0]	[0 0 0 0 0 0 0 0 0 0 0 0]	[0 0 0 0 0 0]	[0 0 0 0 0 0]
2	0.24111129343509674	8.82689380645752	2.4665122032165527	2.5347206592559814	1.9021806716918945	1.9234801530838013	False	[0 0 0 1 0 0 0 0 0 0 0 0]	[0 0 0 0 0 0 0 0 0 1 0 0]	[0 0 1 0 0 0]	[0 0 0 0 0 1]
2	-1.0	8.941878318786621	2.5232036113739014	2.5537760257720947	1.9268646240234375	1.938033938407898	False	[0 0 0 0 0 0 0 0 0 0 0 0]	[0 0 0 0 0 0 0 0 0 0 0 0]	[0 0 0 0 0 0]	[0 0 0 0 0 0]
2	0.20508511364459991	8.82872486114502	2.4672398567199707	2.535374879837036	1.9020389318466187	1.9240708351135254	False	[0 0 0 1 0 0 0 0 0 0 0 0]	[0 0 0 0 0 0 0 0 0 1 0 0]	[0 0 1 0 0 0]	[0 0 0 0 0 1]
2	-1.0	8.942261695861816	2.523801565170288	2.5537877082824707	1.9270679950714111	1.9376049041748047	False	[0 0 0 0 0 0 0 0 0 0 0 0]	[0 0 0 0 0 0 0 0 0 0 0 0]	[0 0 0 0 0 0]	[0 0 0 0 0 0]
2	0.21747830510139465	8.827850341796875	2.467430591583252	2.534982919692993	1.9019477367401123	1.9234881401062012	False	[0 0 0 1 0 0 0 0 0 0 0 0]	[0 0 0 0 0 0 0 0 0 1 0 0]	[0 0 1 0 0 0]	[0 0 0 0 0 1]
2	-1.0	8.941364288330078	2.5235707759857178	2.553645133972168	1.9269717931747437	1.9371764659881592	False	[0 0 0 0 0 0 0 0 0 0 0 0]	[0 0 0 0 0 0 0 0 0 0 0 0]	[0 0 0 0 0 0]	[0 0 0 0 0 0]
2	0.24415187537670135	8.827924728393555	2.467376947402954	2.5353517532348633	1.9017071723937988	1.9234893321990967	False	[0 0 0 1 0 0 0 0 0 0 0 0]	[0 0 0 0 0 0 0 0 0 1 0 0]	[0 0 1 0 0 0]	[0 0 0 0 0 1]
2	-1.0	8.941106796264648	2.52276349067688	2.5537309646606445	1.9269763231277466	1.9376366138458252	False	[0 0 0 0 0 0 0 0 0 0 0 0]	[0 0 0 0 0 0 0 0 0 0 0 0]	[0 0 0 0 0 0]	[0 0 0 0 0 0]
2	0.2281741499900818	8.825065612792969	2.466062545776367	2.5348358154296875	1.9013487100601196	1.9228185415267944	False	[0 0 0 1 0 0 0 0 0 0 0 0]	[0 0 0 0 0 0 0 0 0 1 0 0]	[0 0 1 0 0 0]	[0 0 0 0 0 1]
2	-1.0	8.942497253417969	2.52351713180542	2.5540168285369873	1.9270092248916626	1.9379544258117676	False	[0 0 0 0 0 0 0 0 0 0 0 0]	[0 0 0 0 0 0 0 0 0 0 0 0]	[0 0 0 0 0 0]	[0 0 0 0 0 0]
2	0.2201235294342041	8.828195571899414	2.4665839672088623	2.5350420475006104	1.9020936489105225	1.9244754314422607	False	[0 0 0 1 0 0 0 0 0 0 0 0]	[0 0 0 0 0 0 0 0 0 1 0 0]	[0 0 1 0 0 0]	[0 0 0 0 0 1]
2	-1.0	8.94221305847168	2.523632049560547	2.5537729263305664	1.9269459247589111	1.9378620386123657	False	[0 0 0 0 0 0 0 0 0 0 0 0]	[0 0 0 0 0 0 0 0 0 0 0 0]	[0 0 0 0 0 0]	[0 0 0 0 0 0]
2	0.03521234169602394	8.827425956726074	2.4668524265289307	2.5348713397979736	1.9021724462509155	1.923529863357544	False	[0 0 0 1 0 0 0 0 0 0 0 0]	[0 0 0 0 0 0 0 0 0 1 0 0]	[0 0 1 0 0 0]	[0 0 0 0 1 0]
2	-0.5	8.924232482910156	2.5139105319976807	2.5511629581451416	1.9232409000396729	1.9359173774719238	False	[0 0 0 0 0 0 0 0 0 0 0 0]	[0 0 0 0 0 0 0 0 0 0 0 0]	[0 0 0 0 0 0]	[0 0 0 0 1 1]
2	0.019332055002450943	8.89610481262207	2.5006611347198486	2.5462424755096436	1.9174139499664307	1.9317874908447266	False	[0 0 0 1 0 0 0 0 0 0 0 0]	[0 0 0 0 0 0 0 0 0 1 0 0]	[0 0 1 0 0 0]	[0 0 0 0 1 0]
2	-0.5	8.924079895019531	2.5140116214752197	2.551293134689331	1.9229745864868164	1.9358010292053223	False	[0 0 0 0 0 0 0 0 0 0 0 0]	[0 0 0 0 0 0 0 0 0 0 0 0]	[0 0 0 0 0 0]	[0 0 0 0 1 1]
2	0.025902289897203445	8.89937973022461	2.501430034637451	2.547252655029297	1.9179136753082275	1.932783603668213	False	[0 0 0 1 0 0 0 0 0 0 0 0]	[0 0 0 0 0 0 0 0 0 1 0 0]	[0 0 1 0 0 0]	[0 0 0 0 1 0]
2	-0.5	8.925843238830566	2.514500856399536	2.5515923500061035	1.923294186592102	1.9364553689956665	False	[0 0 0 0 0 0 0 0 0 0 0 0]	[0 0 0 0 0 0 0 0 0 0 0 0]	[0 0 0 0 0 0]	[0 0 0 0 1 1]
3	0.34812411665916443	8.702224731445312	2.5123350620269775	2.4966044425964355	1.8411643505096436	1.8521208763122559	False	[0 0 0 0 0 0 0 0 1 0 0 0]	[0 0 0 0 0 0 0 0 0 1 0 0]	[0 0 1 0 0 0]	[0 1 0 0 0 0]
3	0.41666361689567566	8.89332389831543	2.5392403602600098	2.537402868270874	1.9053839445114136	1.9112963676452637	False	[0 0 0 0 0 0 0 0 1 0 0 1]	[0 0 0 0 0 0 0 0 0 1 0 1]	[0 1 1 0 0 0]	[0 0 0 0 0 0]
3	0.32664692401885986	8.89599323272705	2.5400805473327637	2.5379350185394287	1.9061641693115234	1.9118140935897827	False	[0 0 0 0 0 0 0 0 1 0 0 0]	[0 0 0 0 0 0 0 0 0 1 0 0]	[0 0 1 0 0 0]	[0 1 0 0 0 0]
3	0.41857457160949707	8.892427444458008	2.53894305229187	2.5373544692993164	1.9049837589263916	1.9111462831497192	False	[0 0 0 0 0 0 0 0 1 0 0 1]	[0 0 0 0 0 0 0 0 0 1 0 1]	[0 1 1 0 0 0]	[0 0 0 0 0 0]
3	0.30486372113227844	8.895204544067383	2.5396409034729004	2.537984848022461	1.9061315059661865	1.911447286605835	False	[0 0 0 0 0 0 0 0 1 0 0 0]	[0 0 0 0 0 0 0 0 0 1 0 0]	[0 0 1 0 0 0]	[0 1 0 0 0 0]
3	0.44284990429878235	8.894132614135742	2.5393385887145996	2.537496566772461	1.905727744102478	1.9115699529647827	False	[0 0 0 0 0 0 0 0 1 0 0 1]	[0 0 0 0 0 0 0 0 0 1 0 1]	[0 1 1 0 0 0]	[0 0 0 0 0 0]
3	0.35284826159477234	8.895637512207031	2.5399622917175293	2.5380327701568604	1.9061630964279175	1.9114792346954346	False	[0 0 0 0 0 0 0 0 1 0 0 0]	[0 0 0 0 0 0 0 0 0 1 0 0]	[0 0 1 0 0 0]	[0 1 0 0 0 0]
3	0.42380160093307495	8.89340591430664	2.5391438007354736	2.5371997356414795	1.9052879810333252	1.9117743968963623	False	[0 0 0 0 0 0 0 0 1 0 0 1]	[0 0 0 0 0 0 0 0 0 1 0 1]	[0 1 1 0 0 0]	[0 0 0 0 0 0]
3	0.3463200330734253	8.895066261291504	2.539832353591919	2.53790020942688	1.9064666032791138	1.9108669757843018	False	[0 0 0 0 0 0 0 0 1 0 0 0]	[0 0 0 0 0 0 0 0 0 1 0 0]	[0 0 1 0 0 0]	[0 1 0 0 0 0]
3	0.41861316561698914	8.894453048706055	2.539680242538452	2.537736177444458	1.9061214923858643	1.9109151363372803	False	[0 0 0 0 0 0 0 0 1 0 0 1]	[0 0 0 0 0 0 0 0 0 1 0 1]	[0 1 1 0 0 0]	[0 0 0 0 0 0]
3	0.33201268315315247	8.895188331604004	2.5400331020355225	2.5376760959625244	1.9059982299804688	1.9114810228347778	False	[0 0 0 0 0 0 0 0 1 0 0 0]	[0 0 0 0 0 0 0 0 0 1 0 0]	[0 0 1 0 0 0]	[0 1 0 0 0 0]
3	0.41821059584617615	8.893957138061523	2.5395348072052	2.5376338958740234	1.9054090976715088	1.911379337310791	False	[0 0 0 0 0 0 0 0 1 0 0 1]	[0 0 0 0 0 0 0 0 0 1 0 1]	[0 1 1 0 0 0]	[0 0 0 0 0 0]
3	0.32147979736328125	8.894660949707031	2.5398197174072266	2.538102626800537	1.9062765836715698	1.9104622602462769	False	[0 0 0 0 0 0 0 0 1 0 0 0]	[0 0 0 0 0 0 0 0 0 1 0 0]	[0 0 1 0 0 0]	[0 1 0 0 0 0]
3	0.4102659523487091	8.892487525939941	2.538832187652588	2.537170886993408	1.9047143459320068	1.9117701053619385	False	[0 0 0 0 0 0 0 0 1 0 0 1]	[0 0 0 0 0 0 0 0 0 1 0 1]	[0 1 1 0 0 0]	[0 0 0 0 0 0]
3	0.3292974829673767	8.894023895263672	2.5397582054138184	2.5380303859710693	1.90594482421875	1.9102907180786133	False	[0 0 0 0 0 0 0 0 1 0 0 0]	[0 0 0 0 0 0 0 0 0 1 0 0]	[0 0 1 0 0 0]	[0 1 0 0 0 0]
3	0.4256354868412018	8.89333724975586	2.5394656658172607	2.537344455718994	1.9056576490402222	1.9108691215515137	False	[0 0 0 0 0 0 0 0 1 0 0 1]	[0 0 0 0 0 0 0 0 0 1 0 1]	[0 1 1 0 0 0]	[0 0 0 0 0 0]
3	0.33195850253105164	8.895939826965332	2.5401723384857178	2.5382308959960938	1.9062579870224	1.9112783670425415	False	[0 0 0 0 0 0 0 0 1 0 0 0]	[0 0 0 0 0 0 0 0 0 1 0 0]	[0 0 1 0 0 0]	[0 1 0 0 0 0]
3	0.4205690920352936	8.8941068649292	2.5394582748413086	2.5370078086853027	1.9058148860931396	1.911826491355896	False	[0 0 0 0 0 0 0 0 1 0 0 1]	[0 0 0 0 0 0 0 0 0 1 0 1]	[0 1 1 0 0 0]	[0 0 0 0 0 0]
3	0.3232126533985138	8.895646095275879	2.5399346351623535	2.538148880004883	1.9060863256454468	1.911476492881775	False	[0 0 0 0 0 0 0 0 1 0 0 0]	[0 0 0 0 0 0 0 0 0 1 0 0]	[0 0 1 0 0 0]	[0 1 0 0 0 0]
3	0.4155876338481903	8.893208503723145	2.5390865802764893	2.537116527557373	1.9054272174835205	1.9115782976150513	False	[0 0 0 0 0 0 0 0 1 0 0 1]	[0 0 0 0 0 0 0 0 0 1 0 1]	[0 1 1 0 0 0]	[0 0 0 0 0 0]
3	0.3514210283756256	8.893268585205078	2.539273738861084	2.537632703781128	1.9053572416305542	1.9110045433044434	False	[0 0 0 0 0 0 0 0 1 0 0 0]	[0 0 0 0 0 0 0 0 0 1 0 0]	[0 0 1 0 0 0]	[0 1 0 0 0 0]
3	0.40980085730552673	8.892791748046875	2.539100170135498	2.537283420562744	1.9048302173614502	1.9115780591964722	False	[0 0 0 0 0 0 0 0 1 0 0 1]	[0 0 0 0 0 0 0 0 0 1 0 1]	[0 1 1 0 0 0]	[0 0 0 0 0 0]
3	0.3486920893192291	8.895676612854004	2.539792060852051	2.537879228591919	1.9062633514404297	1.9117425680160522	False	[0 0 0 0 0 0 0 0 1 0 0 0]	[0 0 0 0 0 0 0 0 0 1 0 0]	[0 0 1 0 0 0]	[0 1 0 0 0 0]
3	0.43206027150154114	8.89242935180664	2.5392067432403564	2.5370965003967285	1.9050657749176025	1.9110605716705322	False	[0 0 0 0 0 0 0 0 1 0 0 1]	[0 0 0 0 0 0 0 0 0 1 0 1]	[0 1 1 0 0 0]	[0 0 0 0 0 0]
3	0.3025219738483429	8.893486976623535	2.5394606590270996	2.5378406047821045	1.9054315090179443	1.9107542037963867	False	[0 0 0 0 0 0 0 0 1 0 0 0]	[0 0 0 0 0 0 0 0 0 1 0 0]	[0 0 1 0 0 0]	[0 1 0 0 0 0]
3	0.41643404960632324	8.892782211303711	2.5391757488250732	2.5369913578033447	1.9050769805908203	1.911537766456604	False	[0 0 0 0 0 0 0 0 1 0 0 1]	[0 0 0 0 0 0 0 0 0 1 0 1]	[0 1 1 0 0 0]	[0 0 0 0 0 0]
3	0.3088702857494354	8.893892288208008	2.540051221847534	2.5379555225372314	1.9058692455291748	1.9100160598754883	False	[0 0 0 0 0 0 0 0 1 0 0 0]	[0 0 0 0 0 0 0 0 0 1 0 0]	[0 0 1 0 0 0]	[0 1 0 0 0 0]
3	0.3927652835845947	8.894547462463379	2.539560317993164	2.537978172302246	1.9058558940887451	1.9111524820327759	False	[0 0 0 0 0 0 0 0 1 0 0 1]	[0 0 0 0 0 0 0 0 0 1 0 1]	[0 1 1 0 0 0]	[0 0 0 0 0 0]
3	0.32532525062561035	8.895662307739258	2.540158271789551	2.538282871246338	1.9066100120544434	1.910611629486084	False	[0 0 0 0 0 0 0 0 1 0 0 0]	[0 0 0 0 0 0 0 0 0 1 0 0]	[0 0 1 0 0 0]	[0 1 0 0 0 0]
3	0.4132985472679138	8.892436027526855	2.5390427112579346	2.5366809368133545	1.9050521850585938	1.9116604328155518	False	[0 0 0 0 0 0 0 0 1 0 0 1]	[0 0 0 0 0 0 0 0 0 1 0 1]	[0 1 1 0 0 0]	[0 0 0 0 0 0]
4	0.21724797785282135	8.709410667419434	2.4809014797210693	2.487595558166504	1.8670682907104492	1.873844861984253	False	[0 0 0 1 0 0 0 0 0 0 0 0]	[0 0 0 0 0 0 1 0 0 0 0 0]	[0 0 1 0 0 0]	[0 0 0 0 1 0]
4	-1.0	8.84156322479248	2.518026828765869	2.533219575881958	1.8920507431030273	1.8982654809951782	False	[0 0 0 0 0 0 0 0 0 0 0 0]	[0 0 0 0 0 0 0 0 0 0 0 0]	[0 0 0 0 0 0]	[0 0 0 0 0 0]
4	0.22382856905460358	8.710884094238281	2.4815759658813477	2.488075017929077	1.8673068284988403	1.8739266395568848	False	[0 0 0 1 0 0 0 0 0 0 0 0]	[0 0 0 0 0 0 1 0 0 0 0 0]	[0 0 1 0 0 0]	[0 0 0 0 1 0]
4	-1.0	8.8414945602417	2.5177223682403564	2.5331013202667236	1.8920519351959229	1.8986183404922485	False	[0 0 0 0 0 0 0 0 0 0 0 0]	[0 0 0 0 0 0 0 0 0 0 0 0]	[0 0 0 0 0 0]	[0 0 0 0 0 0]
4	0.20500750839710236	8.709808349609375	2.481003522872925	2.487351894378662	1.8673548698425293	1.8740978240966797	False	[0 0 0 1 0 0 0 0 0 0 0 0]	[0 0 0 0 0 0 1 0 0 0 0 0]	[0 0 1 0 0 0]	[0 0 0 0 1 0]
4	-1.0	8.839621543884277	2.516162395477295	2.5324952602386475	1.892042875289917	1.898921251296997	False	[0 0 0 0 0 0 0 0 0 0 0 0]	[0 0 0 0 0 0 0 0 0 0 0 0]	[0 0 0 0 0 0]	[0 0 0 0 0 0]
4	0.2126537263393402	8.707024574279785	2.4798150062561035	2.487222909927368	1.866484522819519	1.8735021352767944	False	[0 0 0 1 0 0 0 0 0 0 0 0]	[0 0 0 0 0 0 1 0 0 0 0 0]	[0 0 1 0 0 0]	[0 0 0 0 1 0]
4	-1.0	8.84035873413086	2.5171914100646973	2.532940149307251	1.8916926383972168	1.8985342979431152	False	[0 0 0 0 0 0 0 0 0 0 0 0]	[0 0 0 0 0 0 0 0 0 0 0 0]	[0 0 0 0 0 0]	[0 0 0 0 0 0]
4	0.19966094195842743	8.706594467163086	2.479715585708618	2.4864134788513184	1.867223858833313	1.873241901397705	False	[0 0 0 1 0 0 0 0 0 0 0 0]	[0 0 0 0 0 0 1 0 0 0 0 0]	[0 0 1 0 0 0]	[0 0 0 0 1 0]
4	-1.0	8.8375825881958	2.5162911415100098	2.532287836074829	1.8910491466522217	1.897953987121582	False	[0 0 0 0 0 0 0 0 0 0 0 0]	[0 0 0 0 0 0 0 0 0 0 0 0]	[0 0 0 0 0 0]	[0 0 0 0 0 0]
4	0.20445288717746735	8.70813274383545	2.479262113571167	2.4875783920288086	1.8668410778045654	1.8744508028030396	False	[0 0 0 1 0 0 0 0 0 0 0 0]	[0 0 0 0 0 0 1 0 0 0 0 0]	[0 0 1 0 0 0]	[0 0 0 0 1 0]
4	-1.0	8.838899612426758	2.5164477825164795	2.532430410385132	1.8913443088531494	1.8986765146255493	False	[0 0 0 0 0 0 0 0 0 0 0 0]	[0 0 0 0 0 0 0 0 0 0 0 0]	[0 0 0 0 0 0]	[0 0 0 0 0 0]
4	0.21365894377231598	8.70798110961914	2.4798853397369385	2.487349510192871	1.8671681880950928	1.873578429222107	False	[0 0 0 1 0 0 0 0 0 0 0 0]	[0 0 0 0 0 0 1 0 0 0 0 0]	[0 0 1 0 0 0]	[0 0 0 0 1 0]
4	-1.0	8.839547157287598	2.516838550567627	2.532405138015747	1.891624927520752	1.8986785411834717	False	[0 0 0 0 0 0 0 0 0 0 0 0]	[0 0 0 0 0 0 0 0 0 0 0 0]	[0 0 0 0 0 0]	[0 0 0 0 0 0]
4	0.21238642930984497	8.710650444030762	2.4805006980895996	2.4884161949157715	1.8676120042800903	1.8741214275360107	False	[0 0 0 1 0 0 0 0 0 0 0 0]	[0 0 0 0 0 0 1 0 0 0 0 0]	[0 0 1 0 0 0]	[0 0 0 0 1 0]
4	-1.0	8.840567588806152	2.5174155235290527	2.5329933166503906	1.8914237022399902	1.8987352848052979	False	[0 0 0 0 0 0 0 0 0 0 0 0]	[0 0 0 0 0 0 0 0 0 0 0 0]	[0 0 0 0 0 0]	[0 0 0 0 0 0]
4	0.2033625841140747	8.708076477050781	2.479732036590576	2.4871866703033447	1.8672912120819092	1.8738657236099243	False	[0 0 0 1 0 0 0 0 0 0 0 0]	[0 0 0 0 0 0 1 0 0 0 0 0]	[0 0 1 0 0 0]	[0 0 0 0 1 0]
4	-1.0	8.839812278747559	2.516854763031006	2.5328664779663086	1.8917365074157715	1.8983545303344727	False	[0 0 0 0 0 0 0 0 0 0 0 0]	[0 0 0 0 0 0 0 0 0 0 0 0]	[0 0 0 0 0 0]	[0 0 0 0 0 0]
4	0.21173280477523804	8.709151268005371	2.4808599948883057	2.4875195026397705	1.8670073747634888	1.873764157295227	False	[0 0 0 1 0 0 0 0 0 0 0 0]	[0 0 0 0 0 0 1 0 0 0 0 0]	[0 0 1 0 0 0]	[0 0 0 0 1 0]
4	-1.0	8.840070724487305	2.5169425010681152	2.532724618911743	1.8918073177337646	1.898595929145813	False	[0 0 0 0 0 0 0 0 0 0 0 0]	[0 0 0 0 0 0 0 0 0 0 0 0]	[0 0 0 0 0 0]	[0 0 0 0 0 0]
4	0.21853534877300262	8.706755638122559	2.4798054695129395	2.486037254333496	1.8670358657836914	1.8738770484924316	False	[0 0 0 1 0 0 0 0 0 0 0 0]	[0 0 0 0 0 0 1 0 0 0 0 0]	[0 0 1 0 0 0]	[0 0 0 0 1 0]
4	-1.0	8.838372230529785	2.516476631164551	2.5323069095611572	1.8912912607192993	1.898297905921936	False	[0 0 0 0 0 0 0 0 0 0 0 0]	[0 0 0 0 0 0 0 0 0 0 0 0]	[0 0 0 0 0 0]	[0 0 0 0 0 0]
4	0.22669628262519836	8.709930419921875	2.480494976043701	2.488420009613037	1.8668420314788818	1.8741731643676758	False	[0 0 0 1 0 0 0 0 0 0 0 0]	[0 0 0 0 0 0 1 0 0 0 0 0]	[0 0 1 0 0 0]	[0 0 0 0 1 0]
4	-1.0	8.840686798095703	2.5169837474823	2.533156394958496	1.8919765949249268	1.898569941520691	False	[0 0 0 0 0 0 0 0 0 0 0 0]	[0 0 0 0 0 0 0 0 0 0 0 0]	[0 0 0 0 0 0]	[0 0 0 0 0 0]
4	0.20469577610492706	8.711395263671875	2.4817233085632324	2.488136053085327	1.867300271987915	1.8742361068725586	False	[0 0 0 1 0 0 0 0 0 0 0 0]	[0 0 0 0 0 0 1 0 0 0 0 0]	[0 0 1 0 0 0]	[0 0 0 0 1 0]
4	-1.0	8.838088989257812	2.516540288925171	2.5322537422180176	1.8910118341445923	1.8982833623886108	False	[0 0 0 0 0 0 0 0 0 0 0 0]	[0 0 0 0 0 0 0 0 0 0 0 0]	[0 0 0 0 0 0]	[0 0 0 0 0 0]
4	0.21794778108596802	8.709915161132812	2.4808530807495117	2.4872188568115234	1.8674578666687012	1.8743855953216553	False	[0 0 0 1 0 0 0 0 0 0 0 0]	[0 0 0 0 0 0 1 0 0 0 0 0]	[0 0 1 0 0 0]	[0 0 0 0 1 0]
4	-1.0	8.84022045135498	2.517334461212158	2.5323925018310547	1.8921635150909424	1.8983299732208252	False	[0 0 0 0 0 0 0 0 0 0 0 0]	[0 0 0 0 0 0 0 0 0 0 0 0]	[0 0 0 0 0 0]	[0 0 0 0 0 0]
4	0.21131429076194763	8.709510803222656	2.4798173904418945	2.487759590148926	1.8676154613494873	1.87431800365448	False	[0 0 0 1 0 0 0 0 0 0 0 0]	[0 0 0 0 0 0 1 0 0 0 0 0]	[0 0 1 0 0 0]	[0 0 0 0 1 0]
4	-1.0	8.839214324951172	2.517106533050537	2.5325114727020264	1.8915390968322754	1.898057222366333	False	[0 0 0 0 0 0 0 0 0 0 0 0]	[0 0 0 0 0 0 0 0 0 0 0 0]	[0 0 0 0 0 0]	[0 0 0 0 0 0]
5	0.41353169083595276	8.818869590759277	2.5150485038757324	2.507538318634033	1.8810795545578003	1.9152029752731323	False	[0 0 0 0 0 0 0 1 0 0 0 0]	[0 0 0 0 0 0 1 0 0 0 0 0]	[0 0 0 1 0 0]	[0 0 0 0 1 0]
5	0.4143438935279846	8.905789375305176	2.538630962371826	2.541673183441162	1.9076720476150513	1.9178131818771362	False	[1 0 0 0 0 0 0 1 0 0 0 0]	[0 0 0 0 0 0 1 0 1 0 0 0]	[0 0 0 1 0 1]	[0 0 0 0 0 0]
5	0.4413469433784485	8.908584594726562	2.5393404960632324	2.542264461517334	1.9084501266479492	1.9185295104980469	False	[0 0 0 0 0 0 0 1 0 0 0 0]	[0 0 0 0 0 0 1 0 0 0 0 0]	[0 0 0 1 0 0]	[0 0 0 0 1 0]
5	0.4042721390724182	8.905645370483398	2.5385801792144775	2.5418970584869385	1.9078562259674072	1.917311191558838	False	[1 0 0 0 0 0 0 1 0 0 0 0]	[0 0 0 0 0 0 1 0 1 0 0 0]	[0 0 0 1 0 1]	[0 0 0 0 0 0]
5	0.4209796190261841	8.909428596496582	2.5396180152893066	2.5424346923828125	1.9088987112045288	1.9184772968292236	False	[0 0 0 0 0 0 0 1 0 0 0 0]	[0 0 0 0 0 0 1 0 0 0 0 0]	[0 0 0 1 0 0]	[0 0 0 0 1 0]
5	0.4018363952636719	8.904007911682129	2.5380139350891113	2.541592597961426	1.9073928594589233	1.9170082807540894	False	[1 0 0 0 0 0 0 1 0 0 0 0]	[0 0 0 0 0 0 1 0 1 0 0 0]	[0 0 0 1 0 1]	[0 0 0 0 0 0]
5	0.43383628129959106	8.908113479614258	2.5395753383636475	2.5422351360321045	1.9083181619644165	1.9179853200912476	False	[0 0 0 0 0 0 0 1 0 0 0 0]	[0 0 0 0 0 0 1 0 0 0 0 0]	[0 0 0 1 0 0]	[0 0 0 0 1 0]
5	0.40539804100990295	8.906719207763672	2.5390634536743164	2.542130947113037	1.9077811241149902	1.9177435636520386	False	[1 0 0 0 0 0 0 1 0 0 0 0]	[0 0 0 0 0 0 1 0 1 0 0 0]	[0 0 0 1 0 1]	[0 0 0 0 0 0]
5	0.4266379177570343	8.908055305480957	2.53940486907959	2.5421648025512695	1.9078495502471924	1.918636441230774	False	[0 0 0 0 0 0 0 1 0 0 0 0]	[0 0 0 0 0 0 1 0 0 0 0 0]	[0 0 0 1 0 0]	[0 0 0 0 1 0]
5	0.38830626010894775	8.905176162719727	2.5385923385620117	2.541797161102295	1.9074872732162476	1.9172989130020142	False	[1 0 0 0 0 0 0 1 0 0 0 0]	[0 0 0 0 0 0 1 0 1 0 0 0]	[0 0 0 1 0 1]	[0 0 0 0 0 0]
5	0.4441375732421875	8.910104751586914	2.5398507118225098	2.5424745082855225	1.9085946083068848	1.919184923171997	False	[0 0 0 0 0 0 0 1 0 0 0 0]	[0 0 0 0 0 0 1 0 0 0 0 0]	[0 0 0 1 0 0]	[0 0 0 0 1 0]
5	0.3984593152999878	8.907134056091309	2.5391178131103516	2.5419435501098633	1.9077942371368408	1.9182790517807007	False	[1 0 0 0 0 0 0 1 0 0 0 0]	[0 0 0 0 0 0 1 0 1 0 0 0]	[0 0 0 1 0 1]	[0 0 0 0 0 0]
5	0.4418935477733612	8.910605430603027	2.5400922298431396	2.542609930038452	1.9085283279418945	1.919374704360962	False	[0 0 0 0 0 0 0 1 0 0 0 0]	[0 0 0 0 0 0 1 0 0 0 0 0]	[0 0 0 1 0 0]	[0 0 0 0 1 0]
5	0.4108611047267914	8.903411865234375	2.5380160808563232	2.541581869125366	1.9071393013000488	1.916674256324768	False	[1 0 0 0 0 0 0 1 0 0 0 0]	[0 0 0 0 0 0 1 0 1 0 0 0]	[0 0 0 1 0 1]	[0 0 0 0 0 0]
5	0.43613243103027344	8.910263061523438	2.539994716644287	2.542417526245117	1.9087669849395752	1.9190839529037476	False	[0 0 0 0 0 0 0 1 0 0 0 0]	[0 0 0 0 0 0 1 0 0 0 0 0]	[0 0 0 1 0 0]	[0 0 0 0 1 0]
5	0.42875704169273376	8.906518936157227	2.5389010906219482	2.5420103073120117	1.908033013343811	1.9175740480422974	False	[1 0 0 0 0 0 0 1 0 0 0 0]	[0 0 0 0 0 0 1 0 1 0 0 0]	[0 0 0 1 0 1]	[0 0 0 0 0 0]
5	0.4383971691131592	8.9093656539917	2.539865016937256	2.5423707962036133	1.9084649085998535	1.9186650514602661	False	[0 0 0 0 0 0 0 1 0 0 0 0]	[0 0 0 0 0 0 1 0 0 0 0 0]	[0 0 0 1 0 0]	[0 0 0 0 1 0]
5	0.3921661376953125	8.904541015625	2.5384106636047363	2.5415637493133545	1.9076048135757446	1.9169617891311646	False	[1 0 0 0 0 0 0 1 0 0 0 0]	[0 0 0 0 0 0 1 0 1 0 0 0]	[0 0 0 1 0 1]	[0 0 0 0 0 0]
5	0.44214552640914917	8.910828590393066	2.540226459503174	2.5425169467926025	1.90854811668396	1.9195363521575928	False	[0 0 0 0 0 0 0 1 0 0 0 0]	[0 0 0 0 0 0 1 0 0 0 0 0]	[0 0 0 1 0 0]	[0 0 0 0 1 0]
5	0.39666932821273804	8.904634475708008	2.538405656814575	2.541508674621582	1.907371997833252	1.9173487424850464	False	[1 0 0 0 0 0 0 1 0 0 0 0]	[0 0 0 0 0 0 1 0 1 0 0 0]	[0 0 0 1 0 1]	[0 0 0 0 0 0]
5	0.4343237280845642	8.911235809326172	2.5403566360473633	2.5427193641662598	1.9090625047683716	1.9190970659255981	False	[0 0 0 0 0 0 0 1 0 0 0 0]	[0 0 0 0 0 0 1 0 0 0 0 0]	[0 0 0 1 0 0]	[0 0 0 0 1 0]
5	0.38695579767227173	8.903252601623535	2.5379483699798584	2.541313409805298	1.906858205795288	1.9171326160430908	False	[1 0 0 0 0 0 0 1 0 0 0 0]	[0 0 0 0 0 0 1 0 1 0 0 0]	[0 0 0 1 0 1]	[0 0 0 0 0 0]
5	0.43149229884147644	8.909727096557617	2.540024757385254	2.542354106903076	1.9083542823791504	1.918993592262268	False	[0 0 0 0 0 0 0 1 0 0 0 0]	[0 0 0 0 0 0 1 0 0 0 0 0]	[0 0 0 1 0 0]	[0 0 0 0 1 0]
5	0.3912559449672699	8.905920028686523	2.538543939590454	2.5416972637176514	1.9079968929290771	1.9176818132400513	False	[1 0 0 0 0 0 0 1 0 0 0 0]	[0 0 0 0 0 0 1 0 1 0 0 0]	[0 0 0 1 0 1]	[0 0 0 0 0 0]
5	0.4337063431739807	8.909234046936035	2.5397415161132812	2.542557716369629	1.9084285497665405	1.9185059070587158	False	[0 0 0 0 0 0 0 1 0 0 0 0]	[0 0 0 0 0 0 1 0 0 0 0 0]	[0 0 0 1 0 0]	[0 0 0 0 1 0]
5	0.4038209021091461	8.903471946716309	2.5379867553710938	2.541668176651001	1.9071204662322998	1.916696310043335	False	[1 0 0 0 0 0 0 1 0 0 0 0]	[0 0 0 0 0 0 1 0 1 0 0 0]	[0 0 0 1 0 1]	[0 0 0 0 0 0]
5	0.46121492981910706	8.90992546081543	2.5400478839874268	2.542567491531372	1.9082891941070557	1.919020652770996	False	[0 0 0 0 0 0 0 1 0 0 0 0]	[0 0 0 0 0 0 1 0 0 0 0 0]	[0 0 0 1 0 0]	[0 0 0 0 1 0]
5	0.4023904800415039	8.906490325927734	2.538607358932495	2.5419774055480957	1.9079428911209106	1.9179635047912598	False	[1 0 0 0 0 0 0 1 0 0 0 0]	[0 0 0 0 0 0 1 0 1 0 0 0]	[0 0 0 1 0 1]	[0 0 0 0 0 0]
5	0.4420313537120819	8.911561965942383	2.540452480316162	2.5428049564361572	1.9090790748596191	1.9192252159118652	False	[0 0 0 0 0 0 0 1 0 0 0 0]	[0 0 0 0 0 0 1 0 0 0 0 0]	[0 0 0 1 0 0]	[0 0 0 0 1 0]
5	0.4245038330554962	8.905147552490234	2.5384044647216797	2.5416579246520996	1.9073727130889893	1.9177119731903076	False	[1 0 0 0 0 0 0 1 0 0 0 0]	[0 0 0 0 0 0 1 0 1 0 0 0]	[0 0 0 1 0 1]	[0 0 0 0 0 0]
6	0.05892479792237282	8.768230438232422	2.5094211101531982	2.499833345413208	1.8861989974975586	1.8727766275405884	False	[0 0 0 0 0 0 0 0 0 1 0 0]	[0 0 0 0 0 0 1 0 0 0 0 0]	[0 0 0 0 0 1]	[1 0 0 0 0 0]
6	-0.5	8.876150131225586	2.541489601135254	2.5325024127960205	1.9080766439437866	1.8940813541412354	False	[0 0 0 0 0 0 0 0 0 1 0 1]	[0 0 0 0 0 0 0 0 0 0 0 0]	[0 0 0 0 0 0]	[0 0 0 0 0 0]
6	0.04621214047074318	8.85012435913086	2.5337700843811035	2.523846387863159	1.9042096138000488	1.8882988691329956	False	[0 0 0 0 0 0 0 0 0 1 0 0]	[0 0 0 0 0 0 1 0 0 0 0 0]	[0 0 0 0 0 1]	[1 0 0 0 0 0]
6	-0.5	8.877341270446777	2.5416224002838135	2.533154010772705	1.9083247184753418	1.894239902496338	False	[0 0 0 0 0 0 0 0 0 1 0 1]	[0 0 0 0 0 0 0 0 0 0 0 0]	[0 0 0 0 0 0]	[0 0 0 0 0 0]
6	0.04624038189649582	8.850897789001465	2.534381866455078	2.52401065826416	1.9043304920196533	1.8881750106811523	False	[0 0 0 0 0 0 0 0 0 1 0 0]	[0 0 0 0 0 0 1 0 0 0 0 0]	[0 0 0 0 0 1]	[1 0 0 0 0 0]
6	-0.5	8.8760347366333	2.541393995285034	2.532628297805786	1.9078245162963867	1.8941879272460938	False	[0 0 0 0 0 0 0 0 0 1 0 1]	[0 0 0 0 0 0 0 0 0 0 0 0]	[0 0 0 0 0 0]	[0 0 0 0 0 0]
6	0.05384095013141632	8.85013198852539	2.534154176712036	2.5246922969818115	1.9025800228118896	1.888704776763916	False	[0 0 0 0 0 0 0 0 0 1 0 0]	[0 0 0 0 0 0 1 0 0 0 0 0]	[0 0 0 0 0 1]	[1 0 0 0 0 0]
6	-0.5	8.87740421295166	2.5417487621307373	2.5323898792266846	1.908989667892456	1.8942759037017822	False	[0 0 0 0 0 0 0 0 0 1 0 1]	[0 0 0 0 0 0 0 0 0 0 0 0]	[0 0 0 0 0 0]	[0 0 0 0 0 0]
6	0.049813613295555115	8.851608276367188	2.5341763496398926	2.523991107940674	1.9045346975326538	1.8889057636260986	False	[0 0 0 0 0 0 0 0 0 1 0 0]	[0 0 0 0 0 0 1 0 0 0 0 0]	[0 0 0 0 0 1]	[1 0 0 0 0 0]
6	-0.5	8.87692642211914	2.5417184829711914	2.533290147781372	1.9077972173690796	1.894120693206787	False	[0 0 0 0 0 0 0 0 0 1 0 1]	[0 0 0 0 0 0 0 0 0 0 0 0]	[0 0 0 0 0 0]	[0 0 0 0 0 0]
6	0.044418178498744965	8.851717948913574	2.534477949142456	2.524447202682495	1.904232382774353	1.8885599374771118	False	[0 0 0 0 0 0 0 0 0 1 0 0]	[0 0 0 0 0 0 1 0 0 0 0 0]	[0 0 0 0 0 1]	[1 0 0 0 0 0]
6	-0.5	8.876283645629883	2.5415704250335693	2.5333802700042725	1.906902551651001	1.8944305181503296	False	[0 0 0 0 0 0 0 0 0 1 0 1]	[0 0 0 0 0 0 0 0 0 0 0 0]	[0 0 0 0 0 0]	[0 0 0 0 0 0]
6	0.049202144145965576	8.85094165802002	2.534217357635498	2.5246641635894775	1.9034783840179443	1.8885815143585205	False	[0 0 0 0 0 0 0 0 0 1 0 0]	[0 0 0 0 0 0 1 0 0 0 0 0]	[0 0 0 0 0 1]	[1 0 0 0 0 0]
6	-0.5	8.876680374145508	2.5411949157714844	2.5324771404266357	1.90877103805542	1.89423668384552	False	[0 0 0 0 0 0 0 0 0 1 0 1]	[0 0 0 0 0 0 0 0 0 0 0 0]	[0 0 0 0 0 0]	[0 0 0 0 0 0]
6	0.05226857215166092	8.851765632629395	2.5342330932617188	2.524216890335083	1.9044644832611084	1.8888511657714844	False	[0 0 0 0 0 0 0 0 0 1 0 0]	[0 0 0 0 0 0 1 0 0 0 0 0]	[0 0 0 0 0 1]	[1 0 0 0 0 0]
6	-0.5	8.876574516296387	2.541461706161499	2.532162666320801	1.9088869094848633	1.8940627574920654	False	[0 0 0 0 0 0 0 0 0 1 0 1]	[0 0 0 0 0 0 0 0 0 0 0 0]	[0 0 0 0 0 0]	[0 0 0 0 0 0]
6	0.054848041385412216	8.851093292236328	2.5340185165405273	2.524221420288086	1.9042410850524902	1.8886122703552246	False	[0 0 0 0 0 0 0 0 0 1 0 0]	[0 0 0 0 0 0 1 0 0 0 0 0]	[0 0 0 0 0 1]	[1 0 0 0 0 0]
6	-0.5	8.875118255615234	2.5410213470458984	2.532320499420166	1.9078353643417358	1.893941044807434	False	[0 0 0 0 0 0 0 0 0 1 0 1]	[0 0 0 0 0 0 0 0 0 0 0 0]	[0 0 0 0 0 0]	[0 0 0 0 0 0]
6	0.05665050446987152	8.852397918701172	2.5345311164855957	2.524729013442993	1.903912901878357	1.8892250061035156	False	[0 0 0 0 0 0 0 0 0 1 0 0]	[0 0 0 0 0 0 1 0 0 0 0 0]	[0 0 0 0 0 1]	[1 0 0 0 0 0]
6	-0.5	8.875898361206055	2.541329860687256	2.532409906387329	1.9083343744277954	1.8938239812850952	False	[0 0 0 0 0 0 0 0 0 1 0 1]	[0 0 0 0 0 0 0 0 0 0 0 0]	[0 0 0 0 0 0]	[0 0 0 0 0 0]
6	0.05208752304315567	8.849542617797852	2.5340518951416016	2.525545835494995	1.9014794826507568	1.8884645700454712	False	[0 0 0 0 0 0 0 0 0 1 0 0]	[0 0 0 0 0 0 1 0 0 0 0 0]	[0 0 0 0 0 1]	[1 0 0 0 0 0]
6	-0.5	8.875795364379883	2.5413742065429688	2.532224178314209	1.9084382057189941	1.8937588930130005	False	[0 0 0 0 0 0 0 0 0 1 0 1]	[0 0 0 0 0 0 0 0 0 0 0 0]	[0 0 0 0 0 0]	[0 0 0 0 0 0]
6	0.05270569026470184	8.850993156433105	2.5341103076934814	2.524561643600464	1.9041262865066528	1.8881946802139282	False	[0 0 0 0 0 0 0 0 0 1 0 0]	[0 0 0 0 0 0 1 0 0 0 0 0]	[0 0 0 0 0 1]	[1 0 0 0 0 0]
6	-0.5	8.8773193359375	2.5418567657470703	2.5323896408081055	1.9089417457580566	1.8941309452056885	False	[0 0 0 0 0 0 0 0 0 1 0 1]	[0 0 0 0 0 0 0 0 0 0 0 0]	[0 0 0 0 0 0]	[0 0 0 0 0 0]
6	0.04968850314617157	8.85118579864502	2.5338242053985596	2.524707317352295	1.9041569232940674	1.8884973526000977	False	[0 0 0 0 0 0 0 0 0 1 0 0]	[0 0 0 0 0 0 1 0 0 0 0 0]	[0 0 0 0 0 1]	[1 0 0 0 0 0]
6	-0.5	8.877304077148438	2.541773557662964	2.532259702682495	1.9088544845581055	1.8944159746170044	False	[0 0 0 0 0 0 0 0 0 1 0 1]	[0 0 0 0 0 0 0 0 0 0 0 0]	[0 0 0 0 0 0]	[0 0 0 0 0 0]
6	0.05613298341631889	8.850362777709961	2.5340723991394043	2.5248873233795166	1.9027608633041382	1.8886418342590332	False	[0 0 0 0 0 0 0 0 0 1 0 0]	[0 0 0 0 0 0 1 0 0 0 0 0]	[0 0 0 0 0 1]	[1 0 0 0 0 0]
6	-0.5	8.875959396362305	2.541358470916748	2.5332398414611816	1.9071351289749146	1.8942257165908813	False	[0 0 0 0 0 0 0 0 0 1 0 1]	[0 0 0 0 0 0 0 0 0 0 0 0]	[0 0 0 0 0 0]	[0 0 0 0 0 0]
6	0.05902348458766937	8.851997375488281	2.534395217895508	2.5245327949523926	1.9041872024536133	1.8888825178146362	False	[0 0 0 0 0 0 0 0 0 1 0 0]	[0 0 0 0 0 0 1 0 0 0 0 0]	[0 0 0 0 0 1]	[1 0 0 0 0 0]
6	-0.5	8.877418518066406	2.541949987411499	2.532447576522827	1.9089572429656982	1.8940638303756714	False	[0 0 0 0 0 0 0 0 0 1 0 1]	[0 0 0 0 0 0 0 0 0 0 0 0]	[0 0 0 0 0 0]	[0 0 0 0 0 0]
7	0.05755218490958214	8.842317581176758	2.5233535766601562	2.5059521198272705	1.909049153327942	1.9039628505706787	False	[0 0 0 0 0 0 0 0 0 0 0 1]	[0 0 0 0 0 0 1 0 0 0 0 0]	[0 0 0 1 0 0]	[1 0 0 0 0 0]
7	-0.5	8.90524673461914	2.543412923812866	2.5303046703338623	1.9182401895523071	1.9132887125015259	False	[0 0 0 0 0 0 0 0 0 0 0 0]	[0 0 0 0 0 0 0 0 0 0 0 0]	[0 1 0 1 0 0]	[0 0 0 0 0 0]
7	0.04346688091754913	8.876632690429688	2.5345966815948486	2.5178937911987305	1.9141457080841064	1.9099969863891602	False	[0 0 0 0 0 0 0 0 0 0 0 1]	[0 0 0 0 0 0 1 0 0 0 0 0]	[0 1 0 0 0 0]	[1 0 0 0 0 0]
7	-1.0	8.907299995422363	2.544149398803711	2.5308849811553955	1.9185090065002441	1.9137567281723022	False	[0 0 0 0 0 0 0 0 0 0 0 0]	[0 0 0 0 0 0 0 0 0 0 0 0]	[0 0 0 0 0 0]	[0 0 0 0 0 0]
7	0.05572221055626869	8.845515251159668	2.524552822113037	2.5063767433166504	1.909961223602295	1.9046242237091064	False	[0 0 0 0 0 0 0 0 0 0 0 1]	[0 0 0 0 0 0 1 0 0 0 0 0]	[0 0 0 1 0 0]	[1 0 0 0 0 0]
7	-0.5	8.906073570251465	2.543534994125366	2.5306992530822754	1.9181008338928223	1.9137383699417114	False	[0 0 0 0 0 0 0 0 0 0 0 0]	[0 0 0 0 0 0 0 0 0 0 0 0]	[0 1 0 1 0 0]	[0 0 0 0 0 0]
7	0.05165227875113487	8.876729011535645	2.533928155899048	2.5182249546051025	1.9143158197402954	1.9102604389190674	False	[0 0 0 0 0 0 0 0 0 0 0 1]	[0 0 0 0 0 0 1 0 0 0 0 0]	[0 1 0 0 0 0]	[1 0 0 0 0 0]
7	-1.0	8.90683364868164	2.5437655448913574	2.530726671218872	1.9183982610702515	1.9139426946640015	False	[0 0 0 0 0 0 0 0 0 0 0 0]	[0 0 0 0 0 0 0 0 0 0 0 0]	[0 0 0 0 0 0]	[0 0 0 0 0 0]
7	0.06324104219675064	8.842748641967773	2.523829221725464	2.505770683288574	1.909199833869934	1.9039489030838013	False	[0 0 0 0 0 0 0 0 0 0 0 1]	[0 0 0 0 0 0 1 0 0 0 0 0]	[0 0 0 1 0 0]	[1 0 0 0 0 0]
7	-0.5	8.906729698181152	2.5439162254333496	2.5305991172790527	1.9184373617172241	1.9137771129608154	False	[0 0 0 0 0 0 0 0 0 0 0 0]	[0 0 0 0 0 0 0 0 0 0 0 0]	[0 1 0 1 0 0]	[0 0 0 0 0 0]
7	0.06282007694244385	8.876648902893066	2.5339715480804443	2.5189826488494873	1.9136435985565186	1.9100509881973267	False	[0 0 0 0 0 0 0 0 0 0 0 1]	[0 0 0 0 0 0 1 0 0 0 0 0]	[0 1 0 0 0 0]	[1 0 0 0 0 0]
7	-1.0	8.906574249267578	2.543473243713379	2.531287908554077	1.917925477027893	1.9138879776000977	False	[0 0 0 0 0 0 0 0 0 0 0 0]	[0 0 0 0 0 0 0 0 0 0 0 0]	[0 0 0 0 0 0]	[0 0 0 0 0 0]
7	0.04442814737558365	8.842448234558105	2.5229973793029785	2.5066821575164795	1.90882408618927	1.9039448499679565	False	[0 0 0 0 0 0 0 0 0 0 0 1]	[0 0 0 0 0 0 1 0 0 0 0 0]	[0 0 0 1 0 0]	[1 0 0 0 0 0]
7	-0.5	8.90738582611084	2.544145107269287	2.530552625656128	1.9186807870864868	1.914007306098938	False	[0 0 0 0 0 0 0 0 0 0 0 0]	[0 0 0 0 0 0 0 0 0 0 0 0]	[0 1 0 1 0 0]	[0 0 0 0 0 0]
7	0.056306030601263046	8.875386238098145	2.533939838409424	2.517932176589966	1.91379714012146	1.909716248512268	False	[0 0 0 0 0 0 0 0 0 0 0 1]	[0 0 0 0 0 0 1 0 0 0 0 0]	[0 1 0 0 0 0]	[1 0 0 0 0 0]
7	-1.0	8.907230377197266	2.54382061958313	2.530907392501831	1.9185235500335693	1.913978934288025	False	[0 0 0 0 0 0 0 0 0 0 0 0]	[0 0 0 0 0 0 0 0 0 0 0 0]	[0 0 0 0 0 0]	[0 0 0 0 0 0]
7	0.05021519213914871	8.843236923217773	2.523662805557251	2.506089925765991	1.9092035293579102	1.9042809009552002	False	[0 0 0 0 0 0 0 0 0 0 0 1]	[0 0 0 0 0 0 1 0 0 0 0 0]	[0 0 0 1 0 0]	[1 0 0 0 0 0]
7	-0.5	8.906245231628418	2.5440006256103516	2.530073642730713	1.9184587001800537	1.9137121438980103	False	[0 0 0 0 0 0 0 0 0 0 0 0]	[0 0 0 0 0 0 0 0 0 0 0 0]	[0 1 0 1 0 0]	[0 0 0 0 0 0]
7	0.039740465581417084	8.877668380737305	2.534355640411377	2.5184836387634277	1.9143306016921997	1.9104987382888794	False	[0 0 0 0 0 0 0 0 0 0 0 1]	[0 0 0 0 0 0 1 0 0 0 0 0]	[0 1 0 0 0 0]	[1 0 0 0 0 0]
7	-1.0	8.906357765197754	2.5433807373046875	2.5310707092285156	1.9180424213409424	1.913864254951477	False	[0 0 0 0 0 0 0 0 0 0 0 0]	[0 0 0 0 0 0 0 0 0 0 0 0]	[0 0 0 0 0 0]	[0 0 0 0 0 0]
7	0.04833380877971649	8.84217643737793	2.52361798286438	2.506147861480713	1.909021019935608	1.9033892154693604	False	[0 0 0 0 0 0 0 0 0 0 0 1]	[0 0 0 0 0 0 1 0 0 0 0 0]	[0 0 0 1 0 0]	[1 0 0 0 0 0]
7	-0.5	8.907447814941406	2.543874740600586	2.530996084213257	1.918411374092102	1.9141658544540405	False	[0 0 0 0 0 0 0 0 0 0 0 0]	[0 0 0 0 0 0 0 0 0 0 0 0]	[0 1 0 1 0 0]	[0 0 0 0 0 0]
7	0.05408928543329239	8.876460075378418	2.533878803253174	2.5184383392333984	1.9138771295547485	1.9102660417556763	False	[0 0 0 0 0 0 0 0 0 0 0 1]	[0 0 0 0 0 0 1 0 0 0 0 0]	[0 1 0 0 0 0]	[1 0 0 0 0 0]
7	-1.0	8.907444953918457	2.543818235397339	2.531388282775879	1.9182988405227661	1.9139394760131836	False	[0 0 0 0 0 0 0 0 0 0 0 0]	[0 0 0 0 0 0 0 0 0 0 0 0]	[0 0 0 0 0 0]	[0 0 0 0 0 0]
7	0.04609032720327377	8.84316349029541	2.5232045650482178	2.5070810317993164	1.908798336982727	1.9040791988372803	False	[0 0 0 0 0 0 0 0 0 0 0 1]	[0 0 0 0 0 0 1 0 0 0 0 0]	[0 0 0 1 0 0]	[1 0 0 0 0 0]
7	-0.5	8.906726837158203	2.5439815521240234	2.530200481414795	1.918624758720398	1.913919448852539	False	[0 0 0 0 0 0 0 0 0 0 0 0]	[0 0 0 0 0 0 0 0 0 0 0 0]	[0 1 0 1 0 0]	[0 0 0 0 0 0]
7	0.05249868333339691	8.877269744873047	2.5342047214508057	2.518472671508789	1.9139121770858765	1.9106805324554443	False	[0 0 0 0 0 0 0 0 0 0 0 1]	[0 0 0 0 0 0 1 0 0 0 0 0]	[0 1 0 0 0 0]	[1 0 0 0 0 0]
7	-1.0	8.907085418701172	2.5438036918640137	2.5310399532318115	1.9183666706085205	1.9138758182525635	False	[0 0 0 0 0 0 0 0 0 0 0 0]	[0 0 0 0 0 0 0 0 0 0 0 0]	[0 0 0 0 0 0]	[0 0 0 0 0 0]
7	0.0528709702193737	8.843564987182617	2.5237371921539307	2.5066659450531006	1.9091392755508423	1.9040229320526123	False	[0 0 0 0 0 0 0 0 0 0 0 1]	[0 0 0 0 0 0 1 0 0 0 0 0]	[0 0 0 1 0 0]	[1 0 0 0 0 0]
7	-0.5	8.906819343566895	2.5440850257873535	2.5306735038757324	1.9183415174484253	1.9137191772460938	False	[0 0 0 0 0 0 0 0 0 0 0 0]	[0 0 0 0 0 0 0 0 0 0 0 0]	[0 1 0 1 0 0]	[0 0 0 0 0 0]
8	0.3697516918182373	8.940646171569824	2.559410333633423	2.540353775024414	1.9236705303192139	1.9172114133834839	False	[0 1 0 0 0 0 0 0 0 0 0 0]	[0 0 0 0 0 0 0 0 0 0 0 1]	[0 0 0 1 0 0]	[0 1 0 0 0 0]
8	0.29385995864868164	8.922464370727539	2.551349401473999	2.547590732574463	1.9207489490509033	1.9027761220932007	False	[0 1 0 0 0 0 0 0 0 0 1 0]	[0 0 0 0 0 0 0 0 0 0 0 0]	[0 0 0 0 0 0]	[0 1 0 1 0 0]
8	0.28070440888404846	8.939411163330078	2.5574474334716797	2.547954797744751	1.923107624053955	1.9109013080596924	False	[0 1 1 0 0 0 0 0 0 0 1 0]	[0 0 0 0 0 0 0 0 0 0 0 1]	[0 0 0 1 0 0]	[0 0 0 1 0 0]
8	-0.5	8.940214157104492	2.557772397994995	2.548474073410034	1.922575831413269	1.9113914966583252	False	[0 1 0 0 0 0 0 0 0 0 1 0]	[0 0 0 0 0 0 0 0 0 0 0 0]	[0 0 0 0 0 0]	[0 0 0 0 0 0]
8	0.4273853003978729	8.943214416503906	2.559994697570801	2.545189619064331	1.922935128211975	1.9150949716567993	False	[0 1 1 0 0 0 0 0 0 0 1 0]	[0 0 0 0 0 0 0 0 0 0 0 1]	[0 0 0 1 0 0]	[0 1 0 0 0 0]
8	0.321963906288147	8.928290367126465	2.5528488159179688	2.548839807510376	1.9215970039367676	1.9050047397613525	False	[0 1 1 0 0 0 0 0 0 0 0 0]	[0 0 0 0 0 0 0 0 0 0 0 0]	[0 0 0 0 0 0]	[0 1 0 1 0 0]
8	0.4482390284538269	8.923603057861328	2.551410675048828	2.5475807189941406	1.9213459491729736	1.9032659530639648	False	[0 1 1 0 0 0 0 0 0 0 1 0]	[0 0 0 0 0 0 0 0 0 0 0 1]	[0 0 0 1 0 0]	[0 1 0 0 0 0]
8	0.33797162771224976	8.927478790283203	2.5528717041015625	2.5485544204711914	1.9216055870056152	1.9044467210769653	False	[0 1 1 0 0 0 0 0 0 0 0 0]	[0 0 0 0 0 0 0 0 0 0 0 0]	[0 0 0 0 0 0]	[0 1 0 1 0 0]
8	0.4289519190788269	8.923802375793457	2.5518341064453125	2.5479464530944824	1.9209182262420654	1.9031039476394653	False	[0 1 1 0 0 0 0 0 0 0 1 0]	[0 0 0 0 0 0 0 0 0 0 0 1]	[0 0 0 1 0 0]	[0 1 0 0 0 0]
8	0.31970080733299255	8.927743911743164	2.553166627883911	2.548729181289673	1.9212055206298828	1.9046430587768555	False	[0 1 1 0 0 0 0 0 0 0 0 0]	[0 0 0 0 0 0 0 0 0 0 0 0]	[0 0 0 0 0 0]	[0 1 0 1 0 0]
8	0.4084760546684265	8.923908233642578	2.5517613887786865	2.547905683517456	1.92086923122406	1.9033713340759277	False	[0 1 1 0 0 0 0 0 0 0 1 0]	[0 0 0 0 0 0 0 0 0 0 0 1]	[0 0 0 1 0 0]	[0 1 0 0 0 0]
8	0.3184538781642914	8.92757797241211	2.5530636310577393	2.548863649368286	1.9212157726287842	1.904435396194458	False	[0 1 1 0 0 0 0 0 0 0 0 0]	[0 0 0 0 0 0 0 0 0 0 0 0]	[0 0 0 0 0 0]	[0 1 0 1 0 0]
8	0.4355023503303528	8.923722267150879	2.5516602993011475	2.5480525493621826	1.920878291130066	1.9031310081481934	False	[0 1 1 0 0 0 0 0 0 0 1 0]	[0 0 0 0 0 0 0 0 0 0 0 1]	[0 0 0 1 0 0]	[0 1 0 0 0 0]
8	0.32205507159233093	8.928816795349121	2.5531418323516846	2.5487353801727295	1.921893835067749	1.9050451517105103	False	[0 1 1 0 0 0 0 0 0 0 0 0]	[0 0 0 0 0 0 0 0 0 0 0 0]	[0 0 0 0 0 0]	[0 1 0 1 0 0]
8	0.4455734193325043	8.92212200164795	2.5514607429504395	2.547621488571167	1.9204235076904297	1.9026161432266235	False	[0 1 1 0 0 0 0 0 0 0 1 0]	[0 0 0 0 0 0 0 0 0 0 0 1]	[0 0 0 1 0 0]	[0 1 0 0 0 0]
8	0.3412114083766937	8.927728652954102	2.552891492843628	2.548497200012207	1.9214675426483154	1.9048714637756348	False	[0 1 1 0 0 0 0 0 0 0 0 0]	[0 0 0 0 0 0 0 0 0 0 0 0]	[0 0 0 0 0 0]	[0 1 0 1 0 0]
8	0.3604247570037842	8.922585487365723	2.551307201385498	2.547616720199585	1.92082941532135	1.9028327465057373	False	[0 1 0 0 0 0 0 0 0 0 0 0]	[0 0 0 0 0 0 0 0 0 0 0 1]	[0 0 0 1 0 0]	[0 1 0 0 0 0]
8	0.2906680703163147	8.92411994934082	2.551842451095581	2.547825813293457	1.920788288116455	1.9036633968353271	False	[0 1 0 0 0 0 0 0 0 0 1 0]	[0 0 0 0 0 0 0 0 0 0 0 0]	[0 0 0 0 0 0]	[0 1 0 1 0 0]
8	0.2639774680137634	8.939559936523438	2.5574331283569336	2.547910451889038	1.9228472709655762	1.9113686084747314	False	[0 1 1 0 0 0 0 0 0 0 1 0]	[0 0 0 0 0 0 0 0 0 0 0 1]	[0 0 0 1 0 0]	[0 0 0 1 0 0]
8	-0.5	8.944552421569824	2.5585391521453857	2.54903507232666	1.923577904701233	1.913400411605835	False	[0 1 0 0 0 0 0 0 0 0 1 0]	[0 0 0 0 0 0 0 0 0 0 0 0]	[0 0 0 0 0 0]	[0 0 0 0 0 0]
8	0.4084332287311554	8.943998336791992	2.560054302215576	2.54524827003479	1.9232800006866455	1.9154162406921387	False	[0 1 1 0 0 0 0 0 0 0 1 0]	[0 0 0 0 0 0 0 0 0 0 0 1]	[0 0 0 1 0 0]	[0 1 0 0 0 0]
8	0.34063899517059326	8.927543640136719	2.552945613861084	2.5487072467803955	1.9214365482330322	1.9044547080993652	False	[0 1 1 0 0 0 0 0 0 0 0 0]	[0 0 0 0 0 0 0 0 0 0 0 0]	[0 0 0 0 0 0]	[0 1 0 1 0 0]
8	0.4286777973175049	8.924052238464355	2.5518136024475098	2.547773599624634	1.9212058782577515	1.903259038925171	False	[0 1 1 0 0 0 0 0 0 0 1 0]	[0 0 0 0 0 0 0 0 0 0 0 1]	[0 0 0 1 0 0]	[0 1 0 0 0 0]
8	0.3366895020008087	8.92486572265625	2.5524327754974365	2.548203945159912	1.9205851554870605	1.9036438465118408	False	[0 1 1 0 0 0 0 0 0 0 0 0]	[0 0 0 0 0 0 0 0 0 0 0 0]	[0 0 0 0 0 0]	[0 1 0 1 0 0]
8	0.40512776374816895	8.923116683959961	2.5511326789855957	2.5477283000946045	1.9213184118270874	1.9029372930526733	False	[0 1 0 0 0 0 0 0 0 0 0 0]	[0 0 0 0 0 0 0 0 0 0 0 1]	[0 0 0 1 0 0]	[0 1 0 0 0 0]
8	0.27425071597099304	8.923303604125977	2.55169677734375	2.547630786895752	1.9209654331207275	1.9030107259750366	False	[0 1 0 0 0 0 0 0 0 0 1 0]	[0 0 0 0 0 0 0 0 0 0 0 0]	[0 0 0 0 0 0]	[0 1 0 1 0 0]
8	0.27544039487838745	8.940540313720703	2.5576343536376953	2.5480411052703857	1.9230713844299316	1.9117927551269531	False	[0 1 1 0 0 0 0 0 0 0 1 0]	[0 0 0 0 0 0 0 0 0 0 0 1]	[0 0 0 1 0 0]	[0 0 0 1 0 0]
8	-0.5	8.942544937133789	2.5580356121063232	2.5488381385803223	1.9229739904403687	1.9126977920532227	False	[0 1 0 0 0 0 0 0 0 0 1 0]	[0 0 0 0 0 0 0 0 0 0 0 0]	[0 0 0 0 0 0]	[0 0 0 0 0 0]
8	0.40575864911079407	8.94727897644043	2.5603277683258057	2.5463156700134277	1.924096703529358	1.9165384769439697	False	[0 1 1 0 0 0 0 0 0 0 1 0]	[0 0 0 0 0 0 0 0 0 0 0 1]	[0 0 0 1 0 0]	[0 1 0 0 0 0]
8	0.3271358907222748	8.92770004272461	2.5528664588928223	2.5486552715301514	1.921494722366333	1.9046841859817505	False	[0 1 1 0 0 0 0 0 0 0 0 0]	[0 0 0 0 0 0 0 0 0 0 0 0]	[0 0 0 0 0 0]	[0 1 0 1 0 0]
9	0.2083667516708374	8.857457160949707	2.5180258750915527	2.5127615928649902	1.9078967571258545	1.9187726974487305	False	[0 0 0 0 0 1 0 0 0 0 0 0]	[0 1 0 0 0 0 0 0 0 0 0 0]	[0 0 1 0 0 0]	[0 0 0 0 1 0]
9	0.506095290184021	8.856029510498047	2.5389091968536377	2.5226404666900635	1.8904149532318115	1.9040647745132446	False	[0 0 0 0 0 0 0 0 0 0 0 0]	[0 1 0 0 0 0 0 0 1 0 0 0]	[0 0 1 1 0 0]	[0 0 0 0 1 1]
9	0.42788809537887573	8.825657844543457	2.5375418663024902	2.5241689682006836	1.8779321908950806	1.8860148191452026	False	[0 0 0 0 0 0 0 0 0 0 1 0]	[0 1 0 0 0 0 0 0 0 0 0 0]	[0 0 1 0 0 0]	[0 0 0 0 1 0]
9	0.48078060150146484	8.836822509765625	2.5388669967651367	2.5226402282714844	1.8815723657608032	1.8937430381774902	False	[0 0 0 0 0 0 0 0 0 0 0 0]	[0 1 0 0 0 0 0 0 1 0 0 0]	[0 0 1 1 0 0]	[0 0 0 0 1 1]
9	0.4212146997451782	8.825471878051758	2.5377578735351562	2.5241386890411377	1.8779948949813843	1.8855801820755005	False	[0 0 0 0 0 0 0 0 0 0 1 0]	[0 1 0 0 0 0 0 0 0 0 0 0]	[0 0 1 0 0 0]	[0 0 0 0 1 0]
9	0.5062395334243774	8.830272674560547	2.5380284786224365	2.5216190814971924	1.8795843124389648	1.8910404443740845	False	[0 0 0 0 0 0 0 0 0 0 0 0]	[0 1 0 0 0 0 0 0 1 0 0 0]	[0 0 1 1 0 0]	[0 0 0 0 1 1]
9	0.43953952193260193	8.823031425476074	2.5373101234436035	2.523393392562866	1.876992106437683	1.88533616065979	False	[0 0 0 0 0 0 0 0 0 0 1 0]	[0 1 0 0 0 0 0 0 0 0 0 0]	[0 0 1 0 0 0]	[0 0 0 0 1 0]
9	0.5087525844573975	8.83198070526123	2.5383214950561523	2.5223395824432373	1.8800320625305176	1.8912872076034546	False	[0 0 0 0 0 0 0 0 0 0 0 0]	[0 1 0 0 0 0 0 0 1 0 0 0]	[0 0 1 1 0 0]	[0 0 0 0 1 1]
9	0.48876455426216125	8.821805953979492	2.53694748878479	2.523371934890747	1.8767340183258057	1.8847522735595703	False	[0 0 0 0 0 0 0 0 0 0 1 0]	[0 1 0 0 0 0 0 0 0 0 0 0]	[0 0 0 1 0 0]	[0 0 0 0 1 0]
9	-0.5	8.815872192382812	2.5364489555358887	2.52095890045166	1.8745194673538208	1.8839446306228638	False	[0 0 0 0 0 0 0 0 0 0 0 0]	[0 1 0 0 0 0 0 0 1 0 0 0]	[0 0 0 0 0 0]	[0 0 0 0 1 1]
9	0.4136117398738861	8.863981246948242	2.537055253982544	2.5224244594573975	1.8953099250793457	1.9091918468475342	False	[0 0 0 0 0 1 0 0 0 0 0 0]	[0 1 0 0 0 0 0 0 0 0 0 0]	[0 0 1 0 0 0]	[0 1 0 0 1 1]
9	0.23919004201889038	8.8438081741333	2.539902448654175	2.5250930786132812	1.884178876876831	1.8946330547332764	False	[0 0 0 0 0 1 0 0 0 0 1 0]	[0 1 0 0 0 0 0 0 1 0 0 0]	[0 0 0 0 0 0]	[0 1 0 0 1 0]
9	0.40730515122413635	8.85232925415039	2.540499210357666	2.525846242904663	1.887383222579956	1.8986008167266846	False	[0 0 0 0 0 1 0 0 0 0 0 0]	[0 1 0 0 0 0 0 0 0 0 0 0]	[0 0 1 0 0 0]	[0 1 0 0 1 1]
9	0.2645212709903717	8.840367317199707	2.539682388305664	2.524415969848633	1.8830400705337524	1.8932287693023682	False	[0 0 0 0 0 1 0 0 0 0 1 0]	[0 1 0 0 0 0 0 0 1 0 0 0]	[0 0 0 0 0 0]	[0 1 0 0 1 0]
9	0.42170968651771545	8.85114860534668	2.5404489040374756	2.5257222652435303	1.887288212776184	1.8976894617080688	False	[0 0 0 0 0 1 0 0 0 0 0 0]	[0 1 0 0 0 0 0 0 0 0 0 0]	[0 0 1 0 0 0]	[0 1 0 0 1 1]
9	0.23991265892982483	8.840214729309082	2.539632558822632	2.524327278137207	1.8830368518829346	1.89321768283844	False	[0 0 0 0 0 1 0 0 0 0 1 0]	[0 1 0 0 0 0 0 0 1 0 0 0]	[0 0 0 0 0 0]	[0 1 0 0 1 0]
9	0.4052228331565857	8.852664947509766	2.5406367778778076	2.5261027812957764	1.8876630067825317	1.898262619972229	False	[0 0 0 0 0 1 0 0 0 0 0 0]	[0 1 0 0 0 0 0 0 0 0 0 0]	[0 0 1 0 0 0]	[0 1 0 0 1 1]
9	0.23577018082141876	8.842605590820312	2.539754629135132	2.5252206325531006	1.8840208053588867	1.8936091661453247	False	[0 0 0 0 0 1 0 0 0 0 1 0]	[0 1 0 0 0 0 0 0 1 0 0 0]	[0 0 0 0 0 0]	[0 1 0 0 1 0]
9	0.4052753150463104	8.853226661682129	2.5405220985412598	2.5258119106292725	1.88819420337677	1.898699164390564	False	[0 0 0 0 0 1 0 0 0 0 0 0]	[0 1 0 0 0 0 0 0 0 0 0 0]	[0 0 1 0 0 0]	[0 1 0 0 1 1]
9	0.23379835486412048	8.841567993164062	2.5398004055023193	2.524855375289917	1.8835595846176147	1.8933525085449219	False	[0 0 0 0 0 1 0 0 0 0 1 0]	[0 1 0 0 0 0 0 0 1 0 0 0]	[0 0 0 0 0 0]	[0 1 0 0 1 0]
9	0.3961988389492035	8.850805282592773	2.540567398071289	2.5250134468078613	1.8868180513381958	1.8984062671661377	False	[0 0 0 0 0 1 0 0 0 0 0 0]	[0 1 0 0 0 0 0 0 0 0 0 0]	[0 0 1 0 0 0]	[0 1 0 0 1 1]
9	0.25425785779953003	8.839983940124512	2.539860725402832	2.5241024494171143	1.8828235864639282	1.8931974172592163	False	[0 0 0 0 0 1 0 0 0 0 1 0]	[0 1 0 0 0 0 0 0 1 0 0 0]	[0 0 0 0 0 0]	[0 1 0 0 1 0]
9	0.3075295388698578	8.849440574645996	2.540025234222412	2.524827003479004	1.8868708610534668	1.8977175951004028	False	[0 0 0 0 0 0 0 0 0 0 1 0]	[0 1 0 0 0 0 0 0 0 0 0 0]	[0 0 1 0 0 0]	[0 1 0 0 1 1]
9	0.2625841498374939	8.86492919921875	2.5396177768707275	2.5262045860290527	1.8936183452606201	1.9054882526397705	False	[0 0 0 0 0 1 0 0 0 0 1 0]	[0 1 0 0 0 0 0 0 1 0 0 0]	[0 0 0 0 0 0]	[0 1 0 0 1 0]
9	0.4129294753074646	8.852466583251953	2.540364980697632	2.525346279144287	1.887546420097351	1.8992090225219727	False	[0 0 0 0 0 1 0 0 0 0 0 0]	[0 1 0 0 0 0 0 0 0 0 0 0]	[0 0 1 0 0 0]	[0 1 0 0 1 1]
9	0.25842049717903137	8.84256362915039	2.5398263931274414	2.52496075630188	1.8838071823120117	1.8939698934555054	False	[0 0 0 0 0 1 0 0 0 0 1 0]	[0 1 0 0 0 0 0 0 1 0 0 0]	[0 0 0 0 0 0]	[0 1 0 0 1 0]
9	0.39608848094940186	8.850616455078125	2.540191173553467	2.5252768993377686	1.887328863143921	1.897819995880127	False	[0 0 0 0 0 1 0 0 0 0 0 0]	[0 1 0 0 0 0 0 0 0 0 0 0]	[0 0 1 0 0 0]	[0 1 0 0 1 1]
9	0.33649227023124695	8.842806816101074	2.539707899093628	2.52558970451355	1.8840572834014893	1.893451452255249	False	[0 0 0 0 0 1 0 0 0 0 1 0]	[0 1 0 0 0 0 0 0 1 0 0 0]	[0 0 1 1 0 0]	[0 1 0 0 1 0]
9	0.47498345375061035	8.846641540527344	2.5401196479797363	2.5261712074279785	1.8854864835739136	1.8948643207550049	False	[0 0 0 0 0 1 0 0 0 0 0 0]	[0 1 0 0 0 0 0 0 0 0 0 0]	[0 0 0 1 0 0]	[0 1 0 0 1 1]
9	0.24878963828086853	8.824784278869629	2.537242889404297	2.524200916290283	1.8778624534606934	1.8854776620864868	False	[0 0 0 0 0 1 0 0 0 0 1 0]	[0 1 0 0 0 0 0 0 1 0 0 0]	[0 0 0 0 0 0]	[0 1 0 0 1 0]
10	0.5353713631629944	8.795462608337402	2.4927141666412354	2.5309438705444336	1.9103537797927856	1.8614511489868164	False	[0 0 0 0 0 0 0 0 0 0 0 1]	[0 0 0 0 0 0 0 0 0 0 0 1]	[0 0 0 1 0 0]	[0 0 0 0 1 0]
10	0.0461759939789772	8.835090637207031	2.5304417610168457	2.530212640762329	1.8826534748077393	1.8917824029922485	False	[0 0 0 0 0 0 0 0 1 0 0 1]	[0 0 0 0 0 1 0 0 0 0 0 1]	[0 0 0 1 1 0]	[0 0 0 0 0 0]
10	0.5102275013923645	8.884493827819824	2.5316030979156494	2.540294885635376	1.9087024927139282	1.903893232345581	False	[0 0 0 0 0 0 0 0 1 0 0 0]	[0 0 0 0 0 0 0 0 0 0 0 1]	[0 0 0 1 0 0]	[0 0 0 0 1 0]
10	0.10585484653711319	8.825752258300781	2.528378963470459	2.5284035205841064	1.879925012588501	1.8890451192855835	False	[0 0 0 0 0 0 0 0 1 0 1 0]	[0 0 0 0 0 1 0 0 0 0 0 1]	[0 0 0 1 1 0]	[0 0 0 0 0 0]
10	0.5062547326087952	8.856319427490234	2.5319535732269287	2.534280300140381	1.8925728797912598	1.8975133895874023	False	[0 0 0 0 0 0 0 0 0 0 1 0]	[0 0 0 0 0 0 0 0 0 0 0 1]	[0 0 0 1 0 0]	[0 0 0 0 1 0]
10	0.0988030657172203	8.833815574645996	2.5303754806518555	2.5298891067504883	1.8825911283493042	1.89095938205719	False	[0 0 0 0 0 0 0 0 0 0 0 0]	[0 0 0 0 0 1 0 0 0 0 0 1]	[0 0 0 1 1 0]	[0 0 0 0 0 0]
10	0.026186641305685043	8.85618782043457	2.5242698192596436	2.535637378692627	1.9010143280029297	1.8952670097351074	False	[0 0 0 0 0 0 0 0 0 0 0 1]	[0 0 0 0 0 0 0 0 0 0 0 1]	[0 0 0 0 1 0]	[0 0 0 0 1 0]
10	-0.5	8.86797046661377	2.527434825897217	2.5376405715942383	1.9041606187820435	1.8987345695495605	False	[0 0 0 0 0 0 0 0 0 0 0 0]	[0 0 0 0 0 1 0 0 0 0 0 1]	[0 0 0 0 0 0]	[0 0 0 0 0 0]
10	0.5363410115242004	8.842613220214844	2.50783371925354	2.536613702774048	1.915517807006836	1.8826483488082886	False	[0 0 0 0 0 0 0 0 0 0 0 1]	[0 0 0 0 0 1 0 0 0 0 0 0]	[0 0 0 1 0 0]	[0 0 0 0 1 0]
10	-0.5	8.826885223388672	2.5285074710845947	2.5287439823150635	1.8801316022872925	1.8895015716552734	False	[0 0 0 0 0 0 0 0 0 0 1 1]	[0 0 0 0 0 0 0 0 0 0 0 0]	[0 0 0 1 1 0]	[0 0 0 0 0 0]
10	0.49539706110954285	8.837661743164062	2.528006076812744	2.531154155731201	1.8869495391845703	1.8915514945983887	False	[0 0 0 0 0 0 0 0 1 0 1 1]	[0 0 0 0 0 1 0 0 0 0 0 0]	[0 0 0 1 0 0]	[0 0 0 0 1 0]
10	-0.5	8.842190742492676	2.5325684547424316	2.5315425395965576	1.8850197792053223	1.8930602073669434	False	[0 0 0 0 0 0 0 0 1 0 0 1]	[0 0 0 0 0 0 0 0 0 0 0 0]	[0 0 0 1 1 0]	[0 0 0 0 0 0]
10	0.52843177318573	8.866193771362305	2.526888370513916	2.5373620986938477	1.9037871360778809	1.898155927658081	False	[0 0 0 0 0 0 0 0 1 0 0 0]	[0 0 0 0 0 1 0 0 0 0 0 0]	[0 0 0 1 0 0]	[0 0 0 0 1 0]
10	-0.5	8.825784683227539	2.529153347015381	2.528252363204956	1.879397988319397	1.8889816999435425	False	[0 0 0 0 0 0 0 0 0 0 0 0]	[0 0 0 0 0 0 0 0 0 0 0 0]	[0 0 0 1 1 0]	[0 0 0 0 0 0]
10	0.3107655942440033	8.84585952758789	2.516862392425537	2.535017728805542	1.9048641920089722	1.8891150951385498	False	[0 0 0 0 0 0 0 0 0 0 0 1]	[0 0 0 0 1 0 0 0 0 0 0 0]	[0 0 0 0 1 0]	[0 0 0 0 1 0]
10	0.19904276728630066	8.844104766845703	2.5293428897857666	2.5323290824890137	1.8890146017074585	1.8934181928634644	False	[0 0 0 0 0 0 0 0 1 0 0 1]	[0 0 0 0 1 1 0 0 0 0 0 0]	[0 0 0 0 0 0]	[0 0 0 0 0 0]
10	0.27904441952705383	8.863092422485352	2.5258939266204834	2.5369811058044434	1.9026973247528076	1.8975200653076172	False	[0 0 0 0 0 0 0 0 1 0 0 0]	[0 0 0 0 1 0 0 0 0 0 0 0]	[0 0 0 1 0 0]	[0 0 0 0 1 0]
10	0.5280134081840515	8.856973648071289	2.5271952152252197	2.53535532951355	1.8980746269226074	1.8963488340377808	False	[0 0 0 0 0 0 0 0 0 0 0 0]	[0 0 0 0 1 1 0 0 0 0 0 0]	[0 0 0 1 1 0]	[0 0 0 0 0 0]
10	0.2619127631187439	8.823758125305176	2.527869939804077	2.5281271934509277	1.878930687904358	1.8888304233551025	False	[0 0 0 0 0 0 0 0 0 0 1 0]	[0 0 0 0 1 0 0 0 0 0 0 0]	[0 0 0 1 0 0]	[0 0 0 0 1 0]
10	0.4832254648208618	8.862648010253906	2.5290005207061768	2.536146640777588	1.899599313735962	1.897902011871338	False	[0 0 0 0 0 0 0 0 1 0 1 0]	[0 0 0 0 1 1 0 0 0 0 0 0]	[0 0 0 1 1 0]	[0 0 0 0 0 0]
10	0.2615032196044922	8.852282524108887	2.5347018241882324	2.533140182495117	1.8883825540542603	1.8960577249526978	False	[0 0 0 0 0 0 0 0 1 0 0 0]	[0 0 0 0 1 0 0 0 0 0 0 0]	[0 0 0 1 0 0]	[0 0 0 0 1 0]
10	0.4756351411342621	8.85827922821045	2.528170108795166	2.535369396209717	1.897568702697754	1.897171139717102	False	[0 0 0 0 0 0 0 0 1 0 0 1]	[0 0 0 0 1 1 0 0 0 0 0 0]	[0 0 0 1 1 0]	[0 0 0 0 0 0]
10	0.33877095580101013	8.845121383666992	2.533370018005371	2.532090425491333	1.885819911956787	1.8938407897949219	False	[0 0 0 0 0 0 0 0 1 0 1 1]	[0 0 0 0 1 0 0 0 0 0 0 0]	[0 0 0 1 0 0]	[0 0 0 0 1 0]
10	0.49103519320487976	8.86583137512207	2.5345163345336914	2.535851240158081	1.8960847854614258	1.8993788957595825	False	[0 0 0 0 0 0 0 0 0 0 1 1]	[0 0 0 0 1 1 0 0 0 0 0 0]	[0 0 0 1 1 0]	[0 0 0 0 0 0]
10	0.3215724229812622	8.848862648010254	2.533201217651367	2.5325777530670166	1.887895941734314	1.8951882123947144	False	[0 0 0 0 0 0 0 0 0 0 0 1]	[0 0 0 0 1 0 0 0 0 0 0 0]	[0 0 0 1 0 0]	[0 0 0 0 1 0]
10	0.5133318901062012	8.842846870422363	2.5293450355529785	2.5317602157592773	1.8883132934570312	1.8934286832809448	False	[0 0 0 0 0 0 0 0 1 0 0 1]	[0 0 0 0 1 1 0 0 0 0 0 0]	[0 0 0 1 1 0]	[0 0 0 0 0 0]
10	0.2895154058933258	8.846452713012695	2.533520460128784	2.5323588848114014	1.8864731788635254	1.8941001892089844	False	[0 0 0 0 0 0 0 0 1 0 1 1]	[0 0 0 0 1 0 0 0 0 0 0 0]	[0 0 0 1 0 0]	[0 0 0 0 1 0]
10	0.5000443458557129	8.862164497375488	2.533412218093872	2.5353004932403564	1.8949393033981323	1.8985122442245483	False	[0 0 0 0 0 0 0 0 0 0 1 1]	[0 0 0 0 1 1 0 0 0 0 0 0]	[0 0 0 1 1 0]	[0 0 0 0 0 0]
10	0.322208434343338	8.845579147338867	2.5331597328186035	2.5317444801330566	1.8859379291534424	1.8947374820709229	False	[0 0 0 0 0 0 0 0 0 0 0 1]	[0 0 0 0 1 0 0 0 0 0 0 0]	[0 0 0 1 0 0]	[0 0 0 0 1 0]
10	0.4794781506061554	8.842764854431152	2.528687000274658	2.5321640968322754	1.8887066841125488	1.893207311630249	False	[0 0 0 0 0 0 0 0 1 0 0 1]	[0 0 0 0 1 1 0 0 0 0 0 0]	[0 0 0 1 1 0]	[0 0 0 0 0 0]
11	0.5379227995872498	8.853605270385742	2.5174100399017334	2.52534556388855	1.8862258195877075	1.924623727798462	False	[0 0 0 0 0 0 0 0 0 0 0 1]	[0 1 0 0 0 0 0 0 0 0 0 0]	[1 0 0 0 0 0]	[0 0 0 0 0 1]
11	0.39895299077033997	8.896549224853516	2.539515256881714	2.547480583190918	1.9117085933685303	1.8978443145751953	False	[0 0 0 0 0 0 1 0 0 0 0 1]	[0 1 0 0 0 0 0 0 0 0 0 1]	[1 0 0 0 1 0]	[0 0 0 0 0 0]
11	0.21842435002326965	8.914412498474121	2.542837381362915	2.5504543781280518	1.9142439365386963	1.906876564025879	False	[0 0 0 0 0 0 0 0 0 0 0 1]	[0 1 0 0 0 0 0 0 0 0 0 0]	[0 0 0 0 1 0]	[0 0 0 0 0 1]
11	0.3761062026023865	8.91299057006836	2.540701150894165	2.5480637550354004	1.914930820465088	1.909294605255127	False	[0 0 0 0 0 0 1 0 0 0 0 1]	[0 1 0 0 0 0 0 0 0 0 0 1]	[1 0 0 0 1 0]	[0 0 0 0 0 0]
11	0.23906660079956055	8.915331840515137	2.543217897415161	2.55108380317688	1.913854956626892	1.907175064086914	False	[0 0 0 0 0 0 0 0 0 0 0 1]	[0 1 0 0 0 0 0 0 0 0 0 0]	[0 0 0 0 1 0]	[0 0 0 0 0 1]
11	0.3699743151664734	8.915700912475586	2.541569709777832	2.5493526458740234	1.9149835109710693	1.909794807434082	False	[0 0 0 0 0 0 1 0 0 0 0 1]	[0 1 0 0 0 0 0 0 0 0 0 1]	[1 0 0 0 1 0]	[0 0 0 0 0 0]
11	0.22985206544399261	8.914732933044434	2.5431549549102783	2.550825834274292	1.9138567447662354	1.9068959951400757	False	[0 0 0 0 0 0 0 0 0 0 0 1]	[0 1 0 0 0 0 0 0 0 0 0 0]	[0 0 0 0 1 0]	[0 0 0 0 0 1]
11	0.39767351746559143	8.912849426269531	2.540897846221924	2.5480592250823975	1.914779543876648	1.909112811088562	False	[0 0 0 0 0 0 1 0 0 0 0 1]	[0 1 0 0 0 0 0 0 0 0 0 1]	[1 0 0 0 1 0]	[0 0 0 0 0 0]
11	0.24558581411838531	8.914872169494629	2.543278217315674	2.550781726837158	1.914048194885254	1.9067641496658325	False	[0 0 0 0 0 0 0 0 0 0 0 1]	[0 1 0 0 0 0 0 0 0 0 0 0]	[0 0 0 0 1 0]	[0 0 0 0 0 1]
11	0.3637380599975586	8.915081024169922	2.5411670207977295	2.5488336086273193	1.9154961109161377	1.9095840454101562	False	[0 0 0 0 0 0 1 0 0 0 0 1]	[0 1 0 0 0 0 0 0 0 0 0 1]	[1 0 0 0 1 0]	[0 0 0 0 0 0]
11	0.20956933498382568	8.91430377960205	2.543104410171509	2.5507824420928955	1.9134058952331543	1.9070109128952026	False	[0 0 0 0 0 0 0 0 0 0 0 1]	[0 1 0 0 0 0 0 0 0 0 0 0]	[0 0 0 0 1 0]	[0 0 0 0 0 1]
11	0.36542534828186035	8.919849395751953	2.5431129932403564	2.5505545139312744	1.9146764278411865	1.9115054607391357	False	[0 0 0 0 0 0 1 0 0 0 0 1]	[0 1 0 0 0 0 0 0 0 0 0 1]	[1 0 0 0 1 0]	[0 0 0 0 0 0]
11	0.22600679099559784	8.914300918579102	2.5426385402679443	2.550912618637085	1.9134597778320312	1.9072895050048828	False	[0 0 0 0 0 0 0 0 0 0 0 1]	[0 1 0 0 0 0 0 0 0 0 0 0]	[0 0 0 0 1 0]	[0 0 0 0 0 1]
11	0.3797503113746643	8.919041633605957	2.5422980785369873	2.549921989440918	1.9154382944107056	1.9113833904266357	False	[0 0 0 0 0 0 1 0 0 0 0 1]	[0 1 0 0 0 0 0 0 0 0 0 1]	[1 0 0 0 1 0]	[0 0 0 0 0 0]
11	0.23631487786769867	8.91418170928955	2.543010711669922	2.5505013465881348	1.9138981103897095	1.9067717790603638	False	[0 0 0 0 0 0 0 0 0 0 0 1]	[0 1 0 0 0 0 0 0 0 0 0 0]	[0 0 0 0 1 0]	[0 0 0 0 0 1]
11	0.3720684051513672	8.914959907531738	2.541348457336426	2.5486948490142822	1.915207862854004	1.9097086191177368	False	[0 0 0 0 0 0 1 0 0 0 0 1]	[0 1 0 0 0 0 0 0 0 0 0 1]	[1 0 0 0 1 0]	[0 0 0 0 0 0]
11	0.2259400337934494	8.915830612182617	2.543368101119995	2.551022529602051	1.9138202667236328	1.9076191186904907	False	[0 0 0 0 0 0 0 0 0 0 0 1]	[0 1 0 0 0 0 0 0 0 0 0 0]	[0 0 0 0 1 0]	[0 0 0 0 0 1]
11	0.40310120582580566	8.914706230163574	2.54175066947937	2.548973798751831	1.9145317077636719	1.9094502925872803	False	[0 0 0 0 0 0 1 0 0 0 0 1]	[0 1 0 0 0 0 0 0 0 0 0 1]	[1 0 0 0 1 0]	[0 0 0 0 0 0]
11	0.22238506376743317	8.914754867553711	2.5433080196380615	2.5509796142578125	1.913326621055603	1.9071404933929443	False	[0 0 0 0 0 0 0 0 0 0 0 1]	[0 1 0 0 0 0 0 0 0 0 0 0]	[0 0 0 0 1 0]	[0 0 0 0 0 1]
11	0.3709312379360199	8.91573715209961	2.541471481323242	2.5492050647735596	1.9148305654525757	1.9102296829223633	False	[0 0 0 0 0 0 1 0 0 0 0 1]	[0 1 0 0 0 0 0 0 0 0 0 1]	[1 0 0 0 1 0]	[0 0 0 0 0 0]
11	0.21342693269252777	8.913361549377441	2.5428035259246826	2.5506670475006104	1.9134111404418945	1.906479835510254	False	[0 0 0 0 0 0 0 0 0 0 0 1]	[0 1 0 0 0 0 0 0 0 0 0 0]	[0 0 0 0 1 0]	[0 0 0 0 0 1]
11	0.36010390520095825	8.91782283782959	2.542059898376465	2.5496296882629395	1.9153149127960205	1.9108178615570068	False	[0 0 0 0 0 0 1 0 0 0 0 1]	[0 1 0 0 0 0 0 0 0 0 0 1]	[1 0 0 0 1 0]	[0 0 0 0 0 0]
11	0.21234484016895294	8.917049407958984	2.5436158180236816	2.551124334335327	1.9140374660491943	1.908271312713623	False	[0 0 0 0 0 0 0 0 0 0 0 1]	[0 1 0 0 0 0 0 0 0 0 0 0]	[0 0 0 0 1 0]	[0 0 0 0 0 1]
11	0.3802395761013031	8.91610336303711	2.5423030853271484	2.549563407897949	1.9142379760742188	1.9099984169006348	False	[0 0 0 0 0 0 1 0 0 0 0 1]	[0 1 0 0 0 0 0 0 0 0 0 1]	[1 0 0 0 1 0]	[0 0 0 0 0 0]
11	0.2258782982826233	8.913516998291016	2.542975902557373	2.551058769226074	1.9129976034164429	1.9064842462539673	False	[0 0 0 0 0 0 0 0 0 0 0 1]	[0 1 0 0 0 0 0 0 0 0 0 0]	[0 0 0 0 1 0]	[0 0 0 0 0 1]
11	0.3819892108440399	8.909818649291992	2.5398669242858887	2.547783136367798	1.9144773483276367	1.9076907634735107	False	[0 0 0 0 0 0 1 0 0 0 0 1]	[0 1 0 0 0 0 0 0 0 0 0 1]	[1 0 0 0 1 0]	[0 0 0 0 0 0]
11	0.23564261198043823	8.916727066040039	2.5438292026519775	2.551798105239868	1.9134857654571533	1.9076132774353027	False	[0 0 0 0 0 0 0 0 0 0 0 1]	[0 1 0 0 0 0 0 0 0 0 0 0]	[0 0 0 0 1 0]	[0 0 0 0 0 1]
11	0.37243661284446716	8.914703369140625	2.5414235591888428	2.5492069721221924	1.9144487380981445	1.9096238613128662	False	[0 0 0 0 0 0 1 0 0 0 0 1]	[0 1 0 0 0 0 0 0 0 0 0 1]	[1 0 0 0 1 0]	[0 0 0 0 0 0]
11	0.24079421162605286	8.91242790222168	2.5423929691314697	2.550063133239746	1.9137343168258667	1.9062376022338867	False	[0 0 0 0 0 0 0 0 0 0 0 1]	[0 1 0 0 0 0 0 0 0 0 0 0]	[0 0 0 0 1 0]	[0 0 0 0 0 1]
11	0.3884066045284271	8.916637420654297	2.5419085025787354	2.5497260093688965	1.9145350456237793	1.9104679822921753	False	[0 0 0 0 0 0 1 0 0 0 0 1]	[0 1 0 0 0 0 0 0 0 0 0 1]	[1 0 0 0 1 0]	[0 0 0 0 0 0]
