# num_workers = 8
# num_cells = 256
# seed_for_environment = 202020
# lr = 0.0003
# max_grad_norm = 1.0
# eval_rollout_length = 30
# scaling_factor = 1000
# frames_per_batch = 500
# sub_batch_size = 64
# num_epochs = 15
# clip_epsilon = 0.2
# gamma = 0.99
# lmbda = 0.95
# entropy_eps = 0.5
# env_reward_engineering = True
# env_minimum_number_of_qubits = 1
# log_name = None
# env_error_range = dataCollection
# env_version = qecc/bbcode-ldpc-v0
# env_bit_flipping = True
# env_l = 12
# env_m = 6
# env_use_dict_observation = True
# env_number_of_decoder_iterations = 50
# env_number_of_samples = 50
# env_code_logging = True
# model_architecture = hybrid
# model_surrogate_model_path = /rds/general/user/osella/home/rl-qecc-data//supervisedLearning/2026-07-12_20-18-32/surrogate_6x6.pth
# model_use_pretrained_encoder = False
# index_to_unfreeze_encoder_updates = 20
# encoder_lr_factor = 0.1
# training_device = cpu
# Resolved arguments:
# Resolved_env_reward_engineering = True
# Resolved_env_reward_integral = Between prob. of no error and curve.
# Resolved_env_bit_flipping = True
# Resolved_env_useDictObservation = True
# Resolved_env_code_logging = True
# Resolved_env_error_range = [np.float64(0.0001), np.float64(0.000215), np.float64(0.000464), np.float64(0.001), np.float64(0.002154), np.float64(0.003162), np.float64(0.004642), np.float64(0.01), np.float64(0.021544), np.float64(0.025075), np.float64(0.031623), np.float64(0.046416), np.float64(0.05005), np.float64(0.075025), np.float64(0.1)]
# Resolved_model_use_pretrained_encoder = False
# Resolved_trainingDevice = cpu
# Resolved_model_architecture = hybrid
# Number of workers: 8
# Does torch identify cuda: False
# encoder ***RANDOM WEIGHTS***
evaluation number	reward	policy entropy	policy entropy aX	policy entropy bX	policy entropy aY	policy entropy bY	Encoder freeze	postAction_aX	postAction_bX	postAction_aY	postAction_bY
0	0.23193125426769257	8.964381217956543	2.557678461074829	2.538541793823242	1.9357292652130127	1.9324324131011963	True	[0 0 0 0 0 1 0 0 0 0 0 0]	[0 0 0 0 0 1 0 0 0 0 0 0]	[0 0 1 0 0 0]	[0 0 0 0 0 1]
0	0.46278175711631775	8.979937553405762	2.558312177658081	2.544041872024536	1.9390859603881836	1.9384971857070923	True	[0 0 0 0 0 1 0 1 0 0 0 0]	[0 0 0 0 0 0 0 0 0 0 0 0]	[0 0 0 0 0 0]	[1 0 0 0 0 1]
0	0.3652294874191284	8.980568885803223	2.5578739643096924	2.5447781085968018	1.939281702041626	1.938635230064392	True	[0 0 0 0 0 1 0 0 0 0 0 0]	[0 0 0 0 0 1 0 0 0 0 0 0]	[0 1 0 0 0 0]	[0 0 0 0 0 1]
0	0.4701053500175476	8.980836868286133	2.5577855110168457	2.5447616577148438	1.9394471645355225	1.9388428926467896	True	[0 0 0 0 0 1 0 1 0 0 0 0]	[0 0 0 0 0 0 0 0 0 0 0 0]	[0 0 0 0 0 0]	[1 0 0 0 0 1]
0	0.3647841811180115	8.97998332977295	2.557389736175537	2.544762372970581	1.9391052722930908	1.9387261867523193	True	[0 0 0 0 0 1 0 0 0 0 0 0]	[0 0 0 0 0 1 0 0 0 0 0 0]	[0 1 0 0 0 0]	[0 0 0 0 0 1]
0	0.48131418228149414	8.980588912963867	2.5574398040771484	2.544982433319092	1.9391201734542847	1.9390463829040527	True	[0 0 0 0 0 1 0 1 0 0 0 0]	[0 0 0 0 0 0 0 0 0 0 0 0]	[0 0 0 0 0 0]	[1 0 0 0 0 1]
0	0.37064328789711	8.980069160461426	2.5576183795928955	2.544372797012329	1.9391274452209473	1.9389504194259644	True	[0 0 0 0 0 1 0 0 0 0 0 0]	[0 0 0 0 0 1 0 0 0 0 0 0]	[0 1 0 0 0 0]	[0 0 0 0 0 1]
0	0.4934747815132141	8.980155944824219	2.5577054023742676	2.5447819232940674	1.9390063285827637	1.9386621713638306	True	[0 0 0 0 0 1 0 1 0 0 0 0]	[0 0 0 0 0 0 0 0 0 0 0 0]	[0 0 0 0 0 0]	[1 0 0 0 0 1]
0	0.4003809690475464	8.979948043823242	2.5576202869415283	2.5443978309631348	1.9390242099761963	1.9389054775238037	True	[0 0 0 0 0 1 0 0 0 0 0 0]	[0 0 0 0 0 1 0 0 0 0 0 0]	[0 1 0 0 0 0]	[0 0 0 0 0 1]
0	0.46512556076049805	8.979941368103027	2.557681083679199	2.544349193572998	1.9388635158538818	1.9390474557876587	True	[0 0 0 0 0 1 0 1 0 0 0 0]	[0 0 0 0 0 0 0 0 0 0 0 0]	[0 0 0 0 0 0]	[1 0 0 0 0 1]
0	0.41700971126556396	8.980527877807617	2.557774305343628	2.544571876525879	1.939192771911621	1.9389891624450684	True	[0 0 0 0 0 1 0 0 0 0 0 0]	[0 0 0 0 0 1 0 0 0 0 0 0]	[0 1 0 0 0 0]	[0 0 0 0 0 1]
0	0.46990078687667847	8.979601860046387	2.557443618774414	2.5446066856384277	1.9387938976287842	1.938758134841919	True	[0 0 0 0 0 1 0 1 0 0 0 0]	[0 0 0 0 0 0 0 0 0 0 0 0]	[0 0 0 0 0 0]	[1 0 0 0 0 1]
0	0.40509486198425293	8.979969024658203	2.557633876800537	2.544473171234131	1.93914794921875	1.938713788986206	True	[0 0 0 0 0 1 0 0 0 0 0 0]	[0 0 0 0 0 1 0 0 0 0 0 0]	[0 1 0 0 0 0]	[0 0 0 0 0 1]
0	0.47013500332832336	8.979714393615723	2.5576817989349365	2.544484853744507	1.9389357566833496	1.9386122226715088	True	[0 0 0 0 0 1 0 1 0 0 0 0]	[0 0 0 0 0 0 0 0 0 0 0 0]	[0 0 0 0 0 0]	[1 0 0 0 0 1]
0	0.39282092452049255	8.979788780212402	2.557554244995117	2.5445985794067383	1.93912672996521	1.9385086297988892	True	[0 0 0 0 0 1 0 0 0 0 0 0]	[0 0 0 0 0 1 0 0 0 0 0 0]	[0 1 0 0 0 0]	[0 0 0 0 0 1]
0	0.48070836067199707	8.98045825958252	2.55785870552063	2.5448803901672363	1.9389469623565674	1.9387725591659546	True	[0 0 0 0 0 1 0 1 0 0 0 0]	[0 0 0 0 0 0 0 0 0 0 0 0]	[0 0 0 0 0 0]	[1 0 0 0 0 1]
0	0.3801429569721222	8.980463027954102	2.55761981010437	2.5447328090667725	1.9392037391662598	1.9389067888259888	True	[0 0 0 0 0 1 0 0 0 0 0 0]	[0 0 0 0 0 1 0 0 0 0 0 0]	[0 1 0 0 0 0]	[0 0 0 0 0 1]
0	0.4655131995677948	8.97971248626709	2.5575459003448486	2.5443837642669678	1.9390904903411865	1.9386922121047974	True	[0 0 0 0 0 1 0 1 0 0 0 0]	[0 0 0 0 0 0 0 0 0 0 0 0]	[0 0 0 0 0 0]	[1 0 0 0 0 1]
0	0.3909752070903778	8.97993278503418	2.557607889175415	2.544358253479004	1.9390970468521118	1.9388701915740967	True	[0 0 0 0 0 1 0 0 0 0 0 0]	[0 0 0 0 0 1 0 0 0 0 0 0]	[0 1 0 0 0 0]	[0 0 0 0 0 1]
0	0.4702874422073364	8.981064796447754	2.557847261428833	2.5447781085968018	1.939485788345337	1.9389532804489136	True	[0 0 0 0 0 1 0 1 0 0 0 0]	[0 0 0 0 0 0 0 0 0 0 0 0]	[0 0 0 0 0 0]	[1 0 0 0 0 1]
0	0.404735803604126	8.980107307434082	2.557371139526367	2.544747829437256	1.9393376111984253	1.9386502504348755	True	[0 0 0 0 0 1 0 0 0 0 0 0]	[0 0 0 0 0 1 0 0 0 0 0 0]	[0 1 0 0 0 0]	[0 0 0 0 0 1]
0	0.45509427785873413	8.98012924194336	2.557587146759033	2.5446081161499023	1.939239263534546	1.938694715499878	True	[0 0 0 0 0 1 0 1 0 0 0 0]	[0 0 0 0 0 0 0 0 0 0 0 0]	[0 0 0 0 0 0]	[1 0 0 0 0 1]
0	0.3529720902442932	8.979705810546875	2.5574631690979004	2.544660806655884	1.9391770362854004	1.9384046792984009	True	[0 0 0 0 0 1 0 0 0 0 0 0]	[0 0 0 0 0 1 0 0 0 0 0 0]	[0 1 0 0 0 0]	[0 0 0 0 0 1]
0	0.41179147362709045	8.97964859008789	2.557438611984253	2.5448148250579834	1.9388681650161743	1.9385275840759277	True	[0 0 0 0 0 1 0 1 0 0 0 0]	[0 0 0 0 0 0 0 0 0 0 0 0]	[0 1 1 0 0 0]	[1 0 0 0 0 1]
0	0.221353217959404	8.980599403381348	2.557605743408203	2.5450124740600586	1.9390156269073486	1.9389657974243164	True	[0 0 0 0 0 1 0 0 0 0 0 0]	[0 0 0 0 0 1 0 0 0 0 0 0]	[0 0 1 0 0 0]	[0 0 0 0 0 1]
0	0.4297151565551758	8.97984504699707	2.558440923690796	2.5436484813690186	1.9389429092407227	1.9388128519058228	True	[0 0 0 0 0 1 0 1 0 0 0 0]	[0 0 0 0 0 0 0 0 0 0 0 0]	[0 1 1 0 0 0]	[1 0 0 0 0 1]
0	0.23264996707439423	8.980084419250488	2.5578675270080566	2.544677734375	1.939032793045044	1.9385062456130981	True	[0 0 0 0 0 1 0 0 0 0 0 0]	[0 0 0 0 0 1 0 0 0 0 0 0]	[0 0 1 0 0 0]	[0 0 0 0 0 1]
0	0.4289904832839966	8.98047161102295	2.5582711696624756	2.5442376136779785	1.9392006397247314	1.9387623071670532	True	[0 0 0 0 0 1 0 1 0 0 0 0]	[0 0 0 0 0 0 0 0 0 0 0 0]	[0 1 1 0 0 0]	[1 0 0 0 0 1]
0	0.24652649462223053	8.98071575164795	2.5578391551971436	2.544489860534668	1.9394253492355347	1.9389609098434448	True	[0 0 0 0 0 1 0 0 0 0 0 0]	[0 0 0 0 0 1 0 0 0 0 0 0]	[0 0 1 0 0 0]	[0 0 0 0 0 1]
0	0.4374843239784241	8.979697227478027	2.558164119720459	2.5441670417785645	1.9387274980545044	1.9386383295059204	True	[0 0 0 0 0 1 0 1 0 0 0 0]	[0 0 0 0 0 0 0 0 0 0 0 0]	[0 1 1 0 0 0]	[1 0 0 0 0 1]
1	0.3085067868232727	8.801362991333008	2.5058743953704834	2.489140033721924	1.9097963571548462	1.8965528011322021	True	[0 0 0 1 0 0 0 0 0 0 0 0]	[0 0 0 0 0 0 0 0 0 1 0 0]	[0 0 0 1 0 0]	[0 0 1 0 0 0]
1	0.19410227239131927	8.938336372375488	2.544095754623413	2.536508560180664	1.9352662563323975	1.922465443611145	True	[0 0 0 1 1 0 0 0 0 0 0 0]	[0 0 0 0 0 0 1 0 0 1 0 0]	[0 0 0 0 0 0]	[0 0 0 0 0 0]
1	0.24562996625900269	8.9159574508667	2.5376601219177246	2.5288004875183105	1.9312912225723267	1.918205976486206	True	[0 0 0 1 0 0 0 0 0 0 0 0]	[0 0 0 0 0 0 1 0 0 0 0 0]	[0 0 0 1 0 0]	[0 0 1 0 0 0]
1	0.19472414255142212	8.917502403259277	2.5386104583740234	2.528555154800415	1.9314894676208496	1.918847680091858	True	[0 0 0 1 1 0 0 0 0 0 0 0]	[0 0 0 0 0 0 1 0 0 1 0 0]	[0 0 0 0 0 0]	[0 0 0 0 0 0]
1	0.25068429112434387	8.916742324829102	2.538109302520752	2.528566837310791	1.9311994314193726	1.9188661575317383	True	[0 0 0 1 0 0 0 0 0 0 0 0]	[0 0 0 0 0 0 1 0 0 0 0 0]	[0 0 0 1 0 0]	[0 0 1 0 0 0]
1	0.19311629235744476	8.916595458984375	2.538041353225708	2.5287678241729736	1.9311316013336182	1.9186540842056274	True	[0 0 0 1 1 0 0 0 0 0 0 0]	[0 0 0 0 0 0 1 0 0 1 0 0]	[0 0 0 0 0 0]	[0 0 0 0 0 0]
1	0.2317216992378235	8.917303085327148	2.538161039352417	2.5290801525115967	1.931540608406067	1.9185216426849365	True	[0 0 0 1 0 0 0 0 0 0 0 0]	[0 0 0 0 0 0 1 0 0 0 0 0]	[0 0 0 1 0 0]	[0 0 1 0 0 0]
1	0.20380465686321259	8.917990684509277	2.5387258529663086	2.5289628505706787	1.9310541152954102	1.9192475080490112	True	[0 0 0 1 1 0 0 0 0 0 0 0]	[0 0 0 0 0 0 1 0 0 1 0 0]	[0 0 0 0 0 0]	[0 0 0 0 0 0]
1	0.24991412460803986	8.916452407836914	2.537848472595215	2.5290021896362305	1.9311132431030273	1.9184880256652832	True	[0 0 0 1 0 0 0 0 0 0 0 0]	[0 0 0 0 0 0 1 0 0 0 0 0]	[0 0 0 1 0 0]	[0 0 1 0 0 0]
1	0.20477060973644257	8.915312767028809	2.5378525257110596	2.5284337997436523	1.9311600923538208	1.9178664684295654	True	[0 0 0 1 1 0 0 0 0 0 0 0]	[0 0 0 0 0 0 1 0 0 1 0 0]	[0 0 0 0 0 0]	[0 0 0 0 0 0]
1	0.23914003372192383	8.916388511657715	2.5378429889678955	2.528869152069092	1.9311492443084717	1.9185268878936768	True	[0 0 0 1 0 0 0 0 0 0 0 0]	[0 0 0 0 0 0 1 0 0 0 0 0]	[0 0 0 1 0 0]	[0 0 1 0 0 0]
1	0.1901727169752121	8.916783332824707	2.537951946258545	2.5288195610046387	1.9312129020690918	1.9187990427017212	True	[0 0 0 1 1 0 0 0 0 0 0 0]	[0 0 0 0 0 0 1 0 0 1 0 0]	[0 0 0 0 0 0]	[0 0 0 0 0 0]
1	0.2549086809158325	8.916330337524414	2.5380327701568604	2.528691291809082	1.9310262203216553	1.9185802936553955	True	[0 0 0 1 0 0 0 0 0 0 0 0]	[0 0 0 0 0 0 1 0 0 0 0 0]	[0 0 0 1 0 0]	[0 0 1 0 0 0]
1	0.20520396530628204	8.9157133102417	2.537952423095703	2.5282254219055176	1.9312137365341187	1.9183218479156494	True	[0 0 0 1 1 0 0 0 0 0 0 0]	[0 0 0 0 0 0 1 0 0 1 0 0]	[0 0 0 0 0 0]	[0 0 0 0 0 0]
1	0.27084171772003174	8.915326118469238	2.537703514099121	2.5283541679382324	1.9309666156768799	1.9183015823364258	True	[0 0 0 1 0 0 0 0 0 0 0 0]	[0 0 0 0 0 0 1 0 0 0 0 0]	[0 0 0 1 0 0]	[0 0 1 0 0 0]
1	0.21243585646152496	8.916502952575684	2.5379321575164795	2.5290205478668213	1.9311617612838745	1.9183887243270874	True	[0 0 0 1 1 0 0 0 0 0 0 0]	[0 0 0 0 0 0 1 0 0 1 0 0]	[0 0 0 0 0 0]	[0 0 0 0 0 0]
1	0.2580234706401825	8.918825149536133	2.538708209991455	2.5293188095092773	1.9313753843307495	1.9194223880767822	True	[0 0 0 1 0 0 0 0 0 0 0 0]	[0 0 0 0 0 0 1 0 0 0 0 0]	[0 0 0 1 0 0]	[0 0 1 0 0 0]
1	0.20478589832782745	8.918025970458984	2.538553476333618	2.528857469558716	1.931425929069519	1.9191893339157104	True	[0 0 0 1 1 0 0 0 0 0 0 0]	[0 0 0 0 0 0 1 0 0 1 0 0]	[0 0 0 0 0 0]	[0 0 0 0 0 0]
1	0.26142939925193787	8.918581008911133	2.538524627685547	2.5292086601257324	1.9315177202224731	1.9193302392959595	True	[0 0 0 1 0 0 0 0 0 0 0 0]	[0 0 0 0 0 0 1 0 0 0 0 0]	[0 0 0 1 0 0]	[0 0 1 0 0 0]
1	0.20097069442272186	8.916744232177734	2.5378313064575195	2.528899908065796	1.9314271211624146	1.918586015701294	True	[0 0 0 1 1 0 0 0 0 0 0 0]	[0 0 0 0 0 0 1 0 0 1 0 0]	[0 0 0 0 0 0]	[0 0 0 0 0 0]
1	0.2540682852268219	8.916603088378906	2.537869453430176	2.5289664268493652	1.9311186075210571	1.9186489582061768	True	[0 0 0 1 0 0 0 0 0 0 0 0]	[0 0 0 0 0 0 1 0 0 0 0 0]	[0 0 0 1 0 0]	[0 0 1 0 0 0]
1	0.19817623496055603	8.915550231933594	2.537684917449951	2.5285542011260986	1.9309887886047363	1.9183225631713867	True	[0 0 0 1 1 0 0 0 0 0 0 0]	[0 0 0 0 0 0 1 0 0 1 0 0]	[0 0 0 0 0 0]	[0 0 0 0 0 0]
1	0.24165864288806915	8.917073249816895	2.53817081451416	2.528866767883301	1.9313057661056519	1.9187297821044922	True	[0 0 0 1 0 0 0 0 0 0 0 0]	[0 0 0 0 0 0 1 0 0 0 0 0]	[0 0 0 1 0 0]	[0 0 1 0 0 0]
1	0.18370375037193298	8.9178466796875	2.537987232208252	2.5294506549835205	1.9313091039657593	1.9190998077392578	True	[0 0 0 1 1 0 0 0 0 0 0 0]	[0 0 0 0 0 0 1 0 0 1 0 0]	[0 0 0 0 0 0]	[0 0 0 0 0 0]
1	0.2487863153219223	8.917219161987305	2.5383388996124268	2.528728723526001	1.9311479330062866	1.9190037250518799	True	[0 0 0 1 0 0 0 0 0 0 0 0]	[0 0 0 0 0 0 1 0 0 0 0 0]	[0 0 0 1 0 0]	[0 0 1 0 0 0]
1	0.19773535430431366	8.917202949523926	2.538219928741455	2.529463052749634	1.9314441680908203	1.9180759191513062	True	[0 0 0 1 1 0 0 0 0 0 0 0]	[0 0 0 0 0 0 1 0 0 1 0 0]	[0 0 0 0 0 0]	[0 0 0 0 0 0]
1	0.2444067895412445	8.918103218078613	2.5387001037597656	2.529048204421997	1.931382417678833	1.9189732074737549	True	[0 0 0 1 0 0 0 0 0 0 0 0]	[0 0 0 0 0 0 1 0 0 0 0 0]	[0 0 0 1 0 0]	[0 0 1 0 0 0]
1	0.19815553724765778	8.917548179626465	2.538203716278076	2.5290818214416504	1.9311681985855103	1.9190949201583862	True	[0 0 0 1 1 0 0 0 0 0 0 0]	[0 0 0 0 0 0 1 0 0 1 0 0]	[0 0 0 0 0 0]	[0 0 0 0 0 0]
1	0.2423143833875656	8.916703224182129	2.5380077362060547	2.528719425201416	1.930964708328247	1.919010877609253	True	[0 0 0 1 0 0 0 0 0 0 0 0]	[0 0 0 0 0 0 1 0 0 0 0 0]	[0 0 0 1 0 0]	[0 0 1 0 0 0]
1	0.2029813975095749	8.91858959197998	2.5390102863311768	2.5290415287017822	1.9315258264541626	1.919012188911438	True	[0 0 0 1 1 0 0 0 0 0 0 0]	[0 0 0 0 0 0 1 0 0 1 0 0]	[0 0 0 0 0 0]	[0 0 0 0 0 0]
2	0.44844070076942444	8.763721466064453	2.5143632888793945	2.5006210803985596	1.8846276998519897	1.8641090393066406	False	[0 0 0 0 0 0 0 1 0 0 0 0]	[0 0 1 0 0 0 0 0 0 0 0 0]	[1 0 0 0 0 0]	[0 0 0 0 1 0]
2	0.33702754974365234	8.908802032470703	2.5402281284332275	2.547128200531006	1.9168121814727783	1.90463387966156	False	[0 0 0 0 0 0 0 0 0 0 0 0]	[0 0 1 0 0 0 1 0 0 0 0 0]	[1 1 0 0 0 0]	[0 0 0 0 0 0]
2	0.4349641501903534	8.88394546508789	2.5359883308410645	2.5403003692626953	1.909700870513916	1.8979558944702148	False	[0 0 0 0 0 0 0 1 0 0 0 0]	[0 0 1 0 0 0 0 0 0 0 0 0]	[1 0 0 0 0 0]	[0 0 0 0 1 0]
2	0.3384796679019928	8.907512664794922	2.5399200916290283	2.547095537185669	1.9161893129348755	1.9043083190917969	False	[0 0 0 0 0 0 0 0 0 0 0 0]	[0 0 1 0 0 0 1 0 0 0 0 0]	[1 1 0 0 0 0]	[0 0 0 0 0 0]
2	0.4461313486099243	8.8865966796875	2.5361344814300537	2.541246175765991	1.9105297327041626	1.8986859321594238	False	[0 0 0 0 0 0 0 1 0 0 0 0]	[0 0 1 0 0 0 0 0 0 0 0 0]	[1 0 0 0 0 0]	[0 0 0 0 1 0]
2	0.34009507298469543	8.905726432800293	2.539390802383423	2.5468380451202393	1.9160418510437012	1.9034559726715088	False	[0 0 0 0 0 0 0 0 0 0 0 0]	[0 0 1 0 0 0 1 0 0 0 0 0]	[1 1 0 0 0 0]	[0 0 0 0 0 0]
2	0.42667433619499207	8.886678695678711	2.536118984222412	2.541098117828369	1.9107483625411987	1.8987131118774414	False	[0 0 0 0 0 0 0 1 0 0 0 0]	[0 0 1 0 0 0 0 0 0 0 0 0]	[1 0 0 0 0 0]	[0 0 0 0 1 0]
2	0.34192508459091187	8.908699989318848	2.539978504180908	2.5472893714904785	1.9166135787963867	1.9048185348510742	False	[0 0 0 0 0 0 0 0 0 0 0 0]	[0 0 1 0 0 0 1 0 0 0 0 0]	[1 1 0 0 0 0]	[0 0 0 0 0 0]
2	0.4231571555137634	8.886964797973633	2.536275625228882	2.5412914752960205	1.9107826948165894	1.8986144065856934	False	[0 0 0 0 0 0 0 1 0 0 0 0]	[0 0 1 0 0 0 0 0 0 0 0 0]	[1 0 0 0 0 0]	[0 0 0 0 1 0]
2	0.3296898305416107	8.906485557556152	2.53985857963562	2.5466396808624268	1.9161018133163452	1.9038853645324707	False	[0 0 0 0 0 0 0 0 0 0 0 0]	[0 0 1 0 0 0 1 0 0 0 0 0]	[1 1 0 0 0 0]	[0 0 0 0 0 0]
2	0.4174293577671051	8.886384010314941	2.5361878871917725	2.5409433841705322	1.9105108976364136	1.898741602897644	False	[0 0 0 0 0 0 0 1 0 0 0 0]	[0 0 1 0 0 0 0 0 0 0 0 0]	[1 0 0 0 0 0]	[0 0 0 0 1 0]
2	0.36038607358932495	8.907520294189453	2.5398285388946533	2.547358989715576	1.9159443378448486	1.904388189315796	False	[0 0 0 0 0 0 0 0 0 0 0 0]	[0 0 1 0 0 0 1 0 0 0 0 0]	[1 1 0 0 0 0]	[0 0 0 0 0 0]
2	0.4560232162475586	8.886026382446289	2.536083698272705	2.540843963623047	1.9104262590408325	1.8986722230911255	False	[0 0 0 0 0 0 0 1 0 0 0 0]	[0 0 1 0 0 0 0 0 0 0 0 0]	[1 0 0 0 0 0]	[0 0 0 0 1 0]
2	0.36053022742271423	8.907241821289062	2.540069580078125	2.5467097759246826	1.9162590503692627	1.9042034149169922	False	[0 0 0 0 0 0 0 0 0 0 0 0]	[0 0 1 0 0 0 1 0 0 0 0 0]	[1 1 0 0 0 0]	[0 0 0 0 0 0]
2	0.4255777895450592	8.884632110595703	2.5359489917755127	2.5408525466918945	1.909787654876709	1.898043155670166	False	[0 0 0 0 0 0 0 1 0 0 0 0]	[0 0 1 0 0 0 0 0 0 0 0 0]	[1 0 0 0 0 0]	[0 0 0 0 1 0]
2	0.3173956871032715	8.908920288085938	2.540026903152466	2.5472042560577393	1.917036771774292	1.9046521186828613	False	[0 0 0 0 0 0 0 0 0 0 0 0]	[0 0 1 0 0 0 1 0 0 0 0 0]	[1 1 0 0 0 0]	[0 0 0 0 0 0]
2	0.44998544454574585	8.887022972106934	2.536395788192749	2.541184663772583	1.9105701446533203	1.8988723754882812	False	[0 0 0 0 0 0 0 1 0 0 0 0]	[0 0 1 0 0 0 0 0 0 0 0 0]	[1 0 0 0 0 0]	[0 0 0 0 1 0]
2	0.3652831017971039	8.90675163269043	2.5397143363952637	2.5470337867736816	1.9163239002227783	1.9036803245544434	False	[0 0 0 0 0 0 0 0 0 0 0 0]	[0 0 1 0 0 0 1 0 0 0 0 0]	[1 1 0 0 0 0]	[0 0 0 0 0 0]
2	0.44072654843330383	8.888358116149902	2.5366971492767334	2.5415234565734863	1.910983920097351	1.8991533517837524	False	[0 0 0 0 0 0 0 1 0 0 0 0]	[0 0 1 0 0 0 0 0 0 0 0 0]	[1 0 0 0 0 0]	[0 0 0 0 1 0]
2	0.34923702478408813	8.908939361572266	2.5400946140289307	2.547590732574463	1.9166823625564575	1.9045711755752563	False	[0 0 0 0 0 0 0 0 0 0 0 0]	[0 0 1 0 0 0 1 0 0 0 0 0]	[1 1 0 0 0 0]	[0 0 0 0 0 0]
2	0.44917726516723633	8.885627746582031	2.5361573696136475	2.5407497882843018	1.910302758216858	1.8984181880950928	False	[0 0 0 0 0 0 0 1 0 0 0 0]	[0 0 1 0 0 0 0 0 0 0 0 0]	[1 0 0 0 0 0]	[0 0 0 0 1 0]
2	0.33658403158187866	8.908809661865234	2.540137529373169	2.547626256942749	1.9165207147598267	1.9045250415802002	False	[0 0 0 0 0 0 0 0 0 0 0 0]	[0 0 1 0 0 0 1 0 0 0 0 0]	[1 1 0 0 0 0]	[0 0 0 0 0 0]
2	0.4186834692955017	8.884899139404297	2.535888671875	2.5405466556549072	1.910478949546814	1.8979846239089966	False	[0 0 0 0 0 0 0 1 0 0 0 0]	[0 0 1 0 0 0 0 0 0 0 0 0]	[1 0 0 0 0 0]	[0 0 0 0 1 0]
2	0.3546493649482727	8.90815544128418	2.5398809909820557	2.5474371910095215	1.9164013862609863	1.904435157775879	False	[0 0 0 0 0 0 0 0 0 0 0 0]	[0 0 1 0 0 0 1 0 0 0 0 0]	[1 1 0 0 0 0]	[0 0 0 0 0 0]
2	0.44518840312957764	8.887224197387695	2.5361788272857666	2.5413615703582764	1.9108314514160156	1.8988525867462158	False	[0 0 0 0 0 0 0 1 0 0 0 0]	[0 0 1 0 0 0 0 0 0 0 0 0]	[1 0 0 0 0 0]	[0 0 0 0 1 0]
2	0.38407668471336365	8.906807899475098	2.539581060409546	2.54691219329834	1.9160274267196655	1.9042872190475464	False	[0 0 0 0 0 0 0 0 0 0 0 0]	[0 0 1 0 0 0 1 0 0 0 0 0]	[1 1 0 0 0 0]	[0 0 0 0 0 0]
2	0.44969478249549866	8.885437965393066	2.536175489425659	2.5405452251434326	1.9105308055877686	1.8981865644454956	False	[0 0 0 0 0 0 0 1 0 0 0 0]	[0 0 1 0 0 0 0 0 0 0 0 0]	[1 0 0 0 0 0]	[0 0 0 0 1 0]
2	0.33527520298957825	8.908454895019531	2.539992332458496	2.5473899841308594	1.9164446592330933	1.9046281576156616	False	[0 0 0 0 0 0 0 0 0 0 0 0]	[0 0 1 0 0 0 1 0 0 0 0 0]	[1 1 0 0 0 0]	[0 0 0 0 0 0]
2	0.424263596534729	8.885917663574219	2.5364298820495605	2.540497303009033	1.910325288772583	1.8986659049987793	False	[0 0 0 0 0 0 0 1 0 0 0 0]	[0 0 1 0 0 0 0 0 0 0 0 0]	[1 0 0 0 0 0]	[0 0 0 0 1 0]
2	0.3450946807861328	8.90685749053955	2.5396060943603516	2.546781063079834	1.916150450706482	1.9043195247650146	False	[0 0 0 0 0 0 0 0 0 0 0 0]	[0 0 1 0 0 0 1 0 0 0 0 0]	[1 1 0 0 0 0]	[0 0 0 0 0 0]
3	0.5332622528076172	8.77917766571045	2.4961724281311035	2.5164284706115723	1.881395697593689	1.8851808309555054	False	[0 0 0 1 0 0 0 0 0 0 0 0]	[0 0 1 0 0 0 0 0 0 0 0 0]	[0 0 0 0 1 0]	[0 1 0 0 0 0]
3	0.39513319730758667	8.894441604614258	2.5348455905914307	2.547673225402832	1.9004212617874146	1.9115018844604492	False	[0 0 0 1 0 0 0 0 0 0 1 0]	[0 0 1 0 0 0 0 1 0 0 0 0]	[0 0 0 0 0 0]	[0 1 0 0 0 1]
3	0.5598790645599365	8.891841888427734	2.533313751220703	2.5475873947143555	1.9004992246627808	1.9104413986206055	False	[0 0 0 1 0 0 0 0 0 0 0 0]	[0 0 1 0 0 0 0 0 0 0 0 0]	[0 0 0 0 1 0]	[0 1 0 0 0 0]
3	0.3825300633907318	8.894518852233887	2.5351030826568604	2.5477681159973145	1.9000730514526367	1.911574125289917	False	[0 0 0 1 0 0 0 0 0 0 1 0]	[0 0 1 0 0 0 0 1 0 0 0 0]	[0 0 0 0 0 0]	[0 1 0 0 0 1]
3	0.5599797368049622	8.889396667480469	2.5327656269073486	2.547175407409668	1.8994156122207642	1.9100407361984253	False	[0 0 0 1 0 0 0 0 0 0 0 0]	[0 0 1 0 0 0 0 0 0 0 0 0]	[0 0 0 0 1 0]	[0 1 0 0 0 0]
3	0.4099768400192261	8.895840644836426	2.5352327823638916	2.54783296585083	1.9010494947433472	1.9117250442504883	False	[0 0 0 1 0 0 0 0 0 0 1 0]	[0 0 1 0 0 0 0 1 0 0 0 0]	[0 0 0 0 0 0]	[0 1 0 0 0 1]
3	0.5400440096855164	8.891768455505371	2.533364772796631	2.5477826595306396	1.9000409841537476	1.910579800605774	False	[0 0 0 1 0 0 0 0 0 0 0 0]	[0 0 1 0 0 0 0 0 0 0 0 0]	[0 0 0 0 1 0]	[0 1 0 0 0 0]
3	0.40743258595466614	8.895861625671387	2.535391330718994	2.548038959503174	1.9006860256195068	1.9117450714111328	False	[0 0 0 1 0 0 0 0 0 0 1 0]	[0 0 1 0 0 0 0 1 0 0 0 0]	[0 0 0 0 0 0]	[0 1 0 0 0 1]
3	0.538775622844696	8.89251708984375	2.5333330631256104	2.5480661392211914	1.9004132747650146	1.9107047319412231	False	[0 0 0 1 0 0 0 0 0 0 0 0]	[0 0 1 0 0 0 0 0 0 0 0 0]	[0 0 0 0 1 0]	[0 1 0 0 0 0]
3	0.4040382504463196	8.897527694702148	2.5359010696411133	2.5483970642089844	1.9013248682022095	1.91190505027771	False	[0 0 0 1 0 0 0 0 0 0 1 0]	[0 0 1 0 0 0 0 1 0 0 0 0]	[0 0 0 0 0 0]	[0 1 0 0 0 1]
3	0.526698648929596	8.893083572387695	2.533679246902466	2.548003673553467	1.90077805519104	1.9106225967407227	False	[0 0 0 1 0 0 0 0 0 0 0 0]	[0 0 1 0 0 0 0 0 0 0 0 0]	[0 0 0 0 1 0]	[0 1 0 0 0 0]
3	0.3934496343135834	8.892781257629395	2.53463077545166	2.5470240116119385	1.8996977806091309	1.9114288091659546	False	[0 0 0 1 0 0 0 0 0 0 1 0]	[0 0 1 0 0 0 0 1 0 0 0 0]	[0 0 0 0 0 0]	[0 1 0 0 0 1]
3	0.5394378304481506	8.894647598266602	2.5339415073394775	2.5480082035064697	1.9013820886611938	1.9113154411315918	False	[0 0 0 1 0 0 0 0 0 0 0 0]	[0 0 1 0 0 0 0 0 0 0 0 0]	[0 0 0 0 1 0]	[0 1 0 0 0 0]
3	0.4139561355113983	8.895553588867188	2.5352959632873535	2.548171281814575	1.9005677700042725	1.9115183353424072	False	[0 0 0 1 0 0 0 0 0 0 1 0]	[0 0 1 0 0 0 0 1 0 0 0 0]	[0 0 0 0 0 0]	[0 1 0 0 0 1]
3	0.5264344811439514	8.89118766784668	2.5332894325256348	2.547637939453125	1.8998852968215942	1.9103748798370361	False	[0 0 0 1 0 0 0 0 0 0 0 0]	[0 0 1 0 0 0 0 0 0 0 0 0]	[0 0 0 0 1 0]	[0 1 0 0 0 0]
3	0.4011111557483673	8.897212982177734	2.5354866981506348	2.5483155250549316	1.901155710220337	1.9122549295425415	False	[0 0 0 1 0 0 0 0 0 0 1 0]	[0 0 1 0 0 0 0 1 0 0 0 0]	[0 0 0 0 0 0]	[0 1 0 0 0 1]
3	0.4993632137775421	8.893178939819336	2.533773899078369	2.547938108444214	1.9005298614501953	1.9109368324279785	False	[0 0 0 1 0 0 0 0 0 0 0 0]	[0 0 1 0 0 0 0 0 0 0 0 0]	[0 0 0 0 1 0]	[0 1 0 0 0 0]
3	0.3979523181915283	8.8959321975708	2.5353403091430664	2.5481808185577393	1.9007867574691772	1.9116243124008179	False	[0 0 0 1 0 0 0 0 0 0 1 0]	[0 0 1 0 0 0 0 1 0 0 0 0]	[0 0 0 0 0 0]	[0 1 0 0 0 1]
3	0.519605278968811	8.891846656799316	2.5333669185638428	2.54748272895813	1.9002127647399902	1.9107846021652222	False	[0 0 0 1 0 0 0 0 0 0 0 0]	[0 0 1 0 0 0 0 0 0 0 0 0]	[0 0 0 0 1 0]	[0 1 0 0 0 0]
3	0.41311439871788025	8.896256446838379	2.5356316566467285	2.548217535018921	1.900795817375183	1.9116111993789673	False	[0 0 0 1 0 0 0 0 0 0 1 0]	[0 0 1 0 0 0 0 1 0 0 0 0]	[0 0 0 0 0 0]	[0 1 0 0 0 1]
3	0.5119246244430542	8.893701553344727	2.5337321758270264	2.548096179962158	1.901148796081543	1.910724401473999	False	[0 0 0 1 0 0 0 0 0 0 0 0]	[0 0 1 0 0 0 0 0 0 0 0 0]	[0 0 0 0 1 0]	[0 1 0 0 0 0]
3	0.39568620920181274	8.895076751708984	2.535106658935547	2.5478696823120117	1.900432825088501	1.9116679430007935	False	[0 0 0 1 0 0 0 0 0 0 1 0]	[0 0 1 0 0 0 0 1 0 0 0 0]	[0 0 0 0 0 0]	[0 1 0 0 0 1]
3	0.5446159243583679	8.89361572265625	2.533996343612671	2.5480797290802	1.9007627964019775	1.9107770919799805	False	[0 0 0 1 0 0 0 0 0 0 0 0]	[0 0 1 0 0 0 0 0 0 0 0 0]	[0 0 0 0 1 0]	[0 1 0 0 0 0]
3	0.40095242857933044	8.896305084228516	2.53533935546875	2.5478298664093018	1.901021957397461	1.9121146202087402	False	[0 0 0 1 0 0 0 0 0 0 1 0]	[0 0 1 0 0 0 0 1 0 0 0 0]	[0 0 0 0 0 0]	[0 1 0 0 0 1]
3	0.48354315757751465	8.890700340270996	2.533154249191284	2.54740571975708	1.8998439311981201	1.9102966785430908	False	[0 0 0 1 0 0 0 0 0 0 0 0]	[0 0 1 0 0 0 0 0 0 0 0 0]	[0 0 0 0 1 0]	[0 1 0 0 0 0]
3	0.3940638303756714	8.895915985107422	2.5351381301879883	2.5478224754333496	1.9010344743728638	1.9119209051132202	False	[0 0 0 1 0 0 0 0 0 0 1 0]	[0 0 1 0 0 0 0 1 0 0 0 0]	[0 0 0 0 0 0]	[0 1 0 0 0 1]
3	0.5183514952659607	8.895862579345703	2.5344908237457275	2.548391103744507	1.9018155336380005	1.9111653566360474	False	[0 0 0 1 0 0 0 0 0 0 0 0]	[0 0 1 0 0 0 0 0 0 0 0 0]	[0 0 0 0 1 0]	[0 1 0 0 0 0]
3	0.391821026802063	8.896628379821777	2.5351169109344482	2.548222541809082	1.901046872138977	1.9122416973114014	False	[0 0 0 1 0 0 0 0 0 0 1 0]	[0 0 1 0 0 0 0 1 0 0 0 0]	[0 0 0 0 0 0]	[0 1 0 0 0 1]
3	0.4897427260875702	8.893684387207031	2.533806324005127	2.5479159355163574	1.901070237159729	1.9108924865722656	False	[0 0 0 1 0 0 0 0 0 0 0 0]	[0 0 1 0 0 0 0 0 0 0 0 0]	[0 0 0 0 1 0]	[0 1 0 0 0 0]
3	0.4059496223926544	8.895049095153809	2.5351829528808594	2.5477230548858643	1.9004626274108887	1.9116804599761963	False	[0 0 0 1 0 0 0 0 0 0 1 0]	[0 0 1 0 0 0 0 1 0 0 0 0]	[0 0 0 0 0 0]	[0 1 0 0 0 1]
4	0.5485278367996216	8.846416473388672	2.495328426361084	2.525285243988037	1.9172446727752686	1.9085582494735718	False	[0 0 0 0 0 0 0 1 0 0 0 0]	[0 0 1 0 0 0 0 0 0 0 0 0]	[0 0 0 1 0 0]	[0 1 0 0 0 0]
4	0.2942492365837097	8.916906356811523	2.539771318435669	2.543990135192871	1.9187952280044556	1.914350152015686	False	[0 0 0 0 0 0 0 1 0 1 0 0]	[0 0 0 0 0 0 0 0 0 0 0 0]	[0 0 1 1 0 0]	[0 1 0 1 0 0]
4	0.5208134651184082	8.909032821655273	2.5354409217834473	2.5407395362854004	1.9194773435592651	1.9133750200271606	False	[0 0 0 0 0 0 0 0 0 1 0 0]	[0 0 1 0 0 0 0 0 0 0 0 0]	[0 0 1 0 0 0]	[0 1 0 0 0 0]
4	-0.5	8.913914680480957	2.5384061336517334	2.5434794425964355	1.91850745677948	1.9135218858718872	False	[0 0 0 0 0 0 0 0 0 0 0 0]	[0 0 0 0 0 0 0 0 0 0 0 0]	[0 0 0 0 0 0]	[0 1 0 1 0 0]
4	0.4808422327041626	8.877493858337402	2.514359951019287	2.532761573791504	1.9188361167907715	1.911536455154419	False	[0 0 0 0 0 0 0 1 0 0 0 0]	[0 0 1 0 0 0 0 0 0 0 0 0]	[0 0 0 1 0 0]	[0 1 0 0 0 0]
4	0.273681640625	8.913463592529297	2.5387885570526123	2.543396234512329	1.918126106262207	1.9131531715393066	False	[0 0 0 0 0 0 0 1 0 1 0 0]	[0 0 0 0 0 0 0 0 0 0 0 0]	[0 0 1 1 0 0]	[0 1 0 1 0 0]
4	0.50556880235672	8.91088581085205	2.5366721153259277	2.5414462089538574	1.9195709228515625	1.9131966829299927	False	[0 0 0 0 0 0 0 0 0 1 0 0]	[0 0 1 0 0 0 0 0 0 0 0 0]	[0 0 1 0 0 0]	[0 1 0 0 0 0]
4	-0.5	8.91561222076416	2.5383002758026123	2.543877601623535	1.9191009998321533	1.9143332242965698	False	[0 0 0 0 0 0 0 0 0 0 0 0]	[0 0 0 0 0 0 0 0 0 0 0 0]	[0 0 0 0 0 0]	[0 1 0 1 0 0]
4	0.5394096374511719	8.87708568572998	2.514047384262085	2.532442092895508	1.9190113544464111	1.9115848541259766	False	[0 0 0 0 0 0 0 1 0 0 0 0]	[0 0 1 0 0 0 0 0 0 0 0 0]	[0 0 0 1 0 0]	[0 1 0 0 0 0]
4	0.27741020917892456	8.916378021240234	2.5393612384796143	2.5439260005950928	1.9187835454940796	1.9143073558807373	False	[0 0 0 0 0 0 0 1 0 1 0 0]	[0 0 0 0 0 0 0 0 0 0 0 0]	[0 0 1 1 0 0]	[0 1 0 1 0 0]
4	0.5451914072036743	8.908087730407715	2.5357589721679688	2.540804862976074	1.91875422000885	1.9127700328826904	False	[0 0 0 0 0 0 0 0 0 1 0 0]	[0 0 1 0 0 0 0 0 0 0 0 0]	[0 0 1 0 0 0]	[0 1 0 0 0 0]
4	-0.5	8.915203094482422	2.5391058921813965	2.5437734127044678	1.9187040328979492	1.9136202335357666	False	[0 0 0 0 0 0 0 0 0 0 0 0]	[0 0 0 0 0 0 0 0 0 0 0 0]	[0 0 0 0 0 0]	[0 1 0 1 0 0]
4	0.5311719179153442	8.877230644226074	2.5150105953216553	2.5326733589172363	1.9185266494750977	1.911020278930664	False	[0 0 0 0 0 0 0 1 0 0 0 0]	[0 0 1 0 0 0 0 0 0 0 0 0]	[0 0 0 1 0 0]	[0 1 0 0 0 0]
4	0.30592095851898193	8.91564655303955	2.5386297702789307	2.5438191890716553	1.9190807342529297	1.9141169786453247	False	[0 0 0 0 0 0 0 1 0 1 0 0]	[0 0 0 0 0 0 0 0 0 0 0 0]	[0 0 1 1 0 0]	[0 1 0 1 0 0]
4	0.5537588596343994	8.910259246826172	2.5355167388916016	2.5412163734436035	1.919560432434082	1.9139657020568848	False	[0 0 0 0 0 0 0 0 0 1 0 0]	[0 0 1 0 0 0 0 0 0 0 0 0]	[0 0 1 0 0 0]	[0 1 0 0 0 0]
4	-0.5	8.914470672607422	2.5380749702453613	2.543754816055298	1.9187594652175903	1.9138810634613037	False	[0 0 0 0 0 0 0 0 0 0 0 0]	[0 0 0 0 0 0 0 0 0 0 0 0]	[0 0 0 0 0 0]	[0 1 0 1 0 0]
4	0.5442047119140625	8.874658584594727	2.5126776695251465	2.5322227478027344	1.9187464714050293	1.9110121726989746	False	[0 0 0 0 0 0 0 1 0 0 0 0]	[0 0 1 0 0 0 0 0 0 0 0 0]	[0 0 0 1 0 0]	[0 1 0 0 0 0]
4	0.29201066493988037	8.91469955444336	2.538750648498535	2.543605089187622	1.918668508529663	1.91367506980896	False	[0 0 0 0 0 0 0 1 0 1 0 0]	[0 0 0 0 0 0 0 0 0 0 0 0]	[0 0 1 1 0 0]	[0 1 0 1 0 0]
4	0.5315101146697998	8.909577369689941	2.535545825958252	2.540914535522461	1.9193940162658691	1.9137226343154907	False	[0 0 0 0 0 0 0 0 0 1 0 0]	[0 0 1 0 0 0 0 0 0 0 0 0]	[0 0 1 0 0 0]	[0 1 0 0 0 0]
4	-0.5	8.915817260742188	2.5389578342437744	2.5438573360443115	1.9188859462738037	1.9141161441802979	False	[0 0 0 0 0 0 0 0 0 0 0 0]	[0 0 0 0 0 0 0 0 0 0 0 0]	[0 0 0 0 0 0]	[0 1 0 1 0 0]
4	0.511959433555603	8.874463081359863	2.5131053924560547	2.5322210788726807	1.9184811115264893	1.9106559753417969	False	[0 0 0 0 0 0 0 1 0 0 0 0]	[0 0 1 0 0 0 0 0 0 0 0 0]	[0 0 0 1 0 0]	[0 1 0 0 0 0]
4	0.2741081714630127	8.915261268615723	2.538928985595703	2.5436649322509766	1.9187753200531006	1.9138915538787842	False	[0 0 0 0 0 0 0 1 0 1 0 0]	[0 0 0 0 0 0 0 0 0 0 0 0]	[0 0 1 1 0 0]	[0 1 0 1 0 0]
4	0.535173237323761	8.910900115966797	2.537209987640381	2.541170120239258	1.919285774230957	1.913233995437622	False	[0 0 0 0 0 0 0 0 0 1 0 0]	[0 0 1 0 0 0 0 0 0 0 0 0]	[0 0 1 0 0 0]	[0 1 0 0 0 0]
4	-0.5	8.912365913391113	2.5365519523620605	2.5435163974761963	1.9185279607772827	1.913769006729126	False	[0 0 0 0 0 0 0 0 0 0 0 0]	[0 0 0 0 0 0 0 0 0 0 0 0]	[0 0 0 0 0 0]	[0 1 0 1 0 0]
4	0.5783047676086426	8.87619686126709	2.5138888359069824	2.5324554443359375	1.9185636043548584	1.9112892150878906	False	[0 0 0 0 0 0 0 1 0 0 0 0]	[0 0 1 0 0 0 0 0 0 0 0 0]	[0 0 0 1 0 0]	[0 1 0 0 0 0]
4	0.27743974328041077	8.914268493652344	2.538632392883301	2.5436577796936035	1.9184421300888062	1.9135360717773438	False	[0 0 0 0 0 0 0 1 0 1 0 0]	[0 0 0 0 0 0 0 0 0 0 0 0]	[0 0 1 1 0 0]	[0 1 0 1 0 0]
4	0.5332079529762268	8.908576011657715	2.53536319732666	2.540955066680908	1.9189845323562622	1.9132733345031738	False	[0 0 0 0 0 0 0 0 0 1 0 0]	[0 0 1 0 0 0 0 0 0 0 0 0]	[0 0 1 0 0 0]	[0 1 0 0 0 0]
4	-0.5	8.915160179138184	2.539034843444824	2.5438592433929443	1.9184961318969727	1.913770079612732	False	[0 0 0 0 0 0 0 0 0 0 0 0]	[0 0 0 0 0 0 0 0 0 0 0 0]	[0 0 0 0 0 0]	[0 1 0 1 0 0]
4	0.5018487572669983	8.874767303466797	2.513214588165283	2.531918525695801	1.9189453125	1.910689353942871	False	[0 0 0 0 0 0 0 1 0 0 0 0]	[0 0 1 0 0 0 0 0 0 0 0 0]	[0 0 0 1 0 0]	[0 1 0 0 0 0]
4	0.29072239995002747	8.912567138671875	2.5371272563934326	2.5433614253997803	1.9184978008270264	1.9135805368423462	False	[0 0 0 0 0 0 0 1 0 1 0 0]	[0 0 0 0 0 0 0 0 0 0 0 0]	[0 0 1 1 0 0]	[0 1 0 1 0 0]
5	0.347637802362442	8.905088424682617	2.5404305458068848	2.518113374710083	1.9245363473892212	1.9220082759857178	False	[0 0 0 0 0 0 0 1 0 0 0 0]	[0 0 0 0 0 0 0 0 0 0 1 0]	[0 1 0 0 0 0]	[0 1 0 0 0 0]
5	0.26748597621917725	8.931283950805664	2.5509939193725586	2.5383543968200684	1.9130133390426636	1.9289216995239258	False	[0 0 0 0 1 0 0 1 0 0 0 0]	[0 0 0 0 0 0 0 0 0 0 0 0]	[0 1 1 0 0 0]	[0 1 0 0 0 1]
5	0.5351853966712952	8.931921005249023	2.551306962966919	2.535308361053467	1.9162704944610596	1.9290356636047363	False	[0 0 0 0 0 0 0 1 0 0 0 0]	[0 0 0 0 0 0 0 0 0 0 1 0]	[0 0 1 0 0 0]	[0 1 0 0 0 0]
5	0.2936082184314728	8.925985336303711	2.5520949363708496	2.540524482727051	1.908342957496643	1.9250234365463257	False	[0 0 0 0 1 0 0 1 0 0 0 0]	[0 0 0 0 0 0 0 1 0 0 1 0]	[0 0 0 0 0 0]	[0 1 0 0 0 1]
5	0.03194431960582733	8.93200969696045	2.5516433715820312	2.5349152088165283	1.9166724681854248	1.9287785291671753	False	[0 0 0 0 0 0 0 1 0 0 0 0]	[0 0 0 0 0 0 0 1 0 0 0 0]	[0 1 0 0 0 0]	[0 1 0 0 0 0]
5	0.28151649236679077	8.92944049835205	2.5497515201568604	2.534616231918335	1.9158499240875244	1.9292229413986206	False	[0 0 0 0 1 0 0 1 0 0 0 0]	[0 0 0 0 0 0 0 1 0 0 1 0]	[0 0 0 0 0 0]	[0 1 0 0 0 1]
5	0.03145547956228256	8.932522773742676	2.551568031311035	2.535278797149658	1.9165533781051636	1.9291223287582397	False	[0 0 0 0 0 0 0 1 0 0 0 0]	[0 0 0 0 0 0 0 1 0 0 0 0]	[0 1 0 0 0 0]	[0 1 0 0 0 0]
5	0.27477893233299255	8.928555488586426	2.548656940460205	2.534785032272339	1.9156863689422607	1.9294273853302002	False	[0 0 0 0 1 0 0 1 0 0 0 0]	[0 0 0 0 0 0 0 1 0 0 1 0]	[0 0 0 0 0 0]	[0 1 0 0 0 1]
5	0.01763368397951126	8.93276309967041	2.551384687423706	2.5351006984710693	1.9169875383377075	1.9292901754379272	False	[0 0 0 0 0 0 0 1 0 0 0 0]	[0 0 0 0 0 0 0 1 0 0 0 0]	[0 1 0 0 0 0]	[0 1 0 0 0 0]
5	0.28237903118133545	8.931840896606445	2.5498337745666504	2.5357697010040283	1.916361689567566	1.9298757314682007	False	[0 0 0 0 1 0 0 1 0 0 0 0]	[0 0 0 0 0 0 0 1 0 0 1 0]	[0 0 0 0 0 0]	[0 1 0 0 0 1]
5	0.027396926656365395	8.932804107666016	2.5521552562713623	2.5348904132843018	1.9171142578125	1.9286439418792725	False	[0 0 0 0 0 0 0 1 0 0 0 0]	[0 0 0 0 0 0 0 1 0 0 0 0]	[0 1 0 0 0 0]	[0 1 0 0 0 0]
5	0.2701597213745117	8.929792404174805	2.5497922897338867	2.534421682357788	1.9161663055419922	1.9294118881225586	False	[0 0 0 0 1 0 0 1 0 0 0 0]	[0 0 0 0 0 0 0 1 0 0 1 0]	[0 0 0 0 0 0]	[0 1 0 0 0 1]
5	0.02221665531396866	8.930791854858398	2.550690174102783	2.534945011138916	1.9160646200180054	1.929091453552246	False	[0 0 0 0 0 0 0 1 0 0 0 0]	[0 0 0 0 0 0 0 1 0 0 0 0]	[0 1 0 0 0 0]	[0 1 0 0 0 0]
5	0.25930073857307434	8.930054664611816	2.549604892730713	2.5349278450012207	1.9161505699157715	1.9293712377548218	False	[0 0 0 0 1 0 0 1 0 0 0 0]	[0 0 0 0 0 0 0 1 0 0 1 0]	[0 0 0 0 0 0]	[0 1 0 0 0 1]
5	0.032924916595220566	8.932157516479492	2.5514814853668213	2.535010576248169	1.9168123006820679	1.9288532733917236	False	[0 0 0 0 0 0 0 1 0 0 0 0]	[0 0 0 0 0 0 0 1 0 0 0 0]	[0 1 0 0 0 0]	[0 1 0 0 0 0]
5	0.2526611089706421	8.929359436035156	2.54988956451416	2.5344314575195312	1.915998935699463	1.9290399551391602	False	[0 0 0 0 1 0 0 1 0 0 0 0]	[0 0 0 0 0 0 0 1 0 0 1 0]	[0 0 0 0 0 0]	[0 1 0 0 0 1]
5	0.02614505961537361	8.932685852050781	2.5517258644104004	2.5352535247802734	1.9168024063110352	1.9289040565490723	False	[0 0 0 0 0 0 0 1 0 0 0 0]	[0 0 0 0 0 0 0 1 0 0 0 0]	[0 1 0 0 0 0]	[0 1 0 0 0 0]
5	0.2857495844364166	8.930087089538574	2.5505547523498535	2.534691572189331	1.9159551858901978	1.9288861751556396	False	[0 0 0 0 1 0 0 1 0 0 0 0]	[0 0 0 0 0 0 0 1 0 0 1 0]	[0 0 0 0 0 0]	[0 1 0 0 0 1]
5	0.03149399533867836	8.93195915222168	2.551421642303467	2.535149574279785	1.9164310693740845	1.9289573431015015	False	[0 0 0 0 0 0 0 1 0 0 0 0]	[0 0 0 0 0 0 0 1 0 0 0 0]	[0 1 0 0 0 0]	[0 1 0 0 0 0]
5	0.26447853446006775	8.930194854736328	2.5495991706848145	2.5350842475891113	1.9160929918289185	1.9294180870056152	False	[0 0 0 0 1 0 0 1 0 0 0 0]	[0 0 0 0 0 0 0 1 0 0 1 0]	[0 0 0 0 0 0]	[0 1 0 0 0 1]
5	0.02395372837781906	8.932632446289062	2.552269697189331	2.534815549850464	1.916883945465088	1.9286630153656006	False	[0 0 0 0 0 0 0 1 0 0 0 0]	[0 0 0 0 0 0 0 1 0 0 0 0]	[0 1 0 0 0 0]	[0 1 0 0 0 0]
5	0.26662173867225647	8.9299955368042	2.549448251724243	2.53523325920105	1.9157930612564087	1.9295214414596558	False	[0 0 0 0 1 0 0 1 0 0 0 0]	[0 0 0 0 0 0 0 1 0 0 1 0]	[0 0 0 0 0 0]	[0 1 0 0 0 1]
5	0.023686379194259644	8.932520866394043	2.5515358448028564	2.5352783203125	1.9167256355285645	1.928981065750122	False	[0 0 0 0 0 0 0 1 0 0 0 0]	[0 0 0 0 0 0 0 1 0 0 0 0]	[0 1 0 0 0 0]	[0 1 0 0 0 0]
5	0.2856462001800537	8.929462432861328	2.549529790878296	2.5347094535827637	1.9155230522155762	1.9296998977661133	False	[0 0 0 0 1 0 0 1 0 0 0 0]	[0 0 0 0 0 0 0 1 0 0 1 0]	[0 0 0 0 0 0]	[0 1 0 0 0 1]
5	0.03086102195084095	8.933009147644043	2.551424026489258	2.5353760719299316	1.9170281887054443	1.9291813373565674	False	[0 0 0 0 0 0 0 1 0 0 0 0]	[0 0 0 0 0 0 0 1 0 0 0 0]	[0 1 0 0 0 0]	[0 1 0 0 0 0]
5	0.28425291180610657	8.930551528930664	2.5498247146606445	2.5351364612579346	1.9160184860229492	1.929572582244873	False	[0 0 0 0 1 0 0 1 0 0 0 0]	[0 0 0 0 0 0 0 1 0 0 1 0]	[0 0 0 0 0 0]	[0 1 0 0 0 1]
5	0.02415596880018711	8.9310302734375	2.551215410232544	2.534829616546631	1.9163308143615723	1.9286539554595947	False	[0 0 0 0 0 0 0 1 0 0 0 0]	[0 0 0 0 0 0 0 1 0 0 0 0]	[0 1 0 0 0 0]	[0 1 0 0 0 0]
5	0.27751782536506653	8.930249214172363	2.549745559692383	2.535010814666748	1.9160847663879395	1.929408073425293	False	[0 0 0 0 1 0 0 1 0 0 0 0]	[0 0 0 0 0 0 0 1 0 0 1 0]	[0 0 0 0 0 0]	[0 1 0 0 0 1]
5	0.021774593740701675	8.932944297790527	2.5513839721679688	2.5352890491485596	1.9170167446136475	1.9292542934417725	False	[0 0 0 0 0 0 0 1 0 0 0 0]	[0 0 0 0 0 0 0 1 0 0 0 0]	[0 1 0 0 0 0]	[0 1 0 0 0 0]
5	0.2723330855369568	8.9296293258667	2.5496232509613037	2.5349249839782715	1.9157886505126953	1.9292923212051392	False	[0 0 0 0 1 0 0 1 0 0 0 0]	[0 0 0 0 0 0 0 1 0 0 1 0]	[0 0 0 0 0 0]	[0 1 0 0 0 1]
6	0.033862050622701645	8.83296012878418	2.518990993499756	2.52937912940979	1.8887600898742676	1.895829200744629	False	[0 0 1 0 0 0 0 0 0 0 0 0]	[0 0 1 0 0 0 0 0 0 0 0 0]	[0 0 0 1 0 0]	[0 0 0 1 0 0]
6	0.040041472762823105	8.84019947052002	2.522663116455078	2.535419464111328	1.8973162174224854	1.884800910949707	False	[0 0 0 0 0 0 0 0 0 0 0 0]	[0 0 0 0 0 0 0 0 0 0 0 0]	[1 0 0 1 0 0]	[0 0 1 1 0 0]
6	0.018759828060865402	8.835502624511719	2.5212392807006836	2.5343806743621826	1.897058129310608	1.8828243017196655	False	[0 0 1 0 0 0 0 0 0 0 0 0]	[0 0 1 0 0 0 0 0 0 0 0 0]	[0 0 0 1 0 0]	[0 0 0 1 0 0]
6	0.03897552192211151	8.843716621398926	2.5229623317718506	2.5357444286346436	1.8981614112854004	1.8868488073349	False	[0 0 0 0 0 0 0 0 0 0 0 0]	[0 0 0 0 0 0 0 0 0 0 0 0]	[1 0 0 1 0 0]	[0 0 1 1 0 0]
6	0.02803710289299488	8.84395694732666	2.5230982303619385	2.535780191421509	1.8981720209121704	1.8869068622589111	False	[0 0 1 0 0 0 0 0 0 0 0 0]	[0 0 1 0 0 0 0 0 0 0 0 0]	[0 0 0 1 0 0]	[0 0 0 1 0 0]
6	0.040192876011133194	8.839550018310547	2.5222902297973633	2.5352418422698975	1.897163987159729	1.8848538398742676	False	[0 0 0 0 0 0 0 0 0 0 0 0]	[0 0 0 0 0 0 0 0 0 0 0 0]	[1 0 0 1 0 0]	[0 0 1 1 0 0]
6	0.023548230528831482	8.842977523803711	2.522937774658203	2.535706043243408	1.89788019657135	1.8864538669586182	False	[0 0 1 0 0 0 0 0 0 0 0 0]	[0 0 1 0 0 0 0 0 0 0 0 0]	[0 0 0 1 0 0]	[0 0 0 1 0 0]
6	0.03621528297662735	8.840378761291504	2.522456407546997	2.5353143215179443	1.8974218368530273	1.8851864337921143	False	[0 0 0 0 0 0 0 0 0 0 0 0]	[0 0 0 0 0 0 0 0 0 0 0 0]	[1 0 0 1 0 0]	[0 0 1 1 0 0]
6	0.024707980453968048	8.844772338867188	2.523285388946533	2.536170244216919	1.8986406326293945	1.8866758346557617	False	[0 0 1 0 0 0 0 0 0 0 0 0]	[0 0 1 0 0 0 0 0 0 0 0 0]	[0 0 0 1 0 0]	[0 0 0 1 0 0]
6	0.04846065491437912	8.842683792114258	2.522881507873535	2.535813808441162	1.8975633382797241	1.8864251375198364	False	[0 0 0 0 0 0 0 0 0 0 0 0]	[0 0 0 0 0 0 0 0 0 0 0 0]	[1 0 0 1 0 0]	[0 0 1 1 0 0]
6	0.18292339146137238	8.84423828125	2.523406505584717	2.5358643531799316	1.8981060981750488	1.8868615627288818	False	[0 0 1 0 0 0 0 0 0 0 0 0]	[0 0 1 0 0 0 0 0 0 0 0 0]	[1 0 0 0 0 0]	[0 0 0 1 0 0]
6	0.45355942845344543	8.82771110534668	2.5201871395111084	2.5350258350372314	1.8979731798171997	1.8745248317718506	False	[0 0 1 0 1 0 0 0 0 0 0 0]	[0 0 0 0 0 0 0 0 0 0 0 0]	[0 0 0 0 0 0]	[0 0 1 1 0 0]
6	0.17657874524593353	8.804544448852539	2.5158069133758545	2.5341529846191406	1.898148536682129	1.8564352989196777	False	[0 0 1 0 0 0 0 0 0 0 0 0]	[0 0 1 0 0 0 0 0 0 0 0 0]	[1 0 0 0 0 0]	[0 0 0 1 0 0]
6	0.48867422342300415	8.828682899475098	2.5200576782226562	2.5353798866271973	1.8983244895935059	1.8749209642410278	False	[0 0 1 0 1 0 0 0 0 0 0 0]	[0 0 0 0 0 0 0 0 0 0 0 0]	[0 0 0 0 0 0]	[0 0 1 1 0 0]
6	0.18884770572185516	8.816178321838379	2.51857852935791	2.5356202125549316	1.9000215530395508	1.8619581460952759	False	[0 0 1 0 0 0 0 0 0 0 0 0]	[0 0 1 0 0 0 0 0 0 0 0 0]	[1 0 0 0 0 0]	[0 0 0 1 0 0]
6	0.34606921672821045	8.832842826843262	2.52138352394104	2.535783290863037	1.8988280296325684	1.8768478631973267	False	[0 0 1 0 0 0 0 0 0 0 1 0]	[0 0 0 0 0 0 0 0 0 0 0 0]	[0 0 0 0 0 0]	[0 0 1 1 0 0]
6	0.13764862716197968	8.825689315795898	2.520050287246704	2.53593373298645	1.8984661102294922	1.871239185333252	False	[0 0 1 0 1 0 0 0 0 0 1 0]	[0 0 1 0 0 0 0 0 0 0 0 0]	[1 0 0 0 0 0]	[0 0 0 1 0 0]
6	0.220723494887352	8.853445053100586	2.525487184524536	2.537240743637085	1.8997728824615479	1.890944004058838	False	[0 0 0 0 1 0 0 0 0 0 1 0]	[0 0 0 0 0 0 0 0 0 0 0 0]	[1 0 0 1 0 0]	[0 0 1 1 0 0]
6	0.1994505524635315	8.852387428283691	2.525667428970337	2.5389792919158936	1.9020557403564453	1.885684847831726	False	[0 0 0 0 1 0 0 0 0 0 0 0]	[0 0 1 0 0 0 0 0 0 0 0 0]	[0 0 0 1 0 0]	[0 0 0 1 0 0]
6	0.03926634415984154	8.836066246032715	2.5215871334075928	2.5364644527435303	1.899385929107666	1.8786283731460571	False	[0 0 0 0 0 0 0 0 0 0 0 0]	[0 0 0 0 0 0 0 0 0 0 0 0]	[1 0 0 1 0 0]	[0 0 1 1 0 0]
6	0.018279623240232468	8.840655326843262	2.522731065750122	2.5350942611694336	1.8977817296981812	1.8850486278533936	False	[0 0 1 0 0 0 0 0 0 0 0 0]	[0 0 1 0 0 0 0 0 0 0 0 0]	[0 0 0 1 0 0]	[0 0 0 1 0 0]
6	-0.5	8.840788841247559	2.52252459526062	2.535168409347534	1.8976441621780396	1.885452151298523	False	[0 0 0 0 0 0 0 0 0 0 0 0]	[0 0 0 0 0 0 0 0 0 0 0 0]	[0 0 0 0 0 0]	[0 0 1 1 0 0]
6	0.2120189219713211	8.826067924499512	2.5188839435577393	2.533141851425171	1.8951385021209717	1.8789033889770508	False	[0 0 1 0 0 0 0 0 0 0 0 0]	[0 0 1 0 0 0 0 0 0 0 0 0]	[1 0 0 0 0 0]	[0 0 0 1 0 0]
6	0.46820366382598877	8.831669807434082	2.5209131240844727	2.535644292831421	1.898435354232788	1.8766767978668213	False	[0 0 1 0 1 0 0 0 0 0 0 0]	[0 0 0 0 0 0 0 0 0 0 0 0]	[0 0 0 0 0 0]	[0 0 1 1 0 0]
6	0.1911940574645996	8.807411193847656	2.5167396068573	2.5345566272735596	1.8984050750732422	1.8577096462249756	False	[0 0 1 0 0 0 0 0 0 0 0 0]	[0 0 1 0 0 0 0 0 0 0 0 0]	[1 0 0 0 0 0]	[0 0 0 1 0 0]
6	0.44334840774536133	8.8373441696167	2.5221774578094482	2.536468267440796	1.899755597114563	1.8789429664611816	False	[0 0 1 0 1 0 0 0 0 0 0 0]	[0 0 0 0 0 0 0 0 0 0 0 0]	[0 0 0 0 0 0]	[0 0 1 1 0 0]
6	0.19006569683551788	8.809633255004883	2.517185688018799	2.5350873470306396	1.8986690044403076	1.8586915731430054	False	[0 0 1 0 0 0 0 0 0 0 0 0]	[0 0 1 0 0 0 0 0 0 0 0 0]	[1 0 0 0 0 0]	[0 0 0 1 0 0]
6	0.3412151336669922	8.83261775970459	2.521489381790161	2.535921573638916	1.8982768058776855	1.8769298791885376	False	[0 0 1 0 0 0 0 0 0 0 1 0]	[0 0 0 0 0 0 0 0 0 0 0 0]	[0 0 0 0 0 0]	[0 0 1 1 0 0]
6	0.14087232947349548	8.823476791381836	2.5195624828338623	2.535324811935425	1.8985118865966797	1.87007737159729	False	[0 0 1 0 1 0 0 0 0 0 1 0]	[0 0 1 0 0 0 0 0 0 0 0 0]	[1 0 0 0 0 0]	[0 0 0 1 0 0]
6	0.22252869606018066	8.858048439025879	2.526430130004883	2.5380773544311523	1.9003007411956787	1.893239974975586	False	[0 0 0 0 1 0 0 0 0 0 1 0]	[0 0 0 0 0 0 0 0 0 0 0 0]	[1 0 0 1 0 0]	[0 0 1 1 0 0]
7	0.3864596486091614	8.723579406738281	2.5186855792999268	2.4701266288757324	1.8681119680404663	1.8666547536849976	False	[0 0 0 0 0 1 0 0 0 0 0 0]	[0 0 0 0 0 1 0 0 0 0 0 0]	[0 0 0 1 0 0]	[0 1 0 0 0 0]
7	0.2901248335838318	8.808645248413086	2.5368494987487793	2.504856824874878	1.8963313102722168	1.8706079721450806	False	[0 1 0 0 0 1 0 0 0 0 0 0]	[0 0 0 1 0 1 0 0 0 0 0 0]	[0 0 0 0 0 0]	[0 1 1 0 0 0]
7	0.39689901471138	8.814850807189941	2.5387978553771973	2.506192445755005	1.8958524465560913	1.8740077018737793	False	[0 0 0 0 0 1 0 0 0 0 0 0]	[0 0 0 0 0 1 0 0 0 0 0 0]	[0 0 0 1 0 0]	[0 1 0 0 0 0]
7	0.2838295102119446	8.804340362548828	2.536406993865967	2.5033822059631348	1.8951187133789062	1.869432806968689	False	[0 1 0 0 0 1 0 0 0 0 0 0]	[0 0 0 1 0 1 0 0 0 0 0 0]	[0 0 0 0 0 0]	[0 1 1 0 0 0]
7	0.3788672983646393	8.819116592407227	2.539469003677368	2.5083909034729004	1.8969988822937012	1.8742573261260986	False	[0 0 0 0 0 1 0 0 0 0 0 0]	[0 0 0 0 0 1 0 0 0 0 0 0]	[0 0 0 1 0 0]	[0 1 0 0 0 0]
7	0.2885379493236542	8.80056381225586	2.535619020462036	2.501631498336792	1.8947137594223022	1.8685991764068604	False	[0 1 0 0 0 1 0 0 0 0 0 0]	[0 0 0 1 0 1 0 0 0 0 0 0]	[0 0 0 0 0 0]	[0 1 1 0 0 0]
7	0.4021085500717163	8.822558403015137	2.5401012897491455	2.509931802749634	1.89739191532135	1.8751335144042969	False	[0 0 0 0 0 1 0 0 0 0 0 0]	[0 0 0 0 0 1 0 0 0 0 0 0]	[0 0 0 1 0 0]	[0 1 0 0 0 0]
7	0.3023083209991455	8.805816650390625	2.5366146564483643	2.5038418769836426	1.8955998420715332	1.8697600364685059	False	[0 1 0 0 0 1 0 0 0 0 0 0]	[0 0 0 1 0 1 0 0 0 0 0 0]	[0 0 0 0 0 0]	[0 1 1 0 0 0]
7	0.38464465737342834	8.81645393371582	2.539167881011963	2.507301092147827	1.8963572978973389	1.8736273050308228	False	[0 0 0 0 0 1 0 0 0 0 0 0]	[0 0 0 0 0 1 0 0 0 0 0 0]	[0 0 0 1 0 0]	[0 1 0 0 0 0]
7	0.2805188298225403	8.804381370544434	2.5363173484802246	2.5033392906188965	1.8952945470809937	1.869430422782898	False	[0 1 0 0 0 1 0 0 0 0 0 0]	[0 0 0 1 0 1 0 0 0 0 0 0]	[0 0 0 0 0 0]	[0 1 1 0 0 0]
7	0.3911948800086975	8.81997299194336	2.539717435836792	2.508706569671631	1.8970142602920532	1.874535322189331	False	[0 0 0 0 0 1 0 0 0 0 0 0]	[0 0 0 0 0 1 0 0 0 0 0 0]	[0 0 0 1 0 0]	[0 1 0 0 0 0]
7	0.2753221094608307	8.800127029418945	2.535767078399658	2.5010814666748047	1.894509196281433	1.8687689304351807	False	[0 1 0 0 0 1 0 0 0 0 0 0]	[0 0 0 1 0 1 0 0 0 0 0 0]	[0 0 0 0 0 0]	[0 1 1 0 0 0]
7	0.4007122814655304	8.822803497314453	2.5399770736694336	2.510223150253296	1.89751136302948	1.8750914335250854	False	[0 0 0 0 0 1 0 0 0 0 0 0]	[0 0 0 0 0 1 0 0 0 0 0 0]	[0 0 0 1 0 0]	[0 1 0 0 0 0]
7	0.2887900769710541	8.806417465209961	2.5365447998046875	2.504703998565674	1.8956146240234375	1.8695544004440308	False	[0 1 0 0 0 1 0 0 0 0 0 0]	[0 0 0 1 0 1 0 0 0 0 0 0]	[0 0 0 0 0 0]	[0 1 1 0 0 0]
7	0.38450825214385986	8.817266464233398	2.5393457412719727	2.507388114929199	1.8964530229568481	1.8740792274475098	False	[0 0 0 0 0 1 0 0 0 0 0 0]	[0 0 0 0 0 1 0 0 0 0 0 0]	[0 0 0 1 0 0]	[0 1 0 0 0 0]
7	0.2568660378456116	8.807755470275879	2.5365872383117676	2.5050203800201416	1.8959163427352905	1.8702313899993896	False	[0 1 0 0 0 1 0 0 0 0 0 0]	[0 0 0 1 0 1 0 0 0 0 0 0]	[0 0 0 0 0 0]	[0 1 1 0 0 0]
7	0.3773229420185089	8.818340301513672	2.539473056793213	2.5081944465637207	1.8965283632278442	1.8741450309753418	False	[0 0 0 0 0 1 0 0 0 0 0 0]	[0 0 0 0 0 1 0 0 0 0 0 0]	[0 0 0 1 0 0]	[0 1 0 0 0 0]
7	0.2947787642478943	8.80808162689209	2.5363993644714355	2.505237579345703	1.8961646556854248	1.8702802658081055	False	[0 1 0 0 0 1 0 0 0 0 0 0]	[0 0 0 1 0 1 0 0 0 0 0 0]	[0 0 0 0 0 0]	[0 1 1 0 0 0]
7	0.38216638565063477	8.82175350189209	2.5398600101470947	2.5096609592437744	1.8973562717437744	1.8748759031295776	False	[0 0 0 0 0 1 0 0 0 0 0 0]	[0 0 0 0 0 1 0 0 0 0 0 0]	[0 0 0 1 0 0]	[0 1 0 0 0 0]
7	0.2814045250415802	8.809283256530762	2.5370852947235107	2.5054094791412354	1.896266222000122	1.8705228567123413	False	[0 1 0 0 0 1 0 0 0 0 0 0]	[0 0 0 1 0 1 0 0 0 0 0 0]	[0 0 0 0 0 0]	[0 1 1 0 0 0]
7	0.38588136434555054	8.818971633911133	2.5397286415100098	2.5083932876586914	1.8966116905212402	1.8742384910583496	False	[0 0 0 0 0 1 0 0 0 0 0 0]	[0 0 0 0 0 1 0 0 0 0 0 0]	[0 0 0 1 0 0]	[0 1 0 0 0 0]
7	0.2938741147518158	8.805985450744629	2.5367496013641357	2.5038552284240723	1.8954331874847412	1.8699473142623901	False	[0 1 0 0 0 1 0 0 0 0 0 0]	[0 0 0 1 0 1 0 0 0 0 0 0]	[0 0 0 0 0 0]	[0 1 1 0 0 0]
7	0.38610613346099854	8.815908432006836	2.5391845703125	2.5073318481445312	1.895976185798645	1.8734159469604492	False	[0 0 0 0 0 1 0 0 0 0 0 0]	[0 0 0 0 0 1 0 0 0 0 0 0]	[0 0 0 1 0 0]	[0 1 0 0 0 0]
7	0.27754655480384827	8.8057222366333	2.5365114212036133	2.504040241241455	1.895495057106018	1.869675636291504	False	[0 1 0 0 0 1 0 0 0 0 0 0]	[0 0 0 1 0 1 0 0 0 0 0 0]	[0 0 0 0 0 0]	[0 1 1 0 0 0]
7	0.38545337319374084	8.818304061889648	2.539314031600952	2.5078980922698975	1.8967938423156738	1.8742985725402832	False	[0 0 0 0 0 1 0 0 0 0 0 0]	[0 0 0 0 0 1 0 0 0 0 0 0]	[0 0 0 1 0 0]	[0 1 0 0 0 0]
7	0.30820274353027344	8.807199478149414	2.5367302894592285	2.504540205001831	1.8958864212036133	1.8700430393218994	False	[0 1 0 0 0 1 0 0 0 0 0 0]	[0 0 0 1 0 1 0 0 0 0 0 0]	[0 0 0 0 0 0]	[0 1 1 0 0 0]
7	0.40515971183776855	8.82125473022461	2.5399491786956787	2.5091803073883057	1.8972792625427246	1.8748458623886108	False	[0 0 0 0 0 1 0 0 0 0 0 0]	[0 0 0 0 0 1 0 0 0 0 0 0]	[0 0 0 1 0 0]	[0 1 0 0 0 0]
7	0.2772449553012848	8.80418586730957	2.535871982574463	2.503291368484497	1.8955330848693848	1.8694894313812256	False	[0 1 0 0 0 1 0 0 0 0 0 0]	[0 0 0 1 0 1 0 0 0 0 0 0]	[0 0 0 0 0 0]	[0 1 1 0 0 0]
7	0.3871663510799408	8.822196006774902	2.5400514602661133	2.5098464488983154	1.8975492715835571	1.8747488260269165	False	[0 0 0 0 0 1 0 0 0 0 0 0]	[0 0 0 0 0 1 0 0 0 0 0 0]	[0 0 0 1 0 0]	[0 1 0 0 0 0]
7	0.2671452462673187	8.804818153381348	2.5361759662628174	2.5041089057922363	1.8952882289886475	1.8692448139190674	False	[0 1 0 0 0 1 0 0 0 0 0 0]	[0 0 0 1 0 1 0 0 0 0 0 0]	[0 0 0 0 0 0]	[0 1 1 0 0 0]
8	0.3467543125152588	8.861532211303711	2.52107834815979	2.524418592453003	1.914278507232666	1.9017568826675415	False	[0 0 0 0 0 1 0 0 0 0 0 0]	[0 0 1 0 0 0 0 0 0 0 0 0]	[0 0 0 1 0 0]	[0 0 0 1 0 0]
8	-0.5	8.873503684997559	2.531176805496216	2.527477741241455	1.9168264865875244	1.8980225324630737	False	[0 0 0 0 0 0 0 0 0 0 0 0]	[0 0 0 0 0 0 0 0 0 0 0 0]	[0 0 0 1 1 0]	[0 0 0 0 0 0]
8	0.33779749274253845	8.877382278442383	2.530266046524048	2.529951572418213	1.9165079593658447	1.9006562232971191	False	[0 0 0 0 0 1 0 0 0 0 0 0]	[0 0 1 0 0 0 0 0 0 0 0 0]	[0 0 0 1 0 0]	[0 0 0 1 0 0]
8	-0.5	8.872426986694336	2.5307769775390625	2.5271589756011963	1.9164397716522217	1.8980507850646973	False	[0 0 0 0 0 0 0 0 0 0 0 0]	[0 0 0 0 0 0 0 0 0 0 0 0]	[0 0 0 1 1 0]	[0 0 0 0 0 0]
8	0.34384244680404663	8.869712829589844	2.5270309448242188	2.527195692062378	1.915752649307251	1.8997336626052856	False	[0 0 0 0 0 1 0 0 0 0 0 0]	[0 0 1 0 0 0 0 0 0 0 0 0]	[0 0 0 1 0 0]	[0 0 0 1 0 0]
8	-0.5	8.87297534942627	2.530855417251587	2.5277786254882812	1.916607141494751	1.8977344036102295	False	[0 0 0 0 0 0 0 0 0 0 0 0]	[0 0 0 0 0 0 0 0 0 0 0 0]	[0 0 0 1 1 0]	[0 0 0 0 0 0]
8	0.3218822777271271	8.875326156616211	2.5292279720306396	2.5290462970733643	1.916481375694275	1.9005701541900635	False	[0 0 0 0 0 1 0 0 0 0 0 0]	[0 0 1 0 0 0 0 0 0 0 0 0]	[0 0 0 1 0 0]	[0 0 0 1 0 0]
8	-0.5	8.874898910522461	2.5319085121154785	2.527864933013916	1.9166393280029297	1.898486614227295	False	[0 0 0 0 0 0 0 0 0 0 0 0]	[0 0 0 0 0 0 0 0 0 0 0 0]	[0 0 0 1 1 0]	[0 0 0 0 0 0]
8	0.3256837725639343	8.874672889709473	2.5294904708862305	2.5288031101226807	1.9164081811904907	1.89997136592865	False	[0 0 0 0 0 1 0 0 0 0 0 0]	[0 0 1 0 0 0 0 0 0 0 0 0]	[0 0 0 1 0 0]	[0 0 0 1 0 0]
8	-0.5	8.876264572143555	2.5320448875427246	2.528996706008911	1.9166896343231201	1.8985326290130615	False	[0 0 0 0 0 0 0 0 0 0 0 0]	[0 0 0 0 0 0 0 0 0 0 0 0]	[0 0 0 1 1 0]	[0 0 0 0 0 0]
8	0.3684273064136505	8.876864433288574	2.530414581298828	2.530057668685913	1.9162956476211548	1.9000964164733887	False	[0 0 0 0 0 1 0 0 0 0 0 0]	[0 0 1 0 0 0 0 0 0 0 0 0]	[0 0 0 1 0 0]	[0 0 0 1 0 0]
8	-0.5	8.872225761413574	2.530463933944702	2.5271098613739014	1.917029619216919	1.8976224660873413	False	[0 0 0 0 0 0 0 0 0 0 0 0]	[0 0 0 0 0 0 0 0 0 0 0 0]	[0 0 0 1 1 0]	[0 0 0 0 0 0]
8	0.3580158054828644	8.872408866882324	2.5285592079162598	2.5280447006225586	1.91619873046875	1.8996058702468872	False	[0 0 0 0 0 1 0 0 0 0 0 0]	[0 0 1 0 0 0 0 0 0 0 0 0]	[0 0 0 1 0 0]	[0 0 0 1 0 0]
8	-0.5	8.872217178344727	2.530433177947998	2.527275800704956	1.9167975187301636	1.8977112770080566	False	[0 0 0 0 0 0 0 0 0 0 0 0]	[0 0 0 0 0 0 0 0 0 0 0 0]	[0 0 0 1 1 0]	[0 0 0 0 0 0]
8	0.34049123525619507	8.872455596923828	2.528423547744751	2.5282464027404785	1.9163053035736084	1.8994799852371216	False	[0 0 0 0 0 1 0 0 0 0 0 0]	[0 0 1 0 0 0 0 0 0 0 0 0]	[0 0 0 1 0 0]	[0 0 0 1 0 0]
8	-0.5	8.87350082397461	2.530874013900757	2.5277392864227295	1.9168930053710938	1.897994875907898	False	[0 0 0 0 0 0 0 0 0 0 0 0]	[0 0 0 0 0 0 0 0 0 0 0 0]	[0 0 0 1 1 0]	[0 0 0 0 0 0]
8	0.3333648443222046	8.870383262634277	2.527444362640381	2.527263641357422	1.9161854982376099	1.899490237236023	False	[0 0 0 0 0 1 0 0 0 0 0 0]	[0 0 1 0 0 0 0 0 0 0 0 0]	[0 0 0 1 0 0]	[0 0 0 1 0 0]
8	-0.5	8.872536659240723	2.531066656112671	2.5273196697235107	1.9163968563079834	1.8977537155151367	False	[0 0 0 0 0 0 0 0 0 0 0 0]	[0 0 0 0 0 0 0 0 0 0 0 0]	[0 0 0 1 1 0]	[0 0 0 0 0 0]
8	0.32693880796432495	8.870627403259277	2.5277721881866455	2.5274784564971924	1.9159749746322632	1.8994019031524658	False	[0 0 0 0 0 1 0 0 0 0 0 0]	[0 0 1 0 0 0 0 0 0 0 0 0]	[0 0 0 1 0 0]	[0 0 0 1 0 0]
8	-0.5	8.872798919677734	2.5309393405914307	2.527674913406372	1.916603684425354	1.8975814580917358	False	[0 0 0 0 0 0 0 0 0 0 0 0]	[0 0 0 0 0 0 0 0 0 0 0 0]	[0 0 0 1 1 0]	[0 0 0 0 0 0]
8	0.3357720971107483	8.869330406188965	2.527270793914795	2.5269083976745605	1.9160176515579224	1.8991334438323975	False	[0 0 0 0 0 1 0 0 0 0 0 0]	[0 0 1 0 0 0 0 0 0 0 0 0]	[0 0 0 1 0 0]	[0 0 0 1 0 0]
8	-0.5	8.875781059265137	2.5320816040039062	2.528578042984009	1.9166396856307983	1.8984819650650024	False	[0 0 0 0 0 0 0 0 0 0 0 0]	[0 0 0 0 0 0 0 0 0 0 0 0]	[0 0 0 1 1 0]	[0 0 0 0 0 0]
8	0.36480948328971863	8.87261962890625	2.5286917686462402	2.5282089710235596	1.9163604974746704	1.8993582725524902	False	[0 0 0 0 0 1 0 0 0 0 0 0]	[0 0 1 0 0 0 0 0 0 0 0 0]	[0 0 0 1 0 0]	[0 0 0 1 0 0]
8	-0.5	8.874368667602539	2.531618356704712	2.527940511703491	1.9165974855422974	1.8982129096984863	False	[0 0 0 0 0 0 0 0 0 0 0 0]	[0 0 0 0 0 0 0 0 0 0 0 0]	[0 0 0 1 1 0]	[0 0 0 0 0 0]
8	0.32680773735046387	8.870965003967285	2.528228998184204	2.5275893211364746	1.916042685508728	1.8991034030914307	False	[0 0 0 0 0 1 0 0 0 0 0 0]	[0 0 1 0 0 0 0 0 0 0 0 0]	[0 0 0 1 0 0]	[0 0 0 1 0 0]
8	-0.5	8.876094818115234	2.5320379734039307	2.5288920402526855	1.9167633056640625	1.898401141166687	False	[0 0 0 0 0 0 0 0 0 0 0 0]	[0 0 0 0 0 0 0 0 0 0 0 0]	[0 0 0 1 1 0]	[0 0 0 0 0 0]
8	0.34037959575653076	8.874399185180664	2.529374122619629	2.528832197189331	1.9164904356002808	1.8997020721435547	False	[0 0 0 0 0 1 0 0 0 0 0 0]	[0 0 1 0 0 0 0 0 0 0 0 0]	[0 0 0 1 0 0]	[0 0 0 1 0 0]
8	-0.5	8.87646484375	2.5322675704956055	2.5284605026245117	1.9171087741851807	1.8986287117004395	False	[0 0 0 0 0 0 0 0 0 0 0 0]	[0 0 0 0 0 0 0 0 0 0 0 0]	[0 0 0 1 1 0]	[0 0 0 0 0 0]
8	0.3596611022949219	8.880056381225586	2.5314555168151855	2.5306591987609863	1.9167749881744385	1.9011669158935547	False	[0 0 0 0 0 1 0 0 0 0 0 0]	[0 0 1 0 0 0 0 0 0 0 0 0]	[0 0 0 1 0 0]	[0 0 0 1 0 0]
8	-0.5	8.873109817504883	2.5307631492614746	2.5274946689605713	1.916975736618042	1.897876262664795	False	[0 0 0 0 0 0 0 0 0 0 0 0]	[0 0 0 0 0 0 0 0 0 0 0 0]	[0 0 0 1 1 0]	[0 0 0 0 0 0]
9	0.4376692473888397	8.766200065612793	2.5218796730041504	2.501085042953491	1.868373155593872	1.8748630285263062	False	[0 0 0 0 0 0 1 0 0 0 0 0]	[0 0 0 0 0 1 0 0 0 0 0 0]	[0 0 0 0 1 0]	[0 1 0 0 0 0]
9	-1.0	8.84009838104248	2.5323736667633057	2.529118299484253	1.8851189613342285	1.8934874534606934	False	[0 0 0 0 0 0 0 0 0 0 0 0]	[0 0 0 0 0 0 0 0 0 0 0 0]	[0 0 0 0 0 0]	[0 0 0 0 0 0]
9	0.4302704930305481	8.781110763549805	2.5238099098205566	2.503957509994507	1.8738067150115967	1.8795366287231445	False	[0 0 0 0 0 0 1 0 0 0 0 0]	[0 0 0 0 0 1 0 0 0 0 0 0]	[0 0 0 0 1 0]	[0 1 0 0 0 0]
9	-0.5	8.851947784423828	2.534177303314209	2.5324008464813232	1.8883566856384277	1.8970130681991577	False	[0 0 0 0 0 0 0 0 0 0 0 0]	[0 0 0 0 0 0 0 0 0 0 0 0]	[0 1 0 0 1 0]	[0 0 0 0 0 0]
9	0.5455688834190369	8.794504165649414	2.52590274810791	2.5110795497894287	1.8749637603759766	1.8825573921203613	False	[0 0 0 0 0 0 1 0 0 0 0 0]	[0 0 0 0 0 1 0 0 0 0 0 0]	[0 1 0 0 0 0]	[0 1 0 0 0 0]
9	-0.5	8.836796760559082	2.5314440727233887	2.5286242961883545	1.8841116428375244	1.8926175832748413	False	[0 0 0 0 0 0 0 0 0 0 0 0]	[0 0 0 0 0 0 0 0 0 0 0 0]	[0 0 0 0 0 0]	[0 1 0 0 1 0]
9	0.4423704445362091	8.803728103637695	2.527313232421875	2.5131161212921143	1.8778467178344727	1.8854519128799438	False	[0 0 0 0 0 0 1 0 0 0 0 0]	[0 0 0 0 0 1 0 0 0 0 0 0]	[0 0 0 0 1 0]	[0 0 0 0 1 0]
9	-0.5	8.847743034362793	2.5333011150360107	2.53124737739563	1.8872370719909668	1.8959572315216064	False	[0 0 0 0 0 0 0 0 0 0 0 0]	[0 0 0 0 0 0 0 0 0 0 0 0]	[0 0 0 0 0 0]	[0 1 0 0 1 0]
9	0.4756483733654022	8.8008451461792	2.5267486572265625	2.5123722553253174	1.8774265050888062	1.8842976093292236	False	[0 0 0 0 0 0 1 0 0 0 0 0]	[0 0 0 0 0 1 0 0 0 0 0 0]	[0 0 0 0 1 0]	[0 0 0 0 1 0]
9	-0.5	8.845146179199219	2.533085584640503	2.5305864810943604	1.8864995241165161	1.8949742317199707	False	[0 0 0 0 0 0 0 0 0 0 0 0]	[0 0 0 0 0 0 0 0 0 0 0 0]	[0 0 0 0 0 0]	[0 1 0 0 1 0]
9	0.4495120048522949	8.802534103393555	2.5272750854492188	2.512969493865967	1.8772903680801392	1.884999394416809	False	[0 0 0 0 0 0 1 0 0 0 0 0]	[0 0 0 0 0 1 0 0 0 0 0 0]	[0 0 0 0 1 0]	[0 0 0 0 1 0]
9	-0.5	8.84215259552002	2.5328824520111084	2.52976131439209	1.8854849338531494	1.8940235376358032	False	[0 0 0 0 0 0 0 0 0 0 0 0]	[0 0 0 0 0 0 0 0 0 0 0 0]	[0 0 0 0 0 0]	[0 1 0 0 1 0]
9	0.4467485845088959	8.814735412597656	2.528986692428589	2.516287088394165	1.8807311058044434	1.888730525970459	False	[0 0 0 0 0 0 1 0 0 0 0 0]	[0 0 0 0 0 1 0 0 0 0 0 0]	[0 0 0 0 1 0]	[0 0 0 0 1 0]
9	0.008766589686274529	8.842817306518555	2.53298282623291	2.5297200679779053	1.885745644569397	1.894369125366211	False	[0 0 0 0 0 0 0 0 0 0 0 0]	[0 0 0 0 0 0 0 0 0 0 0 0]	[0 1 0 0 1 0]	[0 1 0 0 1 0]
9	0.5430862307548523	8.822877883911133	2.529688596725464	2.5186703205108643	1.8828020095825195	1.8917165994644165	False	[0 0 0 0 0 0 1 0 0 0 0 0]	[0 0 0 0 0 1 0 0 0 0 0 0]	[0 1 0 0 0 0]	[0 0 0 0 1 0]
9	-1.0	8.841670989990234	2.5324385166168213	2.5295586585998535	1.885484218597412	1.8941892385482788	False	[0 0 0 0 0 0 0 0 0 0 0 0]	[0 0 0 0 0 0 0 0 0 0 0 0]	[0 0 0 0 0 0]	[0 0 0 0 0 0]
9	0.43547093868255615	8.763749122619629	2.5211188793182373	2.4999818801879883	1.868779182434082	1.873868703842163	False	[0 0 0 0 0 0 1 0 0 0 0 0]	[0 0 0 0 0 1 0 0 0 0 0 0]	[0 0 0 0 1 0]	[0 1 0 0 0 0]
9	-1.0	8.843907356262207	2.5328924655914307	2.5301949977874756	1.8859666585922241	1.894852876663208	False	[0 0 0 0 0 0 0 0 0 0 0 0]	[0 0 0 0 0 0 0 0 0 0 0 0]	[0 0 0 0 0 0]	[0 0 0 0 0 0]
9	0.42409005761146545	8.7612943649292	2.520834445953369	2.499915599822998	1.8676872253417969	1.8728574514389038	False	[0 0 0 0 0 0 1 0 0 0 0 0]	[0 0 0 0 0 1 0 0 0 0 0 0]	[0 0 0 0 1 0]	[0 1 0 0 0 0]
9	-1.0	8.84374713897705	2.5327930450439453	2.529829978942871	1.8860743045806885	1.895049810409546	False	[0 0 0 0 0 0 0 0 0 0 0 0]	[0 0 0 0 0 0 0 0 0 0 0 0]	[0 0 0 0 0 0]	[0 0 0 0 0 0]
9	0.43106961250305176	8.771315574645996	2.522477149963379	2.5022518634796143	1.8704396486282349	1.8761475086212158	False	[0 0 0 0 0 0 1 0 0 0 0 0]	[0 0 0 0 0 1 0 0 0 0 0 0]	[0 0 0 0 1 0]	[0 1 0 0 0 0]
9	-1.0	8.843198776245117	2.532665252685547	2.530155658721924	1.8857226371765137	1.8946549892425537	False	[0 0 0 0 0 0 0 0 0 0 0 0]	[0 0 0 0 0 0 0 0 0 0 0 0]	[0 0 0 0 0 0]	[0 0 0 0 0 0]
9	0.44837576150894165	8.763899803161621	2.5214860439300537	2.499800205230713	1.8689378499984741	1.87367582321167	False	[0 0 0 0 0 0 1 0 0 0 0 0]	[0 0 0 0 0 1 0 0 0 0 0 0]	[0 0 0 0 1 0]	[0 1 0 0 0 0]
9	-1.0	8.852266311645508	2.5344369411468506	2.5315909385681152	1.8889048099517822	1.897334098815918	False	[0 0 0 0 0 0 0 0 0 0 0 0]	[0 0 0 0 0 0 0 0 0 0 0 0]	[0 0 0 0 0 0]	[0 0 0 0 0 0]
9	0.42735007405281067	8.769996643066406	2.5224099159240723	2.501941204071045	1.870232343673706	1.8754128217697144	False	[0 0 0 0 0 0 1 0 0 0 0 0]	[0 0 0 0 0 1 0 0 0 0 0 0]	[0 0 0 0 1 0]	[0 1 0 0 0 0]
9	-1.0	8.846165657043457	2.533228874206543	2.5303800106048584	1.8870291709899902	1.8955276012420654	False	[0 0 0 0 0 0 0 0 0 0 0 0]	[0 0 0 0 0 0 0 0 0 0 0 0]	[0 0 0 0 0 0]	[0 0 0 0 0 0]
9	0.41050344705581665	8.76594066619873	2.5220839977264404	2.5008106231689453	1.868685245513916	1.8743606805801392	False	[0 0 0 0 0 0 1 0 0 0 0 0]	[0 0 0 0 0 1 0 0 0 0 0 0]	[0 0 0 0 1 0]	[0 1 0 0 0 0]
9	-1.0	8.844978332519531	2.533147096633911	2.530207872390747	1.8863747119903564	1.8952486515045166	False	[0 0 0 0 0 0 0 0 0 0 0 0]	[0 0 0 0 0 0 0 0 0 0 0 0]	[0 0 0 0 0 0]	[0 0 0 0 0 0]
9	0.4190911650657654	8.751895904541016	2.5196163654327393	2.4963321685791016	1.86540687084198	1.870540976524353	False	[0 0 0 0 0 0 1 0 0 0 0 0]	[0 0 0 0 0 1 0 0 0 0 0 0]	[0 0 0 0 1 0]	[0 1 0 0 0 0]
9	-1.0	8.846807479858398	2.5336060523986816	2.5308187007904053	1.8870959281921387	1.895287275314331	False	[0 0 0 0 0 0 0 0 0 0 0 0]	[0 0 0 0 0 0 0 0 0 0 0 0]	[0 0 0 0 0 0]	[0 0 0 0 0 0]
10	-1.0	8.853435516357422	2.5120925903320312	2.527831554412842	1.9084136486053467	1.9050977230072021	False	[0 0 0 0 0 0 0 0 0 0 0 0]	[0 0 0 0 0 0 0 0 0 0 0 0]	[0 0 0 0 1 0]	[0 0 0 0 0 1]
10	-0.5	8.880200386047363	2.516939640045166	2.521314859390259	1.9143972396850586	1.9275484085083008	False	[0 0 0 0 0 0 0 0 0 0 0 0]	[0 0 0 0 0 0 0 0 0 0 0 0]	[0 0 0 0 1 0]	[0 0 0 0 0 0]
10	-1.0	8.873502731323242	2.5154850482940674	2.518437147140503	1.912951111793518	1.926629662513733	False	[0 0 0 0 0 0 0 0 0 0 0 0]	[0 0 0 0 0 0 0 0 0 0 0 0]	[0 0 0 0 1 0]	[0 0 0 0 0 1]
10	-0.5	8.882293701171875	2.51815128326416	2.521986722946167	1.914340615272522	1.9278151988983154	False	[0 0 0 0 0 0 0 0 0 0 0 0]	[0 0 0 0 0 0 0 0 0 0 0 0]	[0 0 0 0 1 0]	[0 0 0 0 0 0]
10	-1.0	8.870376586914062	2.513836145401001	2.517714262008667	1.9126300811767578	1.926195740699768	False	[0 0 0 0 0 0 0 0 0 0 0 0]	[0 0 0 0 0 0 0 0 0 0 0 0]	[0 0 0 0 1 0]	[0 0 0 0 0 1]
10	-0.5	8.886693000793457	2.5193283557891846	2.5235395431518555	1.9155521392822266	1.9282735586166382	False	[0 0 0 0 0 0 0 0 0 0 0 0]	[0 0 0 0 0 0 0 0 0 0 0 0]	[0 0 0 0 1 0]	[0 0 0 0 0 0]
10	-0.5	8.876053810119629	2.5158803462982178	2.5191807746887207	1.913947343826294	1.9270459413528442	False	[0 0 0 0 0 0 0 0 0 0 0 0]	[0 0 0 0 0 0 0 0 0 0 0 0]	[0 0 0 0 0 0]	[0 0 0 0 0 1]
10	-0.5	8.864825248718262	2.5117764472961426	2.514998197555542	1.9124209880828857	1.9256294965744019	False	[0 0 0 0 0 0 0 0 0 0 0 0]	[0 0 0 0 0 0 0 0 0 0 0 0]	[0 0 0 0 1 0]	[0 0 0 0 0 0]
10	-1.0	8.872596740722656	2.5147695541381836	2.5184719562530518	1.9129306077957153	1.9264249801635742	False	[0 0 0 0 0 0 0 0 0 0 0 0]	[0 0 0 0 0 0 0 0 0 0 0 0]	[0 0 0 0 1 0]	[0 0 0 0 0 1]
10	-1.0	8.87311840057373	2.514153003692627	2.518746852874756	1.9134870767593384	1.9267315864562988	False	[0 0 0 0 0 0 0 0 0 0 0 0]	[0 0 0 0 0 0 0 0 0 0 0 0]	[0 0 0 0 0 0]	[0 0 0 0 0 0]
10	-1.0	8.85669231414795	2.512779474258423	2.5284688472747803	1.9087544679641724	1.906690001487732	False	[0 0 0 0 0 0 0 0 0 0 0 0]	[0 0 0 0 0 0 0 0 0 0 0 0]	[0 0 0 0 1 0]	[0 0 0 0 0 1]
10	-1.0	8.870747566223145	2.5136945247650146	2.51810622215271	1.9129480123519897	1.9259990453720093	False	[0 0 0 0 0 0 0 0 0 0 0 0]	[0 0 0 0 0 0 0 0 0 0 0 0]	[0 0 0 0 0 0]	[0 0 0 0 0 0]
10	-1.0	8.860309600830078	2.51436185836792	2.5299160480499268	1.9092098474502563	1.9068212509155273	False	[0 0 0 0 0 0 0 0 0 0 0 0]	[0 0 0 0 0 0 0 0 0 0 0 0]	[0 0 0 0 1 0]	[0 0 0 0 0 1]
10	-0.5	8.878961563110352	2.5168421268463135	2.5205507278442383	1.9140933752059937	1.9274756908416748	False	[0 0 0 0 0 0 0 0 0 0 0 0]	[0 0 0 0 0 0 0 0 0 0 0 0]	[0 0 0 0 1 0]	[0 0 0 0 0 0]
10	-1.0	8.86587905883789	2.512627124786377	2.5163357257843018	1.9118072986602783	1.9251086711883545	False	[0 0 0 0 0 0 0 0 0 0 0 0]	[0 0 0 0 0 0 0 0 0 0 0 0]	[0 0 0 0 1 0]	[0 0 0 0 0 1]
10	-0.5	8.88200855255127	2.5186543464660645	2.521402359008789	1.9141919612884521	1.927760362625122	False	[0 0 0 0 0 0 0 0 0 0 0 0]	[0 0 0 0 0 0 0 0 0 0 0 0]	[0 0 0 0 1 0]	[0 0 0 0 0 0]
10	-0.5	8.863204002380371	2.511892795562744	2.5147781372070312	1.9116743803024292	1.9248586893081665	False	[0 0 0 0 0 0 0 0 0 0 0 0]	[0 0 0 0 0 0 0 0 0 0 0 0]	[0 0 0 0 0 0]	[0 0 0 0 0 1]
10	-0.5	8.867938995361328	2.5131046772003174	2.516169786453247	1.9126653671264648	1.9259995222091675	False	[0 0 0 0 0 0 0 0 0 0 0 0]	[0 0 0 0 0 0 0 0 0 0 0 0]	[0 0 0 0 1 0]	[0 0 0 0 0 0]
10	-1.0	8.863579750061035	2.511789083480835	2.5148282051086426	1.9118932485580444	1.925068974494934	False	[0 0 0 0 0 0 0 0 0 0 0 0]	[0 0 0 0 0 0 0 0 0 0 0 0]	[0 0 0 0 1 0]	[0 0 0 0 0 1]
10	-0.5	8.873605728149414	2.5149431228637695	2.5184977054595947	1.9135366678237915	1.926628828048706	False	[0 0 0 0 0 0 0 0 0 0 0 0]	[0 0 0 0 0 0 0 0 0 0 0 0]	[0 0 0 0 1 0]	[0 0 0 0 0 0]
10	-1.0	8.855103492736816	2.508988618850708	2.51178240776062	1.9103639125823975	1.9239686727523804	False	[0 0 0 0 0 0 0 0 0 0 0 0]	[0 0 0 0 0 0 0 0 0 0 0 0]	[0 0 0 0 1 0]	[0 0 0 0 0 1]
10	-1.0	8.874698638916016	2.5153393745422363	2.5192878246307373	1.9134852886199951	1.9265856742858887	False	[0 0 0 0 0 0 0 0 0 0 0 0]	[0 0 0 0 0 0 0 0 0 0 0 0]	[0 0 0 0 0 0]	[0 0 0 0 0 0]
10	-1.0	8.856142044067383	2.5131306648254395	2.5289478302001953	1.908320665359497	1.9057426452636719	False	[0 0 0 0 0 0 0 0 0 0 0 0]	[0 0 0 0 0 0 0 0 0 0 0 0]	[0 0 0 0 1 0]	[0 0 0 0 0 1]
10	-1.0	8.868782043457031	2.513329267501831	2.516814708709717	1.913021445274353	1.9256165027618408	False	[0 0 0 0 0 0 0 0 0 0 0 0]	[0 0 0 0 0 0 0 0 0 0 0 0]	[0 0 0 0 0 0]	[0 0 0 0 0 0]
10	-1.0	8.859036445617676	2.513690233230591	2.529262065887451	1.909144401550293	1.9069398641586304	False	[0 0 0 0 0 0 0 0 0 0 0 0]	[0 0 0 0 0 0 0 0 0 0 0 0]	[0 0 0 0 1 0]	[0 0 0 0 0 1]
10	-1.0	8.86921215057373	2.5128283500671387	2.5177040100097656	1.9128447771072388	1.9258348941802979	False	[0 0 0 0 0 0 0 0 0 0 0 0]	[0 0 0 0 0 0 0 0 0 0 0 0]	[0 0 0 0 0 0]	[0 0 0 0 0 0]
10	-1.0	8.860380172729492	2.513789653778076	2.5302908420562744	1.9092411994934082	1.9070583581924438	False	[0 0 0 0 0 0 0 0 0 0 0 0]	[0 0 0 0 0 0 0 0 0 0 0 0]	[0 0 0 0 1 0]	[0 0 0 0 0 1]
10	-1.0	8.88049030303955	2.517521858215332	2.52116322517395	1.914366602897644	1.927438497543335	False	[0 0 0 0 0 0 0 0 0 0 0 0]	[0 0 0 0 0 0 0 0 0 0 0 0]	[0 0 0 0 0 0]	[0 0 0 0 0 0]
10	-1.0	8.85670280456543	2.5122649669647217	2.528576612472534	1.9091849327087402	1.906676173210144	False	[0 0 0 0 0 0 0 0 0 0 0 0]	[0 0 0 0 0 0 0 0 0 0 0 0]	[0 0 0 0 1 0]	[0 0 0 0 0 1]
10	-1.0	8.877309799194336	2.5166361331939697	2.5194156169891357	1.9142000675201416	1.927058219909668	False	[0 0 0 0 0 0 0 0 0 0 0 0]	[0 0 0 0 0 0 0 0 0 0 0 0]	[0 0 0 0 0 0]	[0 0 0 0 0 0]
11	0.18170374631881714	8.914402961730957	2.5237021446228027	2.5409374237060547	1.9212801456451416	1.9284828901290894	False	[0 0 1 0 0 0 0 0 0 0 0 0]	[0 1 0 0 0 0 0 0 0 0 0 0]	[1 0 0 0 0 0]	[1 0 0 0 0 0]
11	-0.5	8.90652084350586	2.5214056968688965	2.5494778156280518	1.9136567115783691	1.921980857849121	False	[0 0 0 0 0 0 0 0 0 0 0 0]	[0 1 0 0 0 0 0 0 0 0 1 0]	[0 0 0 0 0 0]	[0 0 0 0 0 0]
11	0.20810160040855408	8.922386169433594	2.5255773067474365	2.549100637435913	1.9205849170684814	1.9271225929260254	False	[0 0 1 0 0 0 0 0 0 0 0 0]	[0 1 0 0 0 0 0 0 0 0 0 0]	[1 0 0 0 0 0]	[1 0 0 0 0 0]
11	-0.5	8.90850830078125	2.5228631496429443	2.549456834793091	1.9141457080841064	1.922042727470398	False	[0 0 0 0 0 0 0 0 0 0 0 0]	[0 1 0 0 0 0 0 0 0 0 1 0]	[0 0 0 0 0 0]	[0 0 0 0 0 0]
11	0.20427614450454712	8.927151679992676	2.528425931930542	2.5493643283843994	1.9214797019958496	1.9278813600540161	False	[0 0 1 0 0 0 0 0 0 0 0 0]	[0 1 0 0 0 0 0 0 0 0 0 0]	[1 0 0 0 0 0]	[1 0 0 0 0 0]
11	-0.5	8.911212921142578	2.523402452468872	2.549518585205078	1.9152601957321167	1.9230314493179321	False	[0 0 0 0 0 0 0 0 0 0 0 0]	[0 1 0 0 0 0 0 0 0 0 1 0]	[0 0 0 0 0 0]	[0 0 0 0 0 0]
11	0.20182254910469055	8.926982879638672	2.5277891159057617	2.5495734214782715	1.9216728210449219	1.927947759628296	False	[0 0 1 0 0 0 0 0 0 0 0 0]	[0 1 0 0 0 0 0 0 0 0 0 0]	[1 0 0 0 0 0]	[1 0 0 0 0 0]
11	-0.5	8.911284446716309	2.5231571197509766	2.5493664741516113	1.915581226348877	1.9231796264648438	False	[0 0 0 0 0 0 0 0 0 0 0 0]	[0 1 0 0 0 0 0 0 0 0 1 0]	[0 0 0 0 0 0]	[0 0 0 0 0 0]
11	0.2315402776002884	8.924749374389648	2.526902675628662	2.548741579055786	1.921391248703003	1.9277129173278809	False	[0 0 1 0 0 0 0 0 0 0 0 0]	[0 1 0 0 0 0 0 0 0 0 0 0]	[1 0 0 0 0 0]	[1 0 0 0 0 0]
11	-0.5	8.908590316772461	2.5217485427856445	2.5496726036071777	1.9149880409240723	1.9221810102462769	False	[0 0 0 0 0 0 0 0 0 0 0 0]	[0 1 0 0 0 0 0 0 0 0 1 0]	[0 0 0 0 0 0]	[0 0 0 0 0 0]
11	0.2097330540418625	8.927249908447266	2.528374195098877	2.549182176589966	1.9216630458831787	1.928030252456665	False	[0 0 1 0 0 0 0 0 0 0 0 0]	[0 1 0 0 0 0 0 0 0 0 0 0]	[1 0 0 0 0 0]	[1 0 0 0 0 0]
11	-0.5	8.907732963562012	2.5226895809173584	2.5489726066589355	1.9140185117721558	1.9220521450042725	False	[0 0 0 0 0 0 0 0 0 0 0 0]	[0 1 0 0 0 0 0 0 0 0 1 0]	[0 0 0 0 0 0]	[0 0 0 0 0 0]
11	0.20265653729438782	8.927265167236328	2.5289247035980225	2.5490734577178955	1.9215576648712158	1.9277098178863525	False	[0 0 1 0 0 0 0 0 0 0 0 0]	[0 1 0 0 0 0 0 0 0 0 0 0]	[1 0 0 0 0 0]	[1 0 0 0 0 0]
11	-0.5	8.907339096069336	2.5214171409606934	2.5495762825012207	1.914355993270874	1.921989917755127	False	[0 0 0 0 0 0 0 0 0 0 0 0]	[0 1 0 0 0 0 0 0 0 0 1 0]	[0 0 0 0 0 0]	[0 0 0 0 0 0]
11	0.2099376916885376	8.927519798278809	2.5279786586761475	2.5495500564575195	1.9218902587890625	1.9281005859375	False	[0 0 1 0 0 0 0 0 0 0 0 0]	[0 1 0 0 0 0 0 0 0 0 0 0]	[1 0 0 0 0 0]	[1 0 0 0 0 0]
11	-0.5	8.91064739227295	2.5233218669891357	2.549513101577759	1.9153332710266113	1.9224789142608643	False	[0 0 0 0 0 0 0 0 0 0 0 0]	[0 1 0 0 0 0 0 0 0 0 1 0]	[0 0 0 0 0 0]	[0 0 0 0 0 0]
11	0.2212246060371399	8.922954559326172	2.5254881381988525	2.549239158630371	1.920506477355957	1.9277212619781494	False	[0 0 1 0 0 0 0 0 0 0 0 0]	[0 1 0 0 0 0 0 0 0 0 0 0]	[1 0 0 0 0 0]	[1 0 0 0 0 0]
11	-0.5	8.908355712890625	2.5217504501342773	2.549570083618164	1.9148842096328735	1.9221514463424683	False	[0 0 0 0 0 0 0 0 0 0 0 0]	[0 1 0 0 0 0 0 0 0 0 1 0]	[0 0 0 0 0 0]	[0 0 0 0 0 0]
11	0.19317087531089783	8.927957534790039	2.528743267059326	2.549531936645508	1.9217783212661743	1.9279043674468994	False	[0 0 1 0 0 0 0 0 0 0 0 0]	[0 1 0 0 0 0 0 0 0 0 0 0]	[1 0 0 0 0 0]	[1 0 0 0 0 0]
11	-0.5	8.901117324829102	2.5194056034088135	2.548337697982788	1.9123233556747437	1.921050786972046	False	[0 0 0 0 0 0 0 0 0 0 0 0]	[0 1 0 0 0 0 0 0 0 0 1 0]	[0 0 0 0 0 0]	[0 0 0 0 0 0]
11	0.21837057173252106	8.918582916259766	2.5245614051818848	2.548638105392456	1.9190559387207031	1.926328182220459	False	[0 0 1 0 0 0 0 0 0 0 0 0]	[0 1 0 0 0 0 0 0 0 0 0 0]	[1 0 0 0 0 0]	[1 0 0 0 0 0]
11	-0.5	8.91069507598877	2.5234787464141846	2.5496912002563477	1.9147236347198486	1.9228019714355469	False	[0 0 0 0 0 0 0 0 0 0 0 0]	[0 1 0 0 0 0 0 0 0 0 1 0]	[0 0 0 0 0 0]	[0 0 0 0 0 0]
11	0.2319958209991455	8.919548034667969	2.524176836013794	2.549058198928833	1.9197242259979248	1.9265886545181274	False	[0 0 1 0 0 0 0 0 0 0 0 0]	[0 1 0 0 0 0 0 0 0 0 0 0]	[1 0 0 0 0 0]	[1 0 0 0 0 0]
11	-0.5	8.914740562438965	2.5252702236175537	2.549964427947998	1.915851354598999	1.9236541986465454	False	[0 0 0 0 0 0 0 0 0 0 0 0]	[0 1 0 0 0 0 0 0 0 0 1 0]	[0 0 0 0 0 0]	[0 0 0 0 0 0]
11	0.21842162311077118	8.931026458740234	2.5300004482269287	2.5495264530181885	1.9228177070617676	1.9286822080612183	False	[0 0 1 0 0 0 0 0 0 0 0 0]	[0 1 0 0 0 0 0 0 0 0 0 0]	[1 0 0 0 0 0]	[1 0 0 0 0 0]
11	-0.5	8.91154670715332	2.5242955684661865	2.549565315246582	1.9148573875427246	1.9228278398513794	False	[0 0 0 0 0 0 0 0 0 0 0 0]	[0 1 0 0 0 0 0 0 0 0 1 0]	[0 0 0 0 0 0]	[0 0 0 0 0 0]
11	0.22476918995380402	8.926094055175781	2.527026891708374	2.5491371154785156	1.9219226837158203	1.9280071258544922	False	[0 0 1 0 0 0 0 0 0 0 0 0]	[0 1 0 0 0 0 0 0 0 0 0 0]	[1 0 0 0 0 0]	[1 0 0 0 0 0]
11	-0.5	8.91246223449707	2.524629592895508	2.549884796142578	1.9150415658950806	1.9229060411453247	False	[0 0 0 0 0 0 0 0 0 0 0 0]	[0 1 0 0 0 0 0 0 0 0 1 0]	[0 0 0 0 0 0]	[0 0 0 0 0 0]
11	0.20968680083751678	8.917608261108398	2.522979259490967	2.5491483211517334	1.9193625450134277	1.9261183738708496	False	[0 0 1 0 0 0 0 0 0 0 0 0]	[0 1 0 0 0 0 0 0 0 0 0 0]	[1 0 0 0 0 0]	[1 0 0 0 0 0]
11	-0.5	8.90982437133789	2.522836208343506	2.549607992172241	1.9148321151733398	1.922548770904541	False	[0 0 0 0 0 0 0 0 0 0 0 0]	[0 1 0 0 0 0 0 0 0 0 1 0]	[0 0 0 0 0 0]	[0 0 0 0 0 0]
