# num_workers = 32
# num_cells = 256
# seed_for_environment = 5005
# lr = 0.0003
# max_grad_norm = 1.0
# eval_rollout_length = 30
# scaling_factor = 1000
# frames_per_batch = 500
# sub_batch_size = 64
# num_epochs = 15
# clip_epsilon = 0.2
# gamma = 0.99
# lmbda = 0.95
# entropy_eps = 0.003
# env_reward_engineering = True
# env_minimum_number_of_qubits = 12
# log_name = None
# env_version = qecc/bbcode-ldpc-v0
# env_bit_flipping = True
# env_l = 6
# env_m = 6
# env_use_dict_observation = True
# env_number_of_decoder_iterations = 50
# env_number_of_samples = 50
# env_code_logging = False
# model_architecture = hybrid
# model_surrogate_model_path = /vol/bitbucket/osella/rl-qecc-data/supervisedLearning/2026-07-12_21-15-58/surrogate_6x6.pth
# model_use_pretrained_encoder = True
# index_to_unfreeze_encoder_updates = 50
# encoder_lr_factor = 0.1
# training_device = cpu
# Resolved arguments:
# Resolved_env_reward_engineering = True
# Resolved_env_bit_flipping = True
# Resolved_env_useDictObservation = True
# Resolved_env_code_logging = False
# Resolved_model_use_pretrained_encoder = True
# Resolved_trainingDevice = cpu
# Resolved_model_architecture = hybrid
# Just for information, not used in actual run: SLURM CPUS queried from os environment: 32
# Number of workers: 32
# Does torch identify cuda: False
evaluation number	reward	policy entropy	policy entropy aX	policy entropy bX	policy entropy aY	policy entropy bY	Encoder freeze	postAction_aX	postAction_bX	postAction_aY	postAction_bY
0	-0.5	7.519438743591309	1.8880261182785034	1.843397617340088	1.898085117340088	1.889930009841919	True	[0 0 0 1 0 0]	[0 0 0 0 1 0]	[1 0 0 0 0 0]	[0 0 0 0 0 1]
0	0.2750000059604645	7.590351104736328	1.9095468521118164	1.8568412065505981	1.9179046154022217	1.906058430671692	True	[0 0 0 0 0 0]	[0 0 0 0 0 0]	[1 0 0 0 1 0]	[0 0 0 0 1 1]
0	0.13500000536441803	7.707527160644531	1.9175946712493896	1.9342385530471802	1.931388258934021	1.9243052005767822	True	[0 0 0 0 1 0]	[0 0 0 0 1 0]	[0 0 0 0 1 0]	[0 0 0 0 1 0]
0	-1.0	7.677663803100586	1.914107084274292	1.926331639289856	1.935014247894287	1.9022105932235718	True	[0 0 0 0 0 0]	[0 0 0 0 0 0]	[0 0 0 0 1 0]	[0 0 0 0 1 1]
0	-1.0	7.719048500061035	1.9225897789001465	1.9218592643737793	1.9385124444961548	1.9360872507095337	True	[0 0 0 0 1 0]	[0 0 0 0 1 0]	[1 0 0 0 1 0]	[0 0 0 0 1 0]
0	-1.0	7.675924777984619	1.920854926109314	1.9236164093017578	1.9331036806106567	1.898349642753601	True	[0 0 0 0 0 0]	[0 0 0 0 0 0]	[1 0 0 0 0 0]	[0 0 0 0 1 1]
0	-1.0	7.617061614990234	1.9075928926467896	1.8782143592834473	1.926910400390625	1.9043442010879517	True	[0 0 0 1 0 0]	[0 0 0 0 1 0]	[0 0 0 0 0 0]	[0 0 0 0 0 1]
0	-1.0	7.585532188415527	1.9133167266845703	1.841800570487976	1.9296514987945557	1.9007636308670044	True	[0 0 0 0 0 0]	[0 0 0 0 0 0]	[1 0 0 0 0 0]	[0 0 0 0 1 1]
0	-1.0	7.611957550048828	1.909352421760559	1.8735154867172241	1.9261592626571655	1.902930498123169	True	[0 0 0 1 0 0]	[0 0 0 0 1 0]	[0 0 0 0 0 0]	[0 0 0 0 0 1]
0	-1.0	7.597126007080078	1.913299322128296	1.8493525981903076	1.9308277368545532	1.903646469116211	True	[0 0 0 0 0 0]	[0 0 0 0 0 0]	[0 0 0 0 1 0]	[0 0 0 0 1 1]
0	-1.0	7.724508285522461	1.9248381853103638	1.922549843788147	1.939223289489746	1.937896966934204	True	[0 0 0 1 0 0]	[0 0 0 0 1 0]	[1 0 0 0 1 0]	[0 0 0 0 1 1]
0	-1.0	7.720026016235352	1.9234269857406616	1.9226164817810059	1.9400385618209839	1.9339436292648315	True	[0 0 1 1 0 0]	[0 0 0 0 0 0]	[1 0 0 0 0 0]	[0 0 0 0 1 0]
0	-1.0	7.7094879150390625	1.9313569068908691	1.9126991033554077	1.9329049587249756	1.9325265884399414	True	[0 0 1 1 1 0]	[0 0 0 0 1 0]	[0 0 0 0 0 0]	[0 0 0 0 1 1]
0	-1.0	7.720067024230957	1.9291443824768066	1.9171017408370972	1.935784101486206	1.9380366802215576	True	[0 0 1 1 0 0]	[0 0 0 0 0 0]	[0 0 0 1 0 0]	[0 0 0 0 0 1]
0	-1.0	7.711334228515625	1.9292199611663818	1.9140686988830566	1.927742838859558	1.940302848815918	True	[0 0 1 1 0 1]	[0 0 0 0 0 1]	[0 0 0 0 0 0]	[0 0 0 0 1 1]
0	-1.0	7.655013084411621	1.9307310581207275	1.8719007968902588	1.937139868736267	1.9152412414550781	True	[0 0 1 0 0 1]	[0 0 0 0 1 1]	[1 0 0 0 0 0]	[0 0 0 0 0 1]
0	-1.0	7.623629570007324	1.9259297847747803	1.8740289211273193	1.9140713214874268	1.9095990657806396	True	[0 0 1 1 0 1]	[0 0 0 0 0 1]	[1 0 0 0 1 0]	[0 0 0 0 1 1]
0	-0.3333333432674408	7.7426652908325195	1.9369105100631714	1.9261665344238281	1.9429030418395996	1.9366850852966309	True	[1 0 1 1 0 1]	[0 0 0 0 0 0]	[1 0 0 0 1 0]	[0 0 0 0 1 1]
0	-1.0	7.739627838134766	1.9331719875335693	1.9250774383544922	1.9392246007919312	1.9421536922454834	True	[1 0 1 1 1 1]	[0 0 0 0 1 0]	[0 0 0 0 1 0]	[0 0 0 0 1 1]
0	-1.0	7.726754665374756	1.9256649017333984	1.9365510940551758	1.9366123676300049	1.9279266595840454	True	[0 0 1 1 1 1]	[0 0 0 1 1 0]	[0 0 0 0 0 0]	[0 0 0 0 1 0]
0	-0.3333333432674408	7.720186233520508	1.9268734455108643	1.9210338592529297	1.9375627040863037	1.9347163438796997	True	[0 0 0 1 1 1]	[0 0 0 1 0 0]	[0 0 0 0 0 0]	[0 0 0 0 1 1]
0	-0.6666666865348816	7.7310686111450195	1.9255564212799072	1.9300936460494995	1.936037540435791	1.9393813610076904	True	[1 0 0 1 1 1]	[0 0 0 1 1 0]	[0 0 0 0 0 0]	[0 0 0 0 1 1]
0	-0.6666666865348816	7.714180946350098	1.918713927268982	1.9322552680969238	1.9331098794937134	1.930101752281189	True	[1 0 1 1 1 1]	[0 0 0 1 0 0]	[0 0 0 0 1 0]	[0 0 0 0 1 0]
0	-1.0	7.708263874053955	1.927448034286499	1.925368070602417	1.933735728263855	1.921712040901184	True	[1 0 0 1 1 1]	[0 0 0 1 1 0]	[0 0 0 0 1 0]	[0 0 0 0 1 1]
0	-0.3333333432674408	7.714956283569336	1.9171051979064941	1.932713508605957	1.932132363319397	1.9330050945281982	True	[0 0 0 1 1 1]	[0 0 0 1 0 0]	[0 0 0 0 0 0]	[0 0 0 0 1 0]
0	-0.6666666865348816	7.72457218170166	1.928257703781128	1.925993800163269	1.933866262435913	1.9364545345306396	True	[1 0 0 1 1 1]	[0 0 0 1 1 0]	[0 0 0 0 0 0]	[0 0 0 0 1 1]
0	-0.6666666865348816	7.719987869262695	1.9180141687393188	1.9338207244873047	1.933922290802002	1.9342310428619385	True	[1 0 1 1 1 1]	[0 0 0 1 0 0]	[0 0 0 0 1 0]	[0 0 0 0 1 0]
0	-1.0	7.7052459716796875	1.9272527694702148	1.9263701438903809	1.930465579032898	1.9211572408676147	True	[0 0 1 1 1 1]	[0 0 0 1 1 0]	[0 0 0 0 1 0]	[0 0 0 0 1 1]
0	-1.0	7.7248005867004395	1.9222546815872192	1.926008701324463	1.9399619102478027	1.9365754127502441	True	[1 0 1 1 1 1]	[0 1 0 1 1 0]	[0 0 0 0 0 0]	[0 0 0 0 1 1]
0	-0.6666666865348816	7.718906879425049	1.9226362705230713	1.9314371347427368	1.9383500814437866	1.9264830350875854	True	[1 0 0 1 1 1]	[0 1 0 0 1 0]	[0 0 0 0 1 0]	[0 0 0 0 1 1]
1	0.19249999523162842	5.591936111450195	1.486971139907837	1.642227292060852	0.9694294333457947	1.4933083057403564	True	[0 0 0 1 0 0]	[1 0 0 0 0 0]	[1 0 0 0 0 0]	[0 0 0 0 1 0]
1	0.13500000536441803	6.259249687194824	1.6786134243011475	1.6732653379440308	1.3802952766418457	1.5270756483078003	True	[0 0 0 0 0 0]	[1 0 1 0 0 0]	[0 0 0 0 0 0]	[0 0 0 0 0 0]
1	-0.5	5.840080738067627	1.3108481168746948	1.7569292783737183	1.1874960660934448	1.5848075151443481	True	[0 0 0 1 0 0]	[0 0 1 0 0 0]	[1 0 0 0 0 0]	[0 1 0 0 0 0]
1	0.125	6.3345561027526855	1.4910565614700317	1.5164295434951782	1.5766527652740479	1.7504171133041382	True	[0 0 0 0 0 0]	[0 0 0 0 0 0]	[0 0 0 0 0 0]	[0 1 0 0 1 0]
1	-0.5	5.618905067443848	1.5670654773712158	1.5489420890808105	1.146156668663025	1.3567408323287964	True	[0 0 0 1 0 0]	[0 0 1 0 0 0]	[1 0 0 0 0 0]	[0 1 0 0 0 0]
1	0.15000000596046448	6.2082719802856445	1.4453063011169434	1.5200982093811035	1.5059418678283691	1.7369253635406494	True	[0 0 0 0 0 0]	[0 0 0 0 0 0]	[0 0 0 0 0 0]	[0 1 0 0 1 0]
1	-0.5	5.654755115509033	1.5712510347366333	1.5416003465652466	1.1728003025054932	1.3691033124923706	True	[0 0 0 1 0 0]	[0 0 1 0 0 0]	[1 0 0 0 0 0]	[0 1 0 0 0 0]
1	0.12999999523162842	6.185644149780273	1.4378145933151245	1.5287237167358398	1.5040597915649414	1.7150461673736572	True	[0 0 0 0 0 0]	[0 0 0 0 0 0]	[0 0 0 0 0 0]	[0 1 0 0 1 0]
1	-0.5	5.659696578979492	1.568680763244629	1.5453547239303589	1.2030900716781616	1.3425710201263428	True	[0 0 0 1 0 0]	[0 0 1 0 0 0]	[1 0 0 0 0 0]	[0 1 0 0 0 0]
1	0.125	6.209471702575684	1.4446804523468018	1.5439157485961914	1.4818553924560547	1.739020586013794	True	[0 0 0 0 0 0]	[0 0 0 0 0 0]	[0 0 0 0 0 0]	[0 1 0 0 1 0]
1	-0.5	5.615871429443359	1.5546681880950928	1.5609616041183472	1.1744678020477295	1.325774073600769	True	[0 0 0 1 0 0]	[0 0 1 0 0 0]	[1 0 0 0 0 0]	[0 1 0 0 0 0]
1	0.13750000298023224	6.179909706115723	1.4183508157730103	1.5478131771087646	1.4880669116973877	1.7256786823272705	True	[0 0 0 0 0 0]	[0 0 0 0 0 0]	[0 0 0 0 0 0]	[0 1 0 0 1 0]
1	-0.5	5.663544654846191	1.5577694177627563	1.5522265434265137	1.1893287897109985	1.3642202615737915	True	[0 0 0 1 0 0]	[0 0 1 0 0 0]	[1 0 0 0 0 0]	[0 1 0 0 0 0]
1	0.125	6.1948699951171875	1.4627677202224731	1.5336856842041016	1.4748164415359497	1.723600149154663	True	[0 0 0 0 0 0]	[0 0 0 0 0 0]	[0 0 0 0 0 0]	[0 1 0 0 1 0]
1	-0.5	5.595269680023193	1.569718360900879	1.5425575971603394	1.1298308372497559	1.3531626462936401	True	[0 0 0 1 0 0]	[0 0 1 0 0 0]	[1 0 0 0 0 0]	[0 1 0 0 0 0]
1	0.1274999976158142	6.1621246337890625	1.4492762088775635	1.5037262439727783	1.4980278015136719	1.7110944986343384	True	[0 0 0 0 0 0]	[0 0 0 0 0 0]	[0 0 0 0 0 0]	[0 1 0 0 1 0]
1	-0.5	5.620668888092041	1.553923487663269	1.5509859323501587	1.147904396057129	1.3678550720214844	True	[0 0 0 1 0 0]	[0 0 1 0 0 0]	[1 0 0 0 0 0]	[0 1 0 0 0 0]
1	0.125	6.217222213745117	1.442855954170227	1.5284096002578735	1.5055322647094727	1.7404239177703857	True	[0 0 0 0 0 0]	[0 0 0 0 0 0]	[0 0 0 0 0 0]	[0 1 0 0 1 0]
1	-0.5	5.573644638061523	1.5588232278823853	1.5429855585098267	1.1202561855316162	1.3515797853469849	True	[0 0 0 1 0 0]	[0 0 1 0 0 0]	[1 0 0 0 0 0]	[0 1 0 0 0 0]
1	0.13249999284744263	6.193312168121338	1.424828052520752	1.5459553003311157	1.4923880100250244	1.730141282081604	True	[0 0 0 0 0 0]	[0 0 0 0 0 0]	[0 0 0 0 0 0]	[0 1 0 0 1 0]
1	-0.5	5.592229843139648	1.5657297372817993	1.5314772129058838	1.1354843378067017	1.3595386743545532	True	[0 0 0 1 0 0]	[0 0 1 0 0 0]	[1 0 0 0 0 0]	[0 1 0 0 0 0]
1	0.13500000536441803	6.1498565673828125	1.428924322128296	1.529090166091919	1.473681926727295	1.7181603908538818	True	[0 0 0 0 0 0]	[0 0 0 0 0 0]	[0 0 0 0 0 0]	[0 1 0 0 1 0]
1	-0.5	5.65020751953125	1.560572862625122	1.547305703163147	1.1876543760299683	1.3546744585037231	True	[0 0 0 1 0 0]	[0 0 1 0 0 0]	[1 0 0 0 0 0]	[0 1 0 0 0 0]
1	0.125	6.199879169464111	1.456855297088623	1.5248407125473022	1.495076060295105	1.723106861114502	True	[0 0 0 0 0 0]	[0 0 0 0 0 0]	[0 0 0 0 0 0]	[0 1 0 0 1 0]
1	-0.5	5.616233825683594	1.5785778760910034	1.5476104021072388	1.131487488746643	1.358557939529419	True	[0 0 0 1 0 0]	[0 0 1 0 0 0]	[1 0 0 0 0 0]	[0 1 0 0 0 0]
1	0.12999999523162842	6.185243606567383	1.455423355102539	1.5177171230316162	1.4855417013168335	1.7265613079071045	True	[0 0 0 0 0 0]	[0 0 0 0 0 0]	[0 0 0 0 0 0]	[0 1 0 0 1 0]
1	-0.5	5.628846168518066	1.5629315376281738	1.5448554754257202	1.1651415824890137	1.3559173345565796	True	[0 0 0 1 0 0]	[0 0 1 0 0 0]	[1 0 0 0 0 0]	[0 1 0 0 0 0]
1	0.12999999523162842	6.08994722366333	1.416923999786377	1.5402235984802246	1.4162043333053589	1.71659517288208	True	[0 0 0 0 0 0]	[0 0 0 0 0 0]	[0 0 0 0 0 0]	[0 1 0 0 1 0]
1	-0.5	5.618812084197998	1.5713695287704468	1.5477310419082642	1.1591951847076416	1.3405166864395142	True	[0 0 0 1 0 0]	[0 0 1 0 0 0]	[1 0 0 0 0 0]	[0 1 0 0 0 0]
1	0.14249999821186066	6.1816301345825195	1.4344415664672852	1.5379550457000732	1.470540165901184	1.7386932373046875	True	[0 0 0 0 0 0]	[0 0 0 0 0 0]	[0 0 0 0 0 0]	[0 1 0 0 1 0]
2	0.16249999403953552	4.159348964691162	1.0461158752441406	1.4004701375961304	0.2103014439344406	1.5024614334106445	True	[0 0 0 1 0 0]	[0 0 1 0 0 0]	[1 0 0 0 0 0]	[0 0 0 0 1 0]
2	0.125	5.734438896179199	0.9935264587402344	1.6010937690734863	1.33025324344635	1.8095654249191284	True	[1 0 0 1 0 0]	[0 0 0 0 0 0]	[0 0 0 0 0 0]	[0 0 0 0 0 0]
2	0.17000000178813934	4.63247537612915	1.1634209156036377	1.4317600727081299	0.4333688020706177	1.6039258241653442	True	[0 0 0 1 0 0]	[0 0 1 0 0 0]	[1 0 0 0 0 0]	[0 0 0 0 1 0]
2	0.11999999731779099	5.8652448654174805	1.0022006034851074	1.577368974685669	1.465889811515808	1.8197855949401855	True	[1 0 0 1 0 0]	[0 0 0 0 0 0]	[0 0 0 0 0 0]	[0 0 0 0 0 0]
2	0.17499999701976776	4.595365047454834	1.1589868068695068	1.4475570917129517	0.3963007926940918	1.5925202369689941	True	[0 0 0 1 0 0]	[0 0 1 0 0 0]	[1 0 0 0 0 0]	[0 0 0 0 1 0]
2	0.11749999970197678	5.415339946746826	1.0154359340667725	1.596294641494751	1.0297528505325317	1.77385675907135	True	[1 0 0 1 0 0]	[0 0 0 0 0 0]	[0 0 0 0 0 0]	[0 0 0 0 0 0]
2	0.15000000596046448	4.604887008666992	1.154803991317749	1.4330973625183105	0.4153462052345276	1.6016392707824707	True	[0 0 0 1 0 0]	[0 0 1 0 0 0]	[1 0 0 0 0 0]	[0 0 0 0 1 0]
2	0.12999999523162842	5.630237102508545	0.9968925714492798	1.5979750156402588	1.2336061000823975	1.8017632961273193	True	[1 0 0 1 0 0]	[0 0 0 0 0 0]	[0 0 0 0 0 0]	[0 0 0 0 0 0]
2	0.15000000596046448	4.526965141296387	1.2003538608551025	1.4572384357452393	0.3361693322658539	1.5332038402557373	True	[0 0 0 1 0 0]	[0 0 1 0 0 0]	[1 0 0 0 0 0]	[0 0 0 0 1 0]
2	0.13500000536441803	5.611689567565918	0.9957396984100342	1.5980603694915771	1.2132060527801514	1.8046835660934448	True	[1 0 0 1 0 0]	[0 0 0 0 0 0]	[0 0 0 0 0 0]	[0 1 0 0 1 0]
2	-0.5	4.968502044677734	1.258034586906433	1.4747123718261719	0.9982023239135742	1.2375524044036865	True	[0 0 0 1 0 0]	[0 0 1 0 0 0]	[1 0 0 0 0 0]	[0 1 0 0 0 0]
2	0.13500000536441803	5.120115280151367	1.0370091199874878	1.4165093898773193	0.8774579167366028	1.789138913154602	True	[1 0 0 1 0 0]	[0 0 0 0 0 0]	[0 0 0 0 0 0]	[0 1 0 0 1 0]
2	-0.5	4.942108154296875	1.2755625247955322	1.4821879863739014	0.9713236093521118	1.2130340337753296	True	[0 0 0 1 0 0]	[0 0 1 0 0 0]	[1 0 0 0 0 0]	[0 1 0 0 0 0]
2	0.14499999582767487	5.189078330993652	1.0538580417633057	1.4256328344345093	0.912289023399353	1.7972981929779053	True	[1 0 0 1 0 0]	[0 0 0 0 0 0]	[0 0 0 0 0 0]	[0 1 0 0 1 0]
2	-0.5	5.012352466583252	1.2480652332305908	1.4700912237167358	1.013600468635559	1.2805958986282349	True	[0 0 0 1 0 0]	[0 0 1 0 0 0]	[1 0 0 0 0 0]	[0 1 0 0 0 0]
2	0.13750000298023224	5.314685821533203	1.0294525623321533	1.4151780605316162	1.0551588535308838	1.8148964643478394	True	[1 0 0 1 0 0]	[0 0 0 0 0 0]	[0 0 0 0 0 0]	[0 1 0 0 1 0]
2	-0.5	5.104295253753662	1.2464858293533325	1.4422818422317505	1.1251957416534424	1.2903319597244263	True	[0 0 0 1 0 0]	[0 0 1 0 0 0]	[1 0 0 0 0 0]	[0 1 0 0 0 0]
2	0.14249999821186066	5.181221008300781	1.0510672330856323	1.4064007997512817	0.9200894832611084	1.8036632537841797	True	[1 0 0 1 0 0]	[0 0 0 0 0 0]	[0 0 0 0 0 0]	[0 1 0 0 1 0]
2	-0.5	5.083660125732422	1.2492942810058594	1.4937808513641357	1.0453542470932007	1.2952308654785156	True	[0 0 0 1 0 0]	[0 0 1 0 0 0]	[1 0 0 0 0 0]	[0 1 0 0 0 0]
2	0.14749999344348907	5.221499919891357	1.0374962091445923	1.4261082410812378	0.9557977318763733	1.8020977973937988	True	[1 0 0 1 0 0]	[0 0 0 0 0 0]	[0 0 0 0 0 0]	[0 1 0 0 1 0]
2	-0.5	5.104852676391602	1.2601484060287476	1.4844082593917847	1.063711404800415	1.2965844869613647	True	[0 0 0 1 0 0]	[0 0 1 0 0 0]	[1 0 0 0 0 0]	[0 1 0 0 0 0]
2	0.14499999582767487	5.127510070800781	1.021337628364563	1.43805992603302	0.8795901536941528	1.7885223627090454	True	[1 0 0 1 0 0]	[0 0 0 0 0 0]	[0 0 0 0 0 0]	[0 1 0 0 1 0]
2	-0.5	5.016432762145996	1.2870559692382812	1.4752557277679443	1.0422099828720093	1.2119113206863403	True	[0 0 0 1 0 0]	[0 0 1 0 0 0]	[1 0 0 0 0 0]	[0 1 0 0 0 0]
2	0.13249999284744263	5.233219146728516	1.0590050220489502	1.414381980895996	0.952514111995697	1.8073182106018066	True	[1 0 0 1 0 0]	[0 0 0 0 0 0]	[0 0 0 0 0 0]	[0 1 0 0 1 0]
2	-0.5	5.000424385070801	1.2455317974090576	1.4801619052886963	1.025881052017212	1.2488493919372559	True	[0 0 0 1 0 0]	[0 0 1 0 0 0]	[1 0 0 0 0 0]	[0 1 0 0 0 0]
2	0.14749999344348907	5.298863410949707	1.0494585037231445	1.4035546779632568	1.0389360189437866	1.8069143295288086	True	[1 0 0 1 0 0]	[0 0 0 0 0 0]	[0 0 0 0 0 0]	[0 1 0 0 1 0]
2	-0.5	5.038095474243164	1.2479182481765747	1.4757567644119263	1.0422587394714355	1.2721614837646484	True	[0 0 0 1 0 0]	[0 0 1 0 0 0]	[1 0 0 0 0 0]	[0 1 0 0 0 0]
2	0.14749999344348907	5.114291191101074	1.062674880027771	1.399606466293335	0.8609537482261658	1.7910559177398682	True	[1 0 0 1 0 0]	[0 0 0 0 0 0]	[0 0 0 0 0 0]	[0 1 0 0 1 0]
2	-0.5	5.099527359008789	1.2296538352966309	1.4806795120239258	1.1055030822753906	1.2836908102035522	True	[0 0 0 1 0 0]	[0 0 1 0 0 0]	[1 0 0 0 0 0]	[0 1 0 0 0 0]
2	0.13500000536441803	5.20490837097168	1.061275839805603	1.3717747926712036	0.9671924114227295	1.8046650886535645	True	[1 0 0 1 0 0]	[0 0 0 0 0 0]	[0 0 0 0 0 0]	[0 1 0 0 1 0]
