# num_workers = 7
# num_cells = 256
# seed_for_environment = 1111111
# lr = 0.0003
# max_grad_norm = 1.0
# eval_rollout_length = 30
# scaling_factor = 1000
# frames_per_batch = 500
# sub_batch_size = 64
# num_epochs = 15
# clip_epsilon = 0.2
# gamma = 0.99
# lmbda = 0.95
# entropy_eps = 0.003
# env_reward_engineering = True
# env_minimum_number_of_qubits = 8
# log_name = search_9_6_seed_1111111
# env_error_range = linear5
# env_version = qecc/bbcode-ldpc-v0
# env_bit_flipping = True
# env_l = 9
# env_m = 6
# env_use_dict_observation = True
# env_number_of_decoder_iterations = 50
# env_number_of_samples = 50
# env_code_logging = False
# model_architecture = hybrid
# model_surrogate_model_path = /vol/bitbucket/osella/rl-qecc-data//supervisedLearning/2026-07-12_20-18-32/surrogate_6x6.pth
# model_use_pretrained_encoder = True
# index_to_unfreeze_encoder_updates = 10
# encoder_lr_factor = 0.1
# training_device = cpu
# Resolved arguments:
# Resolved_env_reward_engineering = True
# Resolved_env_bit_flipping = True
# Resolved_env_useDictObservation = True
# Resolved_env_code_logging = False
# Resolved_env_error_range = [np.float64(0.0001), np.float64(0.025075), np.float64(0.05005), np.float64(0.075025), np.float64(0.1)]
# Resolved_model_use_pretrained_encoder = True
# Resolved_trainingDevice = cpu
# Resolved_model_architecture = hybrid
# Just for information, not used in actual run: SLURM CPUS queried from os environment: 96
# Number of workers: 7
# Does torch identify cuda: False
evaluation number	reward	policy entropy	policy entropy aX	policy entropy bX	policy entropy aY	policy entropy bY	Encoder freeze	postAction_aX	postAction_bX	postAction_aY	postAction_bY
0	-0.75	8.33586311340332	2.2705118656158447	2.2268803119659424	1.9174673557281494	1.9210032224655151	True	[0 0 0 0 0 1 0 0 0]	[0 1 0 0 0 0 0 0 0]	[0 0 1 0 0 0]	[0 0 0 1 0 0]
0	-0.5	8.417551040649414	2.287734031677246	2.267425298690796	1.9265053272247314	1.9358863830566406	True	[0 0 0 0 0 0 0 0 0]	[0 0 0 0 0 0 0 0 0]	[0 0 1 1 0 0]	[0 0 0 0 0 0]
0	-0.25	8.353968620300293	2.276207447052002	2.236154556274414	1.9177628755569458	1.9238438606262207	True	[0 0 0 0 0 1 0 0 0]	[0 1 0 0 0 0 0 0 0]	[0 0 0 1 0 0]	[0 0 0 1 0 0]
0	-1.0	8.402892112731934	2.283747673034668	2.267197370529175	1.9202371835708618	1.9317100048065186	True	[0 0 0 0 0 0 0 0 0]	[0 0 0 0 0 0 0 0 0]	[0 0 0 0 0 0]	[0 0 0 0 0 0]
0	-0.75	8.329999923706055	2.2688510417938232	2.2234439849853516	1.9153544902801514	1.9223496913909912	True	[0 0 0 0 0 1 0 0 0]	[0 1 0 0 0 0 0 0 0]	[0 0 1 0 0 0]	[0 0 0 1 0 0]
0	-1.0	8.401092529296875	2.2882330417633057	2.257948160171509	1.9212874174118042	1.9336233139038086	True	[0 0 0 0 0 0 0 0 0]	[0 0 0 0 0 0 0 0 0]	[0 0 0 0 0 0]	[0 0 0 0 0 0]
0	-0.75	8.33000659942627	2.267836570739746	2.221466064453125	1.9193305969238281	1.9213733673095703	True	[0 0 0 0 0 1 0 0 0]	[0 1 0 0 0 0 0 0 0]	[0 0 1 0 0 0]	[0 0 0 1 0 0]
0	-1.0	8.405289649963379	2.2871522903442383	2.261066436767578	1.9240798950195312	1.9329911470413208	True	[0 0 0 0 0 0 0 0 0]	[0 0 0 0 0 0 0 0 0]	[0 0 0 0 0 0]	[0 0 0 0 0 0]
0	-0.75	8.329047203063965	2.268519401550293	2.2227816581726074	1.9183733463287354	1.919372797012329	True	[0 0 0 0 0 1 0 0 0]	[0 1 0 0 0 0 0 0 0]	[0 0 1 0 0 0]	[0 0 0 1 0 0]
0	-0.5	8.407652854919434	2.287874698638916	2.2613298892974854	1.9243955612182617	1.9340522289276123	True	[0 0 0 0 0 0 0 0 0]	[0 0 0 0 0 0 0 0 0]	[0 0 1 1 0 0]	[0 0 0 0 0 0]
0	-0.25	8.365205764770508	2.2783775329589844	2.2432034015655518	1.9192026853561401	1.9244221448898315	True	[0 0 0 0 0 1 0 0 0]	[0 1 0 0 0 0 0 0 0]	[0 0 0 1 0 0]	[0 0 0 1 0 0]
0	-1.0	8.420829772949219	2.289034605026245	2.273629665374756	1.9238715171813965	1.93429434299469	True	[0 0 0 0 0 0 0 0 0]	[0 0 0 0 0 0 0 0 0]	[0 0 0 0 0 0]	[0 0 0 0 0 0]
0	-0.75	8.333976745605469	2.268772602081299	2.2259974479675293	1.9150277376174927	1.9241786003112793	True	[0 0 0 0 0 1 0 0 0]	[0 1 0 0 0 0 0 0 0]	[0 0 1 0 0 0]	[0 0 0 1 0 0]
0	-0.5	8.413168907165527	2.2879528999328613	2.2665131092071533	1.9239754676818848	1.934727430343628	True	[0 0 0 0 0 0 0 0 0]	[0 0 0 0 0 0 0 0 0]	[0 0 1 1 0 0]	[0 0 0 0 0 0]
0	-0.25	8.354022026062012	2.2768802642822266	2.2379298210144043	1.9164735078811646	1.9227386713027954	True	[0 0 0 0 0 1 0 0 0]	[0 1 0 0 0 0 0 0 0]	[0 0 0 1 0 0]	[0 0 0 1 0 0]
0	-1.0	8.405661582946777	2.286266803741455	2.2681026458740234	1.9214247465133667	1.9298675060272217	True	[0 0 0 0 0 0 0 0 0]	[0 0 0 0 0 0 0 0 0]	[0 0 0 0 0 0]	[0 0 0 0 0 0]
0	-0.75	8.31209659576416	2.2667579650878906	2.2173659801483154	1.9078763723373413	1.920095682144165	True	[0 0 0 0 0 1 0 0 0]	[0 1 0 0 0 0 0 0 0]	[0 0 1 0 0 0]	[0 0 0 1 0 0]
0	-0.5	8.405292510986328	2.289372205734253	2.260512351989746	1.922265887260437	1.9331417083740234	True	[0 0 0 0 0 0 0 0 0]	[0 0 0 0 0 0 0 0 0]	[0 0 1 1 0 0]	[0 0 0 0 0 0]
0	-0.25	8.360158920288086	2.27768874168396	2.2426228523254395	1.916006326675415	1.9238417148590088	True	[0 0 0 0 0 1 0 0 0]	[0 1 0 0 0 0 0 0 0]	[0 0 0 1 0 0]	[0 0 0 1 0 0]
0	-0.5	8.405153274536133	2.2864739894866943	2.2659168243408203	1.92041015625	1.9323517084121704	True	[0 0 0 0 0 0 0 0 0]	[0 0 0 0 0 0 0 0 0]	[0 0 1 1 0 0]	[0 0 0 0 0 0]
0	-0.25	8.35909366607666	2.2765049934387207	2.2413198947906494	1.9178922176361084	1.9233758449554443	True	[0 0 0 0 0 1 0 0 0]	[0 1 0 0 0 0 0 0 0]	[0 0 0 1 0 0]	[0 0 0 1 0 0]
0	-1.0	8.409346580505371	2.2877357006073	2.269895315170288	1.9201834201812744	1.9315321445465088	True	[0 0 0 0 0 0 0 0 0]	[0 0 0 0 0 0 0 0 0]	[0 0 0 0 0 0]	[0 0 0 0 0 0]
0	-0.75	8.327397346496582	2.2676007747650146	2.221940279006958	1.9182804822921753	1.919575810432434	True	[0 0 0 0 0 1 0 0 0]	[0 1 0 0 0 0 0 0 0]	[0 0 1 0 0 0]	[0 0 0 1 0 0]
0	-1.0	8.421183586120605	2.288504123687744	2.2685248851776123	1.9269968271255493	1.9371581077575684	True	[0 0 0 0 0 0 0 0 0]	[0 0 0 0 0 0 0 0 0]	[0 0 0 0 0 0]	[0 0 0 0 0 0]
0	-0.75	8.327157974243164	2.267247200012207	2.2227096557617188	1.917731761932373	1.919468879699707	True	[0 0 0 0 0 1 0 0 0]	[0 1 0 0 0 0 0 0 0]	[0 0 1 0 0 0]	[0 0 0 1 0 0]
0	-0.5	8.414393424987793	2.286923885345459	2.266798496246338	1.9262511730194092	1.9344199895858765	True	[0 0 0 0 0 0 0 0 0]	[0 0 0 0 0 0 0 0 0]	[0 0 1 1 0 0]	[0 0 0 0 0 0]
0	-0.25	8.365772247314453	2.278273344039917	2.2451376914978027	1.9171760082244873	1.9251856803894043	True	[0 0 0 0 0 1 0 0 0]	[0 1 0 0 0 0 0 0 0]	[0 0 0 1 0 0]	[0 0 0 1 0 0]
0	-1.0	8.411720275878906	2.2871508598327637	2.2696878910064697	1.9210211038589478	1.933860182762146	True	[0 0 0 0 0 0 0 0 0]	[0 0 0 0 0 0 0 0 0]	[0 0 0 0 0 0]	[0 0 0 0 0 0]
0	-0.75	8.334182739257812	2.269286632537842	2.2252657413482666	1.9185452461242676	1.9210851192474365	True	[0 0 0 0 0 1 0 0 0]	[0 1 0 0 0 0 0 0 0]	[0 0 1 0 0 0]	[0 0 0 1 0 0]
0	-0.5	8.414066314697266	2.288418769836426	2.265352725982666	1.9249813556671143	1.9353128671646118	True	[0 0 0 0 0 0 0 0 0]	[0 0 0 0 0 0 0 0 0]	[0 0 1 1 0 0]	[0 0 0 0 0 0]
