# num_workers = 11
# num_cells = 256
# seed_for_environment = 89469384
# lr = 0.0003
# max_grad_norm = 1.0
# eval_rollout_length = 30
# scaling_factor = 100
# frames_per_batch = 500
# sub_batch_size = 64
# num_epochs = 15
# clip_epsilon = 0.2
# gamma = 0.99
# lmbda = 0.95
# entropy_eps = 0.03
# env_reward_engineering = True
# env_minimum_number_of_qubits = 16
# log_name = experiment_21_18_seed_89469384.txt
# env_error_range = geometric5
# env_version = qecc/bbcode-ldpc-v0
# env_bit_flipping = True
# env_l = 21
# env_m = 18
# env_use_dict_observation = True
# env_number_of_decoder_iterations = 50
# env_number_of_samples = 50
# env_code_logging = False
# env_reset_type = random3
# env_max_step = 30
# env_max_decoding_usage = 1073741824
# model_architecture = hybrid
# model_surrogate_model_path = /vol/bitbucket/osella/rl-qecc-data//supervisedLearning/sweep2/g5_mix_66-96-126-153_H7_s2000.pth
# model_use_pretrained_encoder = True
# index_to_unfreeze_encoder_updates = 20
# encoder_lr_factor = 0.1
# training_device = cpu
# Resolved arguments:
# Resolved_env_reward_engineering = True
# Resolved_env_bit_flipping = True
# Resolved_env_useDictObservation = True
# Resolved_env_code_logging = False
# Resolved_env_max_step = 30
# Resolved_env_max_decoding_usage = 1073741824
# Resolved_env_reset_type = random3
# Resolved_env_error_range = [np.float64(0.001), np.float64(0.003162), np.float64(0.01), np.float64(0.031623), np.float64(0.1)]
# Resolved_model_use_pretrained_encoder = True
# Resolved_trainingDevice = cpu
# Resolved_model_architecture = hybrid
# Just for information, not used in actual run: SLURM CPUS queried from os environment: 12
# Number of workers: 11
# Does torch identify cuda: True
evaluation number	time	reward	time	policy entropy	time	policy entropy aX	time	policy entropy bX	time	policy entropy aY	time	policy entropy bY	time	Encoder freeze	time	preAction_aX	time	preAction_bX	time	preAction_aY	time	preAction_bY	time	preAction_k	time	postAction_aX	time	postAction_bX	time	postAction_aY	time	postAction_bY	time	postAction_k	time
0	2026-08-08_19-43-20	-1.0	2026-08-08_19-43-20	11.97844409942627	2026-08-08_19-43-20	3.071704864501953	2026-08-08_19-43-20	3.064976930618286	2026-08-08_19-43-20	2.920341730117798	2026-08-08_19-43-20	2.9214210510253906	2026-08-08_19-43-20	True	2026-08-08_19-43-20	[0 0 0 1 0 0 0 0 0 0 0 0 0 0 0 0 0 0 1 0 0]	2026-08-08_19-43-20	[0 0 0 0 0 0 0 0 0 0 1 0 0 0 0 0 0 0 0 0 1]	2026-08-08_19-43-20	[0 0 0 0 0 0 0 0 0 0 0 0 0 0 0 0 1 0]	2026-08-08_19-43-20	[0 0 0 0 0 0 0 0 0 0 0 0 1 0 0 0 0 0]	2026-08-08_19-43-20	[0]	2026-08-08_19-43-20	[0 0 1 1 0 0 0 0 0 0 0 0 0 0 0 0 0 0 1 0 0]	2026-08-08_19-43-20	[0 0 0 0 0 0 0 1 0 0 1 0 0 0 0 0 0 0 0 0 1]	2026-08-08_19-43-20	[0 0 0 0 0 1 0 0 0 0 0 0 0 0 0 0 1 0]	2026-08-08_19-43-20	[0 0 0 1 0 0 0 0 0 0 0 0 1 0 0 0 0 0]	2026-08-08_19-43-20	[0]	2026-08-08_19-43-20
0	2026-08-08_19-43-20	-1.0	2026-08-08_19-43-20	11.989463806152344	2026-08-08_19-43-20	3.0699338912963867	2026-08-08_19-43-20	3.067676067352295	2026-08-08_19-43-20	2.927891492843628	2026-08-08_19-43-20	2.923962116241455	2026-08-08_19-43-20	True	2026-08-08_19-43-20	[0 0 1 1 0 0 0 0 0 0 0 0 0 0 0 0 0 0 1 0 0]	2026-08-08_19-43-20	[0 0 0 0 0 0 0 1 0 0 1 0 0 0 0 0 0 0 0 0 1]	2026-08-08_19-43-20	[0 0 0 0 0 1 0 0 0 0 0 0 0 0 0 0 1 0]	2026-08-08_19-43-20	[0 0 0 1 0 0 0 0 0 0 0 0 1 0 0 0 0 0]	2026-08-08_19-43-20	[0]	2026-08-08_19-43-20	[0 0 0 1 0 0 0 0 0 0 0 0 0 0 0 0 0 0 1 0 0]	2026-08-08_19-43-20	[0 0 0 0 0 0 0 0 0 0 1 0 0 0 0 0 0 0 0 0 1]	2026-08-08_19-43-20	[0 0 0 0 0 0 0 0 0 0 0 0 0 0 0 0 1 0]	2026-08-08_19-43-20	[0 0 0 0 0 0 0 0 0 0 0 0 1 0 0 0 0 0]	2026-08-08_19-43-20	[0]	2026-08-08_19-43-20
0	2026-08-08_19-43-20	-1.0	2026-08-08_19-43-20	11.97398567199707	2026-08-08_19-43-20	3.070042848587036	2026-08-08_19-43-20	3.0639379024505615	2026-08-08_19-43-20	2.9191291332244873	2026-08-08_19-43-20	2.9208760261535645	2026-08-08_19-43-20	True	2026-08-08_19-43-20	[0 0 0 1 0 0 0 0 0 0 0 0 0 0 0 0 0 0 1 0 0]	2026-08-08_19-43-20	[0 0 0 0 0 0 0 0 0 0 1 0 0 0 0 0 0 0 0 0 1]	2026-08-08_19-43-20	[0 0 0 0 0 0 0 0 0 0 0 0 0 0 0 0 1 0]	2026-08-08_19-43-20	[0 0 0 0 0 0 0 0 0 0 0 0 1 0 0 0 0 0]	2026-08-08_19-43-20	[0]	2026-08-08_19-43-20	[0 0 1 1 0 0 0 0 0 0 0 0 0 0 0 0 0 0 1 0 0]	2026-08-08_19-43-20	[0 0 0 0 0 0 0 1 0 0 1 0 0 0 0 0 0 0 0 0 1]	2026-08-08_19-43-20	[0 0 0 0 0 1 0 0 0 0 0 0 0 0 0 0 1 0]	2026-08-08_19-43-20	[0 0 0 1 0 0 0 0 0 0 0 0 1 0 0 0 0 0]	2026-08-08_19-43-20	[0]	2026-08-08_19-43-20
0	2026-08-08_19-43-20	-1.0	2026-08-08_19-43-20	11.989638328552246	2026-08-08_19-43-20	3.0705857276916504	2026-08-08_19-43-20	3.067596912384033	2026-08-08_19-43-20	2.926750421524048	2026-08-08_19-43-20	2.9247055053710938	2026-08-08_19-43-20	True	2026-08-08_19-43-20	[0 0 1 1 0 0 0 0 0 0 0 0 0 0 0 0 0 0 1 0 0]	2026-08-08_19-43-20	[0 0 0 0 0 0 0 1 0 0 1 0 0 0 0 0 0 0 0 0 1]	2026-08-08_19-43-20	[0 0 0 0 0 1 0 0 0 0 0 0 0 0 0 0 1 0]	2026-08-08_19-43-20	[0 0 0 1 0 0 0 0 0 0 0 0 1 0 0 0 0 0]	2026-08-08_19-43-20	[0]	2026-08-08_19-43-20	[0 0 0 1 0 0 0 0 0 0 0 0 0 0 0 0 0 0 1 0 0]	2026-08-08_19-43-20	[0 0 0 0 0 0 0 0 0 0 1 0 0 0 0 0 0 0 0 0 1]	2026-08-08_19-43-20	[0 0 0 0 0 0 0 0 0 0 0 0 0 0 0 0 1 0]	2026-08-08_19-43-20	[0 0 0 0 0 0 0 0 0 0 0 0 1 0 0 0 0 0]	2026-08-08_19-43-20	[0]	2026-08-08_19-43-20
0	2026-08-08_19-43-20	-1.0	2026-08-08_19-43-20	11.978405952453613	2026-08-08_19-43-20	3.0711686611175537	2026-08-08_19-43-20	3.0650699138641357	2026-08-08_19-43-20	2.9203293323516846	2026-08-08_19-43-20	2.92183780670166	2026-08-08_19-43-20	True	2026-08-08_19-43-20	[0 0 0 1 0 0 0 0 0 0 0 0 0 0 0 0 0 0 1 0 0]	2026-08-08_19-43-20	[0 0 0 0 0 0 0 0 0 0 1 0 0 0 0 0 0 0 0 0 1]	2026-08-08_19-43-20	[0 0 0 0 0 0 0 0 0 0 0 0 0 0 0 0 1 0]	2026-08-08_19-43-20	[0 0 0 0 0 0 0 0 0 0 0 0 1 0 0 0 0 0]	2026-08-08_19-43-20	[0]	2026-08-08_19-43-20	[0 0 1 1 0 0 0 0 0 0 0 0 0 0 0 0 0 0 1 0 0]	2026-08-08_19-43-20	[0 0 0 0 0 0 0 1 0 0 1 0 0 0 0 0 0 0 0 0 1]	2026-08-08_19-43-20	[0 0 0 0 0 1 0 0 0 0 0 0 0 0 0 0 1 0]	2026-08-08_19-43-20	[0 0 0 1 0 0 0 0 0 0 0 0 1 0 0 0 0 0]	2026-08-08_19-43-20	[0]	2026-08-08_19-43-20
0	2026-08-08_19-43-20	-1.0	2026-08-08_19-43-20	11.987346649169922	2026-08-08_19-43-20	3.0700316429138184	2026-08-08_19-43-20	3.067416191101074	2026-08-08_19-43-20	2.926553726196289	2026-08-08_19-43-20	2.9233460426330566	2026-08-08_19-43-20	True	2026-08-08_19-43-20	[0 0 1 1 0 0 0 0 0 0 0 0 0 0 0 0 0 0 1 0 0]	2026-08-08_19-43-20	[0 0 0 0 0 0 0 1 0 0 1 0 0 0 0 0 0 0 0 0 1]	2026-08-08_19-43-20	[0 0 0 0 0 1 0 0 0 0 0 0 0 0 0 0 1 0]	2026-08-08_19-43-20	[0 0 0 1 0 0 0 0 0 0 0 0 1 0 0 0 0 0]	2026-08-08_19-43-20	[0]	2026-08-08_19-43-20	[0 0 0 1 0 0 0 0 0 0 0 0 0 0 0 0 0 0 1 0 0]	2026-08-08_19-43-20	[0 0 0 0 0 0 0 0 0 0 1 0 0 0 0 0 0 0 0 0 1]	2026-08-08_19-43-20	[0 0 0 0 0 0 0 0 0 0 0 0 0 0 0 0 1 0]	2026-08-08_19-43-20	[0 0 0 0 0 0 0 0 0 0 0 0 1 0 0 0 0 0]	2026-08-08_19-43-20	[0]	2026-08-08_19-43-20
0	2026-08-08_19-43-20	-1.0	2026-08-08_19-43-20	11.979730606079102	2026-08-08_19-43-20	3.0707061290740967	2026-08-08_19-43-20	3.0657222270965576	2026-08-08_19-43-20	2.9208903312683105	2026-08-08_19-43-20	2.9224119186401367	2026-08-08_19-43-20	True	2026-08-08_19-43-20	[0 0 0 1 0 0 0 0 0 0 0 0 0 0 0 0 0 0 1 0 0]	2026-08-08_19-43-20	[0 0 0 0 0 0 0 0 0 0 1 0 0 0 0 0 0 0 0 0 1]	2026-08-08_19-43-20	[0 0 0 0 0 0 0 0 0 0 0 0 0 0 0 0 1 0]	2026-08-08_19-43-20	[0 0 0 0 0 0 0 0 0 0 0 0 1 0 0 0 0 0]	2026-08-08_19-43-20	[0]	2026-08-08_19-43-20	[0 0 1 1 0 0 0 0 0 0 0 0 0 0 0 0 0 0 1 0 0]	2026-08-08_19-43-20	[0 0 0 0 0 0 0 1 0 0 1 0 0 0 0 0 0 0 0 0 1]	2026-08-08_19-43-20	[0 0 0 0 0 1 0 0 0 0 0 0 0 0 0 0 1 0]	2026-08-08_19-43-20	[0 0 0 1 0 0 0 0 0 0 0 0 1 0 0 0 0 0]	2026-08-08_19-43-20	[0]	2026-08-08_19-43-20
0	2026-08-08_19-43-20	-1.0	2026-08-08_19-43-20	11.989171981811523	2026-08-08_19-43-20	3.0699856281280518	2026-08-08_19-43-20	3.067603349685669	2026-08-08_19-43-20	2.928081750869751	2026-08-08_19-43-20	2.9235010147094727	2026-08-08_19-43-20	True	2026-08-08_19-43-20	[0 0 1 1 0 0 0 0 0 0 0 0 0 0 0 0 0 0 1 0 0]	2026-08-08_19-43-20	[0 0 0 0 0 0 0 1 0 0 1 0 0 0 0 0 0 0 0 0 1]	2026-08-08_19-43-20	[0 0 0 0 0 1 0 0 0 0 0 0 0 0 0 0 1 0]	2026-08-08_19-43-20	[0 0 0 1 0 0 0 0 0 0 0 0 1 0 0 0 0 0]	2026-08-08_19-43-20	[0]	2026-08-08_19-43-20	[0 0 0 1 0 0 0 0 0 0 0 0 0 0 0 0 0 0 1 0 0]	2026-08-08_19-43-20	[0 0 0 0 0 0 0 1 0 0 1 0 0 0 0 0 0 0 1 0 1]	2026-08-08_19-43-20	[0 0 0 0 0 0 0 0 0 0 0 0 0 0 0 0 1 0]	2026-08-08_19-43-20	[0 0 0 0 0 0 0 0 0 0 0 0 1 0 0 0 0 0]	2026-08-08_19-43-20	[0]	2026-08-08_19-43-20
0	2026-08-08_19-43-20	-0.25	2026-08-08_19-43-20	11.986042022705078	2026-08-08_19-43-20	3.0740303993225098	2026-08-08_19-43-20	3.06681227684021	2026-08-08_19-43-20	2.920694351196289	2026-08-08_19-43-20	2.9245047569274902	2026-08-08_19-43-20	True	2026-08-08_19-43-20	[0 0 0 1 0 0 0 0 0 0 0 0 0 0 0 0 0 0 1 0 0]	2026-08-08_19-43-20	[0 0 0 0 0 0 0 1 0 0 1 0 0 0 0 0 0 0 1 0 1]	2026-08-08_19-43-20	[0 0 0 0 0 0 0 0 0 0 0 0 0 0 0 0 1 0]	2026-08-08_19-43-20	[0 0 0 0 0 0 0 0 0 0 0 0 1 0 0 0 0 0]	2026-08-08_19-43-20	[0]	2026-08-08_19-43-20	[0 0 1 1 0 0 0 0 0 0 0 0 0 0 0 0 0 0 1 0 0]	2026-08-08_19-43-20	[0 0 0 0 0 0 0 0 0 0 1 0 0 0 0 0 0 0 1 0 1]	2026-08-08_19-43-20	[0 0 0 0 0 1 0 0 0 0 0 0 0 0 0 0 1 0]	2026-08-08_19-43-20	[0 0 0 1 0 0 0 0 0 0 0 0 1 0 0 0 0 0]	2026-08-08_19-43-20	[12]	2026-08-08_19-43-20
0	2026-08-08_19-43-20	-1.0	2026-08-08_19-43-20	11.989715576171875	2026-08-08_19-43-20	3.0719759464263916	2026-08-08_19-43-20	3.0666768550872803	2026-08-08_19-43-20	2.9283370971679688	2026-08-08_19-43-20	2.922725200653076	2026-08-08_19-43-20	True	2026-08-08_19-43-20	[0 0 1 1 0 0 0 0 0 0 0 0 0 0 0 0 0 0 1 0 0]	2026-08-08_19-43-20	[0 0 0 0 0 0 0 0 0 0 1 0 0 0 0 0 0 0 1 0 1]	2026-08-08_19-43-20	[0 0 0 0 0 1 0 0 0 0 0 0 0 0 0 0 1 0]	2026-08-08_19-43-20	[0 0 0 1 0 0 0 0 0 0 0 0 1 0 0 0 0 0]	2026-08-08_19-43-20	[12]	2026-08-08_19-43-20	[0 0 0 1 0 0 0 0 0 0 0 0 0 0 0 0 0 0 1 0 0]	2026-08-08_19-43-20	[0 0 0 0 0 0 0 1 0 0 1 0 0 0 0 0 0 0 1 0 1]	2026-08-08_19-43-20	[0 0 0 0 0 0 0 0 0 0 0 0 0 0 0 0 1 0]	2026-08-08_19-43-20	[0 0 0 0 0 0 0 0 0 0 0 0 1 0 0 0 0 0]	2026-08-08_19-43-20	[0]	2026-08-08_19-43-20
0	2026-08-08_19-43-20	-0.25	2026-08-08_19-43-20	11.980109214782715	2026-08-08_19-43-20	3.0704421997070312	2026-08-08_19-43-20	3.0646872520446777	2026-08-08_19-43-20	2.9232587814331055	2026-08-08_19-43-20	2.9217214584350586	2026-08-08_19-43-20	True	2026-08-08_19-43-20	[0 0 0 1 0 0 0 0 0 0 0 0 0 0 0 0 0 0 1 0 0]	2026-08-08_19-43-20	[0 0 0 0 0 0 0 1 0 0 1 0 0 0 0 0 0 0 1 0 1]	2026-08-08_19-43-20	[0 0 0 0 0 0 0 0 0 0 0 0 0 0 0 0 1 0]	2026-08-08_19-43-20	[0 0 0 0 0 0 0 0 0 0 0 0 1 0 0 0 0 0]	2026-08-08_19-43-20	[0]	2026-08-08_19-43-20	[0 0 1 1 0 0 0 0 0 0 0 0 0 0 0 0 0 0 1 0 0]	2026-08-08_19-43-20	[0 0 0 0 0 0 0 0 0 0 1 0 0 0 0 0 0 0 1 0 1]	2026-08-08_19-43-20	[0 0 0 0 0 1 0 0 0 0 0 0 0 0 0 0 1 0]	2026-08-08_19-43-20	[0 0 0 1 0 0 0 0 0 0 0 0 1 0 0 0 0 0]	2026-08-08_19-43-20	[12]	2026-08-08_19-43-20
0	2026-08-08_19-43-20	-1.0	2026-08-08_19-43-20	11.989822387695312	2026-08-08_19-43-20	3.0719008445739746	2026-08-08_19-43-20	3.0668890476226807	2026-08-08_19-43-20	2.9286916255950928	2026-08-08_19-43-20	2.9223403930664062	2026-08-08_19-43-20	True	2026-08-08_19-43-20	[0 0 1 1 0 0 0 0 0 0 0 0 0 0 0 0 0 0 1 0 0]	2026-08-08_19-43-20	[0 0 0 0 0 0 0 0 0 0 1 0 0 0 0 0 0 0 1 0 1]	2026-08-08_19-43-20	[0 0 0 0 0 1 0 0 0 0 0 0 0 0 0 0 1 0]	2026-08-08_19-43-20	[0 0 0 1 0 0 0 0 0 0 0 0 1 0 0 0 0 0]	2026-08-08_19-43-20	[12]	2026-08-08_19-43-20	[0 0 0 1 0 0 0 0 0 0 0 0 0 0 0 0 0 0 1 0 0]	2026-08-08_19-43-20	[0 0 0 0 0 0 0 1 0 0 1 0 0 0 0 0 0 0 1 0 1]	2026-08-08_19-43-20	[0 0 0 0 0 0 0 0 0 0 0 0 0 0 0 0 1 0]	2026-08-08_19-43-20	[0 0 0 0 0 0 0 0 0 0 0 0 1 0 0 0 0 0]	2026-08-08_19-43-20	[0]	2026-08-08_19-43-20
0	2026-08-08_19-43-20	-0.25	2026-08-08_19-43-20	11.981039047241211	2026-08-08_19-43-20	3.071531057357788	2026-08-08_19-43-20	3.0651841163635254	2026-08-08_19-43-20	2.921812057495117	2026-08-08_19-43-20	2.9225122928619385	2026-08-08_19-43-20	True	2026-08-08_19-43-20	[0 0 0 1 0 0 0 0 0 0 0 0 0 0 0 0 0 0 1 0 0]	2026-08-08_19-43-20	[0 0 0 0 0 0 0 1 0 0 1 0 0 0 0 0 0 0 1 0 1]	2026-08-08_19-43-20	[0 0 0 0 0 0 0 0 0 0 0 0 0 0 0 0 1 0]	2026-08-08_19-43-20	[0 0 0 0 0 0 0 0 0 0 0 0 1 0 0 0 0 0]	2026-08-08_19-43-20	[0]	2026-08-08_19-43-20	[0 0 1 1 0 0 0 0 0 0 0 0 0 0 0 0 0 0 1 0 0]	2026-08-08_19-43-20	[0 0 0 0 0 0 0 0 0 0 1 0 0 0 0 0 0 0 1 0 1]	2026-08-08_19-43-20	[0 0 0 0 0 1 0 0 0 0 0 0 0 0 0 0 1 0]	2026-08-08_19-43-20	[0 0 0 1 0 0 0 0 0 0 0 0 1 0 0 0 0 0]	2026-08-08_19-43-20	[12]	2026-08-08_19-43-20
0	2026-08-08_19-43-20	-1.0	2026-08-08_19-43-20	11.989822387695312	2026-08-08_19-43-20	3.072155714035034	2026-08-08_19-43-20	3.066955804824829	2026-08-08_19-43-20	2.928131341934204	2026-08-08_19-43-20	2.9225800037384033	2026-08-08_19-43-20	True	2026-08-08_19-43-20	[0 0 1 1 0 0 0 0 0 0 0 0 0 0 0 0 0 0 1 0 0]	2026-08-08_19-43-20	[0 0 0 0 0 0 0 0 0 0 1 0 0 0 0 0 0 0 1 0 1]	2026-08-08_19-43-20	[0 0 0 0 0 1 0 0 0 0 0 0 0 0 0 0 1 0]	2026-08-08_19-43-20	[0 0 0 1 0 0 0 0 0 0 0 0 1 0 0 0 0 0]	2026-08-08_19-43-20	[12]	2026-08-08_19-43-20	[0 0 0 1 0 0 0 0 0 0 0 0 0 0 0 0 0 0 1 0 0]	2026-08-08_19-43-20	[0 0 0 0 0 0 0 1 0 0 1 0 0 0 0 0 0 0 1 0 1]	2026-08-08_19-43-20	[0 0 0 0 0 0 0 0 0 0 0 0 0 0 0 0 1 0]	2026-08-08_19-43-20	[0 0 0 0 0 0 0 0 0 0 0 0 1 0 0 0 0 0]	2026-08-08_19-43-20	[0]	2026-08-08_19-43-20
0	2026-08-08_19-43-21	-0.25	2026-08-08_19-43-21	11.975227355957031	2026-08-08_19-43-21	3.0691399574279785	2026-08-08_19-43-21	3.064046621322632	2026-08-08_19-43-21	2.922738790512085	2026-08-08_19-43-21	2.919301986694336	2026-08-08_19-43-21	True	2026-08-08_19-43-21	[0 0 0 1 0 0 0 0 0 0 0 0 0 0 0 0 0 0 1 0 0]	2026-08-08_19-43-21	[0 0 0 0 0 0 0 1 0 0 1 0 0 0 0 0 0 0 1 0 1]	2026-08-08_19-43-21	[0 0 0 0 0 0 0 0 0 0 0 0 0 0 0 0 1 0]	2026-08-08_19-43-21	[0 0 0 0 0 0 0 0 0 0 0 0 1 0 0 0 0 0]	2026-08-08_19-43-21	[0]	2026-08-08_19-43-21	[0 0 1 1 0 0 0 0 0 0 0 0 0 0 0 0 0 0 1 0 0]	2026-08-08_19-43-21	[0 0 0 0 0 0 0 0 0 0 1 0 0 0 0 0 0 0 1 0 1]	2026-08-08_19-43-21	[0 0 0 0 0 1 0 0 0 0 0 0 0 0 0 0 1 0]	2026-08-08_19-43-21	[0 0 0 1 0 0 0 0 0 0 0 0 1 0 0 0 0 0]	2026-08-08_19-43-21	[12]	2026-08-08_19-43-21
0	2026-08-08_19-43-21	-1.0	2026-08-08_19-43-21	11.990422248840332	2026-08-08_19-43-21	3.071687698364258	2026-08-08_19-43-21	3.0673210620880127	2026-08-08_19-43-21	2.9288330078125	2026-08-08_19-43-21	2.9225804805755615	2026-08-08_19-43-21	True	2026-08-08_19-43-21	[0 0 1 1 0 0 0 0 0 0 0 0 0 0 0 0 0 0 1 0 0]	2026-08-08_19-43-21	[0 0 0 0 0 0 0 0 0 0 1 0 0 0 0 0 0 0 1 0 1]	2026-08-08_19-43-21	[0 0 0 0 0 1 0 0 0 0 0 0 0 0 0 0 1 0]	2026-08-08_19-43-21	[0 0 0 1 0 0 0 0 0 0 0 0 1 0 0 0 0 0]	2026-08-08_19-43-21	[12]	2026-08-08_19-43-21	[0 0 0 1 0 0 0 0 0 0 0 0 0 0 0 0 0 0 1 0 0]	2026-08-08_19-43-21	[0 0 0 0 0 0 0 1 0 0 1 0 0 0 0 0 0 0 1 0 1]	2026-08-08_19-43-21	[0 0 0 0 0 0 0 0 0 0 0 0 0 0 0 0 1 0]	2026-08-08_19-43-21	[0 0 0 0 0 0 0 0 0 0 0 0 1 0 0 0 0 0]	2026-08-08_19-43-21	[0]	2026-08-08_19-43-21
0	2026-08-08_19-43-21	-0.25	2026-08-08_19-43-21	11.975811958312988	2026-08-08_19-43-21	3.0685853958129883	2026-08-08_19-43-21	3.064274787902832	2026-08-08_19-43-21	2.9234352111816406	2026-08-08_19-43-21	2.9195165634155273	2026-08-08_19-43-21	True	2026-08-08_19-43-21	[0 0 0 1 0 0 0 0 0 0 0 0 0 0 0 0 0 0 1 0 0]	2026-08-08_19-43-21	[0 0 0 0 0 0 0 1 0 0 1 0 0 0 0 0 0 0 1 0 1]	2026-08-08_19-43-21	[0 0 0 0 0 0 0 0 0 0 0 0 0 0 0 0 1 0]	2026-08-08_19-43-21	[0 0 0 0 0 0 0 0 0 0 0 0 1 0 0 0 0 0]	2026-08-08_19-43-21	[0]	2026-08-08_19-43-21	[0 0 1 1 0 0 0 0 0 0 0 0 0 0 0 0 0 0 1 0 0]	2026-08-08_19-43-21	[0 0 0 0 0 0 0 0 0 0 1 0 0 0 0 0 0 0 1 0 1]	2026-08-08_19-43-21	[0 0 0 0 0 1 0 0 0 0 0 0 0 0 0 0 1 0]	2026-08-08_19-43-21	[0 0 0 1 0 0 0 0 0 0 0 0 1 0 0 0 0 0]	2026-08-08_19-43-21	[12]	2026-08-08_19-43-21
0	2026-08-08_19-43-21	-1.0	2026-08-08_19-43-21	11.986629486083984	2026-08-08_19-43-21	3.071762800216675	2026-08-08_19-43-21	3.0659399032592773	2026-08-08_19-43-21	2.9277493953704834	2026-08-08_19-43-21	2.921177387237549	2026-08-08_19-43-21	True	2026-08-08_19-43-21	[0 0 1 1 0 0 0 0 0 0 0 0 0 0 0 0 0 0 1 0 0]	2026-08-08_19-43-21	[0 0 0 0 0 0 0 0 0 0 1 0 0 0 0 0 0 0 1 0 1]	2026-08-08_19-43-21	[0 0 0 0 0 1 0 0 0 0 0 0 0 0 0 0 1 0]	2026-08-08_19-43-21	[0 0 0 1 0 0 0 0 0 0 0 0 1 0 0 0 0 0]	2026-08-08_19-43-21	[12]	2026-08-08_19-43-21	[0 0 0 1 0 0 0 0 0 0 0 0 0 0 0 0 0 0 1 0 0]	2026-08-08_19-43-21	[0 0 0 0 0 0 0 1 0 0 1 0 0 0 0 0 0 0 1 0 1]	2026-08-08_19-43-21	[0 0 0 0 0 0 0 0 0 0 0 0 0 0 0 0 1 0]	2026-08-08_19-43-21	[0 0 0 0 0 0 0 0 0 0 0 0 1 0 0 0 0 0]	2026-08-08_19-43-21	[0]	2026-08-08_19-43-21
0	2026-08-08_19-43-21	-0.25	2026-08-08_19-43-21	11.978754997253418	2026-08-08_19-43-21	3.0713720321655273	2026-08-08_19-43-21	3.0647025108337402	2026-08-08_19-43-21	2.92081880569458	2026-08-08_19-43-21	2.9218616485595703	2026-08-08_19-43-21	True	2026-08-08_19-43-21	[0 0 0 1 0 0 0 0 0 0 0 0 0 0 0 0 0 0 1 0 0]	2026-08-08_19-43-21	[0 0 0 0 0 0 0 1 0 0 1 0 0 0 0 0 0 0 1 0 1]	2026-08-08_19-43-21	[0 0 0 0 0 0 0 0 0 0 0 0 0 0 0 0 1 0]	2026-08-08_19-43-21	[0 0 0 0 0 0 0 0 0 0 0 0 1 0 0 0 0 0]	2026-08-08_19-43-21	[0]	2026-08-08_19-43-21	[0 0 1 1 0 0 0 0 0 0 0 0 0 0 0 0 0 0 1 0 0]	2026-08-08_19-43-21	[0 0 0 0 0 0 0 0 0 0 1 0 0 0 0 0 0 0 1 0 1]	2026-08-08_19-43-21	[0 0 0 0 0 1 0 0 0 0 0 0 0 0 0 0 1 0]	2026-08-08_19-43-21	[0 0 0 1 0 0 0 0 0 0 0 0 1 0 0 0 0 0]	2026-08-08_19-43-21	[12]	2026-08-08_19-43-21
0	2026-08-08_19-43-21	-1.0	2026-08-08_19-43-21	11.985160827636719	2026-08-08_19-43-21	3.071608543395996	2026-08-08_19-43-21	3.0661253929138184	2026-08-08_19-43-21	2.9273316860198975	2026-08-08_19-43-21	2.920095920562744	2026-08-08_19-43-21	True	2026-08-08_19-43-21	[0 0 1 1 0 0 0 0 0 0 0 0 0 0 0 0 0 0 1 0 0]	2026-08-08_19-43-21	[0 0 0 0 0 0 0 0 0 0 1 0 0 0 0 0 0 0 1 0 1]	2026-08-08_19-43-21	[0 0 0 0 0 1 0 0 0 0 0 0 0 0 0 0 1 0]	2026-08-08_19-43-21	[0 0 0 1 0 0 0 0 0 0 0 0 1 0 0 0 0 0]	2026-08-08_19-43-21	[12]	2026-08-08_19-43-21	[0 0 0 1 0 0 0 0 0 0 0 0 0 0 0 0 0 0 1 0 0]	2026-08-08_19-43-21	[0 0 0 0 0 0 0 1 0 0 1 0 0 0 0 0 0 0 1 0 1]	2026-08-08_19-43-21	[0 0 1 0 0 1 0 0 0 0 0 0 0 0 0 0 1 0]	2026-08-08_19-43-21	[0 0 0 0 0 0 0 0 0 0 0 0 1 0 0 0 0 0]	2026-08-08_19-43-21	[0]	2026-08-08_19-43-21
0	2026-08-08_19-43-21	-0.25	2026-08-08_19-43-21	11.979569435119629	2026-08-08_19-43-21	3.0685274600982666	2026-08-08_19-43-21	3.067087173461914	2026-08-08_19-43-21	2.9241397380828857	2026-08-08_19-43-21	2.9198150634765625	2026-08-08_19-43-21	True	2026-08-08_19-43-21	[0 0 0 1 0 0 0 0 0 0 0 0 0 0 0 0 0 0 1 0 0]	2026-08-08_19-43-21	[0 0 0 0 0 0 0 1 0 0 1 0 0 0 0 0 0 0 1 0 1]	2026-08-08_19-43-21	[0 0 1 0 0 1 0 0 0 0 0 0 0 0 0 0 1 0]	2026-08-08_19-43-21	[0 0 0 0 0 0 0 0 0 0 0 0 1 0 0 0 0 0]	2026-08-08_19-43-21	[0]	2026-08-08_19-43-21	[0 0 1 1 0 0 0 0 0 0 0 0 0 0 0 0 0 0 1 0 0]	2026-08-08_19-43-21	[0 0 0 0 0 0 0 0 0 0 1 0 0 0 0 0 0 0 1 0 1]	2026-08-08_19-43-21	[0 0 1 0 0 0 0 0 0 0 0 0 0 0 0 0 1 0]	2026-08-08_19-43-21	[0 0 0 1 0 0 0 0 0 0 0 0 1 0 0 0 0 0]	2026-08-08_19-43-21	[12]	2026-08-08_19-43-21
0	2026-08-08_19-43-21	-1.0	2026-08-08_19-43-21	11.986270904541016	2026-08-08_19-43-21	3.0724306106567383	2026-08-08_19-43-21	3.0646066665649414	2026-08-08_19-43-21	2.9269962310791016	2026-08-08_19-43-21	2.9222376346588135	2026-08-08_19-43-21	True	2026-08-08_19-43-21	[0 0 1 1 0 0 0 0 0 0 0 0 0 0 0 0 0 0 1 0 0]	2026-08-08_19-43-21	[0 0 0 0 0 0 0 0 0 0 1 0 0 0 0 0 0 0 1 0 1]	2026-08-08_19-43-21	[0 0 1 0 0 0 0 0 0 0 0 0 0 0 0 0 1 0]	2026-08-08_19-43-21	[0 0 0 1 0 0 0 0 0 0 0 0 1 0 0 0 0 0]	2026-08-08_19-43-21	[12]	2026-08-08_19-43-21	[0 0 0 1 0 0 0 0 0 0 0 0 0 0 0 0 0 0 1 0 0]	2026-08-08_19-43-21	[0 0 0 0 0 0 0 1 0 0 1 0 0 0 0 0 0 0 1 0 1]	2026-08-08_19-43-21	[0 0 0 0 0 0 0 0 0 0 0 0 0 0 0 0 1 0]	2026-08-08_19-43-21	[0 0 0 0 0 0 0 0 0 0 0 0 1 0 0 0 0 0]	2026-08-08_19-43-21	[0]	2026-08-08_19-43-21
0	2026-08-08_19-43-21	-0.25	2026-08-08_19-43-21	11.97520637512207	2026-08-08_19-43-21	3.0689406394958496	2026-08-08_19-43-21	3.0640153884887695	2026-08-08_19-43-21	2.9230644702911377	2026-08-08_19-43-21	2.9191858768463135	2026-08-08_19-43-21	True	2026-08-08_19-43-21	[0 0 0 1 0 0 0 0 0 0 0 0 0 0 0 0 0 0 1 0 0]	2026-08-08_19-43-21	[0 0 0 0 0 0 0 1 0 0 1 0 0 0 0 0 0 0 1 0 1]	2026-08-08_19-43-21	[0 0 0 0 0 0 0 0 0 0 0 0 0 0 0 0 1 0]	2026-08-08_19-43-21	[0 0 0 0 0 0 0 0 0 0 0 0 1 0 0 0 0 0]	2026-08-08_19-43-21	[0]	2026-08-08_19-43-21	[0 0 1 1 0 0 0 0 0 0 0 0 0 0 0 0 0 0 1 0 0]	2026-08-08_19-43-21	[0 0 0 0 0 0 0 0 0 0 1 0 0 0 0 0 0 0 1 0 1]	2026-08-08_19-43-21	[0 0 0 0 0 1 0 0 0 0 0 0 0 0 0 0 1 0]	2026-08-08_19-43-21	[0 0 0 1 0 0 0 0 0 0 0 0 1 0 0 0 0 0]	2026-08-08_19-43-21	[12]	2026-08-08_19-43-21
0	2026-08-08_19-43-21	-1.0	2026-08-08_19-43-21	11.988374710083008	2026-08-08_19-43-21	3.0718395709991455	2026-08-08_19-43-21	3.066880226135254	2026-08-08_19-43-21	2.927642583847046	2026-08-08_19-43-21	2.9220120906829834	2026-08-08_19-43-21	True	2026-08-08_19-43-21	[0 0 1 1 0 0 0 0 0 0 0 0 0 0 0 0 0 0 1 0 0]	2026-08-08_19-43-21	[0 0 0 0 0 0 0 0 0 0 1 0 0 0 0 0 0 0 1 0 1]	2026-08-08_19-43-21	[0 0 0 0 0 1 0 0 0 0 0 0 0 0 0 0 1 0]	2026-08-08_19-43-21	[0 0 0 1 0 0 0 0 0 0 0 0 1 0 0 0 0 0]	2026-08-08_19-43-21	[12]	2026-08-08_19-43-21	[0 0 0 1 0 0 0 0 0 0 0 0 0 0 0 0 0 0 1 0 0]	2026-08-08_19-43-21	[0 0 0 0 0 0 0 1 0 0 1 0 0 0 0 0 0 0 1 0 1]	2026-08-08_19-43-21	[0 0 1 0 0 1 0 0 0 0 0 0 0 0 0 0 1 0]	2026-08-08_19-43-21	[0 0 0 0 0 0 0 0 0 0 0 0 1 0 0 0 0 0]	2026-08-08_19-43-21	[0]	2026-08-08_19-43-21
0	2026-08-08_19-43-21	-0.25	2026-08-08_19-43-21	11.98569393157959	2026-08-08_19-43-21	3.070216178894043	2026-08-08_19-43-21	3.0680172443389893	2026-08-08_19-43-21	2.925205945968628	2026-08-08_19-43-21	2.9222543239593506	2026-08-08_19-43-21	True	2026-08-08_19-43-21	[0 0 0 1 0 0 0 0 0 0 0 0 0 0 0 0 0 0 1 0 0]	2026-08-08_19-43-21	[0 0 0 0 0 0 0 1 0 0 1 0 0 0 0 0 0 0 1 0 1]	2026-08-08_19-43-21	[0 0 1 0 0 1 0 0 0 0 0 0 0 0 0 0 1 0]	2026-08-08_19-43-21	[0 0 0 0 0 0 0 0 0 0 0 0 1 0 0 0 0 0]	2026-08-08_19-43-21	[0]	2026-08-08_19-43-21	[0 0 1 1 0 0 0 0 0 0 0 0 0 0 0 0 0 0 1 0 0]	2026-08-08_19-43-21	[0 0 0 0 0 0 0 0 0 0 1 0 0 0 0 0 0 0 1 0 1]	2026-08-08_19-43-21	[0 0 1 0 0 0 0 0 0 0 0 0 0 0 0 0 1 0]	2026-08-08_19-43-21	[0 0 0 1 0 0 0 0 0 0 0 0 1 0 0 0 0 0]	2026-08-08_19-43-21	[12]	2026-08-08_19-43-21
0	2026-08-08_19-43-21	-1.0	2026-08-08_19-43-21	11.989412307739258	2026-08-08_19-43-21	3.0723631381988525	2026-08-08_19-43-21	3.066768169403076	2026-08-08_19-43-21	2.9282901287078857	2026-08-08_19-43-21	2.921990394592285	2026-08-08_19-43-21	True	2026-08-08_19-43-21	[0 0 1 1 0 0 0 0 0 0 0 0 0 0 0 0 0 0 1 0 0]	2026-08-08_19-43-21	[0 0 0 0 0 0 0 0 0 0 1 0 0 0 0 0 0 0 1 0 1]	2026-08-08_19-43-21	[0 0 1 0 0 0 0 0 0 0 0 0 0 0 0 0 1 0]	2026-08-08_19-43-21	[0 0 0 1 0 0 0 0 0 0 0 0 1 0 0 0 0 0]	2026-08-08_19-43-21	[12]	2026-08-08_19-43-21	[0 0 0 1 0 0 0 0 0 0 0 0 0 0 0 0 0 0 1 0 0]	2026-08-08_19-43-21	[0 0 0 0 0 0 0 1 0 0 1 0 0 0 0 0 0 0 1 0 1]	2026-08-08_19-43-21	[0 0 1 0 0 1 0 0 0 0 0 0 0 0 0 0 1 0]	2026-08-08_19-43-21	[0 0 0 0 0 0 0 0 0 0 0 0 1 0 0 0 0 0]	2026-08-08_19-43-21	[0]	2026-08-08_19-43-21
0	2026-08-08_19-43-21	-0.25	2026-08-08_19-43-21	11.982636451721191	2026-08-08_19-43-21	3.068743944168091	2026-08-08_19-43-21	3.067333459854126	2026-08-08_19-43-21	2.925473928451538	2026-08-08_19-43-21	2.9210853576660156	2026-08-08_19-43-21	True	2026-08-08_19-43-21	[0 0 0 1 0 0 0 0 0 0 0 0 0 0 0 0 0 0 1 0 0]	2026-08-08_19-43-21	[0 0 0 0 0 0 0 1 0 0 1 0 0 0 0 0 0 0 1 0 1]	2026-08-08_19-43-21	[0 0 1 0 0 1 0 0 0 0 0 0 0 0 0 0 1 0]	2026-08-08_19-43-21	[0 0 0 0 0 0 0 0 0 0 0 0 1 0 0 0 0 0]	2026-08-08_19-43-21	[0]	2026-08-08_19-43-21	[0 0 1 1 0 0 0 0 0 0 0 0 0 0 0 0 0 0 1 0 0]	2026-08-08_19-43-21	[0 0 0 0 0 0 0 0 0 0 1 0 0 0 0 0 0 0 1 0 1]	2026-08-08_19-43-21	[0 0 1 0 0 0 0 0 0 0 0 0 0 0 0 0 1 0]	2026-08-08_19-43-21	[0 0 0 1 0 0 0 0 0 0 0 0 1 0 0 0 0 0]	2026-08-08_19-43-21	[12]	2026-08-08_19-43-21
0	2026-08-08_19-43-21	-1.0	2026-08-08_19-43-21	11.982561111450195	2026-08-08_19-43-21	3.0713601112365723	2026-08-08_19-43-21	3.0646049976348877	2026-08-08_19-43-21	2.925961971282959	2026-08-08_19-43-21	2.920633316040039	2026-08-08_19-43-21	True	2026-08-08_19-43-21	[0 0 1 1 0 0 0 0 0 0 0 0 0 0 0 0 0 0 1 0 0]	2026-08-08_19-43-21	[0 0 0 0 0 0 0 0 0 0 1 0 0 0 0 0 0 0 1 0 1]	2026-08-08_19-43-21	[0 0 1 0 0 0 0 0 0 0 0 0 0 0 0 0 1 0]	2026-08-08_19-43-21	[0 0 0 1 0 0 0 0 0 0 0 0 1 0 0 0 0 0]	2026-08-08_19-43-21	[12]	2026-08-08_19-43-21	[0 0 0 1 0 0 0 0 0 0 0 0 0 0 0 0 0 0 1 0 0]	2026-08-08_19-43-21	[0 0 0 0 0 0 0 1 0 0 1 0 0 0 0 0 0 0 1 0 1]	2026-08-08_19-43-21	[0 0 0 0 0 0 0 0 0 0 0 0 0 0 0 0 1 0]	2026-08-08_19-43-21	[0 0 0 0 0 0 0 0 0 0 0 0 1 0 0 0 0 0]	2026-08-08_19-43-21	[0]	2026-08-08_19-43-21
0	2026-08-08_19-43-21	-0.25	2026-08-08_19-43-21	11.973978996276855	2026-08-08_19-43-21	3.0688116550445557	2026-08-08_19-43-21	3.0638651847839355	2026-08-08_19-43-21	2.9220967292785645	2026-08-08_19-43-21	2.9192054271698	2026-08-08_19-43-21	True	2026-08-08_19-43-21	[0 0 0 1 0 0 0 0 0 0 0 0 0 0 0 0 0 0 1 0 0]	2026-08-08_19-43-21	[0 0 0 0 0 0 0 1 0 0 1 0 0 0 0 0 0 0 1 0 1]	2026-08-08_19-43-21	[0 0 0 0 0 0 0 0 0 0 0 0 0 0 0 0 1 0]	2026-08-08_19-43-21	[0 0 0 0 0 0 0 0 0 0 0 0 1 0 0 0 0 0]	2026-08-08_19-43-21	[0]	2026-08-08_19-43-21	[0 0 1 1 0 0 0 0 0 0 0 0 0 0 0 0 0 0 1 0 0]	2026-08-08_19-43-21	[0 0 0 0 0 0 0 0 0 0 1 0 0 0 0 0 0 0 1 0 1]	2026-08-08_19-43-21	[0 0 0 0 0 1 0 0 0 0 0 0 0 0 0 0 1 0]	2026-08-08_19-43-21	[0 0 0 1 0 0 0 0 0 0 0 0 1 0 0 0 0 0]	2026-08-08_19-43-21	[12]	2026-08-08_19-43-21
0	2026-08-08_19-43-21	-1.0	2026-08-08_19-43-21	11.985858917236328	2026-08-08_19-43-21	3.0719404220581055	2026-08-08_19-43-21	3.0650641918182373	2026-08-08_19-43-21	2.926758289337158	2026-08-08_19-43-21	2.922096014022827	2026-08-08_19-43-21	True	2026-08-08_19-43-21	[0 0 1 1 0 0 0 0 0 0 0 0 0 0 0 0 0 0 1 0 0]	2026-08-08_19-43-21	[0 0 0 0 0 0 0 0 0 0 1 0 0 0 0 0 0 0 1 0 1]	2026-08-08_19-43-21	[0 0 0 0 0 1 0 0 0 0 0 0 0 0 0 0 1 0]	2026-08-08_19-43-21	[0 0 0 1 0 0 0 0 0 0 0 0 1 0 0 0 0 0]	2026-08-08_19-43-21	[12]	2026-08-08_19-43-21	[0 0 0 1 0 0 0 0 0 0 0 0 0 0 0 0 0 0 1 0 0]	2026-08-08_19-43-21	[0 0 0 0 0 0 0 1 0 0 1 0 0 0 0 0 0 0 1 0 1]	2026-08-08_19-43-21	[0 0 0 0 0 0 0 0 0 0 0 0 0 0 0 0 1 0]	2026-08-08_19-43-21	[0 0 0 0 0 0 0 0 0 0 0 0 1 0 0 0 0 0]	2026-08-08_19-43-21	[0]	2026-08-08_19-43-21
1	2026-08-09_20-10-17	-0.875	2026-08-09_20-10-17	11.27144718170166	2026-08-09_20-10-17	2.8061015605926514	2026-08-09_20-10-17	2.9318580627441406	2026-08-09_20-10-17	2.7956645488739014	2026-08-09_20-10-17	2.7378227710723877	2026-08-09_20-10-17	True	2026-08-09_20-10-17	[0 0 0 0 0 0 0 0 0 0 0 0 0 0 0 1 0 0 0 1 1]	2026-08-09_20-10-17	[0 0 0 0 0 0 0 0 1 0 0 0 0 0 0 0 0 0 0 0 0]	2026-08-09_20-10-17	[0 0 1 0 0 0 0 0 0 0 1 0 0 0 0 0 0 1]	2026-08-09_20-10-17	[0 1 0 0 0 0 0 0 0 1 0 0 0 0 0 0 0 1]	2026-08-09_20-10-17	[2]	2026-08-09_20-10-17	[0 1 0 0 0 0 0 0 0 0 0 0 0 0 0 1 0 0 0 1 1]	2026-08-09_20-10-17	[1 0 0 0 0 0 0 0 1 0 0 0 0 0 0 0 0 0 0 0 0]	2026-08-09_20-10-17	[0 0 1 0 1 0 0 0 0 0 1 0 0 0 0 0 0 1]	2026-08-09_20-10-17	[0 1 0 0 0 0 0 0 0 1 0 0 0 1 0 0 0 1]	2026-08-09_20-10-17	[2]	2026-08-09_20-10-17
1	2026-08-09_20-10-19	-0.875	2026-08-09_20-10-19	11.437738418579102	2026-08-09_20-10-19	2.8590660095214844	2026-08-09_20-10-19	2.9463372230529785	2026-08-09_20-10-19	2.818244218826294	2026-08-09_20-10-19	2.8140902519226074	2026-08-09_20-10-19	True	2026-08-09_20-10-19	[0 1 0 0 0 0 0 0 0 0 0 0 0 0 0 1 0 0 0 1 1]	2026-08-09_20-10-19	[1 0 0 0 0 0 0 0 1 0 0 0 0 0 0 0 0 0 0 0 0]	2026-08-09_20-10-19	[0 0 1 0 1 0 0 0 0 0 1 0 0 0 0 0 0 1]	2026-08-09_20-10-19	[0 1 0 0 0 0 0 0 0 1 0 0 0 1 0 0 0 1]	2026-08-09_20-10-19	[2]	2026-08-09_20-10-19	[0 0 0 0 0 0 0 0 0 0 0 0 0 0 0 1 0 0 0 1 1]	2026-08-09_20-10-19	[0 0 0 0 0 0 0 0 1 0 0 0 0 0 0 0 0 0 0 0 0]	2026-08-09_20-10-19	[0 0 1 0 1 0 0 1 0 0 1 0 0 0 0 0 0 1]	2026-08-09_20-10-19	[0 1 0 0 0 0 0 0 0 1 0 0 0 0 0 0 0 1]	2026-08-09_20-10-19	[2]	2026-08-09_20-10-19
1	2026-08-09_20-10-19	-0.875	2026-08-09_20-10-19	11.40774917602539	2026-08-09_20-10-19	2.8535242080688477	2026-08-09_20-10-19	2.9540822505950928	2026-08-09_20-10-19	2.8136239051818848	2026-08-09_20-10-19	2.7865183353424072	2026-08-09_20-10-19	True	2026-08-09_20-10-19	[0 0 0 0 0 0 0 0 0 0 0 0 0 0 0 1 0 0 0 1 1]	2026-08-09_20-10-19	[0 0 0 0 0 0 0 0 1 0 0 0 0 0 0 0 0 0 0 0 0]	2026-08-09_20-10-19	[0 0 1 0 1 0 0 1 0 0 1 0 0 0 0 0 0 1]	2026-08-09_20-10-19	[0 1 0 0 0 0 0 0 0 1 0 0 0 0 0 0 0 1]	2026-08-09_20-10-19	[2]	2026-08-09_20-10-19	[0 1 0 0 0 0 0 0 0 0 0 0 0 0 0 1 0 0 0 1 1]	2026-08-09_20-10-19	[1 0 0 0 0 0 0 0 1 0 0 0 0 0 0 0 0 0 0 0 0]	2026-08-09_20-10-19	[0 0 1 0 1 0 0 0 0 0 1 0 0 0 0 0 0 1]	2026-08-09_20-10-19	[0 1 0 0 0 0 0 0 0 1 0 0 0 1 0 0 0 1]	2026-08-09_20-10-19	[2]	2026-08-09_20-10-19
1	2026-08-09_20-10-19	-0.875	2026-08-09_20-10-19	11.442599296569824	2026-08-09_20-10-19	2.8540966510772705	2026-08-09_20-10-19	2.9490530490875244	2026-08-09_20-10-19	2.8210113048553467	2026-08-09_20-10-19	2.8184382915496826	2026-08-09_20-10-19	True	2026-08-09_20-10-19	[0 1 0 0 0 0 0 0 0 0 0 0 0 0 0 1 0 0 0 1 1]	2026-08-09_20-10-19	[1 0 0 0 0 0 0 0 1 0 0 0 0 0 0 0 0 0 0 0 0]	2026-08-09_20-10-19	[0 0 1 0 1 0 0 0 0 0 1 0 0 0 0 0 0 1]	2026-08-09_20-10-19	[0 1 0 0 0 0 0 0 0 1 0 0 0 1 0 0 0 1]	2026-08-09_20-10-19	[2]	2026-08-09_20-10-19	[0 0 0 0 0 0 0 0 0 0 0 0 0 0 0 1 0 0 0 1 1]	2026-08-09_20-10-19	[0 0 0 0 0 0 0 0 1 0 0 0 0 0 0 0 0 0 0 0 0]	2026-08-09_20-10-19	[0 0 1 0 1 0 0 1 0 0 1 0 0 0 0 0 0 1]	2026-08-09_20-10-19	[0 1 0 0 0 0 0 0 0 1 0 0 0 0 0 0 0 1]	2026-08-09_20-10-19	[2]	2026-08-09_20-10-19
1	2026-08-09_20-10-19	-0.875	2026-08-09_20-10-19	11.43478775024414	2026-08-09_20-10-19	2.8587496280670166	2026-08-09_20-10-19	2.9530580043792725	2026-08-09_20-10-19	2.8205361366271973	2026-08-09_20-10-19	2.8024442195892334	2026-08-09_20-10-19	True	2026-08-09_20-10-19	[0 0 0 0 0 0 0 0 0 0 0 0 0 0 0 1 0 0 0 1 1]	2026-08-09_20-10-19	[0 0 0 0 0 0 0 0 1 0 0 0 0 0 0 0 0 0 0 0 0]	2026-08-09_20-10-19	[0 0 1 0 1 0 0 1 0 0 1 0 0 0 0 0 0 1]	2026-08-09_20-10-19	[0 1 0 0 0 0 0 0 0 1 0 0 0 0 0 0 0 1]	2026-08-09_20-10-19	[2]	2026-08-09_20-10-19	[0 1 0 0 0 0 0 0 0 0 0 0 0 0 0 1 0 0 0 1 1]	2026-08-09_20-10-19	[1 0 0 0 0 0 0 0 1 0 0 0 0 0 0 0 0 0 0 0 0]	2026-08-09_20-10-19	[0 0 1 0 1 0 0 0 0 0 1 0 0 0 0 0 0 1]	2026-08-09_20-10-19	[0 1 0 0 0 0 0 0 0 1 0 0 0 1 0 0 0 1]	2026-08-09_20-10-19	[2]	2026-08-09_20-10-19
1	2026-08-09_20-10-19	-0.875	2026-08-09_20-10-19	11.412015914916992	2026-08-09_20-10-19	2.849264621734619	2026-08-09_20-10-19	2.94209885597229	2026-08-09_20-10-19	2.8145313262939453	2026-08-09_20-10-19	2.8061211109161377	2026-08-09_20-10-19	True	2026-08-09_20-10-19	[0 1 0 0 0 0 0 0 0 0 0 0 0 0 0 1 0 0 0 1 1]	2026-08-09_20-10-19	[1 0 0 0 0 0 0 0 1 0 0 0 0 0 0 0 0 0 0 0 0]	2026-08-09_20-10-19	[0 0 1 0 1 0 0 0 0 0 1 0 0 0 0 0 0 1]	2026-08-09_20-10-19	[0 1 0 0 0 0 0 0 0 1 0 0 0 1 0 0 0 1]	2026-08-09_20-10-19	[2]	2026-08-09_20-10-19	[0 0 0 0 0 0 0 0 0 0 0 0 0 0 0 1 0 0 0 1 1]	2026-08-09_20-10-19	[0 0 0 0 0 0 0 0 1 0 0 0 0 0 0 0 0 0 0 0 0]	2026-08-09_20-10-19	[0 0 1 0 1 0 0 1 0 0 1 0 0 0 0 0 0 1]	2026-08-09_20-10-19	[0 1 0 0 0 0 0 0 0 1 0 0 0 0 0 0 0 1]	2026-08-09_20-10-19	[2]	2026-08-09_20-10-19
1	2026-08-09_20-10-19	-0.875	2026-08-09_20-10-19	11.50133228302002	2026-08-09_20-10-19	2.8900704383850098	2026-08-09_20-10-19	2.956660747528076	2026-08-09_20-10-19	2.8303332328796387	2026-08-09_20-10-19	2.8242673873901367	2026-08-09_20-10-19	True	2026-08-09_20-10-19	[0 0 0 0 0 0 0 0 0 0 0 0 0 0 0 1 0 0 0 1 1]	2026-08-09_20-10-19	[0 0 0 0 0 0 0 0 1 0 0 0 0 0 0 0 0 0 0 0 0]	2026-08-09_20-10-19	[0 0 1 0 1 0 0 1 0 0 1 0 0 0 0 0 0 1]	2026-08-09_20-10-19	[0 1 0 0 0 0 0 0 0 1 0 0 0 0 0 0 0 1]	2026-08-09_20-10-19	[2]	2026-08-09_20-10-19	[0 1 0 0 0 0 0 0 0 0 0 0 0 0 0 1 0 0 0 1 1]	2026-08-09_20-10-19	[1 0 0 0 0 0 0 0 1 0 0 0 0 0 0 0 0 0 0 0 0]	2026-08-09_20-10-19	[0 0 1 0 1 0 0 0 0 0 1 0 0 0 0 0 0 1]	2026-08-09_20-10-19	[0 1 0 0 0 0 0 0 0 1 0 0 0 1 0 0 0 1]	2026-08-09_20-10-19	[2]	2026-08-09_20-10-19
1	2026-08-09_20-10-19	-0.875	2026-08-09_20-10-19	11.479801177978516	2026-08-09_20-10-19	2.8815581798553467	2026-08-09_20-10-19	2.952822208404541	2026-08-09_20-10-19	2.8261616230010986	2026-08-09_20-10-19	2.8192601203918457	2026-08-09_20-10-19	True	2026-08-09_20-10-19	[0 1 0 0 0 0 0 0 0 0 0 0 0 0 0 1 0 0 0 1 1]	2026-08-09_20-10-19	[1 0 0 0 0 0 0 0 1 0 0 0 0 0 0 0 0 0 0 0 0]	2026-08-09_20-10-19	[0 0 1 0 1 0 0 0 0 0 1 0 0 0 0 0 0 1]	2026-08-09_20-10-19	[0 1 0 0 0 0 0 0 0 1 0 0 0 1 0 0 0 1]	2026-08-09_20-10-19	[2]	2026-08-09_20-10-19	[0 0 0 0 0 0 0 0 0 0 0 0 0 0 0 1 0 0 0 1 1]	2026-08-09_20-10-19	[0 0 0 0 0 0 0 0 1 0 0 0 0 0 0 0 0 0 0 0 0]	2026-08-09_20-10-19	[0 0 1 0 1 0 0 1 0 0 1 0 0 0 0 0 0 1]	2026-08-09_20-10-19	[0 1 0 0 0 0 0 0 0 1 0 0 0 0 0 0 0 1]	2026-08-09_20-10-19	[2]	2026-08-09_20-10-19
1	2026-08-09_20-10-19	-0.875	2026-08-09_20-10-19	11.470373153686523	2026-08-09_20-10-19	2.8760321140289307	2026-08-09_20-10-19	2.946079730987549	2026-08-09_20-10-19	2.826704263687134	2026-08-09_20-10-19	2.82155704498291	2026-08-09_20-10-19	True	2026-08-09_20-10-19	[0 0 0 0 0 0 0 0 0 0 0 0 0 0 0 1 0 0 0 1 1]	2026-08-09_20-10-19	[0 0 0 0 0 0 0 0 1 0 0 0 0 0 0 0 0 0 0 0 0]	2026-08-09_20-10-19	[0 0 1 0 1 0 0 1 0 0 1 0 0 0 0 0 0 1]	2026-08-09_20-10-19	[0 1 0 0 0 0 0 0 0 1 0 0 0 0 0 0 0 1]	2026-08-09_20-10-19	[2]	2026-08-09_20-10-19	[0 1 0 0 0 0 0 0 0 0 0 0 0 0 0 1 0 0 0 1 1]	2026-08-09_20-10-19	[1 0 0 0 0 0 0 0 1 0 0 0 0 0 0 0 0 0 0 0 0]	2026-08-09_20-10-19	[0 0 1 0 1 0 0 0 0 0 1 0 0 0 0 0 0 1]	2026-08-09_20-10-19	[0 1 0 0 0 0 0 0 0 1 0 0 0 1 0 0 0 1]	2026-08-09_20-10-19	[2]	2026-08-09_20-10-19
1	2026-08-09_20-10-19	-0.875	2026-08-09_20-10-19	11.413814544677734	2026-08-09_20-10-19	2.8498177528381348	2026-08-09_20-10-19	2.9483163356781006	2026-08-09_20-10-19	2.8093934059143066	2026-08-09_20-10-19	2.8062875270843506	2026-08-09_20-10-19	True	2026-08-09_20-10-19	[0 1 0 0 0 0 0 0 0 0 0 0 0 0 0 1 0 0 0 1 1]	2026-08-09_20-10-19	[1 0 0 0 0 0 0 0 1 0 0 0 0 0 0 0 0 0 0 0 0]	2026-08-09_20-10-19	[0 0 1 0 1 0 0 0 0 0 1 0 0 0 0 0 0 1]	2026-08-09_20-10-19	[0 1 0 0 0 0 0 0 0 1 0 0 0 1 0 0 0 1]	2026-08-09_20-10-19	[2]	2026-08-09_20-10-19	[0 0 0 0 0 0 0 0 0 0 0 0 0 0 0 1 0 0 0 1 1]	2026-08-09_20-10-19	[0 0 0 0 0 0 0 0 1 0 0 0 0 0 0 0 0 0 0 0 0]	2026-08-09_20-10-19	[0 0 1 0 1 0 0 1 0 0 1 0 0 0 0 0 0 1]	2026-08-09_20-10-19	[0 1 0 0 0 0 0 0 0 1 0 0 0 0 0 0 0 1]	2026-08-09_20-10-19	[2]	2026-08-09_20-10-19
1	2026-08-09_20-10-19	-0.875	2026-08-09_20-10-19	11.462296485900879	2026-08-09_20-10-19	2.876755952835083	2026-08-09_20-10-19	2.9457476139068604	2026-08-09_20-10-19	2.8216516971588135	2026-08-09_20-10-19	2.818141222000122	2026-08-09_20-10-19	True	2026-08-09_20-10-19	[0 0 0 0 0 0 0 0 0 0 0 0 0 0 0 1 0 0 0 1 1]	2026-08-09_20-10-19	[0 0 0 0 0 0 0 0 1 0 0 0 0 0 0 0 0 0 0 0 0]	2026-08-09_20-10-19	[0 0 1 0 1 0 0 1 0 0 1 0 0 0 0 0 0 1]	2026-08-09_20-10-19	[0 1 0 0 0 0 0 0 0 1 0 0 0 0 0 0 0 1]	2026-08-09_20-10-19	[2]	2026-08-09_20-10-19	[0 1 0 0 0 0 0 0 0 0 0 0 0 0 0 1 0 0 0 1 1]	2026-08-09_20-10-19	[1 0 0 0 0 0 0 0 1 0 0 0 0 0 0 0 0 0 0 0 0]	2026-08-09_20-10-19	[0 0 1 0 1 0 0 0 0 0 1 0 0 0 0 0 0 1]	2026-08-09_20-10-19	[0 1 0 0 0 0 0 0 0 1 0 0 0 1 0 0 0 1]	2026-08-09_20-10-19	[2]	2026-08-09_20-10-19
1	2026-08-09_20-10-19	-0.875	2026-08-09_20-10-19	11.416192054748535	2026-08-09_20-10-19	2.8473479747772217	2026-08-09_20-10-19	2.9504308700561523	2026-08-09_20-10-19	2.816903829574585	2026-08-09_20-10-19	2.801508665084839	2026-08-09_20-10-19	True	2026-08-09_20-10-19	[0 1 0 0 0 0 0 0 0 0 0 0 0 0 0 1 0 0 0 1 1]	2026-08-09_20-10-19	[1 0 0 0 0 0 0 0 1 0 0 0 0 0 0 0 0 0 0 0 0]	2026-08-09_20-10-19	[0 0 1 0 1 0 0 0 0 0 1 0 0 0 0 0 0 1]	2026-08-09_20-10-19	[0 1 0 0 0 0 0 0 0 1 0 0 0 1 0 0 0 1]	2026-08-09_20-10-19	[2]	2026-08-09_20-10-19	[0 0 0 0 0 0 0 0 0 0 0 0 0 0 0 1 0 0 0 1 1]	2026-08-09_20-10-19	[0 0 0 0 0 0 0 0 1 0 0 0 0 0 0 0 0 0 0 0 0]	2026-08-09_20-10-19	[0 0 1 0 1 0 0 1 0 0 1 0 0 0 0 0 0 1]	2026-08-09_20-10-19	[0 1 0 0 0 0 0 0 0 1 0 0 0 0 0 0 0 1]	2026-08-09_20-10-19	[2]	2026-08-09_20-10-19
1	2026-08-09_20-10-19	-0.875	2026-08-09_20-10-19	11.427610397338867	2026-08-09_20-10-19	2.8575189113616943	2026-08-09_20-10-19	2.954076051712036	2026-08-09_20-10-19	2.8191723823547363	2026-08-09_20-10-19	2.7968428134918213	2026-08-09_20-10-19	True	2026-08-09_20-10-19	[0 0 0 0 0 0 0 0 0 0 0 0 0 0 0 1 0 0 0 1 1]	2026-08-09_20-10-19	[0 0 0 0 0 0 0 0 1 0 0 0 0 0 0 0 0 0 0 0 0]	2026-08-09_20-10-19	[0 0 1 0 1 0 0 1 0 0 1 0 0 0 0 0 0 1]	2026-08-09_20-10-19	[0 1 0 0 0 0 0 0 0 1 0 0 0 0 0 0 0 1]	2026-08-09_20-10-19	[2]	2026-08-09_20-10-19	[0 1 0 0 0 0 0 0 0 0 0 0 0 0 0 1 0 0 0 1 1]	2026-08-09_20-10-19	[1 0 0 0 0 0 0 0 1 0 0 0 0 0 0 0 0 0 0 0 0]	2026-08-09_20-10-19	[0 0 1 0 1 0 0 0 0 0 1 0 0 0 0 0 0 1]	2026-08-09_20-10-19	[0 1 0 0 0 0 0 0 0 1 0 0 0 1 0 0 0 1]	2026-08-09_20-10-19	[2]	2026-08-09_20-10-19
1	2026-08-09_20-10-19	-0.875	2026-08-09_20-10-19	11.41329288482666	2026-08-09_20-10-19	2.853365182876587	2026-08-09_20-10-19	2.948166847229004	2026-08-09_20-10-19	2.812401056289673	2026-08-09_20-10-19	2.7993600368499756	2026-08-09_20-10-19	True	2026-08-09_20-10-19	[0 1 0 0 0 0 0 0 0 0 0 0 0 0 0 1 0 0 0 1 1]	2026-08-09_20-10-19	[1 0 0 0 0 0 0 0 1 0 0 0 0 0 0 0 0 0 0 0 0]	2026-08-09_20-10-19	[0 0 1 0 1 0 0 0 0 0 1 0 0 0 0 0 0 1]	2026-08-09_20-10-19	[0 1 0 0 0 0 0 0 0 1 0 0 0 1 0 0 0 1]	2026-08-09_20-10-19	[2]	2026-08-09_20-10-19	[0 0 0 0 0 0 0 0 0 0 0 0 0 0 0 1 0 0 0 1 1]	2026-08-09_20-10-19	[0 0 0 0 0 0 0 0 1 0 0 0 0 0 0 0 0 0 0 0 0]	2026-08-09_20-10-19	[0 0 1 0 1 0 0 1 0 0 1 0 0 0 0 0 0 1]	2026-08-09_20-10-19	[0 1 0 0 0 1 0 0 0 1 0 0 0 1 0 0 0 1]	2026-08-09_20-10-19	[2]	2026-08-09_20-10-19
1	2026-08-09_20-10-19	-0.875	2026-08-09_20-10-19	11.437457084655762	2026-08-09_20-10-19	2.8549582958221436	2026-08-09_20-10-19	2.9445390701293945	2026-08-09_20-10-19	2.8169212341308594	2026-08-09_20-10-19	2.8210384845733643	2026-08-09_20-10-19	True	2026-08-09_20-10-19	[0 0 0 0 0 0 0 0 0 0 0 0 0 0 0 1 0 0 0 1 1]	2026-08-09_20-10-19	[0 0 0 0 0 0 0 0 1 0 0 0 0 0 0 0 0 0 0 0 0]	2026-08-09_20-10-19	[0 0 1 0 1 0 0 1 0 0 1 0 0 0 0 0 0 1]	2026-08-09_20-10-19	[0 1 0 0 0 1 0 0 0 1 0 0 0 1 0 0 0 1]	2026-08-09_20-10-19	[2]	2026-08-09_20-10-19	[0 1 0 0 0 0 0 0 0 0 0 0 0 0 0 1 0 0 0 1 1]	2026-08-09_20-10-19	[1 0 0 0 0 0 0 0 1 0 0 0 0 0 0 0 0 0 0 0 0]	2026-08-09_20-10-19	[0 0 1 0 1 0 0 0 0 0 1 0 0 0 0 0 0 1]	2026-08-09_20-10-19	[0 1 0 0 0 0 0 0 0 1 0 0 0 1 0 0 0 1]	2026-08-09_20-10-19	[2]	2026-08-09_20-10-19
1	2026-08-09_20-10-19	-0.875	2026-08-09_20-10-19	11.435480117797852	2026-08-09_20-10-19	2.857689142227173	2026-08-09_20-10-19	2.9469757080078125	2026-08-09_20-10-19	2.8163225650787354	2026-08-09_20-10-19	2.81449294090271	2026-08-09_20-10-19	True	2026-08-09_20-10-19	[0 1 0 0 0 0 0 0 0 0 0 0 0 0 0 1 0 0 0 1 1]	2026-08-09_20-10-19	[1 0 0 0 0 0 0 0 1 0 0 0 0 0 0 0 0 0 0 0 0]	2026-08-09_20-10-19	[0 0 1 0 1 0 0 0 0 0 1 0 0 0 0 0 0 1]	2026-08-09_20-10-19	[0 1 0 0 0 0 0 0 0 1 0 0 0 1 0 0 0 1]	2026-08-09_20-10-19	[2]	2026-08-09_20-10-19	[0 0 0 0 0 0 0 0 0 0 0 0 0 0 0 1 0 0 0 1 1]	2026-08-09_20-10-19	[0 0 0 0 0 0 0 0 1 0 0 0 0 0 0 0 0 0 0 0 0]	2026-08-09_20-10-19	[0 0 1 0 1 0 0 1 0 0 1 0 0 0 0 0 0 1]	2026-08-09_20-10-19	[0 1 0 0 0 0 0 0 0 1 0 0 0 0 0 0 0 1]	2026-08-09_20-10-19	[2]	2026-08-09_20-10-19
1	2026-08-09_20-10-19	-0.875	2026-08-09_20-10-19	11.445125579833984	2026-08-09_20-10-19	2.8703582286834717	2026-08-09_20-10-19	2.951219320297241	2026-08-09_20-10-19	2.816842794418335	2026-08-09_20-10-19	2.8067057132720947	2026-08-09_20-10-19	True	2026-08-09_20-10-19	[0 0 0 0 0 0 0 0 0 0 0 0 0 0 0 1 0 0 0 1 1]	2026-08-09_20-10-19	[0 0 0 0 0 0 0 0 1 0 0 0 0 0 0 0 0 0 0 0 0]	2026-08-09_20-10-19	[0 0 1 0 1 0 0 1 0 0 1 0 0 0 0 0 0 1]	2026-08-09_20-10-19	[0 1 0 0 0 0 0 0 0 1 0 0 0 0 0 0 0 1]	2026-08-09_20-10-19	[2]	2026-08-09_20-10-19	[0 1 0 0 0 0 0 0 0 0 0 0 0 0 0 1 0 0 0 1 1]	2026-08-09_20-10-19	[1 0 0 0 0 0 0 0 1 0 0 0 0 0 0 0 0 0 0 0 0]	2026-08-09_20-10-19	[0 0 1 0 1 0 0 0 0 0 1 0 0 0 0 0 0 1]	2026-08-09_20-10-19	[0 1 0 0 0 0 0 0 0 1 0 0 0 1 0 0 0 1]	2026-08-09_20-10-19	[2]	2026-08-09_20-10-19
1	2026-08-09_20-10-19	-0.875	2026-08-09_20-10-19	11.424201965332031	2026-08-09_20-10-19	2.8551692962646484	2026-08-09_20-10-19	2.9465644359588623	2026-08-09_20-10-19	2.8150858879089355	2026-08-09_20-10-19	2.807382345199585	2026-08-09_20-10-19	True	2026-08-09_20-10-19	[0 1 0 0 0 0 0 0 0 0 0 0 0 0 0 1 0 0 0 1 1]	2026-08-09_20-10-19	[1 0 0 0 0 0 0 0 1 0 0 0 0 0 0 0 0 0 0 0 0]	2026-08-09_20-10-19	[0 0 1 0 1 0 0 0 0 0 1 0 0 0 0 0 0 1]	2026-08-09_20-10-19	[0 1 0 0 0 0 0 0 0 1 0 0 0 1 0 0 0 1]	2026-08-09_20-10-19	[2]	2026-08-09_20-10-19	[0 0 0 0 0 0 0 0 0 0 0 0 0 0 0 1 0 0 0 1 1]	2026-08-09_20-10-19	[0 0 0 0 0 0 0 0 1 0 0 0 0 0 0 0 0 0 0 0 0]	2026-08-09_20-10-19	[0 0 1 0 1 0 0 1 0 0 1 0 0 0 0 0 0 1]	2026-08-09_20-10-19	[0 1 0 0 0 0 0 0 0 1 0 0 0 0 0 0 0 1]	2026-08-09_20-10-19	[2]	2026-08-09_20-10-19
1	2026-08-09_20-10-19	-0.875	2026-08-09_20-10-19	11.447866439819336	2026-08-09_20-10-19	2.8693156242370605	2026-08-09_20-10-19	2.9503889083862305	2026-08-09_20-10-19	2.8167552947998047	2026-08-09_20-10-19	2.8114066123962402	2026-08-09_20-10-19	True	2026-08-09_20-10-19	[0 0 0 0 0 0 0 0 0 0 0 0 0 0 0 1 0 0 0 1 1]	2026-08-09_20-10-19	[0 0 0 0 0 0 0 0 1 0 0 0 0 0 0 0 0 0 0 0 0]	2026-08-09_20-10-19	[0 0 1 0 1 0 0 1 0 0 1 0 0 0 0 0 0 1]	2026-08-09_20-10-19	[0 1 0 0 0 0 0 0 0 1 0 0 0 0 0 0 0 1]	2026-08-09_20-10-19	[2]	2026-08-09_20-10-19	[0 1 0 0 0 0 0 0 0 0 0 0 0 0 0 1 0 0 0 1 1]	2026-08-09_20-10-19	[1 0 0 0 0 0 0 0 1 0 0 0 0 0 0 0 0 0 0 0 0]	2026-08-09_20-10-19	[0 0 1 0 1 0 0 0 0 0 1 0 0 0 0 0 0 1]	2026-08-09_20-10-19	[0 1 0 0 0 0 0 0 0 1 0 0 0 1 0 0 0 1]	2026-08-09_20-10-19	[2]	2026-08-09_20-10-19
1	2026-08-09_20-10-19	-0.875	2026-08-09_20-10-19	11.388603210449219	2026-08-09_20-10-19	2.843324899673462	2026-08-09_20-10-19	2.943418025970459	2026-08-09_20-10-19	2.8044536113739014	2026-08-09_20-10-19	2.7974066734313965	2026-08-09_20-10-19	True	2026-08-09_20-10-19	[0 1 0 0 0 0 0 0 0 0 0 0 0 0 0 1 0 0 0 1 1]	2026-08-09_20-10-19	[1 0 0 0 0 0 0 0 1 0 0 0 0 0 0 0 0 0 0 0 0]	2026-08-09_20-10-19	[0 0 1 0 1 0 0 0 0 0 1 0 0 0 0 0 0 1]	2026-08-09_20-10-19	[0 1 0 0 0 0 0 0 0 1 0 0 0 1 0 0 0 1]	2026-08-09_20-10-19	[2]	2026-08-09_20-10-19	[0 0 0 0 0 0 0 0 0 0 0 0 0 0 0 1 0 0 0 1 1]	2026-08-09_20-10-19	[0 0 0 0 0 0 0 0 1 0 0 0 0 0 0 0 0 0 0 0 0]	2026-08-09_20-10-19	[0 0 1 0 1 0 0 1 0 0 1 0 0 0 0 0 0 1]	2026-08-09_20-10-19	[0 1 0 0 0 0 0 0 0 1 0 0 0 0 0 0 0 1]	2026-08-09_20-10-19	[2]	2026-08-09_20-10-19
1	2026-08-09_20-10-19	-0.875	2026-08-09_20-10-19	11.5335111618042	2026-08-09_20-10-19	2.9061965942382812	2026-08-09_20-10-19	2.9551291465759277	2026-08-09_20-10-19	2.84108304977417	2026-08-09_20-10-19	2.831102132797241	2026-08-09_20-10-19	True	2026-08-09_20-10-19	[0 0 0 0 0 0 0 0 0 0 0 0 0 0 0 1 0 0 0 1 1]	2026-08-09_20-10-19	[0 0 0 0 0 0 0 0 1 0 0 0 0 0 0 0 0 0 0 0 0]	2026-08-09_20-10-19	[0 0 1 0 1 0 0 1 0 0 1 0 0 0 0 0 0 1]	2026-08-09_20-10-19	[0 1 0 0 0 0 0 0 0 1 0 0 0 0 0 0 0 1]	2026-08-09_20-10-19	[2]	2026-08-09_20-10-19	[0 1 0 0 0 0 0 0 0 0 0 0 0 0 0 1 0 0 0 1 1]	2026-08-09_20-10-19	[1 0 0 0 0 0 0 0 1 0 0 0 0 0 0 0 0 0 0 0 0]	2026-08-09_20-10-19	[0 0 1 0 1 0 0 0 0 0 1 0 0 0 0 0 0 1]	2026-08-09_20-10-19	[0 1 0 0 0 0 0 0 0 1 0 0 0 1 0 0 0 1]	2026-08-09_20-10-19	[2]	2026-08-09_20-10-19
1	2026-08-09_20-10-19	-0.875	2026-08-09_20-10-19	11.422404289245605	2026-08-09_20-10-19	2.8481104373931885	2026-08-09_20-10-19	2.9492368698120117	2026-08-09_20-10-19	2.8216381072998047	2026-08-09_20-10-19	2.8034191131591797	2026-08-09_20-10-19	True	2026-08-09_20-10-19	[0 1 0 0 0 0 0 0 0 0 0 0 0 0 0 1 0 0 0 1 1]	2026-08-09_20-10-19	[1 0 0 0 0 0 0 0 1 0 0 0 0 0 0 0 0 0 0 0 0]	2026-08-09_20-10-19	[0 0 1 0 1 0 0 0 0 0 1 0 0 0 0 0 0 1]	2026-08-09_20-10-19	[0 1 0 0 0 0 0 0 0 1 0 0 0 1 0 0 0 1]	2026-08-09_20-10-19	[2]	2026-08-09_20-10-19	[0 0 0 0 0 0 0 0 0 0 0 0 0 0 0 1 0 0 0 1 1]	2026-08-09_20-10-19	[0 0 0 0 0 0 0 0 1 0 0 0 0 0 0 0 0 0 0 0 0]	2026-08-09_20-10-19	[0 0 1 0 1 0 0 1 0 0 1 0 0 0 0 0 0 1]	2026-08-09_20-10-19	[0 1 0 0 0 0 0 0 0 1 0 0 0 0 0 0 0 1]	2026-08-09_20-10-19	[2]	2026-08-09_20-10-19
1	2026-08-09_20-10-19	-0.875	2026-08-09_20-10-19	11.502087593078613	2026-08-09_20-10-19	2.8895375728607178	2026-08-09_20-10-19	2.9580466747283936	2026-08-09_20-10-19	2.831087589263916	2026-08-09_20-10-19	2.823415994644165	2026-08-09_20-10-19	True	2026-08-09_20-10-19	[0 0 0 0 0 0 0 0 0 0 0 0 0 0 0 1 0 0 0 1 1]	2026-08-09_20-10-19	[0 0 0 0 0 0 0 0 1 0 0 0 0 0 0 0 0 0 0 0 0]	2026-08-09_20-10-19	[0 0 1 0 1 0 0 1 0 0 1 0 0 0 0 0 0 1]	2026-08-09_20-10-19	[0 1 0 0 0 0 0 0 0 1 0 0 0 0 0 0 0 1]	2026-08-09_20-10-19	[2]	2026-08-09_20-10-19	[0 1 0 0 0 0 0 0 0 0 0 0 0 0 0 1 0 0 0 1 1]	2026-08-09_20-10-19	[1 0 0 0 0 0 0 0 1 0 0 0 0 0 0 0 0 0 0 0 0]	2026-08-09_20-10-19	[0 0 1 0 1 0 0 0 0 0 1 0 0 0 0 0 0 1]	2026-08-09_20-10-19	[0 1 0 0 0 1 0 0 0 1 0 0 0 0 0 0 0 1]	2026-08-09_20-10-19	[2]	2026-08-09_20-10-19
1	2026-08-09_20-10-19	-0.875	2026-08-09_20-10-19	11.453045845031738	2026-08-09_20-10-19	2.8635711669921875	2026-08-09_20-10-19	2.948240041732788	2026-08-09_20-10-19	2.8205699920654297	2026-08-09_20-10-19	2.820664644241333	2026-08-09_20-10-19	True	2026-08-09_20-10-19	[0 1 0 0 0 0 0 0 0 0 0 0 0 0 0 1 0 0 0 1 1]	2026-08-09_20-10-19	[1 0 0 0 0 0 0 0 1 0 0 0 0 0 0 0 0 0 0 0 0]	2026-08-09_20-10-19	[0 0 1 0 1 0 0 0 0 0 1 0 0 0 0 0 0 1]	2026-08-09_20-10-19	[0 1 0 0 0 1 0 0 0 1 0 0 0 0 0 0 0 1]	2026-08-09_20-10-19	[2]	2026-08-09_20-10-19	[0 0 0 0 0 0 0 0 0 0 0 0 0 0 0 1 0 0 0 1 1]	2026-08-09_20-10-19	[0 0 0 0 0 0 0 0 1 0 0 0 0 0 0 0 0 0 0 0 0]	2026-08-09_20-10-19	[0 0 1 0 1 0 0 1 0 0 1 0 0 0 0 0 0 1]	2026-08-09_20-10-19	[0 1 0 0 0 1 0 0 0 1 0 0 0 1 0 0 0 1]	2026-08-09_20-10-19	[2]	2026-08-09_20-10-19
1	2026-08-09_20-10-19	-0.875	2026-08-09_20-10-19	11.449300765991211	2026-08-09_20-10-19	2.8663766384124756	2026-08-09_20-10-19	2.9496254920959473	2026-08-09_20-10-19	2.816338062286377	2026-08-09_20-10-19	2.8169612884521484	2026-08-09_20-10-19	True	2026-08-09_20-10-19	[0 0 0 0 0 0 0 0 0 0 0 0 0 0 0 1 0 0 0 1 1]	2026-08-09_20-10-19	[0 0 0 0 0 0 0 0 1 0 0 0 0 0 0 0 0 0 0 0 0]	2026-08-09_20-10-19	[0 0 1 0 1 0 0 1 0 0 1 0 0 0 0 0 0 1]	2026-08-09_20-10-19	[0 1 0 0 0 1 0 0 0 1 0 0 0 1 0 0 0 1]	2026-08-09_20-10-19	[2]	2026-08-09_20-10-19	[0 1 0 0 0 0 0 0 0 0 0 0 0 0 0 1 0 0 0 1 1]	2026-08-09_20-10-19	[1 0 0 0 0 0 0 0 1 0 0 0 0 0 0 0 0 0 0 0 0]	2026-08-09_20-10-19	[0 0 1 0 1 0 0 0 0 0 1 0 0 0 0 0 0 1]	2026-08-09_20-10-19	[0 1 0 0 0 1 0 0 0 1 0 0 0 0 0 0 0 1]	2026-08-09_20-10-19	[2]	2026-08-09_20-10-19
1	2026-08-09_20-10-19	-0.875	2026-08-09_20-10-19	11.455205917358398	2026-08-09_20-10-19	2.860917091369629	2026-08-09_20-10-19	2.953993320465088	2026-08-09_20-10-19	2.816894054412842	2026-08-09_20-10-19	2.8234012126922607	2026-08-09_20-10-19	True	2026-08-09_20-10-19	[0 1 0 0 0 0 0 0 0 0 0 0 0 0 0 1 0 0 0 1 1]	2026-08-09_20-10-19	[1 0 0 0 0 0 0 0 1 0 0 0 0 0 0 0 0 0 0 0 0]	2026-08-09_20-10-19	[0 0 1 0 1 0 0 0 0 0 1 0 0 0 0 0 0 1]	2026-08-09_20-10-19	[0 1 0 0 0 1 0 0 0 1 0 0 0 0 0 0 0 1]	2026-08-09_20-10-19	[2]	2026-08-09_20-10-19	[0 0 0 0 0 0 0 0 0 0 0 0 0 0 0 1 0 0 0 1 1]	2026-08-09_20-10-19	[0 0 0 0 0 0 0 0 1 0 0 0 0 0 0 0 0 0 0 0 0]	2026-08-09_20-10-19	[0 0 1 0 1 0 0 1 0 0 1 0 0 0 0 0 0 1]	2026-08-09_20-10-19	[0 1 0 0 0 1 0 0 0 1 0 0 0 1 0 0 0 1]	2026-08-09_20-10-19	[2]	2026-08-09_20-10-19
1	2026-08-09_20-10-19	-0.875	2026-08-09_20-10-19	11.430611610412598	2026-08-09_20-10-19	2.8558967113494873	2026-08-09_20-10-19	2.9488189220428467	2026-08-09_20-10-19	2.815075397491455	2026-08-09_20-10-19	2.8108205795288086	2026-08-09_20-10-19	True	2026-08-09_20-10-19	[0 0 0 0 0 0 0 0 0 0 0 0 0 0 0 1 0 0 0 1 1]	2026-08-09_20-10-19	[0 0 0 0 0 0 0 0 1 0 0 0 0 0 0 0 0 0 0 0 0]	2026-08-09_20-10-19	[0 0 1 0 1 0 0 1 0 0 1 0 0 0 0 0 0 1]	2026-08-09_20-10-19	[0 1 0 0 0 1 0 0 0 1 0 0 0 1 0 0 0 1]	2026-08-09_20-10-19	[2]	2026-08-09_20-10-19	[0 1 0 0 0 0 0 0 0 0 0 0 0 0 0 1 0 0 0 1 1]	2026-08-09_20-10-19	[1 0 0 0 0 0 0 0 1 0 0 0 0 0 0 0 0 0 0 0 0]	2026-08-09_20-10-19	[0 0 1 0 1 0 0 0 0 0 1 0 0 0 0 0 0 1]	2026-08-09_20-10-19	[0 1 0 0 0 1 0 0 0 1 0 0 0 0 0 0 0 1]	2026-08-09_20-10-19	[2]	2026-08-09_20-10-19
1	2026-08-09_20-10-19	-0.875	2026-08-09_20-10-19	11.42497444152832	2026-08-09_20-10-19	2.8495588302612305	2026-08-09_20-10-19	2.9483120441436768	2026-08-09_20-10-19	2.8130338191986084	2026-08-09_20-10-19	2.8140692710876465	2026-08-09_20-10-19	True	2026-08-09_20-10-19	[0 1 0 0 0 0 0 0 0 0 0 0 0 0 0 1 0 0 0 1 1]	2026-08-09_20-10-19	[1 0 0 0 0 0 0 0 1 0 0 0 0 0 0 0 0 0 0 0 0]	2026-08-09_20-10-19	[0 0 1 0 1 0 0 0 0 0 1 0 0 0 0 0 0 1]	2026-08-09_20-10-19	[0 1 0 0 0 1 0 0 0 1 0 0 0 0 0 0 0 1]	2026-08-09_20-10-19	[2]	2026-08-09_20-10-19	[0 0 0 0 0 0 0 0 0 0 0 0 0 0 0 1 0 0 0 1 1]	2026-08-09_20-10-19	[0 0 0 0 0 0 0 0 1 0 0 0 0 0 0 0 0 0 0 0 0]	2026-08-09_20-10-19	[0 0 1 0 1 0 0 1 0 0 1 0 0 0 0 0 0 1]	2026-08-09_20-10-19	[0 1 0 0 0 1 0 0 0 1 0 0 0 1 0 0 0 1]	2026-08-09_20-10-19	[2]	2026-08-09_20-10-19
1	2026-08-09_20-10-19	-0.875	2026-08-09_20-10-19	11.460823059082031	2026-08-09_20-10-19	2.872361898422241	2026-08-09_20-10-19	2.9486074447631836	2026-08-09_20-10-19	2.8184382915496826	2026-08-09_20-10-19	2.8214149475097656	2026-08-09_20-10-19	True	2026-08-09_20-10-19	[0 0 0 0 0 0 0 0 0 0 0 0 0 0 0 1 0 0 0 1 1]	2026-08-09_20-10-19	[0 0 0 0 0 0 0 0 1 0 0 0 0 0 0 0 0 0 0 0 0]	2026-08-09_20-10-19	[0 0 1 0 1 0 0 1 0 0 1 0 0 0 0 0 0 1]	2026-08-09_20-10-19	[0 1 0 0 0 1 0 0 0 1 0 0 0 1 0 0 0 1]	2026-08-09_20-10-19	[2]	2026-08-09_20-10-19	[0 1 0 0 0 0 0 0 0 0 0 0 0 0 0 1 0 0 0 1 1]	2026-08-09_20-10-19	[1 0 0 0 0 0 0 0 1 0 0 0 0 0 0 0 0 0 0 0 0]	2026-08-09_20-10-19	[0 0 1 0 1 0 0 0 0 0 1 0 0 0 0 0 0 1]	2026-08-09_20-10-19	[0 1 0 0 0 1 0 0 0 1 0 0 0 0 0 0 0 1]	2026-08-09_20-10-19	[2]	2026-08-09_20-10-19
1	2026-08-09_20-10-19	-0.875	2026-08-09_20-10-19	11.417688369750977	2026-08-09_20-10-19	2.8430697917938232	2026-08-09_20-10-19	2.953249216079712	2026-08-09_20-10-19	2.814094066619873	2026-08-09_20-10-19	2.8072752952575684	2026-08-09_20-10-19	True	2026-08-09_20-10-19	[0 1 0 0 0 0 0 0 0 0 0 0 0 0 0 1 0 0 0 1 1]	2026-08-09_20-10-19	[1 0 0 0 0 0 0 0 1 0 0 0 0 0 0 0 0 0 0 0 0]	2026-08-09_20-10-19	[0 0 1 0 1 0 0 0 0 0 1 0 0 0 0 0 0 1]	2026-08-09_20-10-19	[0 1 0 0 0 1 0 0 0 1 0 0 0 0 0 0 0 1]	2026-08-09_20-10-19	[2]	2026-08-09_20-10-19	[0 0 0 0 0 0 0 0 0 0 0 0 0 0 0 1 0 0 0 1 1]	2026-08-09_20-10-19	[0 0 0 0 0 0 0 0 1 0 0 0 0 0 0 0 0 0 0 0 0]	2026-08-09_20-10-19	[0 0 1 0 1 0 0 1 0 0 1 0 0 0 0 0 0 1]	2026-08-09_20-10-19	[0 1 0 0 0 1 0 0 0 1 0 0 0 1 0 0 0 1]	2026-08-09_20-10-19	[2]	2026-08-09_20-10-19
2	2026-08-10_21-14-15	-1.0	2026-08-10_21-14-15	11.224430084228516	2026-08-10_21-14-15	2.909311294555664	2026-08-10_21-14-15	2.9293055534362793	2026-08-10_21-14-15	2.6614081859588623	2026-08-10_21-14-15	2.72440505027771	2026-08-10_21-14-15	False	2026-08-10_21-14-15	[0 0 0 0 0 0 0 0 0 0 0 0 0 0 0 0 0 0 0 0 0]	2026-08-10_21-14-15	[0 0 1 0 0 0 0 0 0 1 0 0 0 0 0 0 0 0 0 1 0]	2026-08-10_21-14-15	[0 0 0 0 0 0 0 0 0 0 0 0 0 0 1 0 0 0]	2026-08-10_21-14-15	[0 0 0 0 1 0 0 1 0 0 0 0 0 0 0 0 0 0]	2026-08-10_21-14-15	[0]	2026-08-10_21-14-15	[0 1 0 0 0 0 0 0 0 0 0 0 0 0 0 0 0 0 0 0 0]	2026-08-10_21-14-15	[0 0 1 0 0 0 0 0 0 1 0 0 0 0 0 0 0 0 0 1 1]	2026-08-10_21-14-15	[0 0 0 0 0 0 0 0 0 0 0 0 0 0 1 0 0 0]	2026-08-10_21-14-15	[0 0 0 0 1 1 0 1 0 0 0 0 0 0 0 0 0 0]	2026-08-10_21-14-15	[0]	2026-08-10_21-14-15
2	2026-08-10_21-14-15	-1.0	2026-08-10_21-14-15	11.24169635772705	2026-08-10_21-14-15	2.9240739345550537	2026-08-10_21-14-15	2.933046579360962	2026-08-10_21-14-15	2.6699886322021484	2026-08-10_21-14-15	2.7145872116088867	2026-08-10_21-14-15	False	2026-08-10_21-14-15	[0 1 0 0 0 0 0 0 0 0 0 0 0 0 0 0 0 0 0 0 0]	2026-08-10_21-14-15	[0 0 1 0 0 0 0 0 0 1 0 0 0 0 0 0 0 0 0 1 1]	2026-08-10_21-14-15	[0 0 0 0 0 0 0 0 0 0 0 0 0 0 1 0 0 0]	2026-08-10_21-14-15	[0 0 0 0 1 1 0 1 0 0 0 0 0 0 0 0 0 0]	2026-08-10_21-14-15	[0]	2026-08-10_21-14-15	[0 0 0 0 0 0 0 0 0 0 0 0 0 0 0 0 0 0 0 0 0]	2026-08-10_21-14-15	[0 0 1 0 0 0 0 0 0 1 0 0 0 0 0 0 0 0 0 1 0]	2026-08-10_21-14-15	[0 0 0 0 0 0 0 0 0 0 0 0 0 0 1 0 0 0]	2026-08-10_21-14-15	[0 0 0 0 1 0 0 1 0 0 0 0 0 0 0 0 0 0]	2026-08-10_21-14-15	[0]	2026-08-10_21-14-15
2	2026-08-10_21-14-15	-1.0	2026-08-10_21-14-15	11.255897521972656	2026-08-10_21-14-15	2.9148306846618652	2026-08-10_21-14-15	2.9355878829956055	2026-08-10_21-14-15	2.6701958179473877	2026-08-10_21-14-15	2.7352826595306396	2026-08-10_21-14-15	False	2026-08-10_21-14-15	[0 0 0 0 0 0 0 0 0 0 0 0 0 0 0 0 0 0 0 0 0]	2026-08-10_21-14-15	[0 0 1 0 0 0 0 0 0 1 0 0 0 0 0 0 0 0 0 1 0]	2026-08-10_21-14-15	[0 0 0 0 0 0 0 0 0 0 0 0 0 0 1 0 0 0]	2026-08-10_21-14-15	[0 0 0 0 1 0 0 1 0 0 0 0 0 0 0 0 0 0]	2026-08-10_21-14-15	[0]	2026-08-10_21-14-15	[0 1 0 0 0 0 0 0 0 0 0 0 0 0 0 0 0 0 0 0 0]	2026-08-10_21-14-15	[0 0 1 0 0 0 0 0 0 1 0 0 0 0 0 0 0 0 0 1 1]	2026-08-10_21-14-15	[0 0 0 0 0 0 0 0 0 0 0 0 0 0 1 0 0 0]	2026-08-10_21-14-15	[0 0 0 0 1 1 0 1 0 0 0 0 0 0 0 0 0 0]	2026-08-10_21-14-15	[0]	2026-08-10_21-14-15
2	2026-08-10_21-14-15	-1.0	2026-08-10_21-14-15	11.262761116027832	2026-08-10_21-14-15	2.9280788898468018	2026-08-10_21-14-15	2.936784505844116	2026-08-10_21-14-15	2.6704177856445312	2026-08-10_21-14-15	2.727479934692383	2026-08-10_21-14-15	False	2026-08-10_21-14-15	[0 1 0 0 0 0 0 0 0 0 0 0 0 0 0 0 0 0 0 0 0]	2026-08-10_21-14-15	[0 0 1 0 0 0 0 0 0 1 0 0 0 0 0 0 0 0 0 1 1]	2026-08-10_21-14-15	[0 0 0 0 0 0 0 0 0 0 0 0 0 0 1 0 0 0]	2026-08-10_21-14-15	[0 0 0 0 1 1 0 1 0 0 0 0 0 0 0 0 0 0]	2026-08-10_21-14-15	[0]	2026-08-10_21-14-15	[0 0 0 0 0 0 0 0 0 0 0 0 0 0 0 0 0 0 0 0 0]	2026-08-10_21-14-15	[0 0 1 0 0 0 0 0 0 1 0 0 0 0 0 0 0 0 0 1 0]	2026-08-10_21-14-15	[0 0 0 0 0 0 0 0 0 0 0 0 0 0 1 0 0 0]	2026-08-10_21-14-15	[0 0 0 0 1 0 0 1 0 0 0 0 0 0 0 0 0 0]	2026-08-10_21-14-15	[0]	2026-08-10_21-14-15
2	2026-08-10_21-14-15	-1.0	2026-08-10_21-14-15	11.268672943115234	2026-08-10_21-14-15	2.930626392364502	2026-08-10_21-14-15	2.9455912113189697	2026-08-10_21-14-15	2.6605100631713867	2026-08-10_21-14-15	2.7319447994232178	2026-08-10_21-14-15	False	2026-08-10_21-14-15	[0 0 0 0 0 0 0 0 0 0 0 0 0 0 0 0 0 0 0 0 0]	2026-08-10_21-14-15	[0 0 1 0 0 0 0 0 0 1 0 0 0 0 0 0 0 0 0 1 0]	2026-08-10_21-14-15	[0 0 0 0 0 0 0 0 0 0 0 0 0 0 1 0 0 0]	2026-08-10_21-14-15	[0 0 0 0 1 0 0 1 0 0 0 0 0 0 0 0 0 0]	2026-08-10_21-14-15	[0]	2026-08-10_21-14-15	[0 1 0 0 0 0 0 0 0 0 0 0 0 0 0 0 0 0 0 0 0]	2026-08-10_21-14-15	[0 0 1 0 0 0 0 0 0 1 0 0 0 0 0 0 0 0 0 1 1]	2026-08-10_21-14-15	[0 0 0 0 0 0 0 0 0 0 0 0 0 0 1 0 0 0]	2026-08-10_21-14-15	[0 0 0 0 1 1 0 1 0 0 0 0 0 0 0 0 0 0]	2026-08-10_21-14-15	[0]	2026-08-10_21-14-15
2	2026-08-10_21-14-15	-1.0	2026-08-10_21-14-15	11.261137962341309	2026-08-10_21-14-15	2.920361280441284	2026-08-10_21-14-15	2.930377244949341	2026-08-10_21-14-15	2.679617404937744	2026-08-10_21-14-15	2.7307822704315186	2026-08-10_21-14-15	False	2026-08-10_21-14-15	[0 1 0 0 0 0 0 0 0 0 0 0 0 0 0 0 0 0 0 0 0]	2026-08-10_21-14-15	[0 0 1 0 0 0 0 0 0 1 0 0 0 0 0 0 0 0 0 1 1]	2026-08-10_21-14-15	[0 0 0 0 0 0 0 0 0 0 0 0 0 0 1 0 0 0]	2026-08-10_21-14-15	[0 0 0 0 1 1 0 1 0 0 0 0 0 0 0 0 0 0]	2026-08-10_21-14-15	[0]	2026-08-10_21-14-15	[0 0 0 0 0 0 0 0 0 0 0 0 0 0 0 0 0 0 0 0 0]	2026-08-10_21-14-15	[0 0 1 0 0 0 0 0 0 1 0 0 0 0 0 0 0 0 0 1 0]	2026-08-10_21-14-15	[0 0 0 0 0 0 0 0 0 0 0 0 0 0 1 0 0 0]	2026-08-10_21-14-15	[0 0 0 0 1 0 0 1 0 0 0 0 0 0 0 0 0 0]	2026-08-10_21-14-15	[0]	2026-08-10_21-14-15
2	2026-08-10_21-14-15	-1.0	2026-08-10_21-14-15	11.218794822692871	2026-08-10_21-14-15	2.91440486907959	2026-08-10_21-14-15	2.934257745742798	2026-08-10_21-14-15	2.6521475315093994	2026-08-10_21-14-15	2.7179853916168213	2026-08-10_21-14-15	False	2026-08-10_21-14-15	[0 0 0 0 0 0 0 0 0 0 0 0 0 0 0 0 0 0 0 0 0]	2026-08-10_21-14-15	[0 0 1 0 0 0 0 0 0 1 0 0 0 0 0 0 0 0 0 1 0]	2026-08-10_21-14-15	[0 0 0 0 0 0 0 0 0 0 0 0 0 0 1 0 0 0]	2026-08-10_21-14-15	[0 0 0 0 1 0 0 1 0 0 0 0 0 0 0 0 0 0]	2026-08-10_21-14-15	[0]	2026-08-10_21-14-15	[0 1 0 0 0 0 0 0 0 0 0 0 0 0 0 0 0 0 0 0 0]	2026-08-10_21-14-15	[0 0 1 0 0 0 0 0 0 1 0 0 0 0 0 0 0 0 0 1 1]	2026-08-10_21-14-15	[0 0 0 0 0 0 0 0 0 0 0 0 0 0 1 0 0 0]	2026-08-10_21-14-15	[0 0 0 0 1 1 0 1 0 0 0 0 0 0 0 0 0 0]	2026-08-10_21-14-15	[0]	2026-08-10_21-14-15
2	2026-08-10_21-14-15	-1.0	2026-08-10_21-14-15	11.275555610656738	2026-08-10_21-14-15	2.9404852390289307	2026-08-10_21-14-15	2.9449961185455322	2026-08-10_21-14-15	2.673210859298706	2026-08-10_21-14-15	2.7168638706207275	2026-08-10_21-14-15	False	2026-08-10_21-14-15	[0 1 0 0 0 0 0 0 0 0 0 0 0 0 0 0 0 0 0 0 0]	2026-08-10_21-14-15	[0 0 1 0 0 0 0 0 0 1 0 0 0 0 0 0 0 0 0 1 1]	2026-08-10_21-14-15	[0 0 0 0 0 0 0 0 0 0 0 0 0 0 1 0 0 0]	2026-08-10_21-14-15	[0 0 0 0 1 1 0 1 0 0 0 0 0 0 0 0 0 0]	2026-08-10_21-14-15	[0]	2026-08-10_21-14-15	[0 0 0 0 0 0 0 0 0 0 0 0 0 0 0 0 0 0 0 0 0]	2026-08-10_21-14-15	[0 0 1 0 0 0 0 0 0 1 0 0 0 0 0 0 0 0 0 1 0]	2026-08-10_21-14-15	[0 0 0 0 0 0 0 0 0 0 0 0 0 0 1 0 0 0]	2026-08-10_21-14-15	[0 0 0 0 1 0 0 1 0 0 0 0 0 0 0 0 0 0]	2026-08-10_21-14-15	[0]	2026-08-10_21-14-15
2	2026-08-10_21-14-15	-1.0	2026-08-10_21-14-15	11.164952278137207	2026-08-10_21-14-15	2.9127206802368164	2026-08-10_21-14-15	2.9266324043273926	2026-08-10_21-14-15	2.631631374359131	2026-08-10_21-14-15	2.693967819213867	2026-08-10_21-14-15	False	2026-08-10_21-14-15	[0 0 0 0 0 0 0 0 0 0 0 0 0 0 0 0 0 0 0 0 0]	2026-08-10_21-14-15	[0 0 1 0 0 0 0 0 0 1 0 0 0 0 0 0 0 0 0 1 0]	2026-08-10_21-14-15	[0 0 0 0 0 0 0 0 0 0 0 0 0 0 1 0 0 0]	2026-08-10_21-14-15	[0 0 0 0 1 0 0 1 0 0 0 0 0 0 0 0 0 0]	2026-08-10_21-14-15	[0]	2026-08-10_21-14-15	[0 1 0 0 0 0 0 0 0 0 0 0 0 0 0 0 0 0 0 0 0]	2026-08-10_21-14-15	[0 0 1 0 0 0 0 0 0 1 0 0 0 0 0 0 0 0 0 1 1]	2026-08-10_21-14-15	[0 0 0 0 0 0 0 0 0 0 0 0 0 0 1 0 0 0]	2026-08-10_21-14-15	[0 0 0 0 1 1 0 1 0 0 0 0 0 0 0 0 0 0]	2026-08-10_21-14-15	[0]	2026-08-10_21-14-15
2	2026-08-10_21-14-15	-1.0	2026-08-10_21-14-15	11.255182266235352	2026-08-10_21-14-15	2.9281229972839355	2026-08-10_21-14-15	2.9358978271484375	2026-08-10_21-14-15	2.6693408489227295	2026-08-10_21-14-15	2.721820592880249	2026-08-10_21-14-15	False	2026-08-10_21-14-15	[0 1 0 0 0 0 0 0 0 0 0 0 0 0 0 0 0 0 0 0 0]	2026-08-10_21-14-15	[0 0 1 0 0 0 0 0 0 1 0 0 0 0 0 0 0 0 0 1 1]	2026-08-10_21-14-15	[0 0 0 0 0 0 0 0 0 0 0 0 0 0 1 0 0 0]	2026-08-10_21-14-15	[0 0 0 0 1 1 0 1 0 0 0 0 0 0 0 0 0 0]	2026-08-10_21-14-15	[0]	2026-08-10_21-14-15	[0 0 0 0 0 0 0 0 0 0 0 0 0 0 0 0 0 0 0 0 0]	2026-08-10_21-14-15	[0 0 1 0 0 0 0 0 0 1 0 0 0 0 0 0 0 0 0 1 0]	2026-08-10_21-14-15	[0 0 0 0 0 0 0 0 0 0 0 0 0 0 1 0 0 0]	2026-08-10_21-14-15	[0 0 0 0 1 0 0 1 0 0 0 0 0 0 0 0 0 0]	2026-08-10_21-14-15	[0]	2026-08-10_21-14-15
2	2026-08-10_21-14-15	-1.0	2026-08-10_21-14-15	11.202874183654785	2026-08-10_21-14-15	2.904306173324585	2026-08-10_21-14-15	2.931957721710205	2026-08-10_21-14-15	2.648796319961548	2026-08-10_21-14-15	2.7178144454956055	2026-08-10_21-14-15	False	2026-08-10_21-14-15	[0 0 0 0 0 0 0 0 0 0 0 0 0 0 0 0 0 0 0 0 0]	2026-08-10_21-14-15	[0 0 1 0 0 0 0 0 0 1 0 0 0 0 0 0 0 0 0 1 0]	2026-08-10_21-14-15	[0 0 0 0 0 0 0 0 0 0 0 0 0 0 1 0 0 0]	2026-08-10_21-14-15	[0 0 0 0 1 0 0 1 0 0 0 0 0 0 0 0 0 0]	2026-08-10_21-14-15	[0]	2026-08-10_21-14-15	[0 1 0 0 0 0 0 0 0 0 0 0 0 0 0 0 0 0 0 0 0]	2026-08-10_21-14-15	[0 0 1 0 0 0 0 0 0 1 0 0 0 0 0 0 0 0 0 1 1]	2026-08-10_21-14-15	[0 0 0 0 0 0 0 0 0 0 0 0 0 0 1 0 0 0]	2026-08-10_21-14-15	[0 0 0 0 1 1 0 1 0 0 0 0 0 0 0 0 0 0]	2026-08-10_21-14-15	[0]	2026-08-10_21-14-15
2	2026-08-10_21-14-15	-1.0	2026-08-10_21-14-15	11.262409210205078	2026-08-10_21-14-15	2.9352505207061768	2026-08-10_21-14-15	2.93921160697937	2026-08-10_21-14-15	2.670957326889038	2026-08-10_21-14-15	2.716989517211914	2026-08-10_21-14-15	False	2026-08-10_21-14-15	[0 1 0 0 0 0 0 0 0 0 0 0 0 0 0 0 0 0 0 0 0]	2026-08-10_21-14-15	[0 0 1 0 0 0 0 0 0 1 0 0 0 0 0 0 0 0 0 1 1]	2026-08-10_21-14-15	[0 0 0 0 0 0 0 0 0 0 0 0 0 0 1 0 0 0]	2026-08-10_21-14-15	[0 0 0 0 1 1 0 1 0 0 0 0 0 0 0 0 0 0]	2026-08-10_21-14-15	[0]	2026-08-10_21-14-15	[0 0 0 0 0 0 0 0 0 0 0 0 0 0 0 0 0 0 0 0 0]	2026-08-10_21-14-15	[0 0 1 0 0 0 0 0 0 1 0 0 0 0 0 0 0 0 0 1 0]	2026-08-10_21-14-15	[0 0 0 0 0 0 0 0 0 0 0 0 0 0 1 0 0 0]	2026-08-10_21-14-15	[0 0 0 0 1 0 0 1 0 0 0 0 0 0 0 0 0 0]	2026-08-10_21-14-15	[0]	2026-08-10_21-14-15
2	2026-08-10_21-14-15	-1.0	2026-08-10_21-14-15	11.253734588623047	2026-08-10_21-14-15	2.9141416549682617	2026-08-10_21-14-15	2.9307522773742676	2026-08-10_21-14-15	2.6729841232299805	2026-08-10_21-14-15	2.735856533050537	2026-08-10_21-14-15	False	2026-08-10_21-14-15	[0 0 0 0 0 0 0 0 0 0 0 0 0 0 0 0 0 0 0 0 0]	2026-08-10_21-14-15	[0 0 1 0 0 0 0 0 0 1 0 0 0 0 0 0 0 0 0 1 0]	2026-08-10_21-14-15	[0 0 0 0 0 0 0 0 0 0 0 0 0 0 1 0 0 0]	2026-08-10_21-14-15	[0 0 0 0 1 0 0 1 0 0 0 0 0 0 0 0 0 0]	2026-08-10_21-14-15	[0]	2026-08-10_21-14-15	[0 1 0 0 0 0 0 0 0 0 0 0 0 0 0 0 0 0 0 0 0]	2026-08-10_21-14-15	[0 0 1 0 0 0 0 0 0 1 0 0 0 0 0 0 0 0 0 1 1]	2026-08-10_21-14-15	[0 0 0 0 0 0 0 0 0 0 0 0 0 0 1 0 0 0]	2026-08-10_21-14-15	[0 0 0 0 1 1 0 1 0 0 0 0 0 0 0 0 0 0]	2026-08-10_21-14-15	[0]	2026-08-10_21-14-15
2	2026-08-10_21-14-15	-1.0	2026-08-10_21-14-15	11.243186950683594	2026-08-10_21-14-15	2.911597490310669	2026-08-10_21-14-15	2.9243886470794678	2026-08-10_21-14-15	2.6816911697387695	2026-08-10_21-14-15	2.7255098819732666	2026-08-10_21-14-15	False	2026-08-10_21-14-15	[0 1 0 0 0 0 0 0 0 0 0 0 0 0 0 0 0 0 0 0 0]	2026-08-10_21-14-15	[0 0 1 0 0 0 0 0 0 1 0 0 0 0 0 0 0 0 0 1 1]	2026-08-10_21-14-15	[0 0 0 0 0 0 0 0 0 0 0 0 0 0 1 0 0 0]	2026-08-10_21-14-15	[0 0 0 0 1 1 0 1 0 0 0 0 0 0 0 0 0 0]	2026-08-10_21-14-15	[0]	2026-08-10_21-14-15	[0 0 0 0 0 0 0 0 0 0 0 0 0 0 0 0 0 0 0 0 0]	2026-08-10_21-14-15	[0 0 1 0 0 0 0 0 0 1 0 0 0 0 0 0 0 0 0 1 0]	2026-08-10_21-14-15	[0 0 0 0 0 0 0 0 0 0 0 0 0 0 1 0 0 0]	2026-08-10_21-14-15	[0 0 0 0 1 0 0 1 0 0 0 0 0 0 0 0 0 0]	2026-08-10_21-14-15	[0]	2026-08-10_21-14-15
2	2026-08-10_21-14-15	-1.0	2026-08-10_21-14-15	11.252750396728516	2026-08-10_21-14-15	2.910703420639038	2026-08-10_21-14-15	2.932541608810425	2026-08-10_21-14-15	2.6733663082122803	2026-08-10_21-14-15	2.7361395359039307	2026-08-10_21-14-15	False	2026-08-10_21-14-15	[0 0 0 0 0 0 0 0 0 0 0 0 0 0 0 0 0 0 0 0 0]	2026-08-10_21-14-15	[0 0 1 0 0 0 0 0 0 1 0 0 0 0 0 0 0 0 0 1 0]	2026-08-10_21-14-15	[0 0 0 0 0 0 0 0 0 0 0 0 0 0 1 0 0 0]	2026-08-10_21-14-15	[0 0 0 0 1 0 0 1 0 0 0 0 0 0 0 0 0 0]	2026-08-10_21-14-15	[0]	2026-08-10_21-14-15	[0 1 0 0 0 0 0 0 0 0 0 0 0 0 0 0 0 0 0 0 0]	2026-08-10_21-14-15	[0 0 1 0 0 0 0 0 0 1 0 0 0 0 0 0 0 0 0 1 1]	2026-08-10_21-14-15	[0 0 0 0 0 0 0 0 0 0 0 0 0 0 1 0 0 0]	2026-08-10_21-14-15	[0 0 0 0 1 1 0 1 0 0 0 0 0 0 0 0 0 0]	2026-08-10_21-14-15	[0]	2026-08-10_21-14-15
2	2026-08-10_21-14-15	-1.0	2026-08-10_21-14-15	11.25975227355957	2026-08-10_21-14-15	2.9263103008270264	2026-08-10_21-14-15	2.938856601715088	2026-08-10_21-14-15	2.66894268989563	2026-08-10_21-14-15	2.7256436347961426	2026-08-10_21-14-15	False	2026-08-10_21-14-15	[0 1 0 0 0 0 0 0 0 0 0 0 0 0 0 0 0 0 0 0 0]	2026-08-10_21-14-15	[0 0 1 0 0 0 0 0 0 1 0 0 0 0 0 0 0 0 0 1 1]	2026-08-10_21-14-15	[0 0 0 0 0 0 0 0 0 0 0 0 0 0 1 0 0 0]	2026-08-10_21-14-15	[0 0 0 0 1 1 0 1 0 0 0 0 0 0 0 0 0 0]	2026-08-10_21-14-15	[0]	2026-08-10_21-14-15	[0 0 0 0 0 0 0 0 0 0 0 0 0 0 0 0 0 0 0 0 0]	2026-08-10_21-14-15	[0 0 1 0 0 0 0 0 0 1 0 0 0 0 0 0 0 0 0 1 0]	2026-08-10_21-14-15	[0 0 0 0 0 0 0 0 0 0 0 0 0 0 1 0 0 0]	2026-08-10_21-14-15	[0 0 0 0 1 0 0 1 0 0 0 0 0 0 0 0 0 0]	2026-08-10_21-14-15	[0]	2026-08-10_21-14-15
2	2026-08-10_21-14-15	-1.0	2026-08-10_21-14-15	11.20210075378418	2026-08-10_21-14-15	2.9052231311798096	2026-08-10_21-14-15	2.931124448776245	2026-08-10_21-14-15	2.652758836746216	2026-08-10_21-14-15	2.71299409866333	2026-08-10_21-14-15	False	2026-08-10_21-14-15	[0 0 0 0 0 0 0 0 0 0 0 0 0 0 0 0 0 0 0 0 0]	2026-08-10_21-14-15	[0 0 1 0 0 0 0 0 0 1 0 0 0 0 0 0 0 0 0 1 0]	2026-08-10_21-14-15	[0 0 0 0 0 0 0 0 0 0 0 0 0 0 1 0 0 0]	2026-08-10_21-14-15	[0 0 0 0 1 0 0 1 0 0 0 0 0 0 0 0 0 0]	2026-08-10_21-14-15	[0]	2026-08-10_21-14-15	[0 1 0 0 0 0 0 0 0 0 0 0 0 0 0 0 0 0 0 0 0]	2026-08-10_21-14-15	[0 0 1 0 0 0 0 0 0 1 0 0 0 0 0 0 0 0 0 1 1]	2026-08-10_21-14-15	[0 0 0 0 0 0 0 0 0 0 0 0 0 0 1 0 0 0]	2026-08-10_21-14-15	[0 0 0 0 1 1 0 1 0 0 0 0 0 0 0 0 0 0]	2026-08-10_21-14-15	[0]	2026-08-10_21-14-15
2	2026-08-10_21-14-15	-1.0	2026-08-10_21-14-15	11.248194694519043	2026-08-10_21-14-15	2.918056011199951	2026-08-10_21-14-15	2.936311960220337	2026-08-10_21-14-15	2.672623634338379	2026-08-10_21-14-15	2.721202850341797	2026-08-10_21-14-15	False	2026-08-10_21-14-15	[0 1 0 0 0 0 0 0 0 0 0 0 0 0 0 0 0 0 0 0 0]	2026-08-10_21-14-15	[0 0 1 0 0 0 0 0 0 1 0 0 0 0 0 0 0 0 0 1 1]	2026-08-10_21-14-15	[0 0 0 0 0 0 0 0 0 0 0 0 0 0 1 0 0 0]	2026-08-10_21-14-15	[0 0 0 0 1 1 0 1 0 0 0 0 0 0 0 0 0 0]	2026-08-10_21-14-15	[0]	2026-08-10_21-14-15	[0 0 0 0 0 0 0 0 0 0 0 0 0 0 0 0 0 0 0 0 0]	2026-08-10_21-14-15	[0 0 1 0 0 0 0 0 0 1 0 0 0 0 0 0 0 0 0 1 0]	2026-08-10_21-14-15	[0 0 0 0 0 0 0 0 0 0 0 0 0 0 1 0 0 0]	2026-08-10_21-14-15	[0 0 0 0 1 0 0 1 0 0 0 0 0 0 0 0 0 0]	2026-08-10_21-14-15	[0]	2026-08-10_21-14-15
2	2026-08-10_21-14-15	-1.0	2026-08-10_21-14-15	11.198100090026855	2026-08-10_21-14-15	2.8983166217803955	2026-08-10_21-14-15	2.9252185821533203	2026-08-10_21-14-15	2.655501365661621	2026-08-10_21-14-15	2.7190637588500977	2026-08-10_21-14-15	False	2026-08-10_21-14-15	[0 0 0 0 0 0 0 0 0 0 0 0 0 0 0 0 0 0 0 0 0]	2026-08-10_21-14-15	[0 0 1 0 0 0 0 0 0 1 0 0 0 0 0 0 0 0 0 1 0]	2026-08-10_21-14-15	[0 0 0 0 0 0 0 0 0 0 0 0 0 0 1 0 0 0]	2026-08-10_21-14-15	[0 0 0 0 1 0 0 1 0 0 0 0 0 0 0 0 0 0]	2026-08-10_21-14-15	[0]	2026-08-10_21-14-15	[0 1 0 0 0 0 0 0 0 0 0 0 0 0 0 0 0 0 0 0 0]	2026-08-10_21-14-15	[0 0 1 0 0 0 0 0 0 1 0 0 0 0 0 0 0 0 0 1 1]	2026-08-10_21-14-15	[0 0 0 0 0 0 0 0 0 0 0 0 0 0 1 0 0 0]	2026-08-10_21-14-15	[0 0 0 0 1 1 0 1 0 0 0 0 0 0 0 0 0 0]	2026-08-10_21-14-15	[0]	2026-08-10_21-14-15
2	2026-08-10_21-14-15	-1.0	2026-08-10_21-14-15	11.249761581420898	2026-08-10_21-14-15	2.930760383605957	2026-08-10_21-14-15	2.936824083328247	2026-08-10_21-14-15	2.6690499782562256	2026-08-10_21-14-15	2.713127613067627	2026-08-10_21-14-15	False	2026-08-10_21-14-15	[0 1 0 0 0 0 0 0 0 0 0 0 0 0 0 0 0 0 0 0 0]	2026-08-10_21-14-15	[0 0 1 0 0 0 0 0 0 1 0 0 0 0 0 0 0 0 0 1 1]	2026-08-10_21-14-15	[0 0 0 0 0 0 0 0 0 0 0 0 0 0 1 0 0 0]	2026-08-10_21-14-15	[0 0 0 0 1 1 0 1 0 0 0 0 0 0 0 0 0 0]	2026-08-10_21-14-15	[0]	2026-08-10_21-14-15	[0 0 0 0 0 0 0 0 0 0 0 0 0 0 0 0 0 0 0 0 0]	2026-08-10_21-14-15	[0 0 1 0 0 0 0 0 0 1 0 0 0 0 0 0 0 0 0 1 0]	2026-08-10_21-14-15	[0 0 0 0 0 0 0 0 0 0 0 0 0 0 1 0 0 0]	2026-08-10_21-14-15	[0 0 0 0 1 0 0 1 0 0 0 0 0 0 0 0 0 0]	2026-08-10_21-14-15	[0]	2026-08-10_21-14-15
2	2026-08-10_21-14-15	-1.0	2026-08-10_21-14-15	11.233867645263672	2026-08-10_21-14-15	2.9084084033966064	2026-08-10_21-14-15	2.936638355255127	2026-08-10_21-14-15	2.662318706512451	2026-08-10_21-14-15	2.726500988006592	2026-08-10_21-14-15	False	2026-08-10_21-14-15	[0 0 0 0 0 0 0 0 0 0 0 0 0 0 0 0 0 0 0 0 0]	2026-08-10_21-14-15	[0 0 1 0 0 0 0 0 0 1 0 0 0 0 0 0 0 0 0 1 0]	2026-08-10_21-14-15	[0 0 0 0 0 0 0 0 0 0 0 0 0 0 1 0 0 0]	2026-08-10_21-14-15	[0 0 0 0 1 0 0 1 0 0 0 0 0 0 0 0 0 0]	2026-08-10_21-14-15	[0]	2026-08-10_21-14-15	[0 1 0 0 0 0 0 0 0 0 0 0 0 0 0 0 0 0 0 0 0]	2026-08-10_21-14-15	[0 0 1 0 0 0 0 0 0 1 0 0 0 0 0 0 0 0 0 1 1]	2026-08-10_21-14-15	[0 0 0 0 0 0 0 0 0 0 0 0 0 0 1 0 0 0]	2026-08-10_21-14-15	[0 0 0 0 1 1 0 1 0 0 0 0 0 0 0 0 0 0]	2026-08-10_21-14-15	[0]	2026-08-10_21-14-15
2	2026-08-10_21-14-15	-1.0	2026-08-10_21-14-15	11.218013763427734	2026-08-10_21-14-15	2.9120280742645264	2026-08-10_21-14-15	2.9258434772491455	2026-08-10_21-14-15	2.667834758758545	2026-08-10_21-14-15	2.7123069763183594	2026-08-10_21-14-15	False	2026-08-10_21-14-15	[0 1 0 0 0 0 0 0 0 0 0 0 0 0 0 0 0 0 0 0 0]	2026-08-10_21-14-15	[0 0 1 0 0 0 0 0 0 1 0 0 0 0 0 0 0 0 0 1 1]	2026-08-10_21-14-15	[0 0 0 0 0 0 0 0 0 0 0 0 0 0 1 0 0 0]	2026-08-10_21-14-15	[0 0 0 0 1 1 0 1 0 0 0 0 0 0 0 0 0 0]	2026-08-10_21-14-15	[0]	2026-08-10_21-14-15	[0 0 0 0 0 0 0 0 0 0 0 0 0 0 0 0 0 0 0 0 0]	2026-08-10_21-14-15	[0 0 1 0 0 0 0 0 0 1 0 0 0 0 0 0 0 0 0 1 0]	2026-08-10_21-14-15	[0 0 0 0 0 0 0 0 0 0 0 0 0 0 1 0 0 0]	2026-08-10_21-14-15	[0 0 0 0 1 0 0 1 0 0 0 0 0 0 0 0 0 0]	2026-08-10_21-14-15	[0]	2026-08-10_21-14-15
2	2026-08-10_21-14-15	-1.0	2026-08-10_21-14-15	11.224889755249023	2026-08-10_21-14-15	2.915374279022217	2026-08-10_21-14-15	2.933307647705078	2026-08-10_21-14-15	2.6548655033111572	2026-08-10_21-14-15	2.7213423252105713	2026-08-10_21-14-15	False	2026-08-10_21-14-15	[0 0 0 0 0 0 0 0 0 0 0 0 0 0 0 0 0 0 0 0 0]	2026-08-10_21-14-15	[0 0 1 0 0 0 0 0 0 1 0 0 0 0 0 0 0 0 0 1 0]	2026-08-10_21-14-15	[0 0 0 0 0 0 0 0 0 0 0 0 0 0 1 0 0 0]	2026-08-10_21-14-15	[0 0 0 0 1 0 0 1 0 0 0 0 0 0 0 0 0 0]	2026-08-10_21-14-15	[0]	2026-08-10_21-14-15	[0 1 0 0 0 0 0 0 0 0 0 0 0 0 0 0 0 0 0 0 0]	2026-08-10_21-14-15	[0 0 1 0 0 0 0 0 0 1 0 0 0 0 0 0 0 0 0 1 1]	2026-08-10_21-14-15	[0 0 0 0 0 0 0 0 0 0 0 0 0 0 1 0 0 0]	2026-08-10_21-14-15	[0 0 0 0 1 1 0 1 0 0 0 0 0 0 0 0 0 0]	2026-08-10_21-14-15	[0]	2026-08-10_21-14-15
2	2026-08-10_21-14-15	-1.0	2026-08-10_21-14-15	11.230731010437012	2026-08-10_21-14-15	2.911893606185913	2026-08-10_21-14-15	2.931178569793701	2026-08-10_21-14-15	2.6647284030914307	2026-08-10_21-14-15	2.722930908203125	2026-08-10_21-14-15	False	2026-08-10_21-14-15	[0 1 0 0 0 0 0 0 0 0 0 0 0 0 0 0 0 0 0 0 0]	2026-08-10_21-14-15	[0 0 1 0 0 0 0 0 0 1 0 0 0 0 0 0 0 0 0 1 1]	2026-08-10_21-14-15	[0 0 0 0 0 0 0 0 0 0 0 0 0 0 1 0 0 0]	2026-08-10_21-14-15	[0 0 0 0 1 1 0 1 0 0 0 0 0 0 0 0 0 0]	2026-08-10_21-14-15	[0]	2026-08-10_21-14-15	[0 0 0 0 0 0 0 0 0 0 0 0 0 0 0 0 0 0 0 0 0]	2026-08-10_21-14-15	[0 0 1 0 0 0 0 0 0 1 0 0 0 0 0 0 0 0 0 1 0]	2026-08-10_21-14-15	[0 0 0 0 0 0 0 0 0 0 0 0 0 0 1 0 0 0]	2026-08-10_21-14-15	[0 0 0 0 1 0 0 1 0 0 0 0 0 0 0 0 0 0]	2026-08-10_21-14-15	[0]	2026-08-10_21-14-15
2	2026-08-10_21-14-15	-1.0	2026-08-10_21-14-15	11.238122940063477	2026-08-10_21-14-15	2.9209771156311035	2026-08-10_21-14-15	2.9366989135742188	2026-08-10_21-14-15	2.654475688934326	2026-08-10_21-14-15	2.7259716987609863	2026-08-10_21-14-15	False	2026-08-10_21-14-15	[0 0 0 0 0 0 0 0 0 0 0 0 0 0 0 0 0 0 0 0 0]	2026-08-10_21-14-15	[0 0 1 0 0 0 0 0 0 1 0 0 0 0 0 0 0 0 0 1 0]	2026-08-10_21-14-15	[0 0 0 0 0 0 0 0 0 0 0 0 0 0 1 0 0 0]	2026-08-10_21-14-15	[0 0 0 0 1 0 0 1 0 0 0 0 0 0 0 0 0 0]	2026-08-10_21-14-15	[0]	2026-08-10_21-14-15	[0 1 0 0 0 0 0 0 0 0 0 0 0 0 0 0 0 0 0 0 0]	2026-08-10_21-14-15	[0 0 1 0 0 0 0 0 0 1 0 0 0 0 0 0 0 0 0 1 1]	2026-08-10_21-14-15	[0 0 0 0 0 0 0 0 0 0 0 0 0 0 1 0 0 0]	2026-08-10_21-14-15	[0 0 0 0 1 1 0 1 0 0 0 0 0 0 0 0 0 0]	2026-08-10_21-14-15	[0]	2026-08-10_21-14-15
2	2026-08-10_21-14-15	-1.0	2026-08-10_21-14-15	11.230523109436035	2026-08-10_21-14-15	2.924476385116577	2026-08-10_21-14-15	2.928999185562134	2026-08-10_21-14-15	2.6610424518585205	2026-08-10_21-14-15	2.7160050868988037	2026-08-10_21-14-15	False	2026-08-10_21-14-15	[0 1 0 0 0 0 0 0 0 0 0 0 0 0 0 0 0 0 0 0 0]	2026-08-10_21-14-15	[0 0 1 0 0 0 0 0 0 1 0 0 0 0 0 0 0 0 0 1 1]	2026-08-10_21-14-15	[0 0 0 0 0 0 0 0 0 0 0 0 0 0 1 0 0 0]	2026-08-10_21-14-15	[0 0 0 0 1 1 0 1 0 0 0 0 0 0 0 0 0 0]	2026-08-10_21-14-15	[0]	2026-08-10_21-14-15	[0 0 0 0 0 0 0 0 0 0 0 0 0 0 0 0 0 0 0 0 0]	2026-08-10_21-14-15	[0 0 1 0 0 0 0 0 0 1 0 0 0 0 0 0 0 0 0 1 0]	2026-08-10_21-14-15	[0 0 0 0 0 0 0 0 0 0 0 0 0 0 1 0 0 0]	2026-08-10_21-14-15	[0 0 0 0 1 0 0 1 0 0 0 0 0 0 0 0 0 0]	2026-08-10_21-14-15	[0]	2026-08-10_21-14-15
2	2026-08-10_21-14-15	-1.0	2026-08-10_21-14-15	11.237239837646484	2026-08-10_21-14-15	2.928142547607422	2026-08-10_21-14-15	2.935542106628418	2026-08-10_21-14-15	2.6550168991088867	2026-08-10_21-14-15	2.7185380458831787	2026-08-10_21-14-15	False	2026-08-10_21-14-15	[0 0 0 0 0 0 0 0 0 0 0 0 0 0 0 0 0 0 0 0 0]	2026-08-10_21-14-15	[0 0 1 0 0 0 0 0 0 1 0 0 0 0 0 0 0 0 0 1 0]	2026-08-10_21-14-15	[0 0 0 0 0 0 0 0 0 0 0 0 0 0 1 0 0 0]	2026-08-10_21-14-15	[0 0 0 0 1 0 0 1 0 0 0 0 0 0 0 0 0 0]	2026-08-10_21-14-15	[0]	2026-08-10_21-14-15	[0 1 0 0 0 0 0 0 0 0 0 0 0 0 0 0 0 0 0 0 0]	2026-08-10_21-14-15	[0 0 1 0 0 0 0 0 0 1 0 0 0 0 0 0 0 0 0 1 1]	2026-08-10_21-14-15	[0 0 0 0 0 0 0 0 0 0 0 0 0 0 1 0 0 0]	2026-08-10_21-14-15	[0 0 0 0 1 1 0 1 0 0 0 0 0 0 0 0 0 0]	2026-08-10_21-14-15	[0]	2026-08-10_21-14-15
2	2026-08-10_21-14-15	-1.0	2026-08-10_21-14-15	11.247045516967773	2026-08-10_21-14-15	2.919633388519287	2026-08-10_21-14-15	2.9325742721557617	2026-08-10_21-14-15	2.676429271697998	2026-08-10_21-14-15	2.7184088230133057	2026-08-10_21-14-15	False	2026-08-10_21-14-15	[0 1 0 0 0 0 0 0 0 0 0 0 0 0 0 0 0 0 0 0 0]	2026-08-10_21-14-15	[0 0 1 0 0 0 0 0 0 1 0 0 0 0 0 0 0 0 0 1 1]	2026-08-10_21-14-15	[0 0 0 0 0 0 0 0 0 0 0 0 0 0 1 0 0 0]	2026-08-10_21-14-15	[0 0 0 0 1 1 0 1 0 0 0 0 0 0 0 0 0 0]	2026-08-10_21-14-15	[0]	2026-08-10_21-14-15	[0 0 0 0 0 0 0 0 0 0 0 0 0 0 0 0 0 0 0 0 0]	2026-08-10_21-14-15	[0 0 1 0 0 0 0 0 0 1 0 0 0 0 0 0 0 0 0 1 0]	2026-08-10_21-14-15	[0 0 0 0 0 0 0 0 0 0 0 0 0 0 1 0 0 0]	2026-08-10_21-14-15	[0 0 0 0 1 0 0 1 0 0 0 0 0 0 0 0 0 0]	2026-08-10_21-14-15	[0]	2026-08-10_21-14-15
2	2026-08-10_21-14-15	-1.0	2026-08-10_21-14-15	11.188068389892578	2026-08-10_21-14-15	2.9173896312713623	2026-08-10_21-14-15	2.9316258430480957	2026-08-10_21-14-15	2.6343846321105957	2026-08-10_21-14-15	2.7046685218811035	2026-08-10_21-14-15	False	2026-08-10_21-14-15	[0 0 0 0 0 0 0 0 0 0 0 0 0 0 0 0 0 0 0 0 0]	2026-08-10_21-14-15	[0 0 1 0 0 0 0 0 0 1 0 0 0 0 0 0 0 0 0 1 0]	2026-08-10_21-14-15	[0 0 0 0 0 0 0 0 0 0 0 0 0 0 1 0 0 0]	2026-08-10_21-14-15	[0 0 0 0 1 0 0 1 0 0 0 0 0 0 0 0 0 0]	2026-08-10_21-14-15	[0]	2026-08-10_21-14-15	[0 1 0 0 0 0 0 0 0 0 0 0 0 0 0 0 0 0 0 0 0]	2026-08-10_21-14-15	[0 0 1 0 0 0 0 0 0 1 0 0 0 0 0 0 0 0 0 1 1]	2026-08-10_21-14-15	[0 0 0 0 0 0 0 0 0 0 0 0 0 0 1 0 0 0]	2026-08-10_21-14-15	[0 0 0 0 1 1 0 1 0 0 0 0 0 0 0 0 0 0]	2026-08-10_21-14-15	[0]	2026-08-10_21-14-15
2	2026-08-10_21-14-15	-1.0	2026-08-10_21-14-15	11.251380920410156	2026-08-10_21-14-15	2.907020330429077	2026-08-10_21-14-15	2.927283525466919	2026-08-10_21-14-15	2.6821131706237793	2026-08-10_21-14-15	2.734964370727539	2026-08-10_21-14-15	False	2026-08-10_21-14-15	[0 1 0 0 0 0 0 0 0 0 0 0 0 0 0 0 0 0 0 0 0]	2026-08-10_21-14-15	[0 0 1 0 0 0 0 0 0 1 0 0 0 0 0 0 0 0 0 1 1]	2026-08-10_21-14-15	[0 0 0 0 0 0 0 0 0 0 0 0 0 0 1 0 0 0]	2026-08-10_21-14-15	[0 0 0 0 1 1 0 1 0 0 0 0 0 0 0 0 0 0]	2026-08-10_21-14-15	[0]	2026-08-10_21-14-15	[0 0 0 0 0 0 0 0 0 0 0 0 0 0 0 0 0 0 0 0 0]	2026-08-10_21-14-15	[0 0 1 0 0 0 0 0 0 1 0 0 0 0 0 0 0 0 0 1 0]	2026-08-10_21-14-15	[0 0 0 0 0 0 0 0 0 0 0 0 0 0 1 0 0 0]	2026-08-10_21-14-15	[0 0 0 0 1 0 0 1 0 0 0 0 0 0 0 0 0 0]	2026-08-10_21-14-15	[0]	2026-08-10_21-14-15
