# num_workers = 2
# num_cells = 256
# seed_for_environment = 403851061
# lr = 0.0003
# max_grad_norm = 1.0
# eval_rollout_length = 30
# scaling_factor = 100000
# frames_per_batch = 500
# sub_batch_size = 64
# num_epochs = 15
# clip_epsilon = 0.2
# gamma = 0.99
# lmbda = 0.95
# entropy_eps = 0.5
# env_reward_engineering = True
# env_minimum_number_of_qubits = 1
# log_name = None
# env_error_range = dataCollection
# env_version = qecc/bbcode-ldpc-v0
# env_bit_flipping = True
# env_l = 9
# env_m = 6
# env_use_dict_observation = True
# env_number_of_decoder_iterations = 50
# env_number_of_samples = 50
# env_code_logging = True
# model_architecture = mlp
# model_surrogate_model_path = /vol/bitbucket/osella/rl-qecc-data/supervisedLearning/2026-07-12_20-18-32/surrogate_6x6.pth
# model_use_pretrained_encoder = True
# index_to_unfreeze_encoder_updates = 10
# encoder_lr_factor = 0.1
# training_device = cpu
# Resolved arguments:
# Resolved_env_reward_engineering = True
# Resolved_env_reward_integral = Between prob. of no error and curve.
# Resolved_env_bit_flipping = True
# Resolved_env_useDictObservation = True
# Resolved_env_code_logging = True
# Resolved_env_error_range = [np.float64(0.0001), np.float64(0.000215), np.float64(0.000464), np.float64(0.001), np.float64(0.002154), np.float64(0.003162), np.float64(0.004642), np.float64(0.01), np.float64(0.021544), np.float64(0.025075), np.float64(0.031623), np.float64(0.046416), np.float64(0.05005), np.float64(0.075025), np.float64(0.1)]
# Resolved_model_use_pretrained_encoder = True
# Resolved_trainingDevice = cpu
# Resolved_model_architecture = hybrid
# Number of workers: 2
# Does torch identify cuda: True
evaluation number	reward	policy entropy	policy entropy aX	policy entropy bX	policy entropy aY	policy entropy bY	Encoder freeze	postAction_aX	postAction_bX	postAction_aY	postAction_bY
0	0.557206392288208	8.409122467041016	2.2843570709228516	2.2662861347198486	1.928507924079895	1.9299715757369995	True	[0 0 0 0 0 0 1 0 0]	[0 0 0 0 0 0 0 0 1]	[0 1 0 0 0 0]	[0 0 0 0 1 0]
0	-1.0	8.45054817199707	2.291966676712036	2.2813632488250732	1.9427508115768433	1.934467077255249	True	[1 0 0 0 0 0 1 0 0]	[0 0 0 0 0 0 0 0 1]	[0 1 0 0 0 1]	[0 0 0 0 1 1]
0	0.3967196047306061	8.446002960205078	2.2924351692199707	2.276954412460327	1.9367570877075195	1.939856767654419	True	[1 0 0 1 0 0 1 0 0]	[0 0 0 0 0 0 0 0 1]	[0 1 0 0 0 0]	[0 0 0 0 1 0]
0	-1.0	8.445049285888672	2.288274049758911	2.285392999649048	1.9394047260284424	1.9319767951965332	True	[0 0 0 1 0 0 1 0 0]	[0 0 0 0 0 0 0 0 1]	[0 1 0 0 0 1]	[0 0 0 0 1 1]
0	0.5098827481269836	8.45655345916748	2.296260118484497	2.280134439468384	1.9413433074951172	1.9388158321380615	True	[0 0 0 1 0 0 1 1 0]	[0 0 0 0 0 0 0 0 1]	[0 1 0 0 0 0]	[0 0 0 0 1 0]
0	-1.0	8.461318969726562	2.2954015731811523	2.28826642036438	1.9422192573547363	1.9354318380355835	True	[0 0 1 1 0 0 1 1 0]	[0 0 0 0 0 0 0 0 1]	[0 1 0 0 0 1]	[0 0 0 0 1 1]
0	0.48932334780693054	8.472744941711426	2.29831600189209	2.29001784324646	1.941766619682312	1.942644476890564	True	[0 0 0 1 0 0 1 1 0]	[0 0 0 0 0 0 0 0 1]	[0 1 0 0 0 0]	[0 0 0 0 1 0]
0	-1.0	8.463563919067383	2.2954370975494385	2.288400173187256	1.9424986839294434	1.9372279644012451	True	[0 0 1 1 0 0 1 1 0]	[0 0 0 0 0 0 0 0 1]	[0 1 0 0 0 1]	[0 0 0 0 1 1]
0	0.3938453495502472	8.472163200378418	2.298015594482422	2.289304494857788	1.9418329000473022	1.943009853363037	True	[0 0 1 1 0 0 1 0 0]	[0 0 0 0 0 0 0 0 1]	[0 1 0 0 0 0]	[0 0 0 0 1 0]
0	-1.0	8.462833404541016	2.293680429458618	2.2917304039001465	1.9434703588485718	1.9339520931243896	True	[0 0 0 1 0 0 1 0 0]	[0 0 0 0 0 0 0 0 1]	[0 1 0 0 0 1]	[0 0 0 0 1 1]
0	0.5116125345230103	8.459968566894531	2.2958824634552	2.281240463256836	1.941235065460205	1.9416108131408691	True	[0 0 0 1 0 0 1 1 0]	[0 0 0 0 0 0 0 0 1]	[0 1 0 0 0 0]	[0 0 0 0 1 0]
0	0.35859930515289307	8.462248802185059	2.295146942138672	2.2883009910583496	1.942488431930542	1.9363123178482056	True	[0 0 1 1 0 0 1 1 0]	[1 0 0 0 0 0 0 0 1]	[0 1 0 0 0 1]	[0 0 0 0 1 1]
0	-1.0	8.470182418823242	2.2965102195739746	2.289128065109253	1.9432059526443481	1.9413384199142456	True	[0 0 1 1 0 0 0 1 0]	[1 0 0 0 0 0 0 0 1]	[0 1 0 0 0 0]	[0 0 0 0 1 0]
0	-1.0	8.459915161132812	2.2946135997772217	2.292044162750244	1.9377362728118896	1.935520887374878	True	[0 0 0 1 0 0 0 1 0]	[0 0 0 0 0 0 0 0 1]	[0 1 0 0 0 1]	[0 1 0 0 1 0]
0	0.47224411368370056	8.455245971679688	2.294024705886841	2.281294822692871	1.9373557567596436	1.9425703287124634	True	[0 0 0 1 0 0 0 0 0]	[0 0 0 0 0 0 0 0 1]	[0 1 0 0 0 0]	[0 1 0 0 1 1]
0	-1.0	8.456439018249512	2.2963204383850098	2.2789840698242188	1.9405087232589722	1.9406260251998901	True	[1 0 0 1 0 0 0 0 0]	[0 0 0 0 0 0 0 0 1]	[0 1 0 0 0 1]	[0 1 0 0 1 0]
0	-1.0	8.45292854309082	2.291407585144043	2.280146360397339	1.938615083694458	1.94275963306427	True	[1 0 0 1 0 0 0 1 0]	[0 0 0 0 0 0 0 0 1]	[0 1 0 0 0 0]	[0 1 0 0 1 0]
0	0.34314674139022827	8.466802597045898	2.291907787322998	2.2901270389556885	1.9425957202911377	1.9421718120574951	True	[0 0 0 1 0 0 0 1 0]	[0 0 0 0 0 0 0 0 1]	[0 1 0 0 0 1]	[0 1 0 0 1 1]
0	-1.0	8.460585594177246	2.2946527004241943	2.281609535217285	1.943727731704712	1.9405958652496338	True	[0 0 0 1 0 0 0 0 0]	[0 0 0 0 0 0 0 0 1]	[0 1 0 0 0 0]	[0 1 0 0 1 0]
0	0.37271684408187866	8.465024948120117	2.2958240509033203	2.285271644592285	1.9420323371887207	1.9418971538543701	True	[0 0 1 1 0 0 0 0 0]	[0 0 0 0 0 0 0 0 1]	[0 1 0 0 0 1]	[0 1 0 0 1 1]
0	-1.0	8.46029281616211	2.297208786010742	2.282947301864624	1.9427498579025269	1.9373862743377686	True	[0 0 1 1 0 0 1 0 0]	[0 0 0 0 0 0 0 0 1]	[0 1 0 0 0 0]	[0 1 0 0 1 0]
0	0.2943575978279114	8.471302032470703	2.2964584827423096	2.2904515266418457	1.94308602809906	1.9413058757781982	True	[0 0 1 1 0 1 1 0 0]	[0 0 0 0 0 0 0 0 1]	[0 1 0 0 0 1]	[0 1 0 0 1 1]
0	-1.0	8.461033821105957	2.2950873374938965	2.282776355743408	1.944653034210205	1.9385172128677368	True	[0 0 1 1 0 0 1 0 0]	[0 0 0 0 0 0 0 0 1]	[0 1 0 0 0 0]	[0 1 0 0 1 0]
0	0.3056976795196533	8.471619606018066	2.296816825866699	2.2906546592712402	1.9430688619613647	1.9410791397094727	True	[0 0 1 1 0 1 1 0 0]	[0 0 0 0 0 0 0 0 1]	[0 1 0 0 0 1]	[0 1 0 0 1 1]
0	-1.0	8.461585998535156	2.294834852218628	2.2836461067199707	1.9447890520095825	1.938315987586975	True	[0 0 1 1 0 0 1 0 0]	[0 0 0 0 0 0 0 0 1]	[0 1 0 0 0 0]	[0 1 0 0 1 0]
0	0.30873069167137146	8.466787338256836	2.2968368530273438	2.288978099822998	1.9412877559661865	1.9396851062774658	True	[0 0 1 1 0 1 1 0 0]	[0 0 0 0 0 0 0 0 1]	[0 1 0 0 0 1]	[0 1 0 0 1 1]
0	-1.0	8.459156036376953	2.2942233085632324	2.281562089920044	1.9441616535186768	1.939208745956421	True	[0 0 1 1 0 0 1 0 0]	[0 0 0 0 0 0 0 0 1]	[0 1 0 0 0 0]	[0 1 0 0 1 0]
0	0.2815033793449402	8.473026275634766	2.2943904399871826	2.2947633266448975	1.9452404975891113	1.9386321306228638	True	[0 0 1 1 0 1 1 0 0]	[0 0 0 0 0 0 0 0 1]	[0 1 0 0 0 1]	[0 1 0 0 1 1]
0	-1.0	8.45915699005127	2.294058322906494	2.282686471939087	1.9439594745635986	1.9384526014328003	True	[0 0 1 1 0 0 1 0 0]	[0 0 0 0 0 0 0 0 1]	[0 1 0 0 0 0]	[0 1 0 0 1 0]
0	0.30568447709083557	8.4711332321167	2.2949435710906982	2.291870594024658	1.9442601203918457	1.940058946609497	True	[0 0 1 1 0 1 1 0 0]	[0 0 0 0 0 0 0 0 1]	[0 1 0 0 0 1]	[0 1 0 0 1 1]
1	0.21866996586322784	8.143494606018066	2.2432143688201904	2.203632116317749	1.8074653148651123	1.8891831636428833	False	[0 0 1 0 0 0 0 0 0]	[0 0 0 0 0 0 0 0 1]	[0 0 1 0 0 0]	[0 0 1 0 0 0]
1	-0.5	8.351409912109375	2.234081506729126	2.282801389694214	1.9177253246307373	1.9168014526367188	False	[0 0 0 0 0 0 0 0 0]	[1 0 0 0 0 0 0 0 1]	[0 0 0 0 0 0]	[0 0 1 0 1 0]
1	-1.0	8.29391860961914	2.2784042358398438	2.2462644577026367	1.8645330667495728	1.904716968536377	False	[0 0 0 0 0 0 0 0 0]	[1 0 0 0 0 0 0 0 0]	[0 0 1 0 0 0]	[0 0 0 0 1 0]
1	-1.0	8.3878812789917	2.2869930267333984	2.265117883682251	1.9067116975784302	1.9290592670440674	False	[0 0 1 0 0 0 0 0 0]	[1 0 0 1 0 0 0 0 0]	[0 0 0 0 0 0]	[0 0 1 0 1 0]
1	-1.0	8.443002700805664	2.282904624938965	2.285313367843628	1.9328911304473877	1.9418936967849731	False	[0 1 1 0 0 0 0 0 0]	[1 0 0 1 1 0 0 0 0]	[0 0 1 0 0 0]	[0 0 1 0 1 0]
1	0.2578434944152832	8.446721076965332	2.287134885787964	2.2896888256073	1.9294670820236206	1.9404305219650269	False	[0 1 1 1 0 0 0 0 0]	[1 0 0 1 1 0 1 0 0]	[0 0 1 0 0 0]	[0 0 1 0 1 0]
1	0.4300605058670044	8.433902740478516	2.281883955001831	2.285839796066284	1.932734489440918	1.9334444999694824	False	[0 1 0 1 0 0 0 0 0]	[1 0 0 0 1 0 1 0 0]	[0 0 0 0 0 0]	[0 1 1 0 1 0]
1	0.4814227819442749	8.399210929870605	2.270205020904541	2.2674643993377686	1.9219861030578613	1.9395558834075928	False	[0 1 0 0 0 0 0 0 0]	[1 0 0 0 0 0 1 0 0]	[0 0 1 0 0 0]	[0 1 1 0 0 0]
1	0.30171874165534973	8.37415599822998	2.2486531734466553	2.2670395374298096	1.9157241582870483	1.9427388906478882	False	[0 1 0 1 0 0 0 0 0]	[1 0 0 0 0 0 0 0 0]	[0 0 0 0 0 0]	[0 1 1 1 0 0]
1	0.2941018342971802	8.351191520690918	2.2656912803649902	2.257312774658203	1.8958913087844849	1.932296633720398	False	[0 1 0 0 0 0 0 0 0]	[0 0 0 0 0 0 0 0 0]	[0 0 1 0 0 0]	[0 1 1 1 1 0]
1	0.36698058247566223	8.403257369995117	2.271273374557495	2.274256467819214	1.9223854541778564	1.9353418350219727	False	[0 1 0 0 0 0 1 0 0]	[0 0 0 0 0 0 1 0 0]	[0 0 0 0 0 0]	[0 1 0 1 1 0]
1	0.35712745785713196	8.326416015625	2.241243600845337	2.2538530826568604	1.904920220375061	1.9263988733291626	False	[0 1 0 1 0 0 1 0 0]	[1 0 0 0 0 0 1 0 0]	[0 0 1 0 0 0]	[0 1 0 1 0 0]
1	0.3800637125968933	8.372825622558594	2.2589192390441895	2.27919602394104	1.9052289724349976	1.9294806718826294	False	[0 1 0 0 0 0 1 0 0]	[0 0 0 0 0 0 1 0 0]	[0 0 0 0 0 0]	[0 1 0 1 1 0]
1	0.353921502828598	8.315655708312988	2.2385270595550537	2.2550957202911377	1.8977470397949219	1.924285650253296	False	[0 1 0 1 0 0 1 0 0]	[1 0 0 0 0 0 1 0 0]	[0 0 1 0 0 0]	[0 1 0 1 0 0]
1	0.37018561363220215	8.36960220336914	2.2562360763549805	2.2741446495056152	1.9081578254699707	1.931063175201416	False	[0 1 0 0 0 0 1 0 0]	[0 0 0 0 0 0 1 0 0]	[0 0 0 0 0 0]	[0 1 0 1 1 0]
1	0.37638458609580994	8.319324493408203	2.257413148880005	2.2439260482788086	1.8918399810791016	1.926145315170288	False	[0 1 0 1 0 0 1 0 0]	[0 0 0 0 1 0 1 0 0]	[0 0 1 0 0 0]	[0 1 0 1 0 0]
1	0.37121284008026123	8.391899108886719	2.2646565437316895	2.2784833908081055	1.923218846321106	1.9255404472351074	False	[0 1 0 1 0 0 0 0 0]	[0 0 0 0 0 0 1 0 0]	[0 0 0 0 0 0]	[0 0 0 1 0 0]
1	0.5382184982299805	8.338509559631348	2.2484805583953857	2.2500081062316895	1.9029778242111206	1.9370429515838623	False	[0 1 0 0 0 0 0 0 0]	[0 0 0 0 0 0 0 0 0]	[0 0 1 0 0 0]	[0 0 0 1 1 0]
1	0.45142027735710144	8.388984680175781	2.271764039993286	2.26366925239563	1.9163024425506592	1.9372495412826538	False	[0 1 0 1 0 0 0 0 0]	[0 0 0 0 0 0 1 0 0]	[0 0 0 0 0 0]	[0 0 1 1 1 0]
1	0.563162088394165	8.378520011901855	2.2532050609588623	2.2626986503601074	1.9225261211395264	1.9400899410247803	False	[0 1 0 0 0 0 0 0 0]	[0 0 0 0 0 0 0 0 0]	[0 0 1 0 0 0]	[0 0 1 1 0 0]
1	0.35942572355270386	8.380595207214355	2.26273775100708	2.267488956451416	1.9127545356750488	1.9376137256622314	False	[0 1 0 1 0 0 0 0 0]	[0 0 0 0 0 0 1 0 0]	[0 0 0 0 0 0]	[0 0 1 0 0 0]
1	0.35324394702911377	8.36775016784668	2.2483437061309814	2.255523204803467	1.9216409921646118	1.9422416687011719	False	[0 1 0 0 0 0 0 0 0]	[0 0 0 0 0 0 0 0 0]	[0 0 1 0 0 0]	[0 0 1 0 1 0]
1	0.3182409703731537	8.366451263427734	2.2705435752868652	2.258694887161255	1.907649040222168	1.9295639991760254	False	[0 1 0 1 0 0 0 0 0]	[0 0 0 0 0 0 1 0 0]	[0 0 0 0 0 0]	[0 0 0 0 1 0]
1	-0.5	8.373440742492676	2.251854658126831	2.259093761444092	1.9212499856948853	1.9412424564361572	False	[0 1 0 0 0 0 0 0 0]	[0 0 0 0 0 0 0 0 0]	[0 0 1 0 0 0]	[0 0 0 0 0 0]
1	0.39896419644355774	8.276952743530273	2.2614009380340576	2.239021062850952	1.8689820766448975	1.907548427581787	False	[0 1 1 0 0 0 0 0 0]	[0 0 0 0 1 0 0 0 0]	[0 0 0 0 0 0]	[0 0 1 0 0 0]
1	0.316561758518219	8.386427879333496	2.258155345916748	2.2781405448913574	1.9272265434265137	1.922905683517456	False	[0 1 1 1 0 0 0 0 0]	[1 0 0 0 1 0 0 0 0]	[0 0 1 0 0 0]	[0 0 1 0 1 0]
1	0.2934271991252899	8.442241668701172	2.2888331413269043	2.289705276489258	1.9333480596542358	1.9303550720214844	False	[0 1 1 1 0 0 1 0 0]	[1 0 0 0 1 0 1 0 0]	[0 0 0 0 0 0]	[0 0 1 0 0 0]
1	0.4288613796234131	8.42701530456543	2.279265880584717	2.285116195678711	1.9249166250228882	1.9377169609069824	False	[0 1 1 1 0 0 0 0 0]	[1 0 0 0 1 0 0 0 0]	[0 0 1 0 0 0]	[0 1 1 0 0 0]
1	0.46718817949295044	8.390556335449219	2.2742977142333984	2.2819788455963135	1.9168052673339844	1.9174745082855225	False	[0 1 1 0 0 0 0 0 0]	[0 0 0 0 1 0 0 0 0]	[0 0 0 0 0 0]	[0 1 1 0 1 0]
1	0.39737236499786377	8.431696891784668	2.28021240234375	2.2843945026397705	1.9368195533752441	1.9302704334259033	False	[0 1 1 1 0 0 0 0 0]	[1 0 0 0 1 0 0 0 0]	[0 0 1 0 0 0]	[0 1 1 0 0 0]
2	0.3519999384880066	8.296271324157715	2.2810590267181396	2.2062275409698486	1.9008456468582153	1.9081389904022217	False	[0 0 0 0 0 0 0 0 1]	[0 0 0 1 0 0 0 0 0]	[0 0 1 0 0 0]	[0 0 0 1 0 0]
2	0.2933390438556671	8.387052536010742	2.2741105556488037	2.27433180809021	1.9112735986709595	1.92733633518219	False	[0 0 1 0 0 0 0 0 1]	[1 0 0 1 0 0 0 0 0]	[1 0 1 0 0 0]	[0 1 0 1 0 0]
2	0.4886322319507599	8.408044815063477	2.2795073986053467	2.2742433547973633	1.9207472801208496	1.9335466623306274	False	[0 0 0 0 0 0 0 0 1]	[1 0 0 1 1 0 0 0 0]	[0 0 1 0 0 0]	[0 0 0 1 0 0]
2	0.3668208122253418	8.411441802978516	2.2861037254333496	2.2818312644958496	1.9181910753250122	1.9253162145614624	False	[0 0 1 0 0 0 0 0 1]	[0 0 0 1 1 0 0 0 0]	[1 0 1 0 0 0]	[0 1 0 1 0 0]
2	0.35869017243385315	8.421751022338867	2.2868998050689697	2.271080732345581	1.930586576461792	1.933183193206787	False	[0 0 0 0 0 0 0 0 1]	[0 0 0 1 0 0 0 0 0]	[0 0 1 0 0 0]	[0 0 0 1 0 0]
2	0.29314008355140686	8.411684036254883	2.2798564434051514	2.279836416244507	1.9233282804489136	1.9286625385284424	False	[0 0 1 0 0 0 0 0 1]	[1 0 0 1 0 0 0 0 0]	[1 0 1 0 0 0]	[0 1 0 1 0 0]
2	0.5106088519096375	8.417280197143555	2.2822623252868652	2.2778751850128174	1.923612356185913	1.9335300922393799	False	[0 0 0 0 0 0 0 0 1]	[1 0 0 1 0 0 0 1 0]	[0 0 1 0 0 0]	[0 0 0 1 0 0]
2	0.3132462501525879	8.432168960571289	2.2930593490600586	2.290039539337158	1.927992820739746	1.9210771322250366	False	[0 0 0 0 0 0 1 0 1]	[1 1 0 1 0 0 0 1 0]	[0 0 1 0 1 0]	[0 1 0 1 0 0]
2	0.3596665859222412	8.442192077636719	2.294772148132324	2.284299850463867	1.9283809661865234	1.9347389936447144	False	[0 0 1 0 0 0 1 0 1]	[1 1 0 1 1 0 0 1 0]	[0 0 1 0 0 0]	[0 0 0 1 0 0]
2	0.26840436458587646	8.43163013458252	2.292919874191284	2.28682279586792	1.9299482107162476	1.9219392538070679	False	[0 0 1 0 0 0 1 0 0]	[1 1 0 1 0 0 0 1 0]	[0 0 1 0 1 0]	[0 1 0 1 0 0]
2	0.35562384128570557	8.440690040588379	2.2954330444335938	2.2822201251983643	1.9273604154586792	1.9356763362884521	False	[0 0 1 0 0 0 1 0 1]	[1 1 0 1 1 0 0 1 0]	[0 0 1 0 0 0]	[0 0 0 1 0 0]
2	0.2587820291519165	8.438335418701172	2.2946434020996094	2.2870259284973145	1.931128978729248	1.925537347793579	False	[0 0 1 0 0 0 0 0 1]	[1 1 0 1 0 0 0 1 0]	[0 0 1 0 1 0]	[0 1 0 1 0 0]
2	0.3830702304840088	8.424213409423828	2.292876720428467	2.2731025218963623	1.9252285957336426	1.9330060482025146	False	[0 0 1 0 1 0 0 0 1]	[1 1 0 1 1 0 0 1 0]	[0 0 1 0 0 0]	[0 0 0 1 0 0]
2	0.23098692297935486	8.436604499816895	2.293234348297119	2.286411762237549	1.9327467679977417	1.9242117404937744	False	[0 0 1 0 1 0 0 0 0]	[1 1 0 1 0 0 0 1 0]	[0 0 1 0 1 0]	[0 0 0 0 0 0]
2	0.3003828227519989	8.404391288757324	2.28385853767395	2.2649710178375244	1.915800929069519	1.939760684967041	False	[0 0 1 0 1 0 0 0 1]	[1 1 0 1 1 0 0 1 0]	[0 0 0 0 1 0]	[0 1 0 0 0 0]
2	0.27645638585090637	8.413749694824219	2.2841291427612305	2.2701988220214844	1.9271516799926758	1.932269811630249	False	[0 0 0 0 1 0 0 0 1]	[1 1 0 1 1 0 0 0 0]	[1 0 0 0 1 0]	[0 0 0 0 0 0]
2	0.41638603806495667	8.4351167678833	2.292468786239624	2.283479690551758	1.9229025840759277	1.9362658262252808	False	[0 0 0 0 1 0 0 0 0]	[1 1 0 1 1 0 0 0 1]	[0 0 0 0 1 0]	[0 1 0 0 0 0]
2	0.26888278126716614	8.432880401611328	2.2909114360809326	2.286118268966675	1.9239516258239746	1.9318993091583252	False	[0 0 1 0 1 0 0 0 0]	[1 1 0 1 1 0 0 0 0]	[1 0 0 0 1 0]	[0 0 0 0 0 0]
2	0.3608055114746094	8.432841300964355	2.292224645614624	2.2810609340667725	1.9250544309616089	1.934501051902771	False	[0 0 1 0 1 0 0 0 1]	[1 1 0 1 0 0 0 0 0]	[1 0 1 0 1 0]	[0 1 0 0 0 0]
2	0.20977209508419037	8.433648109436035	2.2877161502838135	2.281620502471924	1.925280213356018	1.9390313625335693	False	[0 0 0 0 1 0 0 0 1]	[1 1 0 1 0 0 0 1 0]	[0 0 1 0 1 0]	[0 0 0 0 0 0]
2	0.3354865610599518	8.414827346801758	2.289363145828247	2.272585391998291	1.9128068685531616	1.9400718212127686	False	[0 0 0 0 1 0 0 0 0]	[1 1 0 1 1 0 0 1 0]	[0 0 0 0 1 0]	[0 1 0 0 0 0]
2	0.25824540853500366	8.413382530212402	2.287231922149658	2.2804057598114014	1.9188330173492432	1.9269121885299683	False	[0 0 1 0 1 0 0 0 0]	[1 1 0 1 1 0 0 0 0]	[1 0 0 0 1 0]	[0 0 0 0 0 0]
2	0.3646717369556427	8.428157806396484	2.290976047515869	2.27719783782959	1.9269425868988037	1.9330418109893799	False	[0 0 1 0 1 0 0 0 1]	[1 1 0 1 0 0 0 0 0]	[1 0 1 0 1 0]	[0 1 0 0 0 0]
2	0.2668686509132385	8.43188762664795	2.2870442867279053	2.2815608978271484	1.9237078428268433	1.9395744800567627	False	[0 0 0 0 1 0 0 0 1]	[1 1 0 1 0 0 0 0 1]	[0 0 1 0 1 0]	[0 0 0 0 0 0]
2	0.39703431725502014	8.438779830932617	2.2913310527801514	2.2873785495758057	1.9186370372772217	1.9414331912994385	False	[0 0 0 0 1 0 0 0 0]	[1 1 0 1 0 0 0 0 0]	[0 0 0 0 1 0]	[0 1 0 0 0 0]
2	0.2243877649307251	8.399444580078125	2.2783150672912598	2.2738311290740967	1.9116106033325195	1.9356881380081177	False	[0 0 1 0 1 0 0 0 0]	[1 1 0 1 0 0 0 1 0]	[1 0 0 0 1 0]	[0 0 0 0 0 0]
2	0.3282831609249115	8.432380676269531	2.2876148223876953	2.2764530181884766	1.9256094694137573	1.9427027702331543	False	[0 0 1 0 1 0 0 0 1]	[1 1 0 1 1 0 0 1 0]	[1 0 1 0 1 0]	[0 0 0 1 0 0]
2	0.19382958114147186	8.414510726928711	2.2877585887908936	2.285604238510132	1.9224956035614014	1.9186522960662842	False	[0 0 1 0 1 0 0 1 1]	[1 1 0 1 0 0 0 1 0]	[1 0 1 0 0 0]	[0 0 0 0 0 0]
2	0.19736796617507935	8.427486419677734	2.287721633911133	2.2740588188171387	1.9236469268798828	1.9420591592788696	False	[0 0 1 0 1 0 0 1 0]	[1 1 0 1 1 0 0 1 0]	[1 0 0 0 0 0]	[0 0 0 1 0 0]
2	0.2807972729206085	8.451324462890625	2.2942254543304443	2.2846193313598633	1.933943510055542	1.938535213470459	False	[0 0 1 0 1 0 0 0 0]	[1 1 1 1 1 0 0 1 0]	[1 0 0 0 1 0]	[0 0 0 0 0 0]
3	0.5398006439208984	8.17469596862793	2.230102777481079	2.1948325634002686	1.8952971696853638	1.854464054107666	False	[0 1 0 0 0 0 0 0 0]	[0 0 0 0 0 0 0 0 1]	[0 0 1 0 0 0]	[0 0 0 0 0 1]
3	-0.5	8.338399887084961	2.254593849182129	2.253485918045044	1.895430564880371	1.934889554977417	False	[0 1 0 0 0 0 0 1 0]	[0 0 0 0 0 0 0 0 0]	[1 0 1 0 0 0]	[0 0 0 0 0 0]
3	0.536139726638794	8.323631286621094	2.2616069316864014	2.250711441040039	1.9023633003234863	1.9089491367340088	False	[0 0 0 0 0 0 0 1 0]	[0 0 0 0 0 0 0 0 1]	[1 0 0 0 0 0]	[0 0 0 0 0 1]
3	0.41428619623184204	8.36691951751709	2.270585298538208	2.2592971324920654	1.895607352256775	1.9414299726486206	False	[0 0 0 0 1 0 0 1 0]	[1 0 0 0 0 0 0 0 1]	[0 0 0 0 0 0]	[0 0 0 0 1 1]
3	0.5239856243133545	8.394866943359375	2.2614400386810303	2.2824113368988037	1.9156508445739746	1.9353644847869873	False	[0 0 0 0 1 0 0 0 0]	[1 0 0 0 0 0 0 0 0]	[1 0 0 0 0 0]	[0 0 0 0 0 1]
3	0.471224308013916	8.296036720275879	2.244776725769043	2.230030059814453	1.9086995124816895	1.9125300645828247	False	[0 1 0 0 1 0 0 0 0]	[1 0 0 0 0 0 0 0 1]	[1 0 0 0 0 1]	[0 0 0 0 0 0]
3	0.5389135479927063	8.343758583068848	2.2756011486053467	2.235697031021118	1.8978099822998047	1.9346506595611572	False	[0 0 0 0 1 0 0 0 0]	[1 0 0 0 0 0 0 0 0]	[0 0 0 0 0 1]	[0 0 0 0 0 1]
3	0.21694478392601013	8.299110412597656	2.254415512084961	2.222990036010742	1.902165412902832	1.919539451599121	False	[0 0 0 0 1 0 0 1 0]	[1 0 0 0 0 0 0 0 1]	[0 0 0 0 0 0]	[0 0 0 0 0 0]
3	0.5061218738555908	8.315279006958008	2.2293741703033447	2.2646994590759277	1.9145350456237793	1.906670093536377	False	[0 0 0 0 1 0 0 0 0]	[1 0 0 0 0 0 0 0 0]	[1 0 0 0 0 0]	[0 0 0 0 0 1]
3	0.5059073567390442	8.306246757507324	2.247591257095337	2.234541893005371	1.9112601280212402	1.9128535985946655	False	[0 1 0 0 1 0 0 0 0]	[1 0 0 0 0 0 0 0 1]	[1 0 0 0 0 1]	[0 0 0 0 0 0]
3	0.4987771511077881	8.344151496887207	2.2703211307525635	2.2414655685424805	1.9032976627349854	1.9290677309036255	False	[0 0 0 0 1 0 0 0 0]	[1 0 0 0 0 0 0 0 0]	[1 0 0 0 0 0]	[0 0 0 0 0 1]
3	0.4810836613178253	8.281167030334473	2.2368409633636475	2.223423719406128	1.905683994293213	1.915218472480774	False	[0 1 0 0 1 0 0 0 0]	[1 0 0 0 0 0 0 0 1]	[1 0 0 0 0 1]	[0 0 0 0 0 0]
3	0.5481534600257874	8.357317924499512	2.2763588428497314	2.2417895793914795	1.9056501388549805	1.9335192441940308	False	[0 0 0 0 1 0 0 0 0]	[1 0 0 0 0 0 0 0 0]	[0 0 0 0 0 1]	[0 0 0 0 0 1]
3	0.4975506365299225	8.320096015930176	2.2695186138153076	2.230074167251587	1.9013957977294922	1.919107437133789	False	[0 0 0 0 1 0 0 1 0]	[1 0 0 0 0 0 0 0 1]	[1 0 0 0 0 1]	[0 0 0 0 0 0]
3	0.429014652967453	8.364327430725098	2.2690048217773438	2.2522597312927246	1.9145886898040771	1.9284741878509521	False	[0 1 0 0 1 0 0 1 0]	[1 0 0 0 0 0 0 0 0]	[0 0 0 0 0 1]	[0 0 0 0 0 1]
3	0.41630983352661133	8.389324188232422	2.279127359390259	2.272749662399292	1.900946021080017	1.9365006685256958	False	[0 1 0 0 1 0 0 0 0]	[1 0 0 0 0 0 0 0 1]	[0 0 1 0 0 1]	[0 0 0 0 1 1]
3	0.27290940284729004	8.369312286376953	2.2617948055267334	2.268369197845459	1.9109106063842773	1.9282382726669312	False	[0 1 0 0 1 0 0 1 0]	[1 0 0 0 0 0 0 0 0]	[0 0 1 0 0 0]	[0 0 0 1 1 1]
3	0.35635924339294434	8.417781829833984	2.2717607021331787	2.2829926013946533	1.9271479845046997	1.9358807802200317	False	[0 1 0 0 1 0 0 0 0]	[1 0 0 0 0 0 0 0 1]	[1 0 1 0 0 0]	[0 0 0 1 0 1]
3	0.09879839420318604	8.343799591064453	2.2506699562072754	2.260343551635742	1.907679557800293	1.9251067638397217	False	[0 1 0 0 1 0 0 1 0]	[1 0 0 0 0 0 0 0 0]	[0 0 1 0 0 0]	[0 0 0 1 0 0]
3	0.28675341606140137	8.394186973571777	2.268909215927124	2.27534556388855	1.9207165241241455	1.9292153120040894	False	[0 0 0 0 1 0 0 1 0]	[1 0 0 0 0 0 0 0 1]	[0 0 1 0 0 1]	[0 0 0 1 0 1]
3	0.030891461297869682	8.394905090332031	2.256810426712036	2.2861506938934326	1.9210339784622192	1.9309096336364746	False	[0 0 0 0 1 0 0 0 0]	[1 0 0 0 0 0 0 0 0]	[1 0 1 0 0 1]	[0 0 0 1 0 0]
3	0.34433865547180176	8.362123489379883	2.257659435272217	2.2597241401672363	1.92598557472229	1.9187544584274292	False	[0 1 0 0 1 0 0 0 0]	[1 0 0 0 0 0 0 0 1]	[1 0 1 0 0 0]	[0 0 0 1 0 1]
3	0.030072983354330063	8.337650299072266	2.249053716659546	2.2579736709594727	1.9058586359024048	1.9247642755508423	False	[0 1 0 0 1 0 0 1 0]	[1 0 0 0 0 0 0 0 0]	[1 0 1 0 0 1]	[0 0 0 1 0 0]
3	0.4086446762084961	8.37667465209961	2.26134991645813	2.2674875259399414	1.9237172603607178	1.924119472503662	False	[0 0 0 0 1 0 0 1 0]	[1 0 0 0 0 1 0 0 0]	[1 0 0 0 0 1]	[0 0 0 1 0 1]
3	0.3882678747177124	8.440474510192871	2.2774457931518555	2.2955386638641357	1.929858684539795	1.9376307725906372	False	[0 0 0 0 1 0 0 0 0]	[1 0 1 0 0 1 0 0 0]	[1 0 0 0 0 0]	[0 0 0 1 1 1]
3	0.3923148512840271	8.37790584564209	2.266817808151245	2.273237943649292	1.9189213514328003	1.9189289808273315	False	[0 1 0 0 1 0 0 0 0]	[1 0 1 0 0 1 0 0 1]	[1 0 0 0 0 1]	[0 0 0 1 1 0]
3	0.35669848322868347	8.420294761657715	2.2889037132263184	2.2809507846832275	1.914581060409546	1.9358583688735962	False	[0 1 0 0 1 0 0 1 0]	[0 0 1 0 0 1 0 0 1]	[0 0 0 0 0 1]	[0 0 0 1 1 1]
3	0.3254235088825226	8.425707817077637	2.2819628715515137	2.288337230682373	1.9269428253173828	1.9284652471542358	False	[0 1 0 0 1 0 0 0 0]	[0 0 1 0 0 1 0 0 0]	[1 0 0 0 0 1]	[0 0 0 1 1 0]
3	0.39647310972213745	8.391878128051758	2.282707691192627	2.2559289932250977	1.918207049369812	1.9350343942642212	False	[0 1 0 0 1 0 0 0 1]	[1 0 1 0 0 1 0 0 0]	[0 0 0 0 0 1]	[0 0 0 1 1 1]
3	0.3222440779209137	8.39933967590332	2.2823903560638428	2.2734904289245605	1.9130754470825195	1.9303836822509766	False	[0 1 0 0 1 0 0 1 1]	[1 0 1 0 0 1 0 0 1]	[0 0 0 0 0 0]	[0 0 0 1 1 0]
4	0.5283498167991638	8.264731407165527	2.2468173503875732	2.2129130363464355	1.9087351560592651	1.8962657451629639	False	[1 0 0 0 0 0 0 0 0]	[0 0 0 0 0 0 0 0 1]	[0 0 0 0 0 1]	[1 0 0 0 0 0]
4	0.40824630856513977	8.415715217590332	2.287065267562866	2.278913736343384	1.92898690700531	1.9207494258880615	False	[1 0 0 0 1 0 0 0 0]	[0 0 0 0 0 1 0 0 1]	[0 0 0 0 1 1]	[0 0 0 0 0 0]
4	0.2651364505290985	8.420248985290527	2.287604808807373	2.2796223163604736	1.9368571043014526	1.9161641597747803	False	[1 0 0 0 0 0 0 0 0]	[1 0 0 0 0 1 0 0 1]	[0 0 0 0 1 0]	[1 0 0 0 0 0]
4	0.23653995990753174	8.412568092346191	2.290377616882324	2.267422914505005	1.9409340620040894	1.9138338565826416	False	[1 0 0 0 0 0 0 0 1]	[0 0 0 0 0 1 0 0 1]	[0 0 0 0 0 0]	[0 0 0 0 0 0]
4	0.5317778587341309	8.336991310119629	2.2725424766540527	2.2389485836029053	1.9255547523498535	1.8999460935592651	False	[1 0 0 0 0 0 0 0 0]	[0 0 0 0 0 1 0 0 0]	[0 0 0 0 0 1]	[1 0 0 0 0 0]
4	0.03418783098459244	8.403390884399414	2.2850122451782227	2.282461166381836	1.9177194833755493	1.9181978702545166	False	[1 0 0 0 1 0 0 0 0]	[1 0 0 0 0 1 0 0 0]	[0 0 0 0 0 0]	[0 0 0 0 0 0]
4	0.33020278811454773	8.29473876953125	2.26577091217041	2.2284154891967773	1.9021869897842407	1.8983657360076904	False	[0 0 0 0 1 0 0 0 0]	[1 0 0 0 0 1 0 0 1]	[0 0 0 0 0 1]	[1 0 0 0 0 0]
4	0.031733620911836624	8.412152290344238	2.281857967376709	2.2792859077453613	1.9347740411758423	1.9162344932556152	False	[0 0 0 0 1 1 0 0 0]	[1 0 0 0 0 0 0 0 1]	[0 0 0 0 0 0]	[0 0 0 0 0 0]
4	-0.5	8.319284439086914	2.2668206691741943	2.2401680946350098	1.9128493070602417	1.8994461297988892	False	[0 0 0 0 1 1 0 0 1]	[1 0 0 0 0 0 0 0 0]	[0 0 0 0 0 1]	[1 0 0 0 0 0]
4	0.03515702113509178	8.377819061279297	2.281564235687256	2.2732739448547363	1.9113166332244873	1.9116638898849487	False	[0 0 0 0 1 1 0 0 0]	[1 0 0 0 0 0 0 0 1]	[0 0 0 0 0 0]	[0 0 0 0 0 0]
4	-0.5	8.360350608825684	2.275904655456543	2.2572200298309326	1.9202369451522827	1.9069883823394775	False	[0 0 0 0 1 1 0 0 1]	[1 0 0 0 0 0 0 0 0]	[0 0 0 0 0 1]	[1 0 0 0 0 0]
4	0.1337932050228119	8.350301742553711	2.274172306060791	2.259542465209961	1.90678870677948	1.909798264503479	False	[1 0 0 0 1 1 0 0 1]	[1 0 0 0 0 0 0 0 1]	[0 0 0 0 0 0]	[0 0 0 0 0 0]
4	-0.5	8.330254554748535	2.2700581550598145	2.2465016841888428	1.914610743522644	1.8990838527679443	False	[1 0 0 0 1 1 0 1 1]	[1 0 0 0 0 0 0 0 0]	[0 0 0 0 0 1]	[1 0 0 0 0 0]
4	0.1842901110649109	8.372335433959961	2.2794902324676514	2.271343946456909	1.9136157035827637	1.9078859090805054	False	[1 0 0 0 1 1 0 1 0]	[1 0 0 0 0 0 0 0 1]	[0 0 0 0 0 0]	[0 0 0 0 0 0]
4	0.23309487104415894	8.42392349243164	2.2854762077331543	2.281615972518921	1.9361701011657715	1.920661211013794	False	[1 0 0 1 1 1 0 1 0]	[1 0 0 0 0 1 0 0 1]	[0 0 0 0 1 0]	[1 0 0 0 0 0]
4	0.24453216791152954	8.455225944519043	2.2905046939849854	2.2916386127471924	1.9420603513717651	1.9310219287872314	False	[1 0 0 1 1 0 0 1 0]	[1 0 0 0 0 0 0 0 1]	[0 0 0 0 0 0]	[1 0 0 0 1 0]
4	0.35306182503700256	8.39169979095459	2.27398681640625	2.2701733112335205	1.9330275058746338	1.9145125150680542	False	[1 0 0 1 1 0 0 1 1]	[1 0 0 0 0 0 0 0 0]	[0 0 0 0 0 1]	[0 0 0 0 1 0]
4	0.27778464555740356	8.428349494934082	2.2836244106292725	2.2851507663726807	1.9391615390777588	1.9204133749008179	False	[1 0 0 1 0 0 0 1 1]	[1 1 0 0 0 0 0 0 0]	[0 0 0 0 1 1]	[0 0 0 1 1 0]
4	0.39483240246772766	8.4320068359375	2.272753953933716	2.2939565181732178	1.9256958961486816	1.9396003484725952	False	[1 0 0 0 0 0 0 1 1]	[1 0 0 0 0 0 0 0 0]	[0 0 0 0 0 1]	[0 0 0 0 1 0]
4	0.2964123785495758	8.410051345825195	2.2776317596435547	2.283964157104492	1.9341455698013306	1.914310097694397	False	[1 0 0 0 0 0 1 1 1]	[1 0 0 0 0 1 0 0 0]	[0 0 0 0 1 1]	[0 0 0 1 1 0]
4	0.19824838638305664	8.426576614379883	2.2702627182006836	2.2933943271636963	1.9222553968429565	1.9406638145446777	False	[1 0 0 1 0 0 1 1 1]	[1 0 0 0 0 0 0 0 0]	[0 0 0 0 0 1]	[0 0 0 1 0 0]
4	0.28852787613868713	8.382619857788086	2.2810170650482178	2.274200439453125	1.9103059768676758	1.9170957803726196	False	[1 0 0 1 0 0 1 1 0]	[1 0 0 0 0 0 0 0 1]	[0 0 0 0 0 0]	[1 0 0 1 0 0]
4	0.48835229873657227	8.417960166931152	2.274089813232422	2.2851457595825195	1.9295674562454224	1.9291576147079468	False	[1 0 0 0 0 0 1 1 0]	[1 0 0 0 0 0 0 0 0]	[0 0 0 0 0 1]	[1 0 0 1 1 0]
4	0.3406956195831299	8.42082405090332	2.2687532901763916	2.281867504119873	1.936270833015442	1.9339320659637451	False	[1 0 0 1 0 0 1 1 0]	[1 0 0 0 0 1 0 0 0]	[0 0 1 0 0 1]	[1 0 0 1 0 0]
4	0.3892122805118561	8.377328872680664	2.2751684188842773	2.2642619609832764	1.9155542850494385	1.9223440885543823	False	[1 0 0 1 0 0 1 1 1]	[1 0 0 0 0 1 0 0 1]	[0 0 1 0 0 0]	[0 0 0 1 0 0]
4	0.33257704973220825	8.438419342041016	2.275468349456787	2.2994332313537598	1.925889253616333	1.9376282691955566	False	[1 0 0 1 0 1 1 1 1]	[1 0 0 0 0 0 0 0 1]	[0 0 1 0 0 1]	[0 0 0 1 1 0]
4	0.33837375044822693	8.442696571350098	2.2731685638427734	2.297147274017334	1.9325814247131348	1.9397996664047241	False	[1 0 0 0 0 1 1 1 1]	[1 1 0 0 0 0 0 0 1]	[0 0 0 0 0 1]	[0 0 0 0 1 0]
4	0.3310379087924957	8.436949729919434	2.2794289588928223	2.287125587463379	1.9388630390167236	1.9315321445465088	False	[1 0 0 1 0 1 1 1 1]	[1 0 0 0 0 0 0 0 1]	[0 0 0 0 1 1]	[0 0 0 1 1 0]
4	0.37119781970977783	8.433856964111328	2.2767693996429443	2.288912534713745	1.932347297668457	1.9358279705047607	False	[1 0 0 0 0 1 1 1 1]	[1 1 0 0 0 0 0 0 1]	[0 0 0 0 0 1]	[0 0 0 0 1 0]
4	0.3433462381362915	8.429853439331055	2.2729239463806152	2.285717010498047	1.940106749534607	1.931105375289917	False	[1 0 0 1 0 1 1 1 1]	[1 0 0 0 0 0 0 0 1]	[0 0 0 0 1 1]	[0 0 0 1 1 0]
5	0.5471744537353516	8.321328163146973	2.265890121459961	2.215986490249634	1.9340695142745972	1.9053819179534912	False	[0 1 0 0 0 0 0 0 0]	[0 0 0 1 0 0 0 0 0]	[0 0 0 0 0 1]	[0 1 0 0 0 0]
5	0.45655563473701477	8.395702362060547	2.2875120639801025	2.2763795852661133	1.9314247369766235	1.9003868103027344	False	[0 1 0 0 0 1 0 0 0]	[0 1 0 1 0 0 0 0 0]	[0 0 0 1 0 1]	[0 0 0 0 0 0]
5	0.5035250782966614	8.439275741577148	2.299762010574341	2.2806155681610107	1.9345675706863403	1.9243303537368774	False	[0 1 0 0 0 0 0 0 0]	[1 1 0 1 0 0 0 0 0]	[0 0 0 0 0 1]	[0 1 0 0 0 0]
5	0.31098586320877075	8.411094665527344	2.291062593460083	2.281120538711548	1.9347474575042725	1.9041647911071777	False	[0 1 0 0 0 1 0 0 0]	[1 0 0 1 0 0 0 0 0]	[0 0 0 1 0 1]	[0 0 0 0 0 0]
5	0.28931450843811035	8.436898231506348	2.296046018600464	2.282257556915283	1.9326056241989136	1.9259893894195557	False	[0 1 0 0 0 0 0 0 0]	[0 0 0 1 0 0 0 0 0]	[0 0 0 0 0 1]	[0 0 0 1 0 0]
5	0.3321335017681122	8.403355598449707	2.2876222133636475	2.2789409160614014	1.9337830543518066	1.903009057044983	False	[0 1 0 0 0 1 0 0 0]	[0 1 0 1 0 0 0 0 0]	[0 0 0 1 0 1]	[0 1 0 1 0 0]
5	0.4862360954284668	8.448721885681152	2.295771360397339	2.2903900146484375	1.9358097314834595	1.9267503023147583	False	[0 1 0 0 0 0 0 0 0]	[0 0 0 1 0 0 0 0 0]	[0 0 0 0 0 1]	[0 1 0 0 0 0]
5	0.4244561195373535	8.391953468322754	2.287811517715454	2.2757372856140137	1.924518346786499	1.903885841369629	False	[0 1 0 0 0 1 0 0 0]	[0 1 0 1 0 0 0 0 0]	[0 0 0 1 0 1]	[0 0 0 0 0 0]
5	0.42631208896636963	8.445663452148438	2.301072120666504	2.285245656967163	1.938887357711792	1.920457363128662	False	[0 1 0 0 0 1 1 0 0]	[1 1 0 1 0 0 0 0 0]	[0 0 0 0 0 1]	[0 1 0 0 0 0]
5	0.35717061161994934	8.425697326660156	2.2931408882141113	2.279595136642456	1.9360913038253784	1.916869878768921	False	[0 1 0 0 0 0 1 0 0]	[1 0 0 1 0 0 0 0 0]	[0 1 0 0 0 1]	[0 1 0 1 0 0]
5	0.288684606552124	8.440008163452148	2.287973165512085	2.2861413955688477	1.9366371631622314	1.9292562007904053	False	[0 1 0 0 0 1 1 0 0]	[1 1 0 1 0 0 0 0 0]	[0 1 0 1 0 1]	[0 1 0 0 0 0]
5	0.320630818605423	8.438567161560059	2.2927746772766113	2.2854154109954834	1.9371474981307983	1.9232293367385864	False	[0 1 0 0 0 1 0 0 0]	[1 0 0 1 0 0 0 0 0]	[0 0 0 1 0 1]	[0 0 0 0 0 0]
5	0.4920279085636139	8.436179161071777	2.292949676513672	2.2803471088409424	1.9321420192718506	1.930740237236023	False	[0 1 0 0 0 0 0 0 0]	[1 1 0 1 0 0 0 0 0]	[0 0 0 0 0 1]	[0 0 0 1 0 0]
5	0.30299779772758484	8.42028522491455	2.2916853427886963	2.2849297523498535	1.9291695356369019	1.9145002365112305	False	[0 1 0 0 0 1 0 0 0]	[1 1 0 1 0 0 0 0 1]	[0 0 0 1 0 1]	[0 1 0 1 0 0]
5	0.3736635446548462	8.458986282348633	2.297677516937256	2.2910313606262207	1.9386281967163086	1.931648850440979	False	[0 1 0 0 0 0 0 0 0]	[1 0 0 1 0 0 0 0 1]	[0 0 0 0 0 1]	[0 1 0 0 0 0]
5	0.2979752719402313	8.412084579467773	2.289952278137207	2.279494285583496	1.93198823928833	1.9106497764587402	False	[0 1 0 0 0 1 0 0 0]	[1 1 0 1 0 0 0 0 1]	[0 0 0 1 0 1]	[0 0 0 0 0 0]
5	0.43717461824417114	8.443942070007324	2.298731565475464	2.2854433059692383	1.9314836263656616	1.9282830953598022	False	[0 1 0 0 0 0 0 0 0]	[1 0 0 1 0 0 0 0 1]	[0 0 0 0 0 1]	[0 0 0 1 0 0]
5	0.34219762682914734	8.409454345703125	2.2849714756011963	2.2831368446350098	1.9306683540344238	1.9106777906417847	False	[0 1 0 0 0 1 0 0 0]	[1 1 0 1 0 0 0 0 1]	[0 0 0 1 0 1]	[0 1 0 1 0 0]
5	0.37163567543029785	8.457622528076172	2.2994532585144043	2.290573835372925	1.9384623765945435	1.9291329383850098	False	[0 1 0 0 0 0 0 0 0]	[1 0 0 1 0 0 0 0 1]	[0 0 0 0 0 1]	[0 1 0 0 0 0]
5	0.3215333819389343	8.409725189208984	2.2869691848754883	2.281252861022949	1.9267981052398682	1.9147051572799683	False	[0 1 0 0 0 1 0 0 0]	[1 1 0 1 0 0 0 0 1]	[0 0 0 1 0 1]	[0 0 0 0 0 0]
5	0.47345444560050964	8.43868350982666	2.299692153930664	2.2836451530456543	1.9323350191116333	1.9230115413665771	False	[0 1 0 0 0 0 0 0 0]	[0 1 0 1 0 0 0 0 1]	[0 0 0 0 0 1]	[0 0 0 1 0 0]
5	0.339530348777771	8.41298770904541	2.2936084270477295	2.2830023765563965	1.9297186136245728	1.90665864944458	False	[0 1 1 0 0 0 0 0 0]	[0 0 0 1 0 0 0 0 1]	[0 0 0 1 0 1]	[0 1 0 1 0 0]
5	0.3573262095451355	8.411951065063477	2.2813026905059814	2.2851123809814453	1.9301424026489258	1.9153939485549927	False	[0 1 1 0 0 1 0 0 0]	[0 1 0 1 0 0 0 0 1]	[0 1 0 1 0 1]	[0 1 0 0 0 0]
5	0.3650951087474823	8.426155090332031	2.289043426513672	2.278733968734741	1.9338254928588867	1.9245514869689941	False	[0 1 1 0 0 0 0 0 0]	[0 0 0 1 0 0 0 0 1]	[0 1 1 1 0 1]	[0 1 0 1 0 0]
5	0.32216399908065796	8.409852027893066	2.27372145652771	2.291449546813965	1.9255543947219849	1.9191266298294067	False	[0 1 1 0 0 1 0 0 0]	[0 1 0 1 0 0 0 0 1]	[1 1 1 1 0 1]	[0 1 0 0 0 0]
5	0.3150708079338074	8.444314002990723	2.2957241535186768	2.2829949855804443	1.9345024824142456	1.9310920238494873	False	[0 1 1 0 0 0 0 0 0]	[0 0 0 1 0 0 0 0 1]	[1 1 1 0 0 1]	[0 1 0 1 0 0]
5	0.3378821313381195	8.444280624389648	2.2930054664611816	2.284029960632324	1.9361677169799805	1.9310777187347412	False	[0 1 1 0 0 1 0 0 0]	[0 1 0 1 0 0 0 0 1]	[1 1 1 1 0 1]	[0 1 0 0 0 0]
5	0.2993457317352295	8.447688102722168	2.2959556579589844	2.2857983112335205	1.935469388961792	1.930464506149292	False	[0 1 1 0 0 0 0 0 0]	[0 0 0 1 0 0 0 0 1]	[1 1 1 0 0 1]	[0 1 0 1 0 0]
5	0.3216412365436554	8.44770336151123	2.2946996688842773	2.2835609912872314	1.9403927326202393	1.9290505647659302	False	[0 1 1 0 0 1 0 0 0]	[0 1 0 1 0 0 0 0 1]	[1 1 1 1 0 1]	[0 1 0 0 0 0]
5	0.32106292247772217	8.443941116333008	2.2954864501953125	2.2838590145111084	1.9345873594284058	1.9300075769424438	False	[0 1 1 0 0 0 0 0 0]	[0 0 0 1 0 0 0 0 1]	[1 1 1 0 0 1]	[0 1 0 1 0 0]
