# num_workers = 11
# num_cells = 256
# seed_for_environment = 9999997
# lr = 0.0003
# max_grad_norm = 1.0
# eval_rollout_length = 30
# scaling_factor = 100
# frames_per_batch = 500
# sub_batch_size = 64
# num_epochs = 15
# clip_epsilon = 0.2
# gamma = 0.99
# lmbda = 0.95
# entropy_eps = 0.03
# env_reward_engineering = True
# env_minimum_number_of_qubits = 16
# log_name = experiment_21_18_seed_9999997.txt
# env_error_range = geometric5
# env_version = qecc/bbcode-ldpc-v0
# env_bit_flipping = True
# env_l = 21
# env_m = 18
# env_use_dict_observation = True
# env_number_of_decoder_iterations = 50
# env_number_of_samples = 50
# env_code_logging = False
# env_reset_type = random3
# env_max_step = 30
# env_max_decoding_usage = 1073741824
# model_architecture = hybrid
# model_surrogate_model_path = /vol/bitbucket/osella/rl-qecc-data//supervisedLearning/sweep2/g5_mix_66-96-126-153_H10_s3000.pth
# model_use_pretrained_encoder = True
# index_to_unfreeze_encoder_updates = 20
# encoder_lr_factor = 0.1
# training_device = cpu
# Resolved arguments:
# Resolved_env_reward_engineering = True
# Resolved_env_bit_flipping = True
# Resolved_env_useDictObservation = True
# Resolved_env_code_logging = False
# Resolved_env_max_step = 30
# Resolved_env_max_decoding_usage = 1073741824
# Resolved_env_reset_type = random3
# Resolved_env_error_range = [np.float64(0.001), np.float64(0.003162), np.float64(0.01), np.float64(0.031623), np.float64(0.1)]
# Resolved_model_use_pretrained_encoder = True
# Resolved_trainingDevice = cpu
# Resolved_model_architecture = hybrid
# Just for information, not used in actual run: SLURM CPUS queried from os environment: 12
# Number of workers: 11
# Does torch identify cuda: True
evaluation number	time	reward	time	policy entropy	time	policy entropy aX	time	policy entropy bX	time	policy entropy aY	time	policy entropy bY	time	Encoder freeze	time	preAction_aX	time	preAction_bX	time	preAction_aY	time	preAction_bY	time	preAction_k	time	postAction_aX	time	postAction_bX	time	postAction_aY	time	postAction_bY	time	postAction_k	time
0	2026-08-08_20-47-30	-1.0	2026-08-08_20-47-30	12.01805591583252	2026-08-08_20-47-30	3.079075336456299	2026-08-08_20-47-30	3.0813612937927246	2026-08-08_20-47-30	2.9219772815704346	2026-08-08_20-47-30	2.9356422424316406	2026-08-08_20-47-30	True	2026-08-08_20-47-30	[0 1 0 0 0 0 0 0 0 0 0 0 0 0 0 0 0 0 0 0 0]	2026-08-08_20-47-30	[1 0 0 0 0 0 0 0 0 0 0 0 0 0 0 0 1 1 0 0 0]	2026-08-08_20-47-30	[0 0 0 0 0 0 0 0 0 0 0 0 0 0 0 0 0 0]	2026-08-08_20-47-30	[0 0 0 0 0 0 0 0 0 0 1 0 0 0 1 0 0 0]	2026-08-08_20-47-30	[0]	2026-08-08_20-47-30	[0 1 0 0 1 0 0 0 0 0 0 0 0 0 0 0 0 0 0 0 0]	2026-08-08_20-47-30	[1 0 0 0 0 0 0 0 0 0 0 0 0 0 0 1 1 1 0 0 0]	2026-08-08_20-47-30	[0 0 0 0 0 0 0 0 0 0 1 0 0 0 0 0 0 0]	2026-08-08_20-47-30	[0 0 0 0 0 0 0 0 0 0 1 0 0 0 1 0 1 0]	2026-08-08_20-47-30	[0]	2026-08-08_20-47-30
0	2026-08-08_20-47-30	-0.25	2026-08-08_20-47-30	11.982660293579102	2026-08-08_20-47-30	3.0765023231506348	2026-08-08_20-47-30	3.0699846744537354	2026-08-08_20-47-30	2.919562816619873	2026-08-08_20-47-30	2.9166107177734375	2026-08-08_20-47-30	True	2026-08-08_20-47-30	[0 1 0 0 1 0 0 0 0 0 0 0 0 0 0 0 0 0 0 0 0]	2026-08-08_20-47-30	[1 0 0 0 0 0 0 0 0 0 0 0 0 0 0 1 1 1 0 0 0]	2026-08-08_20-47-30	[0 0 0 0 0 0 0 0 0 0 1 0 0 0 0 0 0 0]	2026-08-08_20-47-30	[0 0 0 0 0 0 0 0 0 0 1 0 0 0 1 0 1 0]	2026-08-08_20-47-30	[0]	2026-08-08_20-47-30	[0 1 0 0 1 0 0 0 0 0 0 0 0 0 0 0 1 0 0 0 0]	2026-08-08_20-47-30	[1 0 0 0 0 0 0 0 0 1 0 0 0 0 0 1 1 1 0 0 0]	2026-08-08_20-47-30	[0 0 0 0 0 0 0 0 0 0 0 0 0 0 0 0 0 0]	2026-08-08_20-47-30	[1 0 0 0 0 0 0 0 0 0 1 0 0 0 1 0 1 0]	2026-08-08_20-47-30	[12]	2026-08-08_20-47-30
0	2026-08-08_20-47-30	-1.0	2026-08-08_20-47-30	11.996622085571289	2026-08-08_20-47-30	3.078439474105835	2026-08-08_20-47-30	3.0728368759155273	2026-08-08_20-47-30	2.9276793003082275	2026-08-08_20-47-30	2.91766619682312	2026-08-08_20-47-30	True	2026-08-08_20-47-30	[0 1 0 0 1 0 0 0 0 0 0 0 0 0 0 0 1 0 0 0 0]	2026-08-08_20-47-30	[1 0 0 0 0 0 0 0 0 1 0 0 0 0 0 1 1 1 0 0 0]	2026-08-08_20-47-30	[0 0 0 0 0 0 0 0 0 0 0 0 0 0 0 0 0 0]	2026-08-08_20-47-30	[1 0 0 0 0 0 0 0 0 0 1 0 0 0 1 0 1 0]	2026-08-08_20-47-30	[12]	2026-08-08_20-47-30	[1 1 0 0 1 0 0 0 0 0 0 0 0 0 0 0 1 0 0 0 0]	2026-08-08_20-47-30	[1 0 0 0 0 0 0 0 0 1 0 0 1 0 0 1 1 1 0 0 0]	2026-08-08_20-47-30	[0 0 0 0 0 0 0 0 0 0 0 0 0 0 0 1 0 0]	2026-08-08_20-47-30	[0 0 0 0 0 0 0 0 0 0 1 0 0 0 1 0 1 0]	2026-08-08_20-47-30	[0]	2026-08-08_20-47-30
0	2026-08-08_20-47-30	-1.0	2026-08-08_20-47-30	11.975988388061523	2026-08-08_20-47-30	3.074301242828369	2026-08-08_20-47-30	3.0698533058166504	2026-08-08_20-47-30	2.9180266857147217	2026-08-08_20-47-30	2.913806915283203	2026-08-08_20-47-30	True	2026-08-08_20-47-30	[1 1 0 0 1 0 0 0 0 0 0 0 0 0 0 0 1 0 0 0 0]	2026-08-08_20-47-30	[1 0 0 0 0 0 0 0 0 1 0 0 1 0 0 1 1 1 0 0 0]	2026-08-08_20-47-30	[0 0 0 0 0 0 0 0 0 0 0 0 0 0 0 1 0 0]	2026-08-08_20-47-30	[0 0 0 0 0 0 0 0 0 0 1 0 0 0 1 0 1 0]	2026-08-08_20-47-30	[0]	2026-08-08_20-47-30	[1 1 0 0 1 0 0 0 0 0 0 0 0 0 0 0 0 0 0 0 0]	2026-08-08_20-47-30	[1 0 0 0 0 0 0 0 0 0 0 0 1 0 0 1 1 1 0 0 0]	2026-08-08_20-47-30	[0 0 0 0 0 0 0 0 0 0 1 0 0 0 0 1 0 0]	2026-08-08_20-47-30	[0 0 0 0 0 0 0 0 1 0 1 0 0 0 1 0 1 0]	2026-08-08_20-47-30	[0]	2026-08-08_20-47-30
0	2026-08-08_20-47-30	-1.0	2026-08-08_20-47-30	11.971769332885742	2026-08-08_20-47-30	3.073395252227783	2026-08-08_20-47-30	3.0673270225524902	2026-08-08_20-47-30	2.9168803691864014	2026-08-08_20-47-30	2.914166212081909	2026-08-08_20-47-30	True	2026-08-08_20-47-30	[1 1 0 0 1 0 0 0 0 0 0 0 0 0 0 0 0 0 0 0 0]	2026-08-08_20-47-30	[1 0 0 0 0 0 0 0 0 0 0 0 1 0 0 1 1 1 0 0 0]	2026-08-08_20-47-30	[0 0 0 0 0 0 0 0 0 0 1 0 0 0 0 1 0 0]	2026-08-08_20-47-30	[0 0 0 0 0 0 0 0 1 0 1 0 0 0 1 0 1 0]	2026-08-08_20-47-30	[0]	2026-08-08_20-47-30	[1 1 0 0 1 0 0 0 0 0 0 0 0 0 0 0 1 0 0 0 0]	2026-08-08_20-47-30	[1 0 0 0 0 0 0 0 0 1 0 0 1 0 0 1 1 1 0 0 0]	2026-08-08_20-47-30	[0 0 0 0 0 0 0 0 0 0 0 0 0 0 0 1 0 0]	2026-08-08_20-47-30	[0 0 0 0 0 0 0 0 0 0 1 0 0 0 1 0 1 0]	2026-08-08_20-47-30	[0]	2026-08-08_20-47-30
0	2026-08-08_20-47-30	-1.0	2026-08-08_20-47-30	11.977771759033203	2026-08-08_20-47-30	3.0749707221984863	2026-08-08_20-47-30	3.0691184997558594	2026-08-08_20-47-30	2.9188284873962402	2026-08-08_20-47-30	2.9148545265197754	2026-08-08_20-47-30	True	2026-08-08_20-47-30	[1 1 0 0 1 0 0 0 0 0 0 0 0 0 0 0 1 0 0 0 0]	2026-08-08_20-47-30	[1 0 0 0 0 0 0 0 0 1 0 0 1 0 0 1 1 1 0 0 0]	2026-08-08_20-47-30	[0 0 0 0 0 0 0 0 0 0 0 0 0 0 0 1 0 0]	2026-08-08_20-47-30	[0 0 0 0 0 0 0 0 0 0 1 0 0 0 1 0 1 0]	2026-08-08_20-47-30	[0]	2026-08-08_20-47-30	[1 1 0 0 1 0 0 0 0 0 0 0 0 0 0 0 0 0 0 0 0]	2026-08-08_20-47-30	[1 0 0 0 0 0 0 0 0 0 0 0 1 0 0 1 1 1 0 0 0]	2026-08-08_20-47-30	[0 0 0 0 0 0 0 0 0 0 1 0 0 0 0 1 0 0]	2026-08-08_20-47-30	[1 0 0 0 0 0 0 0 0 0 1 0 0 0 1 0 1 0]	2026-08-08_20-47-30	[0]	2026-08-08_20-47-30
0	2026-08-08_20-47-30	-1.0	2026-08-08_20-47-30	11.971535682678223	2026-08-08_20-47-30	3.07399845123291	2026-08-08_20-47-30	3.0673351287841797	2026-08-08_20-47-30	2.9169602394104004	2026-08-08_20-47-30	2.913241386413574	2026-08-08_20-47-30	True	2026-08-08_20-47-30	[1 1 0 0 1 0 0 0 0 0 0 0 0 0 0 0 0 0 0 0 0]	2026-08-08_20-47-30	[1 0 0 0 0 0 0 0 0 0 0 0 1 0 0 1 1 1 0 0 0]	2026-08-08_20-47-30	[0 0 0 0 0 0 0 0 0 0 1 0 0 0 0 1 0 0]	2026-08-08_20-47-30	[1 0 0 0 0 0 0 0 0 0 1 0 0 0 1 0 1 0]	2026-08-08_20-47-30	[0]	2026-08-08_20-47-30	[1 1 0 0 1 0 0 0 0 0 0 0 0 0 0 0 1 0 0 0 0]	2026-08-08_20-47-30	[1 0 0 0 0 0 0 0 0 1 0 0 1 0 0 1 1 1 0 0 0]	2026-08-08_20-47-30	[0 0 0 0 0 0 0 0 0 0 0 0 0 0 0 1 0 0]	2026-08-08_20-47-30	[1 0 0 0 0 0 0 0 1 0 1 0 0 0 1 0 1 0]	2026-08-08_20-47-30	[0]	2026-08-08_20-47-30
0	2026-08-08_20-47-30	-1.0	2026-08-08_20-47-30	11.97482681274414	2026-08-08_20-47-30	3.07399845123291	2026-08-08_20-47-30	3.069638252258301	2026-08-08_20-47-30	2.9182729721069336	2026-08-08_20-47-30	2.912917375564575	2026-08-08_20-47-30	True	2026-08-08_20-47-30	[1 1 0 0 1 0 0 0 0 0 0 0 0 0 0 0 1 0 0 0 0]	2026-08-08_20-47-30	[1 0 0 0 0 0 0 0 0 1 0 0 1 0 0 1 1 1 0 0 0]	2026-08-08_20-47-30	[0 0 0 0 0 0 0 0 0 0 0 0 0 0 0 1 0 0]	2026-08-08_20-47-30	[1 0 0 0 0 0 0 0 1 0 1 0 0 0 1 0 1 0]	2026-08-08_20-47-30	[0]	2026-08-08_20-47-30	[1 1 0 0 1 0 0 0 0 0 0 0 0 0 0 0 0 0 0 0 0]	2026-08-08_20-47-30	[1 0 0 0 0 0 0 0 0 0 0 0 1 0 0 1 1 1 0 0 0]	2026-08-08_20-47-30	[0 0 0 0 0 0 0 0 0 0 1 0 0 0 0 1 0 0]	2026-08-08_20-47-30	[0 0 0 0 0 0 0 0 1 0 1 0 0 0 1 0 1 0]	2026-08-08_20-47-30	[0]	2026-08-08_20-47-30
0	2026-08-08_20-47-30	-1.0	2026-08-08_20-47-30	11.976701736450195	2026-08-08_20-47-30	3.0743956565856934	2026-08-08_20-47-30	3.068897247314453	2026-08-08_20-47-30	2.918910026550293	2026-08-08_20-47-30	2.914498805999756	2026-08-08_20-47-30	True	2026-08-08_20-47-30	[1 1 0 0 1 0 0 0 0 0 0 0 0 0 0 0 0 0 0 0 0]	2026-08-08_20-47-30	[1 0 0 0 0 0 0 0 0 0 0 0 1 0 0 1 1 1 0 0 0]	2026-08-08_20-47-30	[0 0 0 0 0 0 0 0 0 0 1 0 0 0 0 1 0 0]	2026-08-08_20-47-30	[0 0 0 0 0 0 0 0 1 0 1 0 0 0 1 0 1 0]	2026-08-08_20-47-30	[0]	2026-08-08_20-47-30	[1 1 0 0 1 0 0 0 0 0 0 0 0 0 0 0 1 0 0 0 0]	2026-08-08_20-47-30	[1 0 0 0 0 0 0 0 0 1 0 0 1 0 0 1 1 1 0 0 0]	2026-08-08_20-47-30	[0 0 0 0 0 0 0 0 0 0 0 0 0 0 0 1 0 0]	2026-08-08_20-47-30	[0 0 0 0 0 0 0 0 0 0 1 0 0 0 1 0 1 0]	2026-08-08_20-47-30	[0]	2026-08-08_20-47-30
0	2026-08-08_20-47-30	-1.0	2026-08-08_20-47-30	11.976018905639648	2026-08-08_20-47-30	3.0741758346557617	2026-08-08_20-47-30	3.069591999053955	2026-08-08_20-47-30	2.9181153774261475	2026-08-08_20-47-30	2.9141361713409424	2026-08-08_20-47-30	True	2026-08-08_20-47-30	[1 1 0 0 1 0 0 0 0 0 0 0 0 0 0 0 1 0 0 0 0]	2026-08-08_20-47-30	[1 0 0 0 0 0 0 0 0 1 0 0 1 0 0 1 1 1 0 0 0]	2026-08-08_20-47-30	[0 0 0 0 0 0 0 0 0 0 0 0 0 0 0 1 0 0]	2026-08-08_20-47-30	[0 0 0 0 0 0 0 0 0 0 1 0 0 0 1 0 1 0]	2026-08-08_20-47-30	[0]	2026-08-08_20-47-30	[1 1 0 0 1 0 0 0 0 0 0 0 0 0 0 0 0 0 0 0 0]	2026-08-08_20-47-30	[1 0 0 0 0 0 0 0 0 0 0 0 1 0 0 1 1 1 0 0 0]	2026-08-08_20-47-30	[0 0 0 0 0 0 0 0 0 0 1 0 0 0 0 1 0 0]	2026-08-08_20-47-30	[1 0 0 0 0 0 0 0 0 0 1 0 0 0 1 0 1 0]	2026-08-08_20-47-30	[0]	2026-08-08_20-47-30
0	2026-08-08_20-47-30	-1.0	2026-08-08_20-47-30	11.971580505371094	2026-08-08_20-47-30	3.0740602016448975	2026-08-08_20-47-30	3.067826509475708	2026-08-08_20-47-30	2.9163005352020264	2026-08-08_20-47-30	2.9133925437927246	2026-08-08_20-47-30	True	2026-08-08_20-47-30	[1 1 0 0 1 0 0 0 0 0 0 0 0 0 0 0 0 0 0 0 0]	2026-08-08_20-47-30	[1 0 0 0 0 0 0 0 0 0 0 0 1 0 0 1 1 1 0 0 0]	2026-08-08_20-47-30	[0 0 0 0 0 0 0 0 0 0 1 0 0 0 0 1 0 0]	2026-08-08_20-47-30	[1 0 0 0 0 0 0 0 0 0 1 0 0 0 1 0 1 0]	2026-08-08_20-47-30	[0]	2026-08-08_20-47-30	[1 1 0 0 1 0 0 0 0 0 0 0 0 0 0 0 1 0 0 0 0]	2026-08-08_20-47-30	[1 0 0 0 0 0 0 0 0 1 0 0 1 0 0 1 1 1 0 0 0]	2026-08-08_20-47-30	[0 0 0 0 0 0 0 0 0 0 0 0 0 0 0 1 0 0]	2026-08-08_20-47-30	[1 0 0 0 0 0 0 0 1 0 1 0 0 0 1 0 1 0]	2026-08-08_20-47-30	[0]	2026-08-08_20-47-30
0	2026-08-08_20-47-30	-1.0	2026-08-08_20-47-30	11.974092483520508	2026-08-08_20-47-30	3.073986053466797	2026-08-08_20-47-30	3.0687055587768555	2026-08-08_20-47-30	2.918030023574829	2026-08-08_20-47-30	2.9133708477020264	2026-08-08_20-47-30	True	2026-08-08_20-47-30	[1 1 0 0 1 0 0 0 0 0 0 0 0 0 0 0 1 0 0 0 0]	2026-08-08_20-47-30	[1 0 0 0 0 0 0 0 0 1 0 0 1 0 0 1 1 1 0 0 0]	2026-08-08_20-47-30	[0 0 0 0 0 0 0 0 0 0 0 0 0 0 0 1 0 0]	2026-08-08_20-47-30	[1 0 0 0 0 0 0 0 1 0 1 0 0 0 1 0 1 0]	2026-08-08_20-47-30	[0]	2026-08-08_20-47-30	[1 1 0 0 1 0 0 0 0 0 0 0 0 0 0 0 0 0 0 0 0]	2026-08-08_20-47-30	[1 0 0 0 0 0 0 0 0 0 0 0 1 0 0 1 1 1 0 0 0]	2026-08-08_20-47-30	[0 0 0 0 0 0 0 0 0 0 1 0 0 0 0 1 0 0]	2026-08-08_20-47-30	[1 0 0 0 0 0 0 0 0 0 1 0 0 0 1 0 1 0]	2026-08-08_20-47-30	[0]	2026-08-08_20-47-30
0	2026-08-08_20-47-30	-1.0	2026-08-08_20-47-30	11.963557243347168	2026-08-08_20-47-30	3.0722286701202393	2026-08-08_20-47-30	3.0654189586639404	2026-08-08_20-47-30	2.9144093990325928	2026-08-08_20-47-30	2.9115002155303955	2026-08-08_20-47-30	True	2026-08-08_20-47-30	[1 1 0 0 1 0 0 0 0 0 0 0 0 0 0 0 0 0 0 0 0]	2026-08-08_20-47-30	[1 0 0 0 0 0 0 0 0 0 0 0 1 0 0 1 1 1 0 0 0]	2026-08-08_20-47-30	[0 0 0 0 0 0 0 0 0 0 1 0 0 0 0 1 0 0]	2026-08-08_20-47-30	[1 0 0 0 0 0 0 0 0 0 1 0 0 0 1 0 1 0]	2026-08-08_20-47-30	[0]	2026-08-08_20-47-30	[1 1 0 0 1 0 0 0 0 0 0 0 0 0 0 0 1 0 0 0 0]	2026-08-08_20-47-30	[1 0 0 0 0 0 0 0 0 1 0 0 1 0 0 1 1 1 0 0 0]	2026-08-08_20-47-30	[0 0 0 0 0 0 0 0 0 0 0 0 0 0 0 1 0 0]	2026-08-08_20-47-30	[1 0 0 0 0 0 0 0 1 0 1 0 0 0 1 0 1 0]	2026-08-08_20-47-30	[0]	2026-08-08_20-47-30
0	2026-08-08_20-47-30	-1.0	2026-08-08_20-47-30	11.978565216064453	2026-08-08_20-47-30	3.0755984783172607	2026-08-08_20-47-30	3.0698814392089844	2026-08-08_20-47-30	2.91864275932312	2026-08-08_20-47-30	2.9144420623779297	2026-08-08_20-47-30	True	2026-08-08_20-47-30	[1 1 0 0 1 0 0 0 0 0 0 0 0 0 0 0 1 0 0 0 0]	2026-08-08_20-47-30	[1 0 0 0 0 0 0 0 0 1 0 0 1 0 0 1 1 1 0 0 0]	2026-08-08_20-47-30	[0 0 0 0 0 0 0 0 0 0 0 0 0 0 0 1 0 0]	2026-08-08_20-47-30	[1 0 0 0 0 0 0 0 1 0 1 0 0 0 1 0 1 0]	2026-08-08_20-47-30	[0]	2026-08-08_20-47-30	[1 1 0 0 1 0 0 0 0 0 0 0 0 0 0 0 0 0 0 0 0]	2026-08-08_20-47-30	[1 0 0 0 0 0 0 0 0 0 0 0 1 0 0 1 1 1 0 0 0]	2026-08-08_20-47-30	[0 0 0 0 0 0 0 0 0 0 1 0 0 0 0 1 0 0]	2026-08-08_20-47-30	[1 0 0 0 0 0 0 0 0 0 1 0 0 0 1 0 1 0]	2026-08-08_20-47-30	[0]	2026-08-08_20-47-30
0	2026-08-08_20-47-30	-1.0	2026-08-08_20-47-30	11.963356018066406	2026-08-08_20-47-30	3.0718812942504883	2026-08-08_20-47-30	3.065870761871338	2026-08-08_20-47-30	2.9143528938293457	2026-08-08_20-47-30	2.9112515449523926	2026-08-08_20-47-30	True	2026-08-08_20-47-30	[1 1 0 0 1 0 0 0 0 0 0 0 0 0 0 0 0 0 0 0 0]	2026-08-08_20-47-30	[1 0 0 0 0 0 0 0 0 0 0 0 1 0 0 1 1 1 0 0 0]	2026-08-08_20-47-30	[0 0 0 0 0 0 0 0 0 0 1 0 0 0 0 1 0 0]	2026-08-08_20-47-30	[1 0 0 0 0 0 0 0 0 0 1 0 0 0 1 0 1 0]	2026-08-08_20-47-30	[0]	2026-08-08_20-47-30	[1 1 0 0 1 0 0 0 0 0 0 0 0 0 0 0 1 0 0 0 0]	2026-08-08_20-47-30	[1 0 0 0 0 0 0 0 0 1 0 0 1 0 0 1 1 1 0 0 0]	2026-08-08_20-47-30	[0 0 0 0 0 0 0 0 0 0 0 0 0 0 0 1 0 0]	2026-08-08_20-47-30	[1 0 0 0 0 0 0 0 1 0 1 0 0 0 1 0 1 0]	2026-08-08_20-47-30	[0]	2026-08-08_20-47-30
0	2026-08-08_20-47-30	-1.0	2026-08-08_20-47-30	11.976140975952148	2026-08-08_20-47-30	3.074901819229126	2026-08-08_20-47-30	3.0695135593414307	2026-08-08_20-47-30	2.9181957244873047	2026-08-08_20-47-30	2.9135308265686035	2026-08-08_20-47-30	True	2026-08-08_20-47-30	[1 1 0 0 1 0 0 0 0 0 0 0 0 0 0 0 1 0 0 0 0]	2026-08-08_20-47-30	[1 0 0 0 0 0 0 0 0 1 0 0 1 0 0 1 1 1 0 0 0]	2026-08-08_20-47-30	[0 0 0 0 0 0 0 0 0 0 0 0 0 0 0 1 0 0]	2026-08-08_20-47-30	[1 0 0 0 0 0 0 0 1 0 1 0 0 0 1 0 1 0]	2026-08-08_20-47-30	[0]	2026-08-08_20-47-30	[1 1 0 0 1 0 0 0 0 0 0 0 0 0 0 0 0 0 0 0 0]	2026-08-08_20-47-30	[1 0 0 0 0 0 0 0 0 0 0 0 1 0 0 1 1 1 0 0 0]	2026-08-08_20-47-30	[0 0 0 0 0 0 0 0 0 0 1 0 0 0 0 1 0 0]	2026-08-08_20-47-30	[1 0 0 0 0 0 0 0 0 0 1 0 0 0 1 0 1 0]	2026-08-08_20-47-30	[0]	2026-08-08_20-47-30
0	2026-08-08_20-47-30	-1.0	2026-08-08_20-47-30	11.968719482421875	2026-08-08_20-47-30	3.073350429534912	2026-08-08_20-47-30	3.0667054653167725	2026-08-08_20-47-30	2.916836738586426	2026-08-08_20-47-30	2.9118268489837646	2026-08-08_20-47-30	True	2026-08-08_20-47-30	[1 1 0 0 1 0 0 0 0 0 0 0 0 0 0 0 0 0 0 0 0]	2026-08-08_20-47-30	[1 0 0 0 0 0 0 0 0 0 0 0 1 0 0 1 1 1 0 0 0]	2026-08-08_20-47-30	[0 0 0 0 0 0 0 0 0 0 1 0 0 0 0 1 0 0]	2026-08-08_20-47-30	[1 0 0 0 0 0 0 0 0 0 1 0 0 0 1 0 1 0]	2026-08-08_20-47-30	[0]	2026-08-08_20-47-30	[1 1 0 0 1 0 0 0 0 0 0 0 0 0 0 0 1 0 0 0 0]	2026-08-08_20-47-30	[1 0 0 0 0 0 0 0 0 1 0 0 1 0 0 1 1 1 0 0 0]	2026-08-08_20-47-30	[0 0 0 0 0 0 0 0 0 0 0 0 0 0 0 1 0 0]	2026-08-08_20-47-30	[1 0 0 0 0 0 0 0 1 0 1 0 0 0 1 0 1 0]	2026-08-08_20-47-30	[0]	2026-08-08_20-47-30
0	2026-08-08_20-47-30	-1.0	2026-08-08_20-47-30	11.975959777832031	2026-08-08_20-47-30	3.073965072631836	2026-08-08_20-47-30	3.0690600872039795	2026-08-08_20-47-30	2.9184632301330566	2026-08-08_20-47-30	2.914470672607422	2026-08-08_20-47-30	True	2026-08-08_20-47-30	[1 1 0 0 1 0 0 0 0 0 0 0 0 0 0 0 1 0 0 0 0]	2026-08-08_20-47-30	[1 0 0 0 0 0 0 0 0 1 0 0 1 0 0 1 1 1 0 0 0]	2026-08-08_20-47-30	[0 0 0 0 0 0 0 0 0 0 0 0 0 0 0 1 0 0]	2026-08-08_20-47-30	[1 0 0 0 0 0 0 0 1 0 1 0 0 0 1 0 1 0]	2026-08-08_20-47-30	[0]	2026-08-08_20-47-30	[1 1 0 0 1 0 0 0 0 0 0 0 0 0 0 0 0 0 0 0 0]	2026-08-08_20-47-30	[1 0 0 0 0 0 0 0 0 0 0 0 1 0 0 1 1 1 0 0 0]	2026-08-08_20-47-30	[0 0 0 0 0 0 0 0 0 0 1 0 0 0 0 1 0 0]	2026-08-08_20-47-30	[1 0 0 0 0 0 0 0 0 0 1 0 0 0 1 0 1 0]	2026-08-08_20-47-30	[0]	2026-08-08_20-47-30
0	2026-08-08_20-47-30	-1.0	2026-08-08_20-47-30	11.972457885742188	2026-08-08_20-47-30	3.074456214904785	2026-08-08_20-47-30	3.0677549839019775	2026-08-08_20-47-30	2.9175548553466797	2026-08-08_20-47-30	2.912691593170166	2026-08-08_20-47-30	True	2026-08-08_20-47-30	[1 1 0 0 1 0 0 0 0 0 0 0 0 0 0 0 0 0 0 0 0]	2026-08-08_20-47-30	[1 0 0 0 0 0 0 0 0 0 0 0 1 0 0 1 1 1 0 0 0]	2026-08-08_20-47-30	[0 0 0 0 0 0 0 0 0 0 1 0 0 0 0 1 0 0]	2026-08-08_20-47-30	[1 0 0 0 0 0 0 0 0 0 1 0 0 0 1 0 1 0]	2026-08-08_20-47-30	[0]	2026-08-08_20-47-30	[1 1 0 0 1 0 0 0 0 0 0 0 0 0 0 0 1 0 0 0 0]	2026-08-08_20-47-30	[1 0 0 0 0 0 0 0 0 1 0 0 1 0 0 1 1 1 0 0 0]	2026-08-08_20-47-30	[0 0 0 0 0 0 0 0 0 0 0 0 0 0 0 1 0 0]	2026-08-08_20-47-30	[1 0 0 0 0 0 0 0 1 0 1 0 0 0 1 0 1 0]	2026-08-08_20-47-30	[0]	2026-08-08_20-47-30
0	2026-08-08_20-47-30	-1.0	2026-08-08_20-47-30	11.979427337646484	2026-08-08_20-47-30	3.0750415325164795	2026-08-08_20-47-30	3.070272445678711	2026-08-08_20-47-30	2.9197275638580322	2026-08-08_20-47-30	2.9143855571746826	2026-08-08_20-47-30	True	2026-08-08_20-47-30	[1 1 0 0 1 0 0 0 0 0 0 0 0 0 0 0 1 0 0 0 0]	2026-08-08_20-47-30	[1 0 0 0 0 0 0 0 0 1 0 0 1 0 0 1 1 1 0 0 0]	2026-08-08_20-47-30	[0 0 0 0 0 0 0 0 0 0 0 0 0 0 0 1 0 0]	2026-08-08_20-47-30	[1 0 0 0 0 0 0 0 1 0 1 0 0 0 1 0 1 0]	2026-08-08_20-47-30	[0]	2026-08-08_20-47-30	[1 1 0 0 1 0 0 0 0 0 0 0 0 0 0 0 0 0 0 0 0]	2026-08-08_20-47-30	[1 0 0 0 0 0 0 0 0 0 0 0 1 0 0 1 1 1 0 0 0]	2026-08-08_20-47-30	[0 0 0 0 0 0 0 0 0 0 1 0 0 0 0 1 0 0]	2026-08-08_20-47-30	[1 0 0 0 0 0 0 0 0 0 1 0 0 0 1 0 1 0]	2026-08-08_20-47-30	[0]	2026-08-08_20-47-30
0	2026-08-08_20-47-30	-1.0	2026-08-08_20-47-30	11.962370872497559	2026-08-08_20-47-30	3.072664260864258	2026-08-08_20-47-30	3.0644326210021973	2026-08-08_20-47-30	2.915550708770752	2026-08-08_20-47-30	2.9097232818603516	2026-08-08_20-47-30	True	2026-08-08_20-47-30	[1 1 0 0 1 0 0 0 0 0 0 0 0 0 0 0 0 0 0 0 0]	2026-08-08_20-47-30	[1 0 0 0 0 0 0 0 0 0 0 0 1 0 0 1 1 1 0 0 0]	2026-08-08_20-47-30	[0 0 0 0 0 0 0 0 0 0 1 0 0 0 0 1 0 0]	2026-08-08_20-47-30	[1 0 0 0 0 0 0 0 0 0 1 0 0 0 1 0 1 0]	2026-08-08_20-47-30	[0]	2026-08-08_20-47-30	[1 1 0 0 1 0 0 0 0 0 0 0 0 0 0 0 1 0 0 0 0]	2026-08-08_20-47-30	[1 0 0 0 0 0 0 0 0 1 0 0 1 0 0 1 1 1 0 0 0]	2026-08-08_20-47-30	[0 0 0 0 0 0 0 0 0 0 0 0 0 0 0 1 0 0]	2026-08-08_20-47-30	[1 0 0 0 0 0 0 0 1 0 1 0 0 0 1 0 1 0]	2026-08-08_20-47-30	[0]	2026-08-08_20-47-30
0	2026-08-08_20-47-30	-1.0	2026-08-08_20-47-30	11.972890853881836	2026-08-08_20-47-30	3.073735237121582	2026-08-08_20-47-30	3.0686416625976562	2026-08-08_20-47-30	2.917691946029663	2026-08-08_20-47-30	2.9128222465515137	2026-08-08_20-47-30	True	2026-08-08_20-47-30	[1 1 0 0 1 0 0 0 0 0 0 0 0 0 0 0 1 0 0 0 0]	2026-08-08_20-47-30	[1 0 0 0 0 0 0 0 0 1 0 0 1 0 0 1 1 1 0 0 0]	2026-08-08_20-47-30	[0 0 0 0 0 0 0 0 0 0 0 0 0 0 0 1 0 0]	2026-08-08_20-47-30	[1 0 0 0 0 0 0 0 1 0 1 0 0 0 1 0 1 0]	2026-08-08_20-47-30	[0]	2026-08-08_20-47-30	[1 1 0 0 1 0 0 0 0 0 0 0 0 0 0 0 0 0 0 0 0]	2026-08-08_20-47-30	[1 0 0 0 0 0 0 0 0 0 0 0 1 0 0 1 1 1 0 0 0]	2026-08-08_20-47-30	[0 0 0 0 0 0 0 0 0 0 1 0 0 0 0 1 0 0]	2026-08-08_20-47-30	[1 0 0 0 0 0 0 0 0 0 1 0 0 0 1 0 1 0]	2026-08-08_20-47-30	[0]	2026-08-08_20-47-30
0	2026-08-08_20-47-30	-1.0	2026-08-08_20-47-30	11.97163200378418	2026-08-08_20-47-30	3.0736236572265625	2026-08-08_20-47-30	3.067857503890991	2026-08-08_20-47-30	2.916910409927368	2026-08-08_20-47-30	2.913240909576416	2026-08-08_20-47-30	True	2026-08-08_20-47-30	[1 1 0 0 1 0 0 0 0 0 0 0 0 0 0 0 0 0 0 0 0]	2026-08-08_20-47-30	[1 0 0 0 0 0 0 0 0 0 0 0 1 0 0 1 1 1 0 0 0]	2026-08-08_20-47-30	[0 0 0 0 0 0 0 0 0 0 1 0 0 0 0 1 0 0]	2026-08-08_20-47-30	[1 0 0 0 0 0 0 0 0 0 1 0 0 0 1 0 1 0]	2026-08-08_20-47-30	[0]	2026-08-08_20-47-30	[1 1 0 0 1 0 0 0 0 0 0 0 0 0 0 0 1 0 0 0 0]	2026-08-08_20-47-30	[1 0 0 0 0 0 0 0 0 1 0 0 1 0 0 1 1 1 0 0 0]	2026-08-08_20-47-30	[0 0 0 0 0 0 0 0 0 0 0 0 0 0 0 1 0 0]	2026-08-08_20-47-30	[1 0 0 0 0 0 0 0 1 0 1 0 0 0 1 0 1 0]	2026-08-08_20-47-30	[0]	2026-08-08_20-47-30
0	2026-08-08_20-47-30	-1.0	2026-08-08_20-47-30	11.977861404418945	2026-08-08_20-47-30	3.0746235847473145	2026-08-08_20-47-30	3.069723606109619	2026-08-08_20-47-30	2.9195947647094727	2026-08-08_20-47-30	2.913919448852539	2026-08-08_20-47-30	True	2026-08-08_20-47-30	[1 1 0 0 1 0 0 0 0 0 0 0 0 0 0 0 1 0 0 0 0]	2026-08-08_20-47-30	[1 0 0 0 0 0 0 0 0 1 0 0 1 0 0 1 1 1 0 0 0]	2026-08-08_20-47-30	[0 0 0 0 0 0 0 0 0 0 0 0 0 0 0 1 0 0]	2026-08-08_20-47-30	[1 0 0 0 0 0 0 0 1 0 1 0 0 0 1 0 1 0]	2026-08-08_20-47-30	[0]	2026-08-08_20-47-30	[1 1 0 0 1 0 0 0 0 0 0 0 0 0 0 0 0 0 0 0 0]	2026-08-08_20-47-30	[1 0 0 0 0 0 0 0 0 0 0 0 1 0 0 1 1 1 0 0 0]	2026-08-08_20-47-30	[0 0 0 0 0 0 0 0 0 0 1 0 0 0 0 1 0 0]	2026-08-08_20-47-30	[1 0 0 0 0 0 0 0 0 0 1 0 0 0 1 0 1 0]	2026-08-08_20-47-30	[0]	2026-08-08_20-47-30
0	2026-08-08_20-47-30	-1.0	2026-08-08_20-47-30	11.96865177154541	2026-08-08_20-47-30	3.073112726211548	2026-08-08_20-47-30	3.0664706230163574	2026-08-08_20-47-30	2.9163503646850586	2026-08-08_20-47-30	2.912717819213867	2026-08-08_20-47-30	True	2026-08-08_20-47-30	[1 1 0 0 1 0 0 0 0 0 0 0 0 0 0 0 0 0 0 0 0]	2026-08-08_20-47-30	[1 0 0 0 0 0 0 0 0 0 0 0 1 0 0 1 1 1 0 0 0]	2026-08-08_20-47-30	[0 0 0 0 0 0 0 0 0 0 1 0 0 0 0 1 0 0]	2026-08-08_20-47-30	[1 0 0 0 0 0 0 0 0 0 1 0 0 0 1 0 1 0]	2026-08-08_20-47-30	[0]	2026-08-08_20-47-30	[1 1 0 0 1 0 0 0 0 0 0 0 0 0 0 0 1 0 0 0 0]	2026-08-08_20-47-30	[1 0 0 0 0 0 0 0 0 1 0 0 1 0 0 1 1 1 0 0 0]	2026-08-08_20-47-30	[0 0 0 0 0 0 0 0 0 0 0 0 0 0 0 1 0 0]	2026-08-08_20-47-30	[1 0 0 0 0 0 0 0 1 0 1 0 0 0 1 0 1 0]	2026-08-08_20-47-30	[0]	2026-08-08_20-47-30
0	2026-08-08_20-47-30	-1.0	2026-08-08_20-47-30	11.972363471984863	2026-08-08_20-47-30	3.073768138885498	2026-08-08_20-47-30	3.068345546722412	2026-08-08_20-47-30	2.917893886566162	2026-08-08_20-47-30	2.91235613822937	2026-08-08_20-47-30	True	2026-08-08_20-47-30	[1 1 0 0 1 0 0 0 0 0 0 0 0 0 0 0 1 0 0 0 0]	2026-08-08_20-47-30	[1 0 0 0 0 0 0 0 0 1 0 0 1 0 0 1 1 1 0 0 0]	2026-08-08_20-47-30	[0 0 0 0 0 0 0 0 0 0 0 0 0 0 0 1 0 0]	2026-08-08_20-47-30	[1 0 0 0 0 0 0 0 1 0 1 0 0 0 1 0 1 0]	2026-08-08_20-47-30	[0]	2026-08-08_20-47-30	[1 1 0 0 1 0 0 0 0 0 0 0 0 0 0 0 0 0 0 0 0]	2026-08-08_20-47-30	[1 0 0 0 0 0 0 0 0 0 0 0 1 0 0 1 1 1 0 0 0]	2026-08-08_20-47-30	[0 0 0 0 0 0 0 0 0 0 1 0 0 0 0 1 0 0]	2026-08-08_20-47-30	[1 0 0 0 0 0 0 0 0 0 1 0 0 0 1 0 1 0]	2026-08-08_20-47-30	[0]	2026-08-08_20-47-30
0	2026-08-08_20-47-30	-1.0	2026-08-08_20-47-30	11.967079162597656	2026-08-08_20-47-30	3.0730953216552734	2026-08-08_20-47-30	3.0669326782226562	2026-08-08_20-47-30	2.9150428771972656	2026-08-08_20-47-30	2.912008762359619	2026-08-08_20-47-30	True	2026-08-08_20-47-30	[1 1 0 0 1 0 0 0 0 0 0 0 0 0 0 0 0 0 0 0 0]	2026-08-08_20-47-30	[1 0 0 0 0 0 0 0 0 0 0 0 1 0 0 1 1 1 0 0 0]	2026-08-08_20-47-30	[0 0 0 0 0 0 0 0 0 0 1 0 0 0 0 1 0 0]	2026-08-08_20-47-30	[1 0 0 0 0 0 0 0 0 0 1 0 0 0 1 0 1 0]	2026-08-08_20-47-30	[0]	2026-08-08_20-47-30	[1 1 0 0 1 0 0 0 0 0 0 0 0 0 0 0 1 0 0 0 0]	2026-08-08_20-47-30	[1 0 0 0 0 0 0 0 0 1 0 0 1 0 0 1 1 1 0 0 0]	2026-08-08_20-47-30	[0 0 0 0 0 0 0 0 0 0 0 0 0 0 0 1 0 0]	2026-08-08_20-47-30	[1 0 0 0 0 0 0 0 1 0 1 0 0 0 1 0 1 0]	2026-08-08_20-47-30	[0]	2026-08-08_20-47-30
0	2026-08-08_20-47-30	-1.0	2026-08-08_20-47-30	11.974244117736816	2026-08-08_20-47-30	3.074061155319214	2026-08-08_20-47-30	3.068678379058838	2026-08-08_20-47-30	2.91790771484375	2026-08-08_20-47-30	2.9135971069335938	2026-08-08_20-47-30	True	2026-08-08_20-47-30	[1 1 0 0 1 0 0 0 0 0 0 0 0 0 0 0 1 0 0 0 0]	2026-08-08_20-47-30	[1 0 0 0 0 0 0 0 0 1 0 0 1 0 0 1 1 1 0 0 0]	2026-08-08_20-47-30	[0 0 0 0 0 0 0 0 0 0 0 0 0 0 0 1 0 0]	2026-08-08_20-47-30	[1 0 0 0 0 0 0 0 1 0 1 0 0 0 1 0 1 0]	2026-08-08_20-47-30	[0]	2026-08-08_20-47-30	[1 1 0 0 1 0 0 0 0 0 0 0 0 0 0 0 0 0 0 0 0]	2026-08-08_20-47-30	[1 0 0 0 0 0 0 0 0 0 0 0 1 0 0 1 1 1 0 0 0]	2026-08-08_20-47-30	[0 0 0 0 0 0 0 0 0 0 1 0 0 0 0 1 0 0]	2026-08-08_20-47-30	[0 0 0 0 0 0 0 0 1 0 1 0 0 0 1 0 1 0]	2026-08-08_20-47-30	[0]	2026-08-08_20-47-30
0	2026-08-08_20-47-30	-1.0	2026-08-08_20-47-30	11.973669052124023	2026-08-08_20-47-30	3.0737509727478027	2026-08-08_20-47-30	3.0677924156188965	2026-08-08_20-47-30	2.9177119731903076	2026-08-08_20-47-30	2.9144129753112793	2026-08-08_20-47-30	True	2026-08-08_20-47-30	[1 1 0 0 1 0 0 0 0 0 0 0 0 0 0 0 0 0 0 0 0]	2026-08-08_20-47-30	[1 0 0 0 0 0 0 0 0 0 0 0 1 0 0 1 1 1 0 0 0]	2026-08-08_20-47-30	[0 0 0 0 0 0 0 0 0 0 1 0 0 0 0 1 0 0]	2026-08-08_20-47-30	[0 0 0 0 0 0 0 0 1 0 1 0 0 0 1 0 1 0]	2026-08-08_20-47-30	[0]	2026-08-08_20-47-30	[1 1 0 0 1 0 0 0 0 0 0 0 0 0 0 0 1 0 0 0 0]	2026-08-08_20-47-30	[1 0 0 0 0 0 0 0 0 1 0 0 1 0 0 1 1 1 0 0 0]	2026-08-08_20-47-30	[0 0 0 0 0 0 0 0 0 0 0 0 0 0 0 1 0 0]	2026-08-08_20-47-30	[0 0 0 0 0 0 0 0 0 0 1 0 0 0 1 0 1 0]	2026-08-08_20-47-30	[0]	2026-08-08_20-47-30
0	2026-08-08_20-47-30	-1.0	2026-08-08_20-47-30	11.978002548217773	2026-08-08_20-47-30	3.074993848800659	2026-08-08_20-47-30	3.0699305534362793	2026-08-08_20-47-30	2.918929100036621	2026-08-08_20-47-30	2.914149761199951	2026-08-08_20-47-30	True	2026-08-08_20-47-30	[1 1 0 0 1 0 0 0 0 0 0 0 0 0 0 0 1 0 0 0 0]	2026-08-08_20-47-30	[1 0 0 0 0 0 0 0 0 1 0 0 1 0 0 1 1 1 0 0 0]	2026-08-08_20-47-30	[0 0 0 0 0 0 0 0 0 0 0 0 0 0 0 1 0 0]	2026-08-08_20-47-30	[0 0 0 0 0 0 0 0 0 0 1 0 0 0 1 0 1 0]	2026-08-08_20-47-30	[0]	2026-08-08_20-47-30	[1 1 0 0 1 0 0 0 0 0 0 0 0 0 0 0 0 0 0 0 0]	2026-08-08_20-47-30	[1 0 0 0 0 0 0 0 0 0 0 0 1 0 0 1 1 1 0 0 0]	2026-08-08_20-47-30	[0 0 0 0 0 0 0 0 0 0 1 0 0 0 0 1 0 0]	2026-08-08_20-47-30	[1 0 0 0 0 0 0 0 0 0 1 0 0 0 1 0 1 0]	2026-08-08_20-47-30	[0]	2026-08-08_20-47-30
1	2026-08-10_00-11-36	-0.75	2026-08-10_00-11-36	10.896014213562012	2026-08-10_00-11-36	2.722658395767212	2026-08-10_00-11-36	2.8289833068847656	2026-08-10_00-11-36	2.5583267211914062	2026-08-10_00-11-36	2.786046028137207	2026-08-10_00-11-36	True	2026-08-10_00-11-36	[0 0 0 0 0 0 0 0 0 0 0 0 0 0 0 0 0 0 0 0 0]	2026-08-10_00-11-36	[0 0 0 0 0 0 0 0 0 0 0 0 0 0 0 0 0 0 1 0 0]	2026-08-10_00-11-36	[0 0 0 0 1 0 0 1 0 0 0 0 0 0 0 0 0 0]	2026-08-10_00-11-36	[0 0 0 0 0 0 0 0 0 0 0 0 1 0 0 0 0 0]	2026-08-10_00-11-36	[18]	2026-08-10_00-11-36	[0 0 1 0 0 0 0 0 0 0 0 0 0 0 0 0 0 0 0 0 0]	2026-08-10_00-11-36	[0 0 0 0 0 0 0 0 0 0 0 0 0 0 0 1 0 0 1 0 0]	2026-08-10_00-11-36	[0 1 0 0 1 0 0 1 0 0 0 0 0 0 0 0 0 0]	2026-08-10_00-11-36	[0 0 0 0 0 0 0 0 0 0 1 0 1 0 0 0 0 0]	2026-08-10_00-11-36	[4]	2026-08-10_00-11-36
1	2026-08-10_00-11-36	0.30011501908302307	2026-08-10_00-11-36	10.939330101013184	2026-08-10_00-11-36	2.643350124359131	2026-08-10_00-11-36	2.8660688400268555	2026-08-10_00-11-36	2.630258560180664	2026-08-10_00-11-36	2.7996532917022705	2026-08-10_00-11-36	True	2026-08-10_00-11-36	[0 0 1 0 0 0 0 0 0 0 0 0 0 0 0 0 0 0 0 0 0]	2026-08-10_00-11-36	[0 0 0 0 0 0 0 0 0 0 0 0 0 0 0 1 0 0 1 0 0]	2026-08-10_00-11-36	[0 1 0 0 1 0 0 1 0 0 0 0 0 0 0 0 0 0]	2026-08-10_00-11-36	[0 0 0 0 0 0 0 0 0 0 1 0 1 0 0 0 0 0]	2026-08-10_00-11-36	[4]	2026-08-10_00-11-36	[0 0 0 0 0 0 0 0 0 0 0 0 0 0 0 0 0 0 0 0 0]	2026-08-10_00-11-36	[0 0 0 0 0 0 0 0 0 0 0 0 0 0 0 0 0 0 1 0 0]	2026-08-10_00-11-36	[0 0 0 0 1 0 0 1 0 0 0 0 0 0 0 0 0 0]	2026-08-10_00-11-36	[0 0 0 0 0 0 0 0 0 0 0 0 1 0 0 0 0 0]	2026-08-10_00-11-36	[18]	2026-08-10_00-11-36
1	2026-08-10_00-11-36	-0.75	2026-08-10_00-11-36	11.109254837036133	2026-08-10_00-11-36	2.8071889877319336	2026-08-10_00-11-36	2.868618965148926	2026-08-10_00-11-36	2.6133527755737305	2026-08-10_00-11-36	2.8200936317443848	2026-08-10_00-11-36	True	2026-08-10_00-11-36	[0 0 0 0 0 0 0 0 0 0 0 0 0 0 0 0 0 0 0 0 0]	2026-08-10_00-11-36	[0 0 0 0 0 0 0 0 0 0 0 0 0 0 0 0 0 0 1 0 0]	2026-08-10_00-11-36	[0 0 0 0 1 0 0 1 0 0 0 0 0 0 0 0 0 0]	2026-08-10_00-11-36	[0 0 0 0 0 0 0 0 0 0 0 0 1 0 0 0 0 0]	2026-08-10_00-11-36	[18]	2026-08-10_00-11-36	[0 0 1 0 0 0 0 0 0 0 0 0 0 0 0 0 0 0 0 0 0]	2026-08-10_00-11-36	[0 0 0 0 0 0 0 0 0 0 0 0 0 0 0 1 0 0 1 0 0]	2026-08-10_00-11-36	[0 1 0 0 1 0 0 1 0 0 0 0 0 0 0 0 0 0]	2026-08-10_00-11-36	[0 0 0 0 0 0 0 0 0 0 1 0 1 0 0 0 0 0]	2026-08-10_00-11-36	[4]	2026-08-10_00-11-36
1	2026-08-10_00-11-36	0.30633115768432617	2026-08-10_00-11-36	11.053011894226074	2026-08-10_00-11-36	2.677278518676758	2026-08-10_00-11-36	2.8871724605560303	2026-08-10_00-11-36	2.6649372577667236	2026-08-10_00-11-36	2.8236236572265625	2026-08-10_00-11-36	True	2026-08-10_00-11-36	[0 0 1 0 0 0 0 0 0 0 0 0 0 0 0 0 0 0 0 0 0]	2026-08-10_00-11-36	[0 0 0 0 0 0 0 0 0 0 0 0 0 0 0 1 0 0 1 0 0]	2026-08-10_00-11-36	[0 1 0 0 1 0 0 1 0 0 0 0 0 0 0 0 0 0]	2026-08-10_00-11-36	[0 0 0 0 0 0 0 0 0 0 1 0 1 0 0 0 0 0]	2026-08-10_00-11-36	[4]	2026-08-10_00-11-36	[0 0 0 0 0 0 0 0 0 0 0 0 0 0 0 0 0 0 0 0 0]	2026-08-10_00-11-36	[0 0 0 0 0 0 0 0 0 0 0 0 0 0 0 0 0 0 1 0 0]	2026-08-10_00-11-36	[0 0 0 0 1 0 0 1 0 0 0 0 0 0 0 0 0 0]	2026-08-10_00-11-36	[0 0 0 0 0 0 0 0 0 0 0 0 1 0 0 0 0 0]	2026-08-10_00-11-36	[18]	2026-08-10_00-11-36
1	2026-08-10_00-11-36	-0.75	2026-08-10_00-11-36	11.033267974853516	2026-08-10_00-11-36	2.7773008346557617	2026-08-10_00-11-36	2.8464696407318115	2026-08-10_00-11-36	2.598818302154541	2026-08-10_00-11-36	2.810678482055664	2026-08-10_00-11-36	True	2026-08-10_00-11-36	[0 0 0 0 0 0 0 0 0 0 0 0 0 0 0 0 0 0 0 0 0]	2026-08-10_00-11-36	[0 0 0 0 0 0 0 0 0 0 0 0 0 0 0 0 0 0 1 0 0]	2026-08-10_00-11-36	[0 0 0 0 1 0 0 1 0 0 0 0 0 0 0 0 0 0]	2026-08-10_00-11-36	[0 0 0 0 0 0 0 0 0 0 0 0 1 0 0 0 0 0]	2026-08-10_00-11-36	[18]	2026-08-10_00-11-36	[0 0 1 0 0 0 0 0 0 0 0 0 0 0 0 0 0 0 0 0 0]	2026-08-10_00-11-36	[0 0 0 0 0 0 0 0 0 0 0 0 0 0 0 1 0 0 1 0 0]	2026-08-10_00-11-36	[0 1 0 0 1 0 0 1 0 0 0 0 0 0 0 0 0 0]	2026-08-10_00-11-36	[0 0 0 0 0 0 0 0 0 0 1 0 1 0 0 0 0 0]	2026-08-10_00-11-36	[4]	2026-08-10_00-11-36
1	2026-08-10_00-11-36	0.38193321228027344	2026-08-10_00-11-36	10.996761322021484	2026-08-10_00-11-36	2.665027618408203	2026-08-10_00-11-36	2.8792710304260254	2026-08-10_00-11-36	2.64218807220459	2026-08-10_00-11-36	2.8102736473083496	2026-08-10_00-11-36	True	2026-08-10_00-11-36	[0 0 1 0 0 0 0 0 0 0 0 0 0 0 0 0 0 0 0 0 0]	2026-08-10_00-11-36	[0 0 0 0 0 0 0 0 0 0 0 0 0 0 0 1 0 0 1 0 0]	2026-08-10_00-11-36	[0 1 0 0 1 0 0 1 0 0 0 0 0 0 0 0 0 0]	2026-08-10_00-11-36	[0 0 0 0 0 0 0 0 0 0 1 0 1 0 0 0 0 0]	2026-08-10_00-11-36	[4]	2026-08-10_00-11-36	[0 0 0 0 0 0 0 0 0 0 0 0 0 0 0 0 0 0 0 0 0]	2026-08-10_00-11-36	[0 0 0 0 0 0 0 0 0 0 0 0 0 0 0 0 0 0 1 0 0]	2026-08-10_00-11-36	[0 0 0 0 1 0 0 1 0 0 0 0 0 0 0 0 0 0]	2026-08-10_00-11-36	[0 0 0 0 0 0 0 0 0 0 0 0 1 0 0 0 0 0]	2026-08-10_00-11-36	[18]	2026-08-10_00-11-36
1	2026-08-10_00-11-36	-0.75	2026-08-10_00-11-36	10.846334457397461	2026-08-10_00-11-36	2.700664520263672	2026-08-10_00-11-36	2.8057000637054443	2026-08-10_00-11-36	2.5515899658203125	2026-08-10_00-11-36	2.788379192352295	2026-08-10_00-11-36	True	2026-08-10_00-11-36	[0 0 0 0 0 0 0 0 0 0 0 0 0 0 0 0 0 0 0 0 0]	2026-08-10_00-11-36	[0 0 0 0 0 0 0 0 0 0 0 0 0 0 0 0 0 0 1 0 0]	2026-08-10_00-11-36	[0 0 0 0 1 0 0 1 0 0 0 0 0 0 0 0 0 0]	2026-08-10_00-11-36	[0 0 0 0 0 0 0 0 0 0 0 0 1 0 0 0 0 0]	2026-08-10_00-11-36	[18]	2026-08-10_00-11-36	[0 0 1 0 0 0 0 0 0 0 0 0 0 0 0 0 0 0 0 0 0]	2026-08-10_00-11-36	[0 0 0 0 0 0 0 0 0 0 0 0 0 0 0 1 0 0 1 0 0]	2026-08-10_00-11-36	[0 1 0 0 1 0 0 1 0 0 0 0 0 0 0 0 0 0]	2026-08-10_00-11-36	[0 0 0 0 0 0 0 0 0 0 1 0 1 0 0 0 0 0]	2026-08-10_00-11-36	[4]	2026-08-10_00-11-36
1	2026-08-10_00-11-36	0.3336038589477539	2026-08-10_00-11-36	11.123367309570312	2026-08-10_00-11-36	2.703195095062256	2026-08-10_00-11-36	2.9002952575683594	2026-08-10_00-11-36	2.684858798980713	2026-08-10_00-11-36	2.835017681121826	2026-08-10_00-11-36	True	2026-08-10_00-11-36	[0 0 1 0 0 0 0 0 0 0 0 0 0 0 0 0 0 0 0 0 0]	2026-08-10_00-11-36	[0 0 0 0 0 0 0 0 0 0 0 0 0 0 0 1 0 0 1 0 0]	2026-08-10_00-11-36	[0 1 0 0 1 0 0 1 0 0 0 0 0 0 0 0 0 0]	2026-08-10_00-11-36	[0 0 0 0 0 0 0 0 0 0 1 0 1 0 0 0 0 0]	2026-08-10_00-11-36	[4]	2026-08-10_00-11-36	[0 0 0 0 0 0 0 0 0 0 0 0 0 0 0 0 0 0 0 0 0]	2026-08-10_00-11-36	[0 0 0 0 0 0 0 0 0 0 0 0 0 0 0 0 0 0 1 0 0]	2026-08-10_00-11-36	[0 0 0 0 1 0 0 1 0 0 0 0 0 0 0 0 0 0]	2026-08-10_00-11-36	[0 0 0 0 0 0 0 0 0 0 0 0 1 0 0 0 0 0]	2026-08-10_00-11-36	[18]	2026-08-10_00-11-36
1	2026-08-10_00-11-36	-0.75	2026-08-10_00-11-36	11.043008804321289	2026-08-10_00-11-36	2.7845373153686523	2026-08-10_00-11-36	2.8514456748962402	2026-08-10_00-11-36	2.5938494205474854	2026-08-10_00-11-36	2.813175678253174	2026-08-10_00-11-36	True	2026-08-10_00-11-36	[0 0 0 0 0 0 0 0 0 0 0 0 0 0 0 0 0 0 0 0 0]	2026-08-10_00-11-36	[0 0 0 0 0 0 0 0 0 0 0 0 0 0 0 0 0 0 1 0 0]	2026-08-10_00-11-36	[0 0 0 0 1 0 0 1 0 0 0 0 0 0 0 0 0 0]	2026-08-10_00-11-36	[0 0 0 0 0 0 0 0 0 0 0 0 1 0 0 0 0 0]	2026-08-10_00-11-36	[18]	2026-08-10_00-11-36	[0 0 1 0 0 0 0 0 0 0 0 0 0 0 0 0 0 0 0 0 0]	2026-08-10_00-11-36	[0 0 0 0 0 0 0 0 0 0 0 0 0 0 0 1 0 0 1 0 0]	2026-08-10_00-11-36	[0 1 0 0 1 0 0 1 0 0 0 0 0 0 0 0 0 0]	2026-08-10_00-11-36	[0 0 0 0 0 0 0 0 0 0 1 0 1 0 0 0 0 0]	2026-08-10_00-11-36	[4]	2026-08-10_00-11-36
1	2026-08-10_00-11-36	0.32163816690444946	2026-08-10_00-11-36	11.254950523376465	2026-08-10_00-11-36	2.7605559825897217	2026-08-10_00-11-36	2.91701340675354	2026-08-10_00-11-36	2.7225887775421143	2026-08-10_00-11-36	2.854792594909668	2026-08-10_00-11-36	True	2026-08-10_00-11-36	[0 0 1 0 0 0 0 0 0 0 0 0 0 0 0 0 0 0 0 0 0]	2026-08-10_00-11-36	[0 0 0 0 0 0 0 0 0 0 0 0 0 0 0 1 0 0 1 0 0]	2026-08-10_00-11-36	[0 1 0 0 1 0 0 1 0 0 0 0 0 0 0 0 0 0]	2026-08-10_00-11-36	[0 0 0 0 0 0 0 0 0 0 1 0 1 0 0 0 0 0]	2026-08-10_00-11-36	[4]	2026-08-10_00-11-36	[0 0 0 0 0 0 0 0 0 0 0 0 0 0 0 0 0 0 0 0 0]	2026-08-10_00-11-36	[0 0 0 0 0 0 0 0 0 0 0 0 0 0 0 0 0 0 1 0 0]	2026-08-10_00-11-36	[0 0 0 0 1 0 0 1 0 0 0 0 0 0 0 0 0 0]	2026-08-10_00-11-36	[0 0 0 0 0 0 0 0 0 0 0 0 1 0 0 0 0 0]	2026-08-10_00-11-36	[18]	2026-08-10_00-11-36
1	2026-08-10_00-11-36	-0.75	2026-08-10_00-11-36	11.057153701782227	2026-08-10_00-11-36	2.7948708534240723	2026-08-10_00-11-36	2.8550992012023926	2026-08-10_00-11-36	2.594773530960083	2026-08-10_00-11-36	2.812410354614258	2026-08-10_00-11-36	True	2026-08-10_00-11-36	[0 0 0 0 0 0 0 0 0 0 0 0 0 0 0 0 0 0 0 0 0]	2026-08-10_00-11-36	[0 0 0 0 0 0 0 0 0 0 0 0 0 0 0 0 0 0 1 0 0]	2026-08-10_00-11-36	[0 0 0 0 1 0 0 1 0 0 0 0 0 0 0 0 0 0]	2026-08-10_00-11-36	[0 0 0 0 0 0 0 0 0 0 0 0 1 0 0 0 0 0]	2026-08-10_00-11-36	[18]	2026-08-10_00-11-36	[0 0 1 0 0 0 0 0 0 0 0 0 0 0 0 0 0 0 0 0 0]	2026-08-10_00-11-36	[0 0 0 0 0 0 0 0 0 0 0 0 0 0 0 1 0 0 1 0 0]	2026-08-10_00-11-36	[0 1 0 0 1 0 0 1 0 0 0 0 0 0 0 0 0 0]	2026-08-10_00-11-36	[0 0 0 0 0 0 0 0 0 0 1 0 1 0 0 0 0 0]	2026-08-10_00-11-36	[4]	2026-08-10_00-11-36
1	2026-08-10_00-11-36	0.369967520236969	2026-08-10_00-11-36	11.025553703308105	2026-08-10_00-11-36	2.6718802452087402	2026-08-10_00-11-36	2.8815202713012695	2026-08-10_00-11-36	2.6550867557525635	2026-08-10_00-11-36	2.817066192626953	2026-08-10_00-11-36	True	2026-08-10_00-11-36	[0 0 1 0 0 0 0 0 0 0 0 0 0 0 0 0 0 0 0 0 0]	2026-08-10_00-11-36	[0 0 0 0 0 0 0 0 0 0 0 0 0 0 0 1 0 0 1 0 0]	2026-08-10_00-11-36	[0 1 0 0 1 0 0 1 0 0 0 0 0 0 0 0 0 0]	2026-08-10_00-11-36	[0 0 0 0 0 0 0 0 0 0 1 0 1 0 0 0 0 0]	2026-08-10_00-11-36	[4]	2026-08-10_00-11-36	[0 0 0 0 0 0 0 0 0 0 0 0 0 0 0 0 0 0 0 0 0]	2026-08-10_00-11-36	[0 0 0 0 0 0 0 0 0 0 0 0 0 0 0 0 0 0 1 0 0]	2026-08-10_00-11-36	[0 0 0 0 1 0 0 1 0 0 0 0 0 0 0 0 0 0]	2026-08-10_00-11-36	[0 0 0 0 0 0 0 0 0 0 0 0 1 0 0 0 0 0]	2026-08-10_00-11-36	[18]	2026-08-10_00-11-36
1	2026-08-10_00-11-36	-0.75	2026-08-10_00-11-36	11.087994575500488	2026-08-10_00-11-36	2.796274423599243	2026-08-10_00-11-36	2.8627724647521973	2026-08-10_00-11-36	2.6162726879119873	2026-08-10_00-11-36	2.8126747608184814	2026-08-10_00-11-36	True	2026-08-10_00-11-36	[0 0 0 0 0 0 0 0 0 0 0 0 0 0 0 0 0 0 0 0 0]	2026-08-10_00-11-36	[0 0 0 0 0 0 0 0 0 0 0 0 0 0 0 0 0 0 1 0 0]	2026-08-10_00-11-36	[0 0 0 0 1 0 0 1 0 0 0 0 0 0 0 0 0 0]	2026-08-10_00-11-36	[0 0 0 0 0 0 0 0 0 0 0 0 1 0 0 0 0 0]	2026-08-10_00-11-36	[18]	2026-08-10_00-11-36	[0 0 1 0 0 0 0 0 0 0 0 0 0 0 0 0 0 0 0 0 0]	2026-08-10_00-11-36	[0 0 0 0 0 0 0 0 0 0 0 0 0 0 0 1 0 0 1 0 0]	2026-08-10_00-11-36	[0 1 0 0 1 0 0 1 0 0 0 0 0 0 0 0 0 0]	2026-08-10_00-11-36	[0 0 0 0 0 0 0 0 0 0 1 0 1 0 0 0 0 0]	2026-08-10_00-11-36	[4]	2026-08-10_00-11-36
1	2026-08-10_00-11-36	0.3273877501487732	2026-08-10_00-11-36	11.05140495300293	2026-08-10_00-11-36	2.6839542388916016	2026-08-10_00-11-36	2.8848817348480225	2026-08-10_00-11-36	2.661714553833008	2026-08-10_00-11-36	2.8208541870117188	2026-08-10_00-11-36	True	2026-08-10_00-11-36	[0 0 1 0 0 0 0 0 0 0 0 0 0 0 0 0 0 0 0 0 0]	2026-08-10_00-11-36	[0 0 0 0 0 0 0 0 0 0 0 0 0 0 0 1 0 0 1 0 0]	2026-08-10_00-11-36	[0 1 0 0 1 0 0 1 0 0 0 0 0 0 0 0 0 0]	2026-08-10_00-11-36	[0 0 0 0 0 0 0 0 0 0 1 0 1 0 0 0 0 0]	2026-08-10_00-11-36	[4]	2026-08-10_00-11-36	[0 0 0 0 0 0 0 0 0 0 0 0 0 0 0 0 0 0 0 0 0]	2026-08-10_00-11-36	[0 0 0 0 0 0 0 0 0 0 0 0 0 0 0 0 0 0 1 0 0]	2026-08-10_00-11-36	[0 0 0 0 1 0 0 1 0 0 0 0 0 0 0 0 0 0]	2026-08-10_00-11-36	[0 0 0 0 0 0 0 0 0 0 0 0 1 0 0 0 0 0]	2026-08-10_00-11-36	[18]	2026-08-10_00-11-36
1	2026-08-10_00-11-36	-0.75	2026-08-10_00-11-36	10.953414916992188	2026-08-10_00-11-36	2.7509865760803223	2026-08-10_00-11-36	2.8330881595611572	2026-08-10_00-11-36	2.5661511421203613	2026-08-10_00-11-36	2.8031880855560303	2026-08-10_00-11-36	True	2026-08-10_00-11-36	[0 0 0 0 0 0 0 0 0 0 0 0 0 0 0 0 0 0 0 0 0]	2026-08-10_00-11-36	[0 0 0 0 0 0 0 0 0 0 0 0 0 0 0 0 0 0 1 0 0]	2026-08-10_00-11-36	[0 0 0 0 1 0 0 1 0 0 0 0 0 0 0 0 0 0]	2026-08-10_00-11-36	[0 0 0 0 0 0 0 0 0 0 0 0 1 0 0 0 0 0]	2026-08-10_00-11-36	[18]	2026-08-10_00-11-36	[0 0 1 0 0 0 0 0 0 0 0 0 0 0 0 0 0 0 0 0 0]	2026-08-10_00-11-36	[0 0 0 0 0 0 0 0 0 0 0 0 0 0 0 1 0 0 1 0 0]	2026-08-10_00-11-36	[0 1 0 0 1 0 0 1 0 0 0 0 0 0 0 0 0 0]	2026-08-10_00-11-36	[0 0 0 0 0 0 0 0 0 0 1 0 1 0 0 0 0 0]	2026-08-10_00-11-36	[4]	2026-08-10_00-11-36
1	2026-08-10_00-11-36	-0.625	2026-08-10_00-11-36	11.05279541015625	2026-08-10_00-11-36	2.686065673828125	2026-08-10_00-11-36	2.887848138809204	2026-08-10_00-11-36	2.6593079566955566	2026-08-10_00-11-36	2.8195738792419434	2026-08-10_00-11-36	True	2026-08-10_00-11-36	[0 0 1 0 0 0 0 0 0 0 0 0 0 0 0 0 0 0 0 0 0]	2026-08-10_00-11-36	[0 0 0 0 0 0 0 0 0 0 0 0 0 0 0 1 0 0 1 0 0]	2026-08-10_00-11-36	[0 1 0 0 1 0 0 1 0 0 0 0 0 0 0 0 0 0]	2026-08-10_00-11-36	[0 0 0 0 0 0 0 0 0 0 1 0 1 0 0 0 0 0]	2026-08-10_00-11-36	[4]	2026-08-10_00-11-36	[0 0 1 0 0 0 0 0 0 0 0 0 0 0 0 0 0 0 1 0 0]	2026-08-10_00-11-36	[0 0 0 0 0 0 0 0 0 0 0 0 0 0 0 0 0 0 1 0 0]	2026-08-10_00-11-36	[0 0 0 0 1 0 0 1 0 0 0 0 0 0 0 0 0 0]	2026-08-10_00-11-36	[0 0 0 0 0 0 0 0 0 0 0 0 1 0 0 0 0 0]	2026-08-10_00-11-36	[6]	2026-08-10_00-11-36
1	2026-08-10_00-11-36	-0.25	2026-08-10_00-11-36	11.114421844482422	2026-08-10_00-11-36	2.750673770904541	2026-08-10_00-11-36	2.8722503185272217	2026-08-10_00-11-36	2.649418830871582	2026-08-10_00-11-36	2.8420796394348145	2026-08-10_00-11-36	True	2026-08-10_00-11-36	[0 0 1 0 0 0 0 0 0 0 0 0 0 0 0 0 0 0 1 0 0]	2026-08-10_00-11-36	[0 0 0 0 0 0 0 0 0 0 0 0 0 0 0 0 0 0 1 0 0]	2026-08-10_00-11-36	[0 0 0 0 1 0 0 1 0 0 0 0 0 0 0 0 0 0]	2026-08-10_00-11-36	[0 0 0 0 0 0 0 0 0 0 0 0 1 0 0 0 0 0]	2026-08-10_00-11-36	[6]	2026-08-10_00-11-36	[0 0 0 0 0 0 0 0 0 0 0 0 0 0 0 0 0 0 1 0 0]	2026-08-10_00-11-36	[0 0 0 0 0 0 0 0 0 0 0 0 0 0 0 1 0 0 1 0 0]	2026-08-10_00-11-36	[0 1 0 0 1 0 0 1 0 0 0 0 0 0 0 0 0 0]	2026-08-10_00-11-36	[0 0 0 0 0 0 0 0 0 0 1 0 1 0 0 0 0 0]	2026-08-10_00-11-36	[12]	2026-08-10_00-11-36
1	2026-08-10_00-11-36	-0.625	2026-08-10_00-11-36	10.970136642456055	2026-08-10_00-11-36	2.6813735961914062	2026-08-10_00-11-36	2.856729745864868	2026-08-10_00-11-36	2.6233205795288086	2026-08-10_00-11-36	2.80871319770813	2026-08-10_00-11-36	True	2026-08-10_00-11-36	[0 0 0 0 0 0 0 0 0 0 0 0 0 0 0 0 0 0 1 0 0]	2026-08-10_00-11-36	[0 0 0 0 0 0 0 0 0 0 0 0 0 0 0 1 0 0 1 0 0]	2026-08-10_00-11-36	[0 1 0 0 1 0 0 1 0 0 0 0 0 0 0 0 0 0]	2026-08-10_00-11-36	[0 0 0 0 0 0 0 0 0 0 1 0 1 0 0 0 0 0]	2026-08-10_00-11-36	[12]	2026-08-10_00-11-36	[0 0 1 0 0 0 0 0 0 0 0 0 0 0 0 0 0 0 1 0 0]	2026-08-10_00-11-36	[0 0 0 0 0 0 0 0 0 0 0 0 0 0 0 0 0 0 1 0 0]	2026-08-10_00-11-36	[0 0 0 0 1 0 0 1 0 0 0 0 0 0 0 0 0 0]	2026-08-10_00-11-36	[0 0 0 0 0 0 0 0 0 0 0 0 1 0 0 0 0 0]	2026-08-10_00-11-36	[6]	2026-08-10_00-11-36
1	2026-08-10_00-11-36	-0.25	2026-08-10_00-11-36	10.969747543334961	2026-08-10_00-11-36	2.6789562702178955	2026-08-10_00-11-36	2.849553108215332	2026-08-10_00-11-36	2.618518352508545	2026-08-10_00-11-36	2.8227195739746094	2026-08-10_00-11-36	True	2026-08-10_00-11-36	[0 0 1 0 0 0 0 0 0 0 0 0 0 0 0 0 0 0 1 0 0]	2026-08-10_00-11-36	[0 0 0 0 0 0 0 0 0 0 0 0 0 0 0 0 0 0 1 0 0]	2026-08-10_00-11-36	[0 0 0 0 1 0 0 1 0 0 0 0 0 0 0 0 0 0]	2026-08-10_00-11-36	[0 0 0 0 0 0 0 0 0 0 0 0 1 0 0 0 0 0]	2026-08-10_00-11-36	[6]	2026-08-10_00-11-36	[0 0 0 0 0 0 0 0 0 0 0 0 0 0 0 0 0 0 1 0 0]	2026-08-10_00-11-36	[0 0 0 0 0 0 0 0 0 0 0 0 0 0 0 1 0 0 1 0 0]	2026-08-10_00-11-36	[0 1 0 0 1 0 0 1 0 0 0 0 0 0 0 0 0 0]	2026-08-10_00-11-36	[0 0 0 0 0 0 0 0 0 0 1 0 1 0 0 0 0 0]	2026-08-10_00-11-36	[12]	2026-08-10_00-11-36
1	2026-08-10_00-11-36	-0.625	2026-08-10_00-11-36	11.233198165893555	2026-08-10_00-11-36	2.788485050201416	2026-08-10_00-11-36	2.9010016918182373	2026-08-10_00-11-36	2.6947221755981445	2026-08-10_00-11-36	2.848989963531494	2026-08-10_00-11-36	True	2026-08-10_00-11-36	[0 0 0 0 0 0 0 0 0 0 0 0 0 0 0 0 0 0 1 0 0]	2026-08-10_00-11-36	[0 0 0 0 0 0 0 0 0 0 0 0 0 0 0 1 0 0 1 0 0]	2026-08-10_00-11-36	[0 1 0 0 1 0 0 1 0 0 0 0 0 0 0 0 0 0]	2026-08-10_00-11-36	[0 0 0 0 0 0 0 0 0 0 1 0 1 0 0 0 0 0]	2026-08-10_00-11-36	[12]	2026-08-10_00-11-36	[0 0 1 0 0 0 0 0 0 0 0 0 0 0 0 0 0 0 1 0 0]	2026-08-10_00-11-36	[0 0 0 0 0 0 0 0 0 0 0 0 0 0 0 0 0 0 1 0 0]	2026-08-10_00-11-36	[0 0 0 0 1 0 0 1 0 0 0 0 0 0 0 0 0 0]	2026-08-10_00-11-36	[0 0 0 0 0 0 0 0 0 0 0 0 1 0 0 0 0 0]	2026-08-10_00-11-36	[6]	2026-08-10_00-11-36
1	2026-08-10_00-11-36	-0.25	2026-08-10_00-11-36	11.092721939086914	2026-08-10_00-11-36	2.734498977661133	2026-08-10_00-11-36	2.869202136993408	2026-08-10_00-11-36	2.6485533714294434	2026-08-10_00-11-36	2.8404672145843506	2026-08-10_00-11-36	True	2026-08-10_00-11-36	[0 0 1 0 0 0 0 0 0 0 0 0 0 0 0 0 0 0 1 0 0]	2026-08-10_00-11-36	[0 0 0 0 0 0 0 0 0 0 0 0 0 0 0 0 0 0 1 0 0]	2026-08-10_00-11-36	[0 0 0 0 1 0 0 1 0 0 0 0 0 0 0 0 0 0]	2026-08-10_00-11-36	[0 0 0 0 0 0 0 0 0 0 0 0 1 0 0 0 0 0]	2026-08-10_00-11-36	[6]	2026-08-10_00-11-36	[0 0 0 0 0 0 0 0 0 0 0 0 0 0 0 0 0 0 1 0 0]	2026-08-10_00-11-36	[0 0 0 0 0 0 0 0 0 0 0 0 0 0 0 1 0 0 1 0 0]	2026-08-10_00-11-36	[0 1 0 0 1 0 0 1 0 0 0 0 0 0 0 0 0 0]	2026-08-10_00-11-36	[0 0 0 0 0 0 0 0 0 0 1 0 1 0 0 0 0 0]	2026-08-10_00-11-36	[12]	2026-08-10_00-11-36
1	2026-08-10_00-11-36	-0.875	2026-08-10_00-11-36	11.082322120666504	2026-08-10_00-11-36	2.7381603717803955	2026-08-10_00-11-36	2.872532367706299	2026-08-10_00-11-36	2.6440958976745605	2026-08-10_00-11-36	2.8275325298309326	2026-08-10_00-11-36	True	2026-08-10_00-11-36	[0 0 0 0 0 0 0 0 0 0 0 0 0 0 0 0 0 0 1 0 0]	2026-08-10_00-11-36	[0 0 0 0 0 0 0 0 0 0 0 0 0 0 0 1 0 0 1 0 0]	2026-08-10_00-11-36	[0 1 0 0 1 0 0 1 0 0 0 0 0 0 0 0 0 0]	2026-08-10_00-11-36	[0 0 0 0 0 0 0 0 0 0 1 0 1 0 0 0 0 0]	2026-08-10_00-11-36	[12]	2026-08-10_00-11-36	[0 0 1 0 0 0 0 0 0 0 0 0 0 0 0 0 0 0 1 0 0]	2026-08-10_00-11-36	[0 0 0 0 0 0 0 0 0 0 0 0 0 0 0 0 0 0 1 0 0]	2026-08-10_00-11-36	[0 0 0 0 1 0 0 1 0 0 0 0 0 0 0 0 0 0]	2026-08-10_00-11-36	[1 0 0 0 0 0 0 0 0 0 1 0 1 0 0 0 0 0]	2026-08-10_00-11-36	[2]	2026-08-10_00-11-36
1	2026-08-10_00-11-36	-0.25	2026-08-10_00-11-36	11.177414894104004	2026-08-10_00-11-36	2.7438478469848633	2026-08-10_00-11-36	2.904254674911499	2026-08-10_00-11-36	2.6887905597686768	2026-08-10_00-11-36	2.840521812438965	2026-08-10_00-11-36	True	2026-08-10_00-11-36	[0 0 1 0 0 0 0 0 0 0 0 0 0 0 0 0 0 0 1 0 0]	2026-08-10_00-11-36	[0 0 0 0 0 0 0 0 0 0 0 0 0 0 0 0 0 0 1 0 0]	2026-08-10_00-11-36	[0 0 0 0 1 0 0 1 0 0 0 0 0 0 0 0 0 0]	2026-08-10_00-11-36	[1 0 0 0 0 0 0 0 0 0 1 0 1 0 0 0 0 0]	2026-08-10_00-11-36	[2]	2026-08-10_00-11-36	[0 0 0 0 0 0 0 0 0 0 0 0 0 0 0 0 0 0 1 0 0]	2026-08-10_00-11-36	[0 0 0 0 0 0 0 0 0 0 0 0 0 0 0 1 0 0 1 0 0]	2026-08-10_00-11-36	[0 1 0 0 1 0 0 1 0 0 0 0 0 0 0 0 0 0]	2026-08-10_00-11-36	[1 0 0 0 0 0 0 0 0 0 0 0 1 0 0 0 0 0]	2026-08-10_00-11-36	[12]	2026-08-10_00-11-36
1	2026-08-10_00-11-36	-0.625	2026-08-10_00-11-36	11.137505531311035	2026-08-10_00-11-36	2.7589340209960938	2026-08-10_00-11-36	2.8746070861816406	2026-08-10_00-11-36	2.6612114906311035	2026-08-10_00-11-36	2.8427531719207764	2026-08-10_00-11-36	True	2026-08-10_00-11-36	[0 0 0 0 0 0 0 0 0 0 0 0 0 0 0 0 0 0 1 0 0]	2026-08-10_00-11-36	[0 0 0 0 0 0 0 0 0 0 0 0 0 0 0 1 0 0 1 0 0]	2026-08-10_00-11-36	[0 1 0 0 1 0 0 1 0 0 0 0 0 0 0 0 0 0]	2026-08-10_00-11-36	[1 0 0 0 0 0 0 0 0 0 0 0 1 0 0 0 0 0]	2026-08-10_00-11-36	[12]	2026-08-10_00-11-36	[0 0 1 0 0 0 0 0 0 0 0 0 0 0 0 0 0 0 1 0 0]	2026-08-10_00-11-36	[0 0 0 0 0 0 0 0 0 0 0 0 0 0 0 0 0 0 1 0 0]	2026-08-10_00-11-36	[0 0 0 0 1 0 0 1 0 0 0 0 0 0 0 0 0 0]	2026-08-10_00-11-36	[0 0 0 0 0 0 0 0 0 0 0 0 1 0 0 0 0 0]	2026-08-10_00-11-36	[6]	2026-08-10_00-11-36
1	2026-08-10_00-11-36	-0.25	2026-08-10_00-11-36	10.97964859008789	2026-08-10_00-11-36	2.674772262573242	2026-08-10_00-11-36	2.8561620712280273	2026-08-10_00-11-36	2.6275854110717773	2026-08-10_00-11-36	2.821129083633423	2026-08-10_00-11-36	True	2026-08-10_00-11-36	[0 0 1 0 0 0 0 0 0 0 0 0 0 0 0 0 0 0 1 0 0]	2026-08-10_00-11-36	[0 0 0 0 0 0 0 0 0 0 0 0 0 0 0 0 0 0 1 0 0]	2026-08-10_00-11-36	[0 0 0 0 1 0 0 1 0 0 0 0 0 0 0 0 0 0]	2026-08-10_00-11-36	[0 0 0 0 0 0 0 0 0 0 0 0 1 0 0 0 0 0]	2026-08-10_00-11-36	[6]	2026-08-10_00-11-36	[0 0 0 0 0 0 0 0 0 0 0 0 0 0 0 0 0 0 1 0 0]	2026-08-10_00-11-36	[0 0 0 0 0 0 0 0 0 0 0 0 0 0 0 1 0 0 1 0 0]	2026-08-10_00-11-36	[0 1 0 0 1 0 0 1 0 0 0 0 0 0 0 0 0 0]	2026-08-10_00-11-36	[0 0 0 0 0 0 0 0 0 0 1 0 1 0 0 0 0 0]	2026-08-10_00-11-36	[12]	2026-08-10_00-11-36
1	2026-08-10_00-11-36	-0.625	2026-08-10_00-11-36	11.252266883850098	2026-08-10_00-11-36	2.7955667972564697	2026-08-10_00-11-36	2.910536050796509	2026-08-10_00-11-36	2.697770357131958	2026-08-10_00-11-36	2.848393440246582	2026-08-10_00-11-36	True	2026-08-10_00-11-36	[0 0 0 0 0 0 0 0 0 0 0 0 0 0 0 0 0 0 1 0 0]	2026-08-10_00-11-36	[0 0 0 0 0 0 0 0 0 0 0 0 0 0 0 1 0 0 1 0 0]	2026-08-10_00-11-36	[0 1 0 0 1 0 0 1 0 0 0 0 0 0 0 0 0 0]	2026-08-10_00-11-36	[0 0 0 0 0 0 0 0 0 0 1 0 1 0 0 0 0 0]	2026-08-10_00-11-36	[12]	2026-08-10_00-11-36	[0 0 1 0 0 0 0 0 0 0 0 0 0 0 0 0 0 0 1 0 0]	2026-08-10_00-11-36	[0 0 0 0 0 0 0 0 0 0 0 0 0 0 0 0 0 0 1 0 0]	2026-08-10_00-11-36	[0 0 0 0 1 0 0 1 0 0 0 0 0 0 0 0 0 0]	2026-08-10_00-11-36	[0 0 0 0 0 0 0 0 0 0 0 0 1 0 0 0 0 0]	2026-08-10_00-11-36	[6]	2026-08-10_00-11-36
1	2026-08-10_00-11-36	-0.25	2026-08-10_00-11-36	10.923778533935547	2026-08-10_00-11-36	2.660041570663452	2026-08-10_00-11-36	2.843278169631958	2026-08-10_00-11-36	2.6070573329925537	2026-08-10_00-11-36	2.813401460647583	2026-08-10_00-11-36	True	2026-08-10_00-11-36	[0 0 1 0 0 0 0 0 0 0 0 0 0 0 0 0 0 0 1 0 0]	2026-08-10_00-11-36	[0 0 0 0 0 0 0 0 0 0 0 0 0 0 0 0 0 0 1 0 0]	2026-08-10_00-11-36	[0 0 0 0 1 0 0 1 0 0 0 0 0 0 0 0 0 0]	2026-08-10_00-11-36	[0 0 0 0 0 0 0 0 0 0 0 0 1 0 0 0 0 0]	2026-08-10_00-11-36	[6]	2026-08-10_00-11-36	[0 0 0 0 0 0 0 0 0 0 0 0 0 0 0 0 0 0 1 0 0]	2026-08-10_00-11-36	[0 0 0 0 0 0 0 0 0 0 0 0 0 0 0 1 0 0 1 0 0]	2026-08-10_00-11-36	[0 1 0 0 1 0 0 1 0 0 0 0 0 0 0 0 0 0]	2026-08-10_00-11-36	[0 0 0 0 0 0 0 0 0 0 1 0 1 0 0 0 0 0]	2026-08-10_00-11-36	[12]	2026-08-10_00-11-36
1	2026-08-10_00-11-36	-0.625	2026-08-10_00-11-36	11.078972816467285	2026-08-10_00-11-36	2.7332029342651367	2026-08-10_00-11-36	2.8707339763641357	2026-08-10_00-11-36	2.645184278488159	2026-08-10_00-11-36	2.8298511505126953	2026-08-10_00-11-36	True	2026-08-10_00-11-36	[0 0 0 0 0 0 0 0 0 0 0 0 0 0 0 0 0 0 1 0 0]	2026-08-10_00-11-36	[0 0 0 0 0 0 0 0 0 0 0 0 0 0 0 1 0 0 1 0 0]	2026-08-10_00-11-36	[0 1 0 0 1 0 0 1 0 0 0 0 0 0 0 0 0 0]	2026-08-10_00-11-36	[0 0 0 0 0 0 0 0 0 0 1 0 1 0 0 0 0 0]	2026-08-10_00-11-36	[12]	2026-08-10_00-11-36	[0 0 1 0 0 0 0 0 0 0 0 0 0 0 0 0 0 0 1 0 0]	2026-08-10_00-11-36	[0 0 0 0 0 0 0 0 0 0 0 0 0 0 0 0 0 0 1 0 0]	2026-08-10_00-11-36	[0 0 0 0 1 0 0 1 0 0 0 0 0 0 0 0 0 0]	2026-08-10_00-11-36	[0 0 0 0 0 0 0 0 0 0 0 0 1 0 0 0 0 0]	2026-08-10_00-11-36	[6]	2026-08-10_00-11-36
1	2026-08-10_00-11-36	-0.25	2026-08-10_00-11-36	11.01291561126709	2026-08-10_00-11-36	2.6992695331573486	2026-08-10_00-11-36	2.854952812194824	2026-08-10_00-11-36	2.632181167602539	2026-08-10_00-11-36	2.826512098312378	2026-08-10_00-11-36	True	2026-08-10_00-11-36	[0 0 1 0 0 0 0 0 0 0 0 0 0 0 0 0 0 0 1 0 0]	2026-08-10_00-11-36	[0 0 0 0 0 0 0 0 0 0 0 0 0 0 0 0 0 0 1 0 0]	2026-08-10_00-11-36	[0 0 0 0 1 0 0 1 0 0 0 0 0 0 0 0 0 0]	2026-08-10_00-11-36	[0 0 0 0 0 0 0 0 0 0 0 0 1 0 0 0 0 0]	2026-08-10_00-11-36	[6]	2026-08-10_00-11-36	[0 0 0 0 0 0 0 0 0 0 0 0 0 0 0 0 0 0 1 0 0]	2026-08-10_00-11-36	[0 0 0 0 0 0 0 0 0 0 0 0 0 0 0 1 0 0 1 0 0]	2026-08-10_00-11-36	[0 1 0 0 1 0 0 1 0 0 0 0 0 0 0 0 0 0]	2026-08-10_00-11-36	[0 0 0 0 0 0 0 0 0 0 1 0 1 0 0 0 0 0]	2026-08-10_00-11-36	[12]	2026-08-10_00-11-36
1	2026-08-10_00-11-36	-0.625	2026-08-10_00-11-36	11.12359619140625	2026-08-10_00-11-36	2.748422622680664	2026-08-10_00-11-36	2.8792409896850586	2026-08-10_00-11-36	2.656921625137329	2026-08-10_00-11-36	2.8390109539031982	2026-08-10_00-11-36	True	2026-08-10_00-11-36	[0 0 0 0 0 0 0 0 0 0 0 0 0 0 0 0 0 0 1 0 0]	2026-08-10_00-11-36	[0 0 0 0 0 0 0 0 0 0 0 0 0 0 0 1 0 0 1 0 0]	2026-08-10_00-11-36	[0 1 0 0 1 0 0 1 0 0 0 0 0 0 0 0 0 0]	2026-08-10_00-11-36	[0 0 0 0 0 0 0 0 0 0 1 0 1 0 0 0 0 0]	2026-08-10_00-11-36	[12]	2026-08-10_00-11-36	[0 0 1 0 0 0 0 0 0 0 0 0 0 0 0 0 0 0 1 0 0]	2026-08-10_00-11-36	[0 0 0 0 0 0 0 0 0 0 0 0 0 0 0 0 0 0 1 0 0]	2026-08-10_00-11-36	[0 0 0 0 1 0 0 1 0 0 0 0 0 0 0 0 0 0]	2026-08-10_00-11-36	[0 0 0 0 0 0 0 0 0 0 0 0 1 0 0 0 0 0]	2026-08-10_00-11-36	[6]	2026-08-10_00-11-36
2	2026-08-10_21-41-09	-1.0	2026-08-10_21-41-09	10.634387016296387	2026-08-10_21-41-09	2.590419292449951	2026-08-10_21-41-09	2.8504419326782227	2026-08-10_21-41-09	2.6772687435150146	2026-08-10_21-41-09	2.5162572860717773	2026-08-10_21-41-09	False	2026-08-10_21-41-09	[0 0 0 0 0 0 0 0 0 0 0 0 0 0 0 0 0 0 0 0 0]	2026-08-10_21-41-09	[0 0 0 0 1 0 0 0 0 0 0 0 0 0 0 0 0 0 0 0 0]	2026-08-10_21-41-09	[0 0 0 0 0 0 0 0 0 0 0 0 0 1 0 0 0 0]	2026-08-10_21-41-09	[0 0 0 0 0 0 0 0 0 0 0 0 0 0 0 0 0 0]	2026-08-10_21-41-09	[0]	2026-08-10_21-41-09	[0 0 0 0 0 0 0 0 0 0 0 0 0 0 0 0 0 0 1 0 0]	2026-08-10_21-41-09	[0 0 0 0 1 0 0 0 0 0 0 0 0 0 0 1 0 0 0 0 0]	2026-08-10_21-41-09	[0 1 0 0 0 0 0 0 0 0 0 0 0 1 0 0 0 0]	2026-08-10_21-41-09	[0 0 0 0 0 0 0 0 0 0 0 0 0 0 0 0 0 0]	2026-08-10_21-41-09	[0]	2026-08-10_21-41-09
2	2026-08-10_21-41-09	-1.0	2026-08-10_21-41-09	10.809427261352539	2026-08-10_21-41-09	2.629281520843506	2026-08-10_21-41-09	2.8571219444274902	2026-08-10_21-41-09	2.7205774784088135	2026-08-10_21-41-09	2.602447032928467	2026-08-10_21-41-09	False	2026-08-10_21-41-09	[0 0 0 0 0 0 0 0 0 0 0 0 0 0 0 0 0 0 1 0 0]	2026-08-10_21-41-09	[0 0 0 0 1 0 0 0 0 0 0 0 0 0 0 1 0 0 0 0 0]	2026-08-10_21-41-09	[0 1 0 0 0 0 0 0 0 0 0 0 0 1 0 0 0 0]	2026-08-10_21-41-09	[0 0 0 0 0 0 0 0 0 0 0 0 0 0 0 0 0 0]	2026-08-10_21-41-09	[0]	2026-08-10_21-41-09	[0 0 0 0 0 0 0 0 0 0 0 0 0 0 0 0 0 0 0 0 0]	2026-08-10_21-41-09	[0 0 0 0 1 0 0 0 0 0 0 0 0 0 0 0 0 0 0 0 0]	2026-08-10_21-41-09	[0 0 0 0 0 0 0 0 0 0 0 0 0 1 0 0 0 0]	2026-08-10_21-41-09	[0 0 0 0 0 0 0 0 0 0 0 0 0 0 0 0 0 0]	2026-08-10_21-41-09	[0]	2026-08-10_21-41-09
2	2026-08-10_21-41-09	-1.0	2026-08-10_21-41-09	10.50026798248291	2026-08-10_21-41-09	2.548600673675537	2026-08-10_21-41-09	2.8269405364990234	2026-08-10_21-41-09	2.6595473289489746	2026-08-10_21-41-09	2.465179681777954	2026-08-10_21-41-09	False	2026-08-10_21-41-09	[0 0 0 0 0 0 0 0 0 0 0 0 0 0 0 0 0 0 0 0 0]	2026-08-10_21-41-09	[0 0 0 0 1 0 0 0 0 0 0 0 0 0 0 0 0 0 0 0 0]	2026-08-10_21-41-09	[0 0 0 0 0 0 0 0 0 0 0 0 0 1 0 0 0 0]	2026-08-10_21-41-09	[0 0 0 0 0 0 0 0 0 0 0 0 0 0 0 0 0 0]	2026-08-10_21-41-09	[0]	2026-08-10_21-41-09	[0 0 0 0 0 0 0 0 0 0 0 0 0 0 0 0 0 0 1 0 0]	2026-08-10_21-41-09	[0 0 0 0 1 0 0 0 0 0 0 0 0 0 0 1 0 0 0 0 0]	2026-08-10_21-41-09	[0 1 0 0 0 0 0 0 0 0 0 0 0 1 0 0 0 0]	2026-08-10_21-41-09	[0 0 0 0 0 0 0 0 0 0 0 0 0 0 0 0 0 0]	2026-08-10_21-41-09	[0]	2026-08-10_21-41-09
2	2026-08-10_21-41-09	-1.0	2026-08-10_21-41-09	10.779175758361816	2026-08-10_21-41-09	2.6142029762268066	2026-08-10_21-41-09	2.8439040184020996	2026-08-10_21-41-09	2.7124664783477783	2026-08-10_21-41-09	2.608602523803711	2026-08-10_21-41-09	False	2026-08-10_21-41-09	[0 0 0 0 0 0 0 0 0 0 0 0 0 0 0 0 0 0 1 0 0]	2026-08-10_21-41-09	[0 0 0 0 1 0 0 0 0 0 0 0 0 0 0 1 0 0 0 0 0]	2026-08-10_21-41-09	[0 1 0 0 0 0 0 0 0 0 0 0 0 1 0 0 0 0]	2026-08-10_21-41-09	[0 0 0 0 0 0 0 0 0 0 0 0 0 0 0 0 0 0]	2026-08-10_21-41-09	[0]	2026-08-10_21-41-09	[0 0 0 0 0 0 0 0 0 0 0 0 0 0 0 0 0 0 0 0 0]	2026-08-10_21-41-09	[0 0 0 0 1 0 0 0 0 0 0 0 0 0 0 0 0 0 0 0 0]	2026-08-10_21-41-09	[0 0 0 0 0 0 0 0 0 0 0 0 0 1 0 0 0 0]	2026-08-10_21-41-09	[0 0 0 0 0 0 0 0 0 0 0 0 0 0 0 0 0 0]	2026-08-10_21-41-09	[0]	2026-08-10_21-41-09
2	2026-08-10_21-41-09	-1.0	2026-08-10_21-41-09	10.613698959350586	2026-08-10_21-41-09	2.5819127559661865	2026-08-10_21-41-09	2.8508353233337402	2026-08-10_21-41-09	2.6725049018859863	2026-08-10_21-41-09	2.5084452629089355	2026-08-10_21-41-09	False	2026-08-10_21-41-09	[0 0 0 0 0 0 0 0 0 0 0 0 0 0 0 0 0 0 0 0 0]	2026-08-10_21-41-09	[0 0 0 0 1 0 0 0 0 0 0 0 0 0 0 0 0 0 0 0 0]	2026-08-10_21-41-09	[0 0 0 0 0 0 0 0 0 0 0 0 0 1 0 0 0 0]	2026-08-10_21-41-09	[0 0 0 0 0 0 0 0 0 0 0 0 0 0 0 0 0 0]	2026-08-10_21-41-09	[0]	2026-08-10_21-41-09	[0 0 0 0 0 0 0 0 0 0 0 0 0 0 0 0 0 0 1 0 0]	2026-08-10_21-41-09	[0 0 0 0 1 0 0 0 0 0 0 0 0 0 0 1 0 0 0 0 0]	2026-08-10_21-41-09	[0 1 0 0 0 0 0 0 0 0 0 0 0 1 0 0 0 0]	2026-08-10_21-41-09	[0 0 0 0 0 0 0 0 0 0 0 0 0 0 0 0 0 0]	2026-08-10_21-41-09	[0]	2026-08-10_21-41-09
2	2026-08-10_21-41-09	-1.0	2026-08-10_21-41-09	10.701746940612793	2026-08-10_21-41-09	2.583768367767334	2026-08-10_21-41-09	2.8336918354034424	2026-08-10_21-41-09	2.6904284954071045	2026-08-10_21-41-09	2.593857765197754	2026-08-10_21-41-09	False	2026-08-10_21-41-09	[0 0 0 0 0 0 0 0 0 0 0 0 0 0 0 0 0 0 1 0 0]	2026-08-10_21-41-09	[0 0 0 0 1 0 0 0 0 0 0 0 0 0 0 1 0 0 0 0 0]	2026-08-10_21-41-09	[0 1 0 0 0 0 0 0 0 0 0 0 0 1 0 0 0 0]	2026-08-10_21-41-09	[0 0 0 0 0 0 0 0 0 0 0 0 0 0 0 0 0 0]	2026-08-10_21-41-09	[0]	2026-08-10_21-41-09	[0 0 0 0 0 0 0 0 0 0 0 0 0 0 0 0 0 0 0 0 0]	2026-08-10_21-41-09	[0 0 0 0 1 0 0 0 0 0 0 0 0 0 0 0 0 0 0 0 0]	2026-08-10_21-41-09	[0 0 0 0 0 0 0 0 0 0 0 0 0 1 0 0 0 0]	2026-08-10_21-41-09	[0 0 0 0 0 0 0 0 0 0 0 0 0 0 0 0 0 0]	2026-08-10_21-41-09	[0]	2026-08-10_21-41-09
2	2026-08-10_21-41-09	-1.0	2026-08-10_21-41-09	10.689740180969238	2026-08-10_21-41-09	2.6204495429992676	2026-08-10_21-41-09	2.868762254714966	2026-08-10_21-41-09	2.6886768341064453	2026-08-10_21-41-09	2.5118510723114014	2026-08-10_21-41-09	False	2026-08-10_21-41-09	[0 0 0 0 0 0 0 0 0 0 0 0 0 0 0 0 0 0 0 0 0]	2026-08-10_21-41-09	[0 0 0 0 1 0 0 0 0 0 0 0 0 0 0 0 0 0 0 0 0]	2026-08-10_21-41-09	[0 0 0 0 0 0 0 0 0 0 0 0 0 1 0 0 0 0]	2026-08-10_21-41-09	[0 0 0 0 0 0 0 0 0 0 0 0 0 0 0 0 0 0]	2026-08-10_21-41-09	[0]	2026-08-10_21-41-09	[0 0 0 0 0 0 0 0 0 0 0 0 0 0 0 0 0 0 1 0 0]	2026-08-10_21-41-09	[0 0 0 0 1 0 0 0 0 0 0 0 0 0 0 1 0 0 0 0 0]	2026-08-10_21-41-09	[0 1 0 0 0 0 0 0 0 0 0 0 0 1 0 0 0 0]	2026-08-10_21-41-09	[0 0 0 0 0 0 0 0 0 0 0 0 0 0 0 0 0 0]	2026-08-10_21-41-09	[0]	2026-08-10_21-41-09
2	2026-08-10_21-41-09	-1.0	2026-08-10_21-41-09	10.906291961669922	2026-08-10_21-41-09	2.658935785293579	2026-08-10_21-41-09	2.880509376525879	2026-08-10_21-41-09	2.7395389080047607	2026-08-10_21-41-09	2.627307891845703	2026-08-10_21-41-09	False	2026-08-10_21-41-09	[0 0 0 0 0 0 0 0 0 0 0 0 0 0 0 0 0 0 1 0 0]	2026-08-10_21-41-09	[0 0 0 0 1 0 0 0 0 0 0 0 0 0 0 1 0 0 0 0 0]	2026-08-10_21-41-09	[0 1 0 0 0 0 0 0 0 0 0 0 0 1 0 0 0 0]	2026-08-10_21-41-09	[0 0 0 0 0 0 0 0 0 0 0 0 0 0 0 0 0 0]	2026-08-10_21-41-09	[0]	2026-08-10_21-41-09	[0 0 0 0 0 0 0 0 0 0 0 0 0 0 0 0 0 0 0 0 0]	2026-08-10_21-41-09	[0 0 0 0 1 0 0 0 0 0 0 0 0 0 0 1 0 0 1 0 0]	2026-08-10_21-41-09	[0 1 1 0 0 0 0 0 0 0 0 0 0 1 0 0 0 0]	2026-08-10_21-41-09	[0 0 0 0 0 0 0 0 0 0 0 0 0 0 0 0 0 0]	2026-08-10_21-41-09	[0]	2026-08-10_21-41-09
2	2026-08-10_21-41-09	-0.75	2026-08-10_21-41-09	10.866781234741211	2026-08-10_21-41-09	2.6423356533050537	2026-08-10_21-41-09	2.8711254596710205	2026-08-10_21-41-09	2.7269723415374756	2026-08-10_21-41-09	2.626347780227661	2026-08-10_21-41-09	False	2026-08-10_21-41-09	[0 0 0 0 0 0 0 0 0 0 0 0 0 0 0 0 0 0 0 0 0]	2026-08-10_21-41-09	[0 0 0 0 1 0 0 0 0 0 0 0 0 0 0 1 0 0 1 0 0]	2026-08-10_21-41-09	[0 1 1 0 0 0 0 0 0 0 0 0 0 1 0 0 0 0]	2026-08-10_21-41-09	[0 0 0 0 0 0 0 0 0 0 0 0 0 0 0 0 0 0]	2026-08-10_21-41-09	[0]	2026-08-10_21-41-09	[0 0 0 0 0 0 0 0 0 0 0 0 0 0 0 0 0 0 1 0 0]	2026-08-10_21-41-09	[0 0 0 0 1 0 0 0 0 0 0 0 0 0 0 1 0 0 0 0 0]	2026-08-10_21-41-09	[0 0 1 0 0 0 0 0 0 0 0 0 0 1 0 0 0 0]	2026-08-10_21-41-09	[0 0 0 0 0 0 0 0 0 0 0 0 0 0 0 0 0 0]	2026-08-10_21-41-09	[4]	2026-08-10_21-41-09
2	2026-08-10_21-41-09	-1.0	2026-08-10_21-41-09	10.87498664855957	2026-08-10_21-41-09	2.672086238861084	2026-08-10_21-41-09	2.7937798500061035	2026-08-10_21-41-09	2.6394050121307373	2026-08-10_21-41-09	2.7697157859802246	2026-08-10_21-41-09	False	2026-08-10_21-41-09	[0 0 0 0 0 0 0 0 0 0 0 0 0 0 0 0 0 0 1 0 0]	2026-08-10_21-41-09	[0 0 0 0 1 0 0 0 0 0 0 0 0 0 0 1 0 0 0 0 0]	2026-08-10_21-41-09	[0 0 1 0 0 0 0 0 0 0 0 0 0 1 0 0 0 0]	2026-08-10_21-41-09	[0 0 0 0 0 0 0 0 0 0 0 0 0 0 0 0 0 0]	2026-08-10_21-41-09	[4]	2026-08-10_21-41-09	[0 0 0 0 0 0 0 0 0 0 0 0 0 0 0 0 0 0 0 0 0]	2026-08-10_21-41-09	[0 1 0 0 1 0 0 0 0 0 0 0 0 0 0 1 0 0 0 0 0]	2026-08-10_21-41-09	[0 1 1 0 0 0 0 0 0 0 0 0 0 1 0 0 0 0]	2026-08-10_21-41-09	[0 0 0 0 0 0 0 0 0 1 0 0 0 0 0 0 0 0]	2026-08-10_21-41-09	[0]	2026-08-10_21-41-09
2	2026-08-10_21-41-09	-1.0	2026-08-10_21-41-09	10.858137130737305	2026-08-10_21-41-09	2.641904830932617	2026-08-10_21-41-09	2.857940912246704	2026-08-10_21-41-09	2.709085702896118	2026-08-10_21-41-09	2.6492056846618652	2026-08-10_21-41-09	False	2026-08-10_21-41-09	[0 0 0 0 0 0 0 0 0 0 0 0 0 0 0 0 0 0 0 0 0]	2026-08-10_21-41-09	[0 1 0 0 1 0 0 0 0 0 0 0 0 0 0 1 0 0 0 0 0]	2026-08-10_21-41-09	[0 1 1 0 0 0 0 0 0 0 0 0 0 1 0 0 0 0]	2026-08-10_21-41-09	[0 0 0 0 0 0 0 0 0 1 0 0 0 0 0 0 0 0]	2026-08-10_21-41-09	[0]	2026-08-10_21-41-09	[0 0 0 0 0 0 0 0 0 0 0 0 0 0 0 0 0 0 1 0 0]	2026-08-10_21-41-09	[0 1 0 0 1 0 0 0 0 0 0 0 0 0 0 0 0 0 0 0 0]	2026-08-10_21-41-09	[0 0 1 0 0 0 0 0 0 0 0 0 0 1 0 0 0 0]	2026-08-10_21-41-09	[0 0 0 0 0 0 0 0 0 1 0 0 0 0 0 0 0 0]	2026-08-10_21-41-09	[0]	2026-08-10_21-41-09
2	2026-08-10_21-41-09	-1.0	2026-08-10_21-41-09	10.632927894592285	2026-08-10_21-41-09	2.5661463737487793	2026-08-10_21-41-09	2.8012092113494873	2026-08-10_21-41-09	2.6785776615142822	2026-08-10_21-41-09	2.5869951248168945	2026-08-10_21-41-09	False	2026-08-10_21-41-09	[0 0 0 0 0 0 0 0 0 0 0 0 0 0 0 0 0 0 1 0 0]	2026-08-10_21-41-09	[0 1 0 0 1 0 0 0 0 0 0 0 0 0 0 0 0 0 0 0 0]	2026-08-10_21-41-09	[0 0 1 0 0 0 0 0 0 0 0 0 0 1 0 0 0 0]	2026-08-10_21-41-09	[0 0 0 0 0 0 0 0 0 1 0 0 0 0 0 0 0 0]	2026-08-10_21-41-09	[0]	2026-08-10_21-41-09	[0 0 0 0 0 0 0 0 0 0 0 0 0 0 0 0 0 0 0 0 0]	2026-08-10_21-41-09	[0 1 0 0 1 0 0 0 0 0 0 0 0 0 0 0 0 0 1 0 0]	2026-08-10_21-41-09	[0 1 1 0 0 0 0 0 0 0 0 0 0 1 0 0 0 0]	2026-08-10_21-41-09	[0 0 0 0 0 0 0 0 0 1 0 0 0 0 0 0 0 0]	2026-08-10_21-41-09	[0]	2026-08-10_21-41-09
2	2026-08-10_21-41-09	-1.0	2026-08-10_21-41-09	10.841629028320312	2026-08-10_21-41-09	2.6270222663879395	2026-08-10_21-41-09	2.8528027534484863	2026-08-10_21-41-09	2.71635365486145	2026-08-10_21-41-09	2.6454503536224365	2026-08-10_21-41-09	False	2026-08-10_21-41-09	[0 0 0 0 0 0 0 0 0 0 0 0 0 0 0 0 0 0 0 0 0]	2026-08-10_21-41-09	[0 1 0 0 1 0 0 0 0 0 0 0 0 0 0 0 0 0 1 0 0]	2026-08-10_21-41-09	[0 1 1 0 0 0 0 0 0 0 0 0 0 1 0 0 0 0]	2026-08-10_21-41-09	[0 0 0 0 0 0 0 0 0 1 0 0 0 0 0 0 0 0]	2026-08-10_21-41-09	[0]	2026-08-10_21-41-09	[0 0 0 0 0 0 0 0 0 0 0 0 0 0 0 0 0 0 1 0 0]	2026-08-10_21-41-09	[0 1 0 0 1 0 0 0 0 0 0 0 0 0 0 1 0 0 1 0 0]	2026-08-10_21-41-09	[0 0 1 0 0 0 0 0 0 0 0 0 0 1 0 0 0 0]	2026-08-10_21-41-09	[0 0 0 0 0 0 0 0 0 1 0 0 0 0 0 0 0 0]	2026-08-10_21-41-09	[0]	2026-08-10_21-41-09
2	2026-08-10_21-41-09	-0.25	2026-08-10_21-41-09	10.778205871582031	2026-08-10_21-41-09	2.597064733505249	2026-08-10_21-41-09	2.804412364959717	2026-08-10_21-41-09	2.7103166580200195	2026-08-10_21-41-09	2.666412353515625	2026-08-10_21-41-09	False	2026-08-10_21-41-09	[0 0 0 0 0 0 0 0 0 0 0 0 0 0 0 0 0 0 1 0 0]	2026-08-10_21-41-09	[0 1 0 0 1 0 0 0 0 0 0 0 0 0 0 1 0 0 1 0 0]	2026-08-10_21-41-09	[0 0 1 0 0 0 0 0 0 0 0 0 0 1 0 0 0 0]	2026-08-10_21-41-09	[0 0 0 0 0 0 0 0 0 1 0 0 0 0 0 0 0 0]	2026-08-10_21-41-09	[0]	2026-08-10_21-41-09	[0 0 0 0 0 0 0 0 0 0 0 0 0 0 0 0 0 0 0 0 0]	2026-08-10_21-41-09	[0 1 0 0 1 0 0 0 0 0 0 0 0 0 0 1 0 0 0 0 0]	2026-08-10_21-41-09	[0 0 1 0 0 0 0 0 0 0 0 0 1 1 0 0 0 0]	2026-08-10_21-41-09	[0 0 0 0 0 0 0 0 0 1 0 0 0 0 0 0 0 0]	2026-08-10_21-41-09	[12]	2026-08-10_21-41-09
2	2026-08-10_21-41-09	-1.0	2026-08-10_21-41-09	10.680362701416016	2026-08-10_21-41-09	2.6511902809143066	2026-08-10_21-41-09	2.7303810119628906	2026-08-10_21-41-09	2.560699462890625	2026-08-10_21-41-09	2.7380924224853516	2026-08-10_21-41-09	False	2026-08-10_21-41-09	[0 0 0 0 0 0 0 0 0 0 0 0 0 0 0 0 0 0 0 0 0]	2026-08-10_21-41-09	[0 1 0 0 1 0 0 0 0 0 0 0 0 0 0 1 0 0 0 0 0]	2026-08-10_21-41-09	[0 0 1 0 0 0 0 0 0 0 0 0 1 1 0 0 0 0]	2026-08-10_21-41-09	[0 0 0 0 0 0 0 0 0 1 0 0 0 0 0 0 0 0]	2026-08-10_21-41-09	[12]	2026-08-10_21-41-09	[0 0 0 0 0 0 0 0 0 0 0 0 0 0 0 0 1 0 0 0 0]	2026-08-10_21-41-09	[0 1 0 0 1 0 0 0 0 1 0 0 0 0 0 1 0 0 0 0 0]	2026-08-10_21-41-09	[0 1 1 0 0 0 0 0 0 0 0 0 1 1 0 0 0 0]	2026-08-10_21-41-09	[0 0 0 0 0 1 0 0 0 1 0 0 0 0 0 0 0 0]	2026-08-10_21-41-09	[0]	2026-08-10_21-41-09
2	2026-08-10_21-41-09	-1.0	2026-08-10_21-41-09	10.844280242919922	2026-08-10_21-41-09	2.6265580654144287	2026-08-10_21-41-09	2.7893736362457275	2026-08-10_21-41-09	2.7059483528137207	2026-08-10_21-41-09	2.722400665283203	2026-08-10_21-41-09	False	2026-08-10_21-41-09	[0 0 0 0 0 0 0 0 0 0 0 0 0 0 0 0 1 0 0 0 0]	2026-08-10_21-41-09	[0 1 0 0 1 0 0 0 0 1 0 0 0 0 0 1 0 0 0 0 0]	2026-08-10_21-41-09	[0 1 1 0 0 0 0 0 0 0 0 0 1 1 0 0 0 0]	2026-08-10_21-41-09	[0 0 0 0 0 1 0 0 0 1 0 0 0 0 0 0 0 0]	2026-08-10_21-41-09	[0]	2026-08-10_21-41-09	[0 0 0 0 0 0 0 0 0 0 0 0 0 0 0 0 1 0 1 0 0]	2026-08-10_21-41-09	[0 1 0 0 1 0 0 0 0 1 0 0 0 0 0 1 0 0 1 0 0]	2026-08-10_21-41-09	[0 1 1 0 0 0 0 0 0 0 0 0 1 1 0 1 0 0]	2026-08-10_21-41-09	[0 0 0 0 0 1 0 0 0 1 0 0 0 0 0 0 0 0]	2026-08-10_21-41-09	[0]	2026-08-10_21-41-09
2	2026-08-10_21-41-09	-1.0	2026-08-10_21-41-09	11.023324966430664	2026-08-10_21-41-09	2.68536639213562	2026-08-10_21-41-09	2.827596664428711	2026-08-10_21-41-09	2.7493033409118652	2026-08-10_21-41-09	2.761059284210205	2026-08-10_21-41-09	False	2026-08-10_21-41-09	[0 0 0 0 0 0 0 0 0 0 0 0 0 0 0 0 1 0 1 0 0]	2026-08-10_21-41-09	[0 1 0 0 1 0 0 0 0 1 0 0 0 0 0 1 0 0 1 0 0]	2026-08-10_21-41-09	[0 1 1 0 0 0 0 0 0 0 0 0 1 1 0 1 0 0]	2026-08-10_21-41-09	[0 0 0 0 0 1 0 0 0 1 0 0 0 0 0 0 0 0]	2026-08-10_21-41-09	[0]	2026-08-10_21-41-09	[0 0 0 0 0 0 0 0 0 0 0 0 0 0 0 0 1 0 0 0 0]	2026-08-10_21-41-09	[0 1 0 0 1 0 0 0 0 1 0 0 0 0 0 1 0 0 0 0 0]	2026-08-10_21-41-09	[0 1 1 0 0 0 0 0 0 0 0 0 1 1 0 0 0 0]	2026-08-10_21-41-09	[0 0 0 0 0 1 0 0 0 1 0 0 0 0 0 0 0 0]	2026-08-10_21-41-09	[0]	2026-08-10_21-41-09
2	2026-08-10_21-41-09	-1.0	2026-08-10_21-41-09	10.869355201721191	2026-08-10_21-41-09	2.633545160293579	2026-08-10_21-41-09	2.794550657272339	2026-08-10_21-41-09	2.7108778953552246	2026-08-10_21-41-09	2.730381965637207	2026-08-10_21-41-09	False	2026-08-10_21-41-09	[0 0 0 0 0 0 0 0 0 0 0 0 0 0 0 0 1 0 0 0 0]	2026-08-10_21-41-09	[0 1 0 0 1 0 0 0 0 1 0 0 0 0 0 1 0 0 0 0 0]	2026-08-10_21-41-09	[0 1 1 0 0 0 0 0 0 0 0 0 1 1 0 0 0 0]	2026-08-10_21-41-09	[0 0 0 0 0 1 0 0 0 1 0 0 0 0 0 0 0 0]	2026-08-10_21-41-09	[0]	2026-08-10_21-41-09	[0 0 0 0 0 0 0 0 0 0 0 0 0 0 0 0 1 0 1 0 0]	2026-08-10_21-41-09	[0 1 0 0 1 0 0 0 0 1 0 0 0 0 0 1 0 0 1 0 0]	2026-08-10_21-41-09	[0 1 1 0 0 0 0 0 0 0 0 0 1 1 0 1 0 0]	2026-08-10_21-41-09	[0 0 0 0 0 1 0 0 0 1 0 0 0 0 0 0 0 0]	2026-08-10_21-41-09	[0]	2026-08-10_21-41-09
2	2026-08-10_21-41-09	-1.0	2026-08-10_21-41-09	11.07313346862793	2026-08-10_21-41-09	2.705960750579834	2026-08-10_21-41-09	2.8387134075164795	2026-08-10_21-41-09	2.769258499145508	2026-08-10_21-41-09	2.7592012882232666	2026-08-10_21-41-09	False	2026-08-10_21-41-09	[0 0 0 0 0 0 0 0 0 0 0 0 0 0 0 0 1 0 1 0 0]	2026-08-10_21-41-09	[0 1 0 0 1 0 0 0 0 1 0 0 0 0 0 1 0 0 1 0 0]	2026-08-10_21-41-09	[0 1 1 0 0 0 0 0 0 0 0 0 1 1 0 1 0 0]	2026-08-10_21-41-09	[0 0 0 0 0 1 0 0 0 1 0 0 0 0 0 0 0 0]	2026-08-10_21-41-09	[0]	2026-08-10_21-41-09	[0 0 0 0 0 0 0 0 0 0 0 0 0 0 0 0 1 0 0 0 0]	2026-08-10_21-41-09	[0 1 0 0 1 0 0 0 0 1 0 0 0 0 0 1 0 0 0 0 0]	2026-08-10_21-41-09	[0 1 1 0 0 0 0 0 0 0 0 0 1 1 0 0 0 0]	2026-08-10_21-41-09	[0 0 0 0 0 1 0 0 0 1 0 0 0 0 0 0 0 0]	2026-08-10_21-41-09	[0]	2026-08-10_21-41-09
2	2026-08-10_21-41-09	-1.0	2026-08-10_21-41-09	10.885754585266113	2026-08-10_21-41-09	2.6391735076904297	2026-08-10_21-41-09	2.7957961559295654	2026-08-10_21-41-09	2.713221311569214	2026-08-10_21-41-09	2.737562894821167	2026-08-10_21-41-09	False	2026-08-10_21-41-09	[0 0 0 0 0 0 0 0 0 0 0 0 0 0 0 0 1 0 0 0 0]	2026-08-10_21-41-09	[0 1 0 0 1 0 0 0 0 1 0 0 0 0 0 1 0 0 0 0 0]	2026-08-10_21-41-09	[0 1 1 0 0 0 0 0 0 0 0 0 1 1 0 0 0 0]	2026-08-10_21-41-09	[0 0 0 0 0 1 0 0 0 1 0 0 0 0 0 0 0 0]	2026-08-10_21-41-09	[0]	2026-08-10_21-41-09	[0 0 0 0 0 0 0 0 0 0 0 0 0 0 0 0 1 0 1 0 0]	2026-08-10_21-41-09	[0 1 0 0 1 0 0 0 0 1 0 0 0 0 0 1 0 0 1 0 0]	2026-08-10_21-41-09	[0 1 1 0 0 0 0 0 0 0 0 0 1 1 0 1 0 0]	2026-08-10_21-41-09	[0 0 0 0 0 1 0 0 0 1 0 0 0 0 0 0 0 0]	2026-08-10_21-41-09	[0]	2026-08-10_21-41-09
2	2026-08-10_21-41-09	-1.0	2026-08-10_21-41-09	11.04555892944336	2026-08-10_21-41-09	2.6926372051239014	2026-08-10_21-41-09	2.8359947204589844	2026-08-10_21-41-09	2.7560174465179443	2026-08-10_21-41-09	2.760908842086792	2026-08-10_21-41-09	False	2026-08-10_21-41-09	[0 0 0 0 0 0 0 0 0 0 0 0 0 0 0 0 1 0 1 0 0]	2026-08-10_21-41-09	[0 1 0 0 1 0 0 0 0 1 0 0 0 0 0 1 0 0 1 0 0]	2026-08-10_21-41-09	[0 1 1 0 0 0 0 0 0 0 0 0 1 1 0 1 0 0]	2026-08-10_21-41-09	[0 0 0 0 0 1 0 0 0 1 0 0 0 0 0 0 0 0]	2026-08-10_21-41-09	[0]	2026-08-10_21-41-09	[0 0 0 0 0 0 0 0 0 0 0 0 0 0 0 0 1 0 0 0 0]	2026-08-10_21-41-09	[0 1 0 0 1 0 0 0 0 1 0 0 0 0 0 1 0 0 0 0 0]	2026-08-10_21-41-09	[0 1 1 0 0 0 0 0 0 0 0 0 1 1 0 0 0 0]	2026-08-10_21-41-09	[0 0 0 0 0 1 0 0 0 1 0 0 0 0 0 0 0 0]	2026-08-10_21-41-09	[0]	2026-08-10_21-41-09
2	2026-08-10_21-41-09	-1.0	2026-08-10_21-41-09	10.856317520141602	2026-08-10_21-41-09	2.630436897277832	2026-08-10_21-41-09	2.7948408126831055	2026-08-10_21-41-09	2.7111499309539795	2026-08-10_21-41-09	2.7198891639709473	2026-08-10_21-41-09	False	2026-08-10_21-41-09	[0 0 0 0 0 0 0 0 0 0 0 0 0 0 0 0 1 0 0 0 0]	2026-08-10_21-41-09	[0 1 0 0 1 0 0 0 0 1 0 0 0 0 0 1 0 0 0 0 0]	2026-08-10_21-41-09	[0 1 1 0 0 0 0 0 0 0 0 0 1 1 0 0 0 0]	2026-08-10_21-41-09	[0 0 0 0 0 1 0 0 0 1 0 0 0 0 0 0 0 0]	2026-08-10_21-41-09	[0]	2026-08-10_21-41-09	[0 0 0 0 0 0 0 0 0 0 0 0 0 0 0 0 1 0 1 0 0]	2026-08-10_21-41-09	[0 1 0 0 1 0 0 0 0 1 0 0 0 0 0 1 0 0 1 0 0]	2026-08-10_21-41-09	[0 1 1 0 0 0 0 0 0 0 0 0 1 1 0 1 0 0]	2026-08-10_21-41-09	[0 0 0 0 0 1 0 0 0 1 0 0 0 0 0 0 0 0]	2026-08-10_21-41-09	[0]	2026-08-10_21-41-09
2	2026-08-10_21-41-09	-1.0	2026-08-10_21-41-09	11.014822006225586	2026-08-10_21-41-09	2.6888418197631836	2026-08-10_21-41-09	2.8212428092956543	2026-08-10_21-41-09	2.7527592182159424	2026-08-10_21-41-09	2.7519776821136475	2026-08-10_21-41-09	False	2026-08-10_21-41-09	[0 0 0 0 0 0 0 0 0 0 0 0 0 0 0 0 1 0 1 0 0]	2026-08-10_21-41-09	[0 1 0 0 1 0 0 0 0 1 0 0 0 0 0 1 0 0 1 0 0]	2026-08-10_21-41-09	[0 1 1 0 0 0 0 0 0 0 0 0 1 1 0 1 0 0]	2026-08-10_21-41-09	[0 0 0 0 0 1 0 0 0 1 0 0 0 0 0 0 0 0]	2026-08-10_21-41-09	[0]	2026-08-10_21-41-09	[0 0 0 0 0 0 0 0 0 0 0 0 0 0 0 0 1 0 0 0 0]	2026-08-10_21-41-09	[0 1 0 0 1 0 0 0 0 1 0 0 0 0 0 1 0 0 0 0 0]	2026-08-10_21-41-09	[0 1 1 0 0 0 0 0 0 0 0 0 1 1 0 0 0 0]	2026-08-10_21-41-09	[0 0 0 0 0 1 0 0 0 1 0 0 0 0 0 0 0 0]	2026-08-10_21-41-09	[0]	2026-08-10_21-41-09
2	2026-08-10_21-41-09	-1.0	2026-08-10_21-41-09	10.891353607177734	2026-08-10_21-41-09	2.6392579078674316	2026-08-10_21-41-09	2.8029613494873047	2026-08-10_21-41-09	2.7188034057617188	2026-08-10_21-41-09	2.7303316593170166	2026-08-10_21-41-09	False	2026-08-10_21-41-09	[0 0 0 0 0 0 0 0 0 0 0 0 0 0 0 0 1 0 0 0 0]	2026-08-10_21-41-09	[0 1 0 0 1 0 0 0 0 1 0 0 0 0 0 1 0 0 0 0 0]	2026-08-10_21-41-09	[0 1 1 0 0 0 0 0 0 0 0 0 1 1 0 0 0 0]	2026-08-10_21-41-09	[0 0 0 0 0 1 0 0 0 1 0 0 0 0 0 0 0 0]	2026-08-10_21-41-09	[0]	2026-08-10_21-41-09	[0 0 0 0 0 0 0 0 0 0 0 0 0 0 0 0 1 0 1 0 0]	2026-08-10_21-41-09	[0 1 0 0 1 0 0 0 0 1 0 0 0 0 0 1 0 0 1 0 0]	2026-08-10_21-41-09	[0 1 1 0 0 0 0 0 0 0 0 0 1 1 0 1 0 0]	2026-08-10_21-41-09	[0 0 0 0 0 1 0 0 0 1 0 0 0 0 0 0 0 0]	2026-08-10_21-41-09	[0]	2026-08-10_21-41-09
2	2026-08-10_21-41-09	-1.0	2026-08-10_21-41-09	11.066428184509277	2026-08-10_21-41-09	2.6993672847747803	2026-08-10_21-41-09	2.8416953086853027	2026-08-10_21-41-09	2.7628533840179443	2026-08-10_21-41-09	2.76251220703125	2026-08-10_21-41-09	False	2026-08-10_21-41-09	[0 0 0 0 0 0 0 0 0 0 0 0 0 0 0 0 1 0 1 0 0]	2026-08-10_21-41-09	[0 1 0 0 1 0 0 0 0 1 0 0 0 0 0 1 0 0 1 0 0]	2026-08-10_21-41-09	[0 1 1 0 0 0 0 0 0 0 0 0 1 1 0 1 0 0]	2026-08-10_21-41-09	[0 0 0 0 0 1 0 0 0 1 0 0 0 0 0 0 0 0]	2026-08-10_21-41-09	[0]	2026-08-10_21-41-09	[0 0 0 0 0 0 0 0 0 0 0 0 0 0 0 0 1 0 0 0 0]	2026-08-10_21-41-09	[0 1 0 0 1 0 0 0 0 1 0 0 0 0 0 1 0 0 0 0 0]	2026-08-10_21-41-09	[0 1 1 0 0 0 0 0 0 0 0 0 1 1 0 0 0 0]	2026-08-10_21-41-09	[0 0 0 0 0 1 0 0 0 1 0 0 0 0 0 0 0 0]	2026-08-10_21-41-09	[0]	2026-08-10_21-41-09
2	2026-08-10_21-41-09	-1.0	2026-08-10_21-41-09	10.876762390136719	2026-08-10_21-41-09	2.6386210918426514	2026-08-10_21-41-09	2.794546604156494	2026-08-10_21-41-09	2.716871738433838	2026-08-10_21-41-09	2.7267227172851562	2026-08-10_21-41-09	False	2026-08-10_21-41-09	[0 0 0 0 0 0 0 0 0 0 0 0 0 0 0 0 1 0 0 0 0]	2026-08-10_21-41-09	[0 1 0 0 1 0 0 0 0 1 0 0 0 0 0 1 0 0 0 0 0]	2026-08-10_21-41-09	[0 1 1 0 0 0 0 0 0 0 0 0 1 1 0 0 0 0]	2026-08-10_21-41-09	[0 0 0 0 0 1 0 0 0 1 0 0 0 0 0 0 0 0]	2026-08-10_21-41-09	[0]	2026-08-10_21-41-09	[0 0 0 0 0 0 0 0 0 0 0 0 0 0 0 0 1 0 1 0 0]	2026-08-10_21-41-09	[0 1 0 0 1 0 0 0 0 1 0 0 0 0 0 1 0 0 1 0 0]	2026-08-10_21-41-09	[0 1 1 0 0 0 0 0 0 0 0 0 1 1 0 1 0 0]	2026-08-10_21-41-09	[0 0 0 0 0 1 0 0 0 1 0 0 0 0 0 0 0 0]	2026-08-10_21-41-09	[0]	2026-08-10_21-41-09
2	2026-08-10_21-41-09	-1.0	2026-08-10_21-41-09	11.034465789794922	2026-08-10_21-41-09	2.6928529739379883	2026-08-10_21-41-09	2.8290607929229736	2026-08-10_21-41-09	2.7565455436706543	2026-08-10_21-41-09	2.7560057640075684	2026-08-10_21-41-09	False	2026-08-10_21-41-09	[0 0 0 0 0 0 0 0 0 0 0 0 0 0 0 0 1 0 1 0 0]	2026-08-10_21-41-09	[0 1 0 0 1 0 0 0 0 1 0 0 0 0 0 1 0 0 1 0 0]	2026-08-10_21-41-09	[0 1 1 0 0 0 0 0 0 0 0 0 1 1 0 1 0 0]	2026-08-10_21-41-09	[0 0 0 0 0 1 0 0 0 1 0 0 0 0 0 0 0 0]	2026-08-10_21-41-09	[0]	2026-08-10_21-41-09	[0 0 0 0 0 0 0 0 0 0 0 0 0 0 0 0 1 0 0 0 0]	2026-08-10_21-41-09	[0 1 0 0 1 0 0 0 0 1 0 0 0 0 0 1 0 0 0 0 0]	2026-08-10_21-41-09	[0 1 1 0 0 0 0 0 0 0 0 0 1 1 0 0 0 0]	2026-08-10_21-41-09	[0 0 0 0 0 1 0 0 0 1 0 0 0 0 0 0 0 0]	2026-08-10_21-41-09	[0]	2026-08-10_21-41-09
2	2026-08-10_21-41-09	-1.0	2026-08-10_21-41-09	10.849862098693848	2026-08-10_21-41-09	2.626067638397217	2026-08-10_21-41-09	2.7924387454986572	2026-08-10_21-41-09	2.706027030944824	2026-08-10_21-41-09	2.725328207015991	2026-08-10_21-41-09	False	2026-08-10_21-41-09	[0 0 0 0 0 0 0 0 0 0 0 0 0 0 0 0 1 0 0 0 0]	2026-08-10_21-41-09	[0 1 0 0 1 0 0 0 0 1 0 0 0 0 0 1 0 0 0 0 0]	2026-08-10_21-41-09	[0 1 1 0 0 0 0 0 0 0 0 0 1 1 0 0 0 0]	2026-08-10_21-41-09	[0 0 0 0 0 1 0 0 0 1 0 0 0 0 0 0 0 0]	2026-08-10_21-41-09	[0]	2026-08-10_21-41-09	[0 0 0 0 0 0 0 0 0 0 0 0 0 0 0 0 1 0 1 0 0]	2026-08-10_21-41-09	[0 1 0 0 1 0 0 0 0 1 0 0 0 0 0 1 0 0 1 0 0]	2026-08-10_21-41-09	[0 1 1 0 0 0 0 0 0 0 0 0 1 1 0 1 0 0]	2026-08-10_21-41-09	[0 0 0 0 0 1 0 0 0 1 0 0 0 0 0 0 0 0]	2026-08-10_21-41-09	[0]	2026-08-10_21-41-09
2	2026-08-10_21-41-10	-1.0	2026-08-10_21-41-10	10.98943042755127	2026-08-10_21-41-10	2.678560256958008	2026-08-10_21-41-10	2.817415475845337	2026-08-10_21-41-10	2.7454640865325928	2026-08-10_21-41-10	2.747990369796753	2026-08-10_21-41-10	False	2026-08-10_21-41-10	[0 0 0 0 0 0 0 0 0 0 0 0 0 0 0 0 1 0 1 0 0]	2026-08-10_21-41-10	[0 1 0 0 1 0 0 0 0 1 0 0 0 0 0 1 0 0 1 0 0]	2026-08-10_21-41-10	[0 1 1 0 0 0 0 0 0 0 0 0 1 1 0 1 0 0]	2026-08-10_21-41-10	[0 0 0 0 0 1 0 0 0 1 0 0 0 0 0 0 0 0]	2026-08-10_21-41-10	[0]	2026-08-10_21-41-10	[0 0 0 0 0 0 0 0 0 0 0 0 0 0 0 0 1 0 0 0 0]	2026-08-10_21-41-10	[0 1 0 0 1 0 0 0 0 1 0 0 0 0 0 1 0 0 0 0 0]	2026-08-10_21-41-10	[0 1 1 0 0 0 0 0 0 0 0 0 1 1 0 0 0 0]	2026-08-10_21-41-10	[0 0 0 0 0 1 0 0 0 1 0 0 0 0 0 0 0 0]	2026-08-10_21-41-10	[0]	2026-08-10_21-41-10
2	2026-08-10_21-41-10	-1.0	2026-08-10_21-41-10	10.851537704467773	2026-08-10_21-41-10	2.626293420791626	2026-08-10_21-41-10	2.793858528137207	2026-08-10_21-41-10	2.707564115524292	2026-08-10_21-41-10	2.7238216400146484	2026-08-10_21-41-10	False	2026-08-10_21-41-10	[0 0 0 0 0 0 0 0 0 0 0 0 0 0 0 0 1 0 0 0 0]	2026-08-10_21-41-10	[0 1 0 0 1 0 0 0 0 1 0 0 0 0 0 1 0 0 0 0 0]	2026-08-10_21-41-10	[0 1 1 0 0 0 0 0 0 0 0 0 1 1 0 0 0 0]	2026-08-10_21-41-10	[0 0 0 0 0 1 0 0 0 1 0 0 0 0 0 0 0 0]	2026-08-10_21-41-10	[0]	2026-08-10_21-41-10	[0 0 0 0 0 0 0 0 0 0 0 0 0 0 0 0 1 0 1 0 0]	2026-08-10_21-41-10	[0 1 0 0 1 0 0 0 0 1 0 0 0 0 0 1 0 0 1 0 0]	2026-08-10_21-41-10	[0 1 1 0 0 0 0 0 0 0 0 0 1 1 0 1 0 0]	2026-08-10_21-41-10	[0 0 0 0 0 1 0 0 0 1 0 0 0 0 0 0 0 0]	2026-08-10_21-41-10	[0]	2026-08-10_21-41-10
