# num_workers = 7
# num_cells = 256
# seed_for_environment = 2645751
# lr = 0.0003
# max_grad_norm = 1.0
# eval_rollout_length = 30
# scaling_factor = 1000
# frames_per_batch = 500
# sub_batch_size = 64
# num_epochs = 15
# clip_epsilon = 0.2
# gamma = 0.99
# lmbda = 0.95
# entropy_eps = 0.003
# env_reward_engineering = True
# env_minimum_number_of_qubits = 8
# log_name = search_9_6_seed_2645751
# env_error_range = linear5
# env_version = qecc/bbcode-ldpc-v0
# env_bit_flipping = True
# env_l = 9
# env_m = 6
# env_use_dict_observation = True
# env_number_of_decoder_iterations = 50
# env_number_of_samples = 50
# env_code_logging = False
# model_architecture = hybrid
# model_surrogate_model_path = /vol/bitbucket/osella/rl-qecc-data//supervisedLearning/2026-07-12_21-15-58/surrogate_6x6.pth
# model_use_pretrained_encoder = True
# index_to_unfreeze_encoder_updates = 10
# encoder_lr_factor = 0.1
# training_device = cpu
# Resolved arguments:
# Resolved_env_reward_engineering = True
# Resolved_env_bit_flipping = True
# Resolved_env_useDictObservation = True
# Resolved_env_code_logging = False
# Resolved_env_error_range = [np.float64(0.0001), np.float64(0.025075), np.float64(0.05005), np.float64(0.075025), np.float64(0.1)]
# Resolved_model_use_pretrained_encoder = True
# Resolved_trainingDevice = cpu
# Resolved_model_architecture = hybrid
# Just for information, not used in actual run: SLURM CPUS queried from os environment: 96
# Number of workers: 7
# Does torch identify cuda: False
evaluation number	reward	policy entropy	policy entropy aX	policy entropy bX	policy entropy aY	policy entropy bY	Encoder freeze	postAction_aX	postAction_bX	postAction_aY	postAction_bY
0	-1.0	8.289083480834961	2.2265498638153076	2.2669425010681152	1.8783211708068848	1.917270302772522	True	[0 0 0 0 0 0 0 0 1]	[0 0 0 1 0 0 0 0 0]	[0 1 0 0 0 0]	[0 0 0 0 0 0]
0	-1.0	8.373260498046875	2.2803969383239746	2.2713117599487305	1.9054089784622192	1.9161428213119507	True	[0 0 0 0 0 0 1 0 1]	[0 0 1 1 0 0 0 0 0]	[0 1 0 0 0 0]	[0 0 0 0 0 1]
0	-0.5	8.39155101776123	2.278940200805664	2.2780768871307373	1.9104262590408325	1.9241079092025757	True	[0 0 0 0 0 0 0 0 1]	[0 0 0 1 0 0 0 0 0]	[0 1 0 0 0 0]	[0 1 0 0 0 1]
0	-1.0	8.394433975219727	2.2884345054626465	2.2795403003692627	1.9106194972991943	1.9158395528793335	True	[0 0 0 0 0 0 1 0 1]	[0 0 1 1 0 0 0 0 0]	[0 1 0 0 0 0]	[0 0 0 0 0 1]
0	-1.0	8.399890899658203	2.281951665878296	2.2791452407836914	1.9158761501312256	1.9229178428649902	True	[0 0 0 0 1 0 1 0 1]	[0 0 0 1 0 0 0 0 0]	[0 1 0 0 0 0]	[0 1 0 0 0 1]
0	-1.0	8.418542861938477	2.2910656929016113	2.280076742172241	1.9205808639526367	1.9268202781677246	True	[1 0 0 0 1 0 1 0 1]	[0 0 1 1 0 0 0 0 0]	[0 1 0 0 0 0]	[0 0 0 0 0 1]
0	-0.5	8.41195297241211	2.281182289123535	2.282456398010254	1.9188320636749268	1.9294829368591309	True	[1 0 0 0 0 0 1 0 1]	[0 0 0 1 0 0 0 0 0]	[0 1 0 0 0 0]	[0 1 0 0 0 1]
0	-1.0	8.398662567138672	2.29079008102417	2.2793076038360596	1.9092024564743042	1.9193618297576904	True	[0 0 0 0 0 0 1 0 1]	[0 0 1 1 0 0 0 0 0]	[0 1 0 0 0 0]	[0 0 0 0 0 1]
0	-1.0	8.40562915802002	2.282066822052002	2.2815911769866943	1.9181461334228516	1.9238255023956299	True	[0 0 0 0 1 0 1 0 1]	[0 0 0 1 0 0 0 0 0]	[0 1 0 0 0 0]	[0 1 0 0 0 1]
0	-1.0	8.409793853759766	2.2878453731536865	2.2781407833099365	1.9170628786087036	1.9267449378967285	True	[1 0 0 0 1 0 1 0 1]	[0 0 1 1 0 0 0 0 0]	[0 1 0 0 0 0]	[0 1 0 0 0 1]
0	-0.75	8.420650482177734	2.2859926223754883	2.283487319946289	1.9237606525421143	1.9274098873138428	True	[1 0 0 0 0 0 1 0 1]	[0 0 0 1 0 0 0 0 0]	[0 1 0 0 0 0]	[0 0 0 0 0 1]
0	-1.0	8.390509605407715	2.2814254760742188	2.282048463821411	1.9051322937011719	1.9219039678573608	True	[1 0 0 0 0 0 0 0 1]	[0 0 1 1 0 0 0 0 0]	[0 1 0 0 0 0]	[0 1 0 0 0 1]
0	-0.75	8.391101837158203	2.280945301055908	2.2773656845092773	1.9138187170028687	1.9189715385437012	True	[1 0 0 0 1 0 0 0 1]	[0 0 0 1 0 0 0 0 0]	[0 1 0 0 0 0]	[0 0 0 0 0 1]
0	-1.0	8.403074264526367	2.284910202026367	2.2822136878967285	1.9125516414642334	1.923398494720459	True	[0 0 0 0 1 0 0 0 1]	[0 0 1 1 0 0 0 0 0]	[0 1 0 0 0 0]	[0 1 0 0 0 1]
0	-0.75	8.410116195678711	2.286355495452881	2.276848793029785	1.921586036682129	1.9253261089324951	True	[0 0 0 0 1 0 1 0 1]	[0 0 0 1 0 0 0 0 0]	[0 1 0 0 0 0]	[0 0 0 0 0 1]
0	-1.0	8.401678085327148	2.2830355167388916	2.282802104949951	1.9093750715255737	1.9264650344848633	True	[1 0 0 0 1 0 1 0 1]	[0 0 1 1 0 0 0 0 0]	[0 1 0 0 0 0]	[0 0 0 0 0 1]
0	-0.5	8.417365074157715	2.2840418815612793	2.2834715843200684	1.9198991060256958	1.9299529790878296	True	[1 0 0 0 0 0 1 0 1]	[0 0 0 1 0 0 0 0 0]	[0 1 0 0 0 0]	[0 1 0 0 0 1]
0	-1.0	8.395386695861816	2.290621519088745	2.278127908706665	1.908948540687561	1.9176890850067139	True	[1 0 0 0 0 0 0 0 1]	[0 0 1 1 0 0 0 0 0]	[0 1 0 0 0 0]	[0 0 0 0 0 1]
0	-0.5	8.376052856445312	2.271876573562622	2.2791249752044678	1.9038100242614746	1.9212415218353271	True	[1 0 0 0 0 0 1 0 1]	[0 0 0 1 0 0 0 0 0]	[0 1 0 0 0 0]	[0 1 0 0 0 1]
0	-1.0	8.4055814743042	2.2898404598236084	2.283440113067627	1.911147952079773	1.9211534261703491	True	[1 0 0 0 0 0 0 0 1]	[0 0 1 1 0 0 0 0 0]	[0 1 0 0 0 0]	[0 0 0 0 0 1]
0	-1.0	8.38497543334961	2.2759478092193604	2.280404567718506	1.909090280532837	1.9195330142974854	True	[1 0 0 0 1 0 0 0 1]	[0 0 0 1 0 0 0 0 0]	[0 1 0 0 0 0]	[0 1 0 0 0 1]
0	-1.0	8.41135311126709	2.287585973739624	2.280439853668213	1.9193694591522217	1.9239578247070312	True	[0 0 0 0 1 0 0 0 1]	[0 0 1 1 0 0 0 0 0]	[0 1 0 0 0 0]	[0 1 0 0 0 0]
0	-0.75	8.414724349975586	2.2843527793884277	2.281259775161743	1.920451283454895	1.9286608695983887	True	[1 0 0 0 1 0 0 0 1]	[0 0 0 1 0 0 0 0 0]	[0 1 0 0 0 0]	[0 1 0 0 0 0]
0	-1.0	8.405179977416992	2.284320831298828	2.2833170890808105	1.912021279335022	1.9255213737487793	True	[0 0 0 0 1 0 0 0 1]	[0 0 1 1 0 0 0 0 0]	[0 1 0 0 0 0]	[0 0 0 0 0 0]
0	-0.75	8.407697677612305	2.2828547954559326	2.278639078140259	1.9208595752716064	1.9253449440002441	True	[0 0 0 0 1 0 1 0 1]	[0 0 0 1 0 0 0 0 0]	[0 1 0 0 0 0]	[0 1 0 0 0 0]
0	-1.0	8.410555839538574	2.2856669425964355	2.2834644317626953	1.9144978523254395	1.9269262552261353	True	[1 0 0 0 1 0 1 0 1]	[0 0 1 1 0 0 0 0 0]	[0 1 0 0 0 0]	[0 0 0 0 0 0]
0	-0.75	8.425077438354492	2.285466194152832	2.283191442489624	1.9282745122909546	1.9281452894210815	True	[1 0 0 0 1 0 0 0 1]	[0 0 0 1 0 0 0 0 0]	[0 1 0 0 0 0]	[0 1 0 0 0 0]
0	-1.0	8.411775588989258	2.286068916320801	2.281888246536255	1.9178497791290283	1.925969123840332	True	[0 0 0 0 1 0 0 0 1]	[0 0 1 1 0 0 0 0 0]	[0 1 0 0 0 0]	[0 0 0 0 0 0]
0	-1.0	8.411450386047363	2.285134792327881	2.2785074710845947	1.9198822975158691	1.92792546749115	True	[0 0 0 0 1 0 1 0 1]	[0 0 0 1 0 0 0 0 0]	[0 1 0 0 0 0]	[0 0 0 0 0 0]
0	-1.0	8.402823448181152	2.286195993423462	2.273056983947754	1.9188822507858276	1.924688458442688	True	[0 0 0 0 1 0 0 0 1]	[0 0 1 1 0 0 0 0 0]	[0 1 0 0 0 0]	[0 0 0 0 0 0]
1	-0.25	7.442061901092529	2.0797791481018066	2.117845296859741	1.4738736152648926	1.770564079284668	False	[0 1 0 0 0 0 0 0 0]	[0 0 0 0 0 0 0 1 0]	[0 1 0 0 0 0]	[0 0 0 0 1 0]
1	-0.25	8.054680824279785	2.2017698287963867	2.1231331825256348	1.8328847885131836	1.8968933820724487	False	[0 1 0 0 1 0 0 0 0]	[0 1 0 0 0 0 0 1 0]	[0 1 0 1 0 0]	[0 0 0 0 1 1]
1	-0.25	8.054945945739746	2.216940402984619	2.1245625019073486	1.8594318628311157	1.8540109395980835	False	[0 1 0 0 0 0 0 0 0]	[0 0 0 0 0 0 0 1 0]	[0 1 0 0 0 0]	[0 0 0 0 1 0]
1	-0.25	8.145063400268555	2.2148308753967285	2.161935806274414	1.8650833368301392	1.9032131433486938	False	[0 1 0 0 1 0 0 0 0]	[0 1 0 0 0 0 0 1 0]	[0 1 0 1 0 0]	[0 0 0 0 1 1]
1	-0.25	8.058926582336426	2.225611925125122	2.1181654930114746	1.8662173748016357	1.8489309549331665	False	[0 1 0 0 0 0 0 0 0]	[0 0 0 0 0 0 0 1 0]	[0 1 0 0 0 0]	[0 0 0 0 1 0]
1	-0.25	8.09277057647705	2.2168610095977783	2.139500856399536	1.8436779975891113	1.892730712890625	False	[0 1 0 0 1 0 0 0 0]	[0 1 0 0 0 0 0 1 0]	[0 1 0 1 0 0]	[0 0 0 0 1 1]
1	-0.25	8.058858871459961	2.2200675010681152	2.1277096271514893	1.850311040878296	1.8607699871063232	False	[0 1 0 0 0 0 0 0 0]	[0 0 0 0 0 0 0 1 0]	[0 1 0 0 0 0]	[0 0 0 0 1 0]
1	-0.25	8.081096649169922	2.2001476287841797	2.1397604942321777	1.834012746810913	1.9071763753890991	False	[0 1 0 0 1 0 0 0 0]	[0 1 0 0 0 0 0 1 0]	[0 1 0 1 0 0]	[0 0 0 0 1 1]
1	-0.25	8.010332107543945	2.2102572917938232	2.1042003631591797	1.8385101556777954	1.8573637008666992	False	[0 1 0 0 0 0 0 0 0]	[0 0 0 0 0 0 0 1 0]	[0 1 0 0 0 0]	[0 0 0 0 1 0]
1	-0.25	8.10145378112793	2.20302414894104	2.1398122310638428	1.840998888015747	1.9176185131072998	False	[0 1 0 0 1 0 0 0 0]	[0 1 0 0 0 0 0 1 0]	[0 1 0 1 0 0]	[0 0 0 0 1 1]
1	-0.25	8.046612739562988	2.2221710681915283	2.1083946228027344	1.8552160263061523	1.860831618309021	False	[0 1 0 0 0 0 0 0 0]	[0 0 0 0 0 0 0 1 0]	[0 1 0 0 0 0]	[0 0 0 0 1 0]
1	-0.25	8.124070167541504	2.211395025253296	2.1554183959960938	1.8476154804229736	1.9096412658691406	False	[0 1 0 0 1 0 0 0 0]	[0 1 0 0 0 0 0 1 0]	[0 1 0 1 0 0]	[0 0 0 0 1 1]
1	-0.25	8.014244079589844	2.2160048484802246	2.109708070755005	1.8275251388549805	1.8610053062438965	False	[0 1 0 0 0 0 0 0 0]	[0 0 0 0 0 0 0 1 0]	[0 1 0 0 0 0]	[0 0 0 0 1 0]
1	-0.25	8.130173683166504	2.210200786590576	2.1551220417022705	1.8590168952941895	1.90583336353302	False	[0 1 0 0 1 0 0 0 0]	[0 1 0 0 0 0 0 1 0]	[0 1 0 1 0 0]	[0 0 0 0 1 1]
1	-0.75	8.105335235595703	2.220628261566162	2.1376988887786865	1.864457607269287	1.8825511932373047	False	[0 1 0 0 0 0 0 0 0]	[0 1 0 1 0 0 0 1 0]	[0 1 0 0 0 0]	[0 0 0 0 1 0]
1	-0.75	8.089594841003418	2.1992363929748535	2.1229469776153564	1.8848663568496704	1.8825446367263794	False	[0 1 0 0 1 0 0 0 0]	[0 0 0 1 0 0 0 1 0]	[0 1 0 1 0 0]	[0 0 0 0 1 1]
1	-0.75	8.007800102233887	2.2080078125	2.0856075286865234	1.8799784183502197	1.834206223487854	False	[0 1 0 0 0 0 0 0 0]	[0 1 0 1 0 0 0 1 0]	[0 1 0 0 0 0]	[0 0 0 0 1 0]
1	-0.75	8.086812973022461	2.194826126098633	2.125339984893799	1.8810309171676636	1.8856163024902344	False	[0 1 0 0 1 0 0 0 0]	[0 0 0 1 0 0 0 1 0]	[0 1 0 1 0 0]	[0 0 0 0 1 1]
1	-0.25	8.12309455871582	2.223174810409546	2.1196651458740234	1.909926414489746	1.8703281879425049	False	[0 1 0 0 0 0 0 0 0]	[0 0 0 0 0 0 0 1 0]	[0 1 0 0 0 0]	[0 0 0 0 1 0]
1	-0.25	8.094386100769043	2.2111499309539795	2.133117198944092	1.8531477451324463	1.8969714641571045	False	[0 1 0 0 1 0 0 0 0]	[0 1 0 0 0 0 0 1 0]	[0 1 0 1 0 0]	[0 0 0 0 1 1]
1	-0.25	7.989276885986328	2.198431968688965	2.101928472518921	1.818171739578247	1.8707448244094849	False	[0 1 0 0 0 0 0 0 0]	[0 0 0 0 0 0 0 1 0]	[0 1 0 0 0 0]	[0 0 0 0 1 0]
1	-0.25	8.015538215637207	2.204331636428833	2.1009628772735596	1.8167673349380493	1.8934764862060547	False	[0 1 0 0 1 0 0 0 0]	[0 1 0 0 0 0 0 1 0]	[0 1 0 1 0 0]	[0 0 0 0 1 1]
1	-0.25	8.050779342651367	2.2238340377807617	2.123854637145996	1.8439528942108154	1.8591376543045044	False	[0 1 0 0 0 0 0 0 0]	[0 0 0 0 0 0 0 1 0]	[0 1 0 0 0 0]	[0 0 0 0 1 0]
1	-0.25	8.104308128356934	2.226850986480713	2.1393113136291504	1.8596527576446533	1.878493070602417	False	[0 1 0 0 1 0 0 0 0]	[0 1 0 0 0 0 0 1 0]	[0 1 0 1 0 0]	[0 0 0 0 1 1]
1	-0.25	8.02442741394043	2.207224130630493	2.1057231426239014	1.8486491441726685	1.8628311157226562	False	[0 1 0 0 0 0 0 0 0]	[0 0 0 0 0 0 0 1 0]	[0 1 0 0 0 0]	[0 0 0 0 1 0]
1	-0.25	8.119336128234863	2.207731246948242	2.149197816848755	1.8528215885162354	1.909585952758789	False	[0 1 0 0 1 0 0 0 0]	[0 1 0 0 0 0 0 1 0]	[0 1 0 1 0 0]	[0 0 0 0 1 1]
1	-0.25	7.995700836181641	2.210782527923584	2.1057827472686768	1.8260496854782104	1.8530852794647217	False	[0 1 0 0 0 0 0 0 0]	[0 0 0 0 0 0 0 1 0]	[0 1 0 0 0 0]	[0 0 0 0 1 0]
1	-0.25	8.08087158203125	2.208644151687622	2.1300199031829834	1.8454091548919678	1.896797776222229	False	[0 1 0 0 1 0 0 0 0]	[0 1 0 0 0 0 0 1 0]	[0 1 0 1 0 0]	[0 0 0 0 1 1]
1	-0.25	8.047911643981934	2.210451126098633	2.117490768432617	1.8451260328292847	1.874843955039978	False	[0 1 0 0 0 0 0 0 0]	[0 0 0 0 0 0 0 1 0]	[0 1 0 0 0 0]	[0 0 0 0 1 0]
1	-0.25	8.066793441772461	2.2053146362304688	2.1291651725769043	1.8282458782196045	1.9040684700012207	False	[0 1 0 0 1 0 0 0 0]	[0 1 0 0 0 0 0 1 0]	[0 1 0 1 0 0]	[0 0 0 0 1 1]
2	-0.75	6.5630693435668945	1.763264775276184	1.8003500699996948	1.7889769077301025	1.2104778289794922	False	[0 0 1 0 0 0 0 0 0]	[0 0 1 0 0 0 0 0 0]	[0 1 0 0 0 0]	[0 0 0 1 0 0]
2	-1.0	7.448353290557861	2.111825704574585	2.0007104873657227	1.587406873703003	1.7484098672866821	False	[0 0 1 0 0 0 0 0 0]	[0 1 1 0 0 0 0 0 0]	[0 1 0 1 0 0]	[0 0 0 1 0 1]
2	-0.75	7.336113452911377	1.988049030303955	2.0641558170318604	1.5968483686447144	1.687059760093689	False	[0 0 1 0 0 0 0 0 0]	[0 0 1 0 0 0 0 0 0]	[0 1 0 0 0 0]	[0 0 1 1 0 1]
2	-0.75	7.310420989990234	2.0840530395507812	2.000256061553955	1.5062870979309082	1.7198245525360107	False	[0 0 1 0 0 1 0 0 0]	[0 1 1 0 0 0 0 0 0]	[0 1 0 1 0 0]	[0 0 1 1 0 0]
2	-1.0	7.094972610473633	2.029125690460205	2.0211217403411865	1.4803261756896973	1.5643994808197021	False	[0 0 1 0 0 1 0 0 0]	[0 0 1 0 0 0 0 0 0]	[0 1 0 0 0 0]	[0 0 1 1 0 1]
2	-0.75	7.204624176025391	1.8943369388580322	2.0341250896453857	1.5410516262054443	1.7351102828979492	False	[0 0 1 0 0 1 0 0 0]	[0 1 1 0 0 0 0 0 0]	[0 1 0 1 0 0]	[0 0 1 1 0 0]
2	-1.0	7.123071670532227	2.0222113132476807	2.0214271545410156	1.4888601303100586	1.5905730724334717	False	[0 0 1 0 0 1 0 0 0]	[0 0 1 0 0 0 0 0 0]	[0 1 0 0 0 0]	[0 0 1 1 0 1]
2	-0.5	7.119236946105957	1.800919771194458	2.0026655197143555	1.5523747205734253	1.763277292251587	False	[0 0 1 0 0 1 0 0 0]	[0 1 1 0 0 0 0 0 0]	[0 1 0 1 0 0]	[0 0 0 1 0 1]
2	-0.75	7.140058517456055	1.9478843212127686	2.059645652770996	1.4835317134857178	1.648996353149414	False	[0 0 1 0 0 0 0 0 0]	[0 0 1 0 0 0 0 0 0]	[0 1 0 0 0 0]	[0 0 0 1 0 0]
2	-1.0	7.514566421508789	2.1301932334899902	1.9965879917144775	1.6211159229278564	1.7666692733764648	False	[0 0 1 0 0 0 0 0 0]	[0 1 1 0 0 0 0 0 0]	[0 1 0 1 0 0]	[0 0 0 1 0 1]
2	-0.75	7.395523548126221	2.000615358352661	2.0803909301757812	1.6008026599884033	1.7137150764465332	False	[0 0 1 0 0 0 0 0 0]	[0 0 1 0 0 0 0 0 0]	[0 1 0 0 0 0]	[0 0 1 1 0 1]
2	-0.75	7.439024925231934	2.08929181098938	2.0200281143188477	1.5602617263793945	1.7694437503814697	False	[0 0 1 0 0 1 0 0 0]	[0 1 1 0 0 0 0 0 0]	[0 1 0 1 0 0]	[0 0 1 1 0 0]
2	-1.0	7.1207122802734375	2.025573968887329	2.0182974338531494	1.4790689945220947	1.5977717638015747	False	[0 0 1 0 0 1 0 0 0]	[0 0 1 0 0 0 0 0 0]	[0 1 0 0 0 0]	[0 0 1 1 0 1]
2	-0.75	7.182727336883545	1.8650736808776855	2.0254201889038086	1.5360718965530396	1.7561615705490112	False	[0 0 1 0 0 1 0 0 0]	[0 1 1 0 0 0 0 0 0]	[0 1 0 1 0 0]	[0 0 1 1 0 0]
2	-1.0	7.116292476654053	2.021634340286255	2.0125210285186768	1.4819382429122925	1.600198745727539	False	[0 0 1 0 0 1 0 0 0]	[0 0 1 0 0 0 0 0 0]	[0 1 0 0 0 0]	[0 0 1 1 0 1]
2	-0.5	7.1948418617248535	1.8343505859375	2.0249764919281006	1.5626716613769531	1.7728427648544312	False	[0 0 1 0 0 1 0 0 0]	[0 1 1 0 0 0 0 0 0]	[0 1 0 1 0 0]	[0 0 0 1 0 1]
2	-0.75	7.214176654815674	1.9818024635314941	2.064777374267578	1.511025071144104	1.6565717458724976	False	[0 0 1 0 0 0 0 0 0]	[0 0 1 0 0 0 0 0 0]	[0 1 0 0 0 0]	[0 0 0 1 0 0]
2	-1.0	7.3692193031311035	2.0739827156066895	1.9651814699172974	1.5836231708526611	1.746431827545166	False	[0 0 1 0 0 0 0 0 0]	[0 1 1 0 0 0 0 0 0]	[0 1 0 1 0 0]	[0 0 0 1 0 1]
2	-0.75	7.386444568634033	1.996860146522522	2.0727312564849854	1.6116840839385986	1.7051690816879272	False	[0 0 1 0 0 0 0 0 0]	[0 0 1 0 0 0 0 0 0]	[0 1 0 0 0 0]	[0 0 1 1 0 1]
2	-0.75	7.369701385498047	2.099148988723755	2.0057435035705566	1.5225906372070312	1.742217779159546	False	[0 0 1 0 0 1 0 0 0]	[0 1 1 0 0 0 0 0 0]	[0 1 0 1 0 0]	[0 0 1 1 0 0]
2	-1.0	7.014471530914307	2.011983871459961	2.0138678550720215	1.440781593322754	1.5478380918502808	False	[0 0 1 0 0 1 0 0 0]	[0 0 1 0 0 0 0 0 0]	[0 1 0 0 0 0]	[0 0 1 1 0 1]
2	-0.75	7.0924391746521	1.8582816123962402	2.0143675804138184	1.481472373008728	1.7383174896240234	False	[0 0 1 0 0 1 0 0 0]	[0 1 1 0 0 0 0 0 0]	[0 1 0 1 0 0]	[0 0 1 1 0 0]
2	-1.0	7.111006736755371	2.019270896911621	2.0411434173583984	1.4934861660003662	1.5571057796478271	False	[0 0 1 0 0 1 0 0 0]	[0 0 1 0 0 0 0 0 0]	[0 1 0 0 0 0]	[0 0 1 1 0 1]
2	-0.75	7.066495895385742	1.8370739221572876	2.0092039108276367	1.4810831546783447	1.7391349077224731	False	[0 0 1 0 0 1 0 0 0]	[0 1 1 0 0 0 0 0 0]	[0 1 0 1 0 0]	[0 0 1 1 0 0]
2	-1.0	7.0898356437683105	2.0258264541625977	2.031580924987793	1.477693796157837	1.554734706878662	False	[0 0 1 0 0 1 0 0 0]	[0 0 1 0 0 0 0 0 0]	[0 1 0 0 0 0]	[0 0 1 1 0 1]
2	-0.75	7.150949954986572	1.8682191371917725	2.020200252532959	1.5234482288360596	1.7390824556350708	False	[0 0 1 0 0 1 0 0 0]	[0 1 1 0 0 0 0 0 0]	[0 1 0 1 0 0]	[0 0 1 1 0 0]
2	-1.0	7.164248466491699	2.0383760929107666	2.027531862258911	1.492719292640686	1.6056214570999146	False	[0 0 1 0 0 1 0 0 0]	[0 0 1 0 0 0 0 0 0]	[0 1 0 0 0 0]	[0 0 1 1 0 1]
2	-0.75	7.106258392333984	1.874781847000122	2.0077672004699707	1.4843103885650635	1.7393989562988281	False	[0 0 1 0 0 1 0 0 0]	[0 1 1 0 0 0 0 0 0]	[0 1 0 1 0 0]	[0 0 1 1 0 0]
2	-1.0	7.012415885925293	2.012814998626709	2.0083656311035156	1.4406794309616089	1.55055570602417	False	[0 0 1 0 0 1 0 0 0]	[0 0 1 0 0 0 0 0 0]	[0 1 0 0 0 0]	[0 0 1 1 0 1]
2	-0.75	7.2311506271362305	1.8916058540344238	2.043120861053467	1.5477255582809448	1.7486982345581055	False	[0 0 1 0 0 1 0 0 0]	[0 1 1 0 0 0 0 0 0]	[0 1 0 1 0 0]	[0 0 1 1 0 0]
3	-0.25	4.901199817657471	0.5896152853965759	1.2635146379470825	1.6252031326293945	1.422866940498352	False	[0 0 0 0 0 0 0 0 1]	[0 0 1 0 0 0 0 0 0]	[0 0 0 1 0 0]	[1 0 0 0 0 0]
3	-0.5	7.07884407043457	1.9168448448181152	1.907609224319458	1.757826328277588	1.4965641498565674	False	[1 0 0 0 0 0 0 0 1]	[0 0 1 0 0 0 1 0 0]	[0 0 0 0 0 0]	[1 0 0 0 1 0]
3	-0.25	7.141850471496582	1.8598233461380005	2.0243422985076904	1.77106773853302	1.486616849899292	False	[1 0 0 0 0 0 0 0 0]	[0 0 1 0 0 0 0 0 0]	[0 0 0 1 0 0]	[1 0 0 0 0 0]
3	-0.5	6.804451942443848	1.9628900289535522	1.7714712619781494	1.678518295288086	1.3915725946426392	False	[1 0 0 0 0 0 0 0 1]	[0 0 1 0 0 0 0 1 0]	[0 0 0 0 0 0]	[1 0 0 0 1 0]
3	-0.5	7.1213698387146	1.767073392868042	2.086013078689575	1.7308735847473145	1.537409782409668	False	[1 0 0 0 0 0 0 0 0]	[0 0 1 0 0 0 1 1 0]	[1 0 0 0 0 0]	[1 0 1 0 1 0]
3	-0.5	5.454082489013672	0.6296092867851257	1.6484805345535278	1.5602444410324097	1.615748643875122	False	[1 0 0 0 0 0 0 0 1]	[0 0 0 0 0 0 1 1 0]	[0 0 0 0 0 0]	[1 0 1 0 0 0]
3	-0.5	7.441925048828125	1.9580466747283936	2.0692026615142822	1.7734184265136719	1.6412571668624878	False	[1 0 0 0 0 0 0 0 0]	[0 0 0 0 0 0 0 1 0]	[1 0 0 0 0 0]	[1 0 0 0 0 0]
3	-0.5	5.7270426750183105	0.7615489959716797	1.7855194807052612	1.569257378578186	1.6107168197631836	False	[1 0 0 0 0 0 0 0 1]	[0 0 1 0 0 0 0 1 0]	[0 0 0 0 0 0]	[1 0 0 0 1 0]
3	-0.5	7.282138347625732	1.8857077360153198	2.111009120941162	1.7402206659317017	1.5452008247375488	False	[1 0 0 0 0 0 0 0 0]	[0 0 1 0 0 0 0 1 1]	[1 0 0 0 0 0]	[1 0 1 0 1 0]
3	-0.5	6.611401081085205	1.4345591068267822	2.0121383666992188	1.6449534893035889	1.5197501182556152	False	[1 0 0 0 0 0 0 0 1]	[0 0 1 0 0 0 0 1 0]	[0 0 0 0 0 0]	[1 0 0 0 1 0]
3	-0.5	7.049715995788574	1.7242337465286255	2.0899038314819336	1.7161540985107422	1.5194242000579834	False	[1 0 0 0 0 0 0 0 0]	[0 0 1 0 0 0 1 1 0]	[1 0 0 0 0 0]	[1 0 1 0 1 0]
3	-0.5	5.426998615264893	0.612903356552124	1.6594611406326294	1.5307096242904663	1.6239242553710938	False	[1 0 0 0 0 0 0 0 1]	[0 0 0 0 0 0 1 1 0]	[0 0 0 0 0 0]	[1 0 1 0 0 0]
3	-0.5	7.602741241455078	2.0478017330169678	2.0748400688171387	1.8107342720031738	1.6693651676177979	False	[1 0 0 0 0 0 0 0 0]	[0 0 0 0 0 0 0 1 0]	[1 0 0 0 0 0]	[1 0 0 0 0 0]
3	-0.5	5.67705774307251	0.7351471781730652	1.7739111185073853	1.5652813911437988	1.6027178764343262	False	[1 0 0 0 0 0 0 0 1]	[0 0 1 0 0 0 0 1 0]	[0 0 0 0 0 0]	[1 0 0 0 1 0]
3	-0.5	7.0884623527526855	1.7666112184524536	2.0953075885772705	1.7174488306045532	1.5090947151184082	False	[1 0 0 0 0 0 0 0 0]	[0 0 1 0 0 0 1 1 0]	[1 0 0 0 0 0]	[1 0 1 0 1 0]
3	-0.5	5.46684455871582	0.6187974214553833	1.6809844970703125	1.5370357036590576	1.630026936531067	False	[1 0 0 0 0 0 0 0 1]	[0 0 0 0 0 0 1 1 0]	[0 0 0 0 0 0]	[1 0 1 0 0 0]
3	-0.5	7.573324680328369	2.027719497680664	2.084151029586792	1.7975891828536987	1.6638644933700562	False	[1 0 0 0 0 0 0 0 0]	[0 0 0 0 0 0 0 1 0]	[1 0 0 0 0 0]	[1 0 0 0 0 0]
3	-0.5	5.7566728591918945	0.771407425403595	1.7810614109039307	1.5787012577056885	1.6255028247833252	False	[1 0 0 0 0 0 0 0 1]	[0 0 1 0 0 0 0 1 0]	[0 0 0 0 0 0]	[1 0 0 0 1 0]
3	-0.5	7.014514923095703	1.7059199810028076	2.069103240966797	1.7210955619812012	1.5183966159820557	False	[1 0 0 0 0 0 0 0 0]	[0 0 1 0 0 0 1 1 0]	[1 0 0 0 0 0]	[1 0 1 0 1 0]
3	-0.5	5.440378665924072	0.6216225028038025	1.6563420295715332	1.5360932350158691	1.626320719718933	False	[1 0 0 0 0 0 0 0 1]	[0 0 0 0 0 0 1 1 0]	[0 0 0 0 0 0]	[1 0 1 0 0 0]
3	-0.5	7.436287879943848	1.952639102935791	2.0974035263061523	1.755258321762085	1.6309871673583984	False	[1 0 0 0 0 0 0 0 0]	[0 0 0 0 0 0 0 1 0]	[1 0 0 0 0 0]	[1 0 1 0 1 0]
3	-0.5	6.690865516662598	1.4850252866744995	2.0282034873962402	1.651310920715332	1.5263259410858154	False	[1 0 0 0 0 0 0 0 1]	[0 0 0 0 0 0 0 1 1]	[0 0 0 0 0 0]	[1 0 0 0 1 0]
3	-0.5	7.467899799346924	1.9504332542419434	2.1225082874298096	1.7658522129058838	1.629106044769287	False	[1 0 0 0 0 0 0 0 0]	[0 0 0 0 0 0 1 1 1]	[1 0 0 0 0 0]	[1 0 1 0 1 0]
3	-0.5	5.581347942352295	0.6970949172973633	1.6925984621047974	1.5595920085906982	1.6320627927780151	False	[1 0 0 0 0 0 0 0 1]	[0 0 1 0 0 0 1 1 1]	[0 0 0 0 0 0]	[0 0 1 0 1 0]
3	-0.75	7.294321060180664	1.974189043045044	2.023672103881836	1.7842228412628174	1.5122368335723877	False	[1 0 1 0 0 0 0 0 1]	[0 0 0 0 0 0 1 1 1]	[0 0 0 1 0 0]	[0 0 1 0 0 0]
3	-0.5	7.628383636474609	2.0998599529266357	1.960745096206665	1.8170220851898193	1.7507561445236206	False	[1 0 1 0 0 0 0 1 1]	[0 0 0 0 0 0 0 1 1]	[0 0 0 0 0 0]	[0 0 1 0 1 0]
3	-0.75	7.237378120422363	1.7637487649917603	2.0811755657196045	1.6508902311325073	1.741563320159912	False	[1 0 1 0 0 0 0 1 0]	[0 1 0 0 0 0 0 1 1]	[1 0 0 0 0 0]	[0 0 1 0 1 1]
3	0.3100000023841858	7.785663604736328	2.1958324909210205	2.103090524673462	1.7480992078781128	1.7386412620544434	False	[1 0 1 0 0 0 0 0 0]	[0 0 0 0 0 0 0 1 1]	[1 0 0 0 1 0]	[0 0 1 0 1 0]
3	-0.75	6.5503387451171875	1.3716115951538086	1.8280755281448364	1.6477913856506348	1.7028601169586182	False	[1 0 1 0 0 0 0 0 1]	[0 0 0 0 0 0 1 1 1]	[0 0 0 0 1 0]	[0 0 1 0 1 1]
3	-0.25	7.60535192489624	2.0703024864196777	1.9565284252166748	1.8341283798217773	1.744392991065979	False	[1 0 1 0 0 0 0 1 1]	[0 0 0 0 0 0 0 1 1]	[0 0 0 1 1 0]	[0 0 1 0 1 0]
4	-0.75	3.8080081939697266	0.7219302654266357	0.49940115213394165	1.4343841075897217	1.1522928476333618	False	[0 0 0 0 0 0 0 0 1]	[0 0 1 0 0 0 0 0 0]	[0 1 0 0 0 0]	[1 0 0 0 0 0]
4	0.3449999988079071	6.7897114753723145	1.9805538654327393	1.5815093517303467	1.5967967510223389	1.6308512687683105	False	[0 0 0 0 0 0 0 1 1]	[0 0 1 0 0 0 1 0 0]	[0 1 0 0 0 1]	[1 0 0 0 1 0]
4	-0.5	6.350347995758057	1.6563156843185425	1.4124369621276855	1.63832426071167	1.6432709693908691	False	[0 0 0 0 0 0 0 1 0]	[0 0 1 0 0 0 0 0 0]	[1 1 0 0 0 1]	[0 0 0 0 1 0]
4	-0.75	6.63327693939209	1.772214651107788	1.5936130285263062	1.621765375137329	1.6456841230392456	False	[0 0 0 0 0 0 0 0 0]	[0 0 1 0 0 0 1 0 0]	[1 1 0 0 0 0]	[0 1 0 0 1 0]
4	-0.5	6.957154273986816	1.9089374542236328	1.6825776100158691	1.6659866571426392	1.6996527910232544	False	[0 0 0 0 0 0 0 1 0]	[0 0 1 0 0 0 0 0 0]	[1 1 0 0 0 1]	[0 0 0 0 1 0]
4	-0.75	6.574571132659912	1.660029411315918	1.6151034832000732	1.6207308769226074	1.6787077188491821	False	[0 0 0 0 0 0 0 0 0]	[0 0 1 0 0 0 1 0 0]	[1 1 0 0 0 0]	[0 1 0 0 1 0]
4	-0.5	6.876204490661621	1.9386481046676636	1.6839948892593384	1.6358981132507324	1.6176631450653076	False	[0 0 0 0 0 0 0 1 0]	[0 0 1 0 0 0 0 0 0]	[1 1 0 0 0 1]	[0 0 0 0 1 0]
4	-0.75	6.602917671203613	1.7440524101257324	1.6048709154129028	1.5991791486740112	1.6548153162002563	False	[0 0 0 0 0 0 0 0 0]	[0 0 1 0 0 0 1 0 0]	[1 1 0 0 0 0]	[0 1 0 0 1 0]
4	-0.5	6.886319160461426	1.957810878753662	1.6601554155349731	1.6221109628677368	1.646242380142212	False	[0 0 0 0 0 0 0 1 0]	[0 0 1 0 0 0 0 0 0]	[1 1 0 0 0 1]	[0 0 0 0 1 0]
4	-0.75	6.666609287261963	1.6802070140838623	1.6319668292999268	1.6518137454986572	1.7026219367980957	False	[0 0 0 0 0 0 0 0 0]	[0 0 1 0 0 0 1 0 0]	[1 1 0 0 0 0]	[0 1 0 0 1 0]
4	-0.5	6.825761795043945	1.9636645317077637	1.6295676231384277	1.6338952779769897	1.5986344814300537	False	[0 0 0 0 0 0 0 1 0]	[0 0 1 0 0 0 0 0 0]	[1 1 0 0 0 1]	[0 0 0 0 1 0]
4	-0.75	6.6309027671813965	1.7372491359710693	1.6083704233169556	1.6324517726898193	1.6528315544128418	False	[0 0 0 0 0 0 0 0 0]	[0 0 1 0 0 0 1 0 0]	[1 1 0 0 0 0]	[0 1 0 0 1 0]
4	-0.5	6.945905685424805	1.9685578346252441	1.70198655128479	1.6352320909500122	1.6401288509368896	False	[0 0 0 0 0 0 0 1 0]	[0 0 1 0 0 0 0 0 0]	[1 1 0 0 0 1]	[0 0 0 0 1 0]
4	-0.75	6.4720611572265625	1.7183928489685059	1.5041186809539795	1.619549036026001	1.6300005912780762	False	[0 0 0 0 0 0 0 0 0]	[0 0 1 0 0 0 1 0 0]	[1 1 0 0 0 0]	[0 1 0 0 1 0]
4	-0.5	6.909409999847412	1.8685340881347656	1.6892627477645874	1.6437855958938599	1.7078274488449097	False	[0 0 0 0 0 0 0 1 0]	[0 0 1 0 0 0 0 0 0]	[1 1 0 0 0 1]	[0 0 0 0 1 0]
4	-0.75	6.5674052238464355	1.7151167392730713	1.5771474838256836	1.6215782165527344	1.6535629034042358	False	[0 0 0 0 0 0 0 0 0]	[0 0 1 0 0 0 1 0 0]	[1 1 0 0 0 0]	[0 1 0 0 1 0]
4	-0.5	6.935941696166992	1.9219716787338257	1.6878211498260498	1.653740644454956	1.6724083423614502	False	[0 0 0 0 0 0 0 1 0]	[0 0 1 0 0 0 0 0 0]	[1 1 0 0 0 1]	[0 0 0 0 1 0]
4	-0.75	6.549277305603027	1.7078144550323486	1.5557448863983154	1.615128993988037	1.6705892086029053	False	[0 0 0 0 0 0 0 0 0]	[0 0 1 0 0 0 1 0 0]	[1 1 0 0 0 0]	[0 1 0 0 1 0]
4	-0.5	6.88692569732666	1.9633777141571045	1.6644459962844849	1.6237648725509644	1.6353367567062378	False	[0 0 0 0 0 0 0 1 0]	[0 0 1 0 0 0 0 0 0]	[1 1 0 0 0 1]	[0 0 0 0 1 0]
4	-0.75	6.619053840637207	1.7070207595825195	1.5977563858032227	1.6562252044677734	1.6580517292022705	False	[0 0 0 0 0 0 0 0 0]	[0 0 1 0 0 0 1 0 0]	[1 1 0 0 0 0]	[0 1 0 0 1 0]
4	-0.5	6.852726459503174	1.935549259185791	1.6388282775878906	1.6689672470092773	1.6093815565109253	False	[0 0 0 0 0 0 0 1 0]	[0 0 1 0 0 0 0 0 0]	[1 1 0 0 0 1]	[0 0 0 0 1 0]
4	-0.75	6.604212760925293	1.6900676488876343	1.5858066082000732	1.6530702114105225	1.6752679347991943	False	[0 0 0 0 0 0 0 0 0]	[0 0 1 0 0 0 1 0 0]	[1 1 0 0 0 0]	[0 1 0 0 1 0]
4	-0.5	6.8246002197265625	1.9507237672805786	1.6219589710235596	1.6174074411392212	1.6345101594924927	False	[0 0 0 0 0 0 0 1 0]	[0 0 1 0 0 0 0 0 0]	[1 1 0 0 0 1]	[0 0 0 0 1 0]
4	-0.75	6.548457622528076	1.7073438167572021	1.5639863014221191	1.6105358600616455	1.6665915250778198	False	[0 0 0 0 0 0 0 0 0]	[0 0 1 0 0 0 1 0 0]	[1 1 0 0 0 0]	[0 1 0 0 1 0]
4	-0.5	6.855136394500732	1.9858707189559937	1.6240569353103638	1.6317930221557617	1.6134157180786133	False	[0 0 0 0 0 0 0 1 0]	[0 0 1 0 0 0 0 0 0]	[1 1 0 0 0 1]	[0 0 0 0 1 0]
4	-0.75	6.656189918518066	1.7574375867843628	1.6196024417877197	1.6210823059082031	1.6580677032470703	False	[0 0 0 0 0 0 0 0 0]	[0 0 1 0 0 0 1 0 0]	[1 1 0 0 0 0]	[0 1 0 0 1 0]
4	-0.5	6.798736572265625	1.95588219165802	1.6617494821548462	1.5706511735916138	1.6104536056518555	False	[0 0 0 0 0 0 0 1 0]	[0 0 1 0 0 0 0 0 0]	[1 1 0 0 0 1]	[0 0 0 0 1 0]
4	-0.75	6.611908912658691	1.690445899963379	1.5917891263961792	1.6558376550674438	1.6738359928131104	False	[0 0 0 0 0 0 0 0 0]	[0 0 1 0 0 0 1 0 0]	[1 1 0 0 0 0]	[0 1 0 0 1 0]
4	-0.5	6.805574893951416	1.928449034690857	1.6431586742401123	1.6086204051971436	1.6253466606140137	False	[0 0 0 0 0 0 0 1 0]	[0 0 1 0 0 0 0 0 0]	[1 1 0 0 0 1]	[0 0 0 0 1 0]
4	-0.75	6.500082015991211	1.6932454109191895	1.5687892436981201	1.5987249612808228	1.639322280883789	False	[0 0 0 0 0 0 0 0 0]	[0 0 1 0 0 0 1 0 0]	[1 1 0 0 0 0]	[0 1 0 0 1 0]
5	0.22499999403953552	3.306804656982422	0.5783169269561768	1.0713493824005127	0.8218417763710022	0.8352966904640198	False	[0 0 0 0 0 0 0 0 1]	[0 0 0 0 0 0 1 0 0]	[1 0 0 0 0 0]	[1 0 0 0 0 0]
5	-1.0	4.856264591217041	1.3423373699188232	1.2959907054901123	1.0496104955673218	1.1683259010314941	False	[0 0 0 0 0 0 0 0 0]	[0 0 0 0 0 0 0 0 0]	[0 0 0 0 0 0]	[0 0 0 0 0 0]
5	0.2549999952316284	3.394803047180176	0.5823881030082703	1.090017318725586	0.8489851355552673	0.8734122514724731	False	[0 0 0 0 0 0 0 0 1]	[0 0 0 0 0 0 1 0 0]	[1 0 0 0 0 0]	[1 0 0 0 0 0]
5	-1.0	4.750714302062988	1.3990579843521118	1.2462091445922852	1.0399549007415771	1.0654925107955933	False	[0 0 0 0 0 0 0 0 0]	[0 0 0 0 0 0 0 0 0]	[0 0 0 0 0 0]	[0 0 0 0 0 0]
5	0.25999999046325684	3.333937644958496	0.5624386668205261	1.076674222946167	0.8347735404968262	0.8600510954856873	False	[0 0 0 0 0 0 0 0 1]	[0 0 0 0 0 0 1 0 0]	[1 0 0 0 0 0]	[1 0 0 0 0 0]
5	-1.0	4.844531059265137	1.3641899824142456	1.294987440109253	1.0366830825805664	1.1486706733703613	False	[0 0 0 0 0 0 0 0 0]	[0 0 0 0 0 0 0 0 0]	[0 0 0 0 0 0]	[0 0 0 0 0 0]
5	0.2750000059604645	3.3687820434570312	0.6008482575416565	1.0628291368484497	0.8450911641120911	0.8600133657455444	False	[0 0 0 0 0 0 0 0 1]	[0 0 0 0 0 0 1 0 0]	[1 0 0 0 0 0]	[1 0 0 0 0 0]
5	-1.0	4.753744125366211	1.3401705026626587	1.274848461151123	1.0420624017715454	1.0966627597808838	False	[0 0 0 0 0 0 0 0 0]	[0 0 0 0 0 0 0 0 0]	[0 0 0 0 0 0]	[0 0 0 0 0 0]
5	0.25	3.3874850273132324	0.602067768573761	1.081871509552002	0.8435725569725037	0.8599730730056763	False	[0 0 0 0 0 0 0 0 1]	[0 0 0 0 0 0 1 0 0]	[1 0 0 0 0 0]	[1 0 0 0 0 0]
5	-1.0	4.770913124084473	1.349308729171753	1.251896619796753	1.054490566253662	1.1152173280715942	False	[0 0 0 0 0 0 0 0 0]	[0 0 0 0 0 0 0 0 0]	[0 0 0 0 0 0]	[0 0 0 0 0 0]
5	0.2199999988079071	3.345426559448242	0.5769047737121582	1.0747407674789429	0.8321987986564636	0.8615821599960327	False	[0 0 0 0 0 0 0 0 1]	[0 0 0 0 0 0 1 0 0]	[1 0 0 0 0 0]	[1 0 0 0 0 0]
5	-1.0	4.869379043579102	1.36150062084198	1.2757651805877686	1.053288221359253	1.1788249015808105	False	[0 0 0 0 0 0 0 0 0]	[0 0 0 0 0 0 0 0 0]	[0 0 0 0 0 0]	[0 0 0 0 0 0]
5	0.20999999344348907	3.3736250400543213	0.5507512092590332	1.0850260257720947	0.8396169543266296	0.898230791091919	False	[0 0 0 0 0 0 0 0 1]	[0 0 0 0 0 0 1 0 0]	[1 0 0 0 0 0]	[1 0 0 0 0 0]
5	-1.0	4.825042724609375	1.3740005493164062	1.2576055526733398	1.0563828945159912	1.1370534896850586	False	[0 0 0 0 0 0 0 0 0]	[0 0 0 0 0 0 0 0 0]	[0 0 0 0 0 0]	[0 0 0 0 0 0]
5	0.22499999403953552	3.3703393936157227	0.5909326672554016	1.0799463987350464	0.8452532887458801	0.8542069792747498	False	[0 0 0 0 0 0 0 0 1]	[0 0 0 0 0 0 1 0 0]	[1 0 0 0 0 0]	[1 0 0 0 0 0]
5	-1.0	4.813239097595215	1.3688549995422363	1.264941692352295	1.0488148927688599	1.1306276321411133	False	[0 0 0 0 0 0 0 0 0]	[0 0 0 0 0 0 0 0 0]	[0 0 0 0 0 0]	[0 0 0 0 0 0]
5	0.23499999940395355	3.4043798446655273	0.5487197041511536	1.0941102504730225	0.8376905918121338	0.9238592386245728	False	[0 0 0 0 0 0 0 0 1]	[0 0 0 0 0 0 1 0 0]	[1 0 0 0 0 0]	[1 0 0 0 0 0]
5	-1.0	4.690427780151367	1.3029389381408691	1.2656748294830322	1.0147472620010376	1.1070666313171387	False	[0 0 0 0 0 0 0 0 0]	[0 0 0 0 0 0 0 0 0]	[0 0 0 0 0 0]	[0 0 0 0 0 0]
5	0.2549999952316284	3.4059579372406006	0.5974171161651611	1.0797514915466309	0.856087327003479	0.87270188331604	False	[0 0 0 0 0 0 0 0 1]	[0 0 0 0 0 0 1 0 0]	[1 0 0 0 0 0]	[1 0 0 0 0 0]
5	-1.0	4.893399715423584	1.353948950767517	1.280414342880249	1.064547061920166	1.1944894790649414	False	[0 0 0 0 0 0 0 0 0]	[0 0 0 0 0 0 0 0 0]	[0 0 0 0 0 0]	[0 0 0 0 0 0]
5	0.29499998688697815	3.4070017337799072	0.5610052347183228	1.0851393938064575	0.8591161966323853	0.9017407298088074	False	[0 0 0 0 0 0 0 0 1]	[0 0 0 0 0 0 1 0 0]	[1 0 0 0 0 0]	[1 0 0 0 0 0]
5	-1.0	4.813815593719482	1.3625258207321167	1.2786030769348145	1.0353813171386719	1.1373052597045898	False	[0 0 0 0 0 0 0 0 0]	[0 0 0 0 0 0 0 0 0]	[0 0 0 0 0 0]	[0 0 0 0 0 0]
5	0.25999999046325684	3.3803110122680664	0.5825510025024414	1.084478497505188	0.8413478136062622	0.8719336986541748	False	[0 0 0 0 0 0 0 0 1]	[0 0 0 0 0 0 1 0 0]	[1 0 0 0 0 0]	[1 0 0 0 0 0]
5	-1.0	4.7573957443237305	1.2814387083053589	1.2852585315704346	1.0330684185028076	1.1576303243637085	False	[0 0 0 0 0 0 0 0 0]	[0 0 0 0 0 0 0 0 0]	[0 0 0 0 0 0]	[0 0 0 0 0 0]
5	0.23499999940395355	3.3742127418518066	0.5362356305122375	1.0873496532440186	0.8377971053123474	0.9128303527832031	False	[0 0 0 0 0 0 0 0 1]	[0 0 0 0 0 0 1 0 0]	[1 0 0 0 0 0]	[1 0 0 0 0 0]
5	-1.0	4.910270690917969	1.3963077068328857	1.2523770332336426	1.067737102508545	1.1938490867614746	False	[0 0 0 0 0 0 0 0 0]	[0 0 0 0 0 0 0 0 0]	[0 0 0 0 0 0]	[0 0 0 0 0 0]
5	0.24500000476837158	3.357386589050293	0.5817769169807434	1.0748839378356934	0.8403147459030151	0.8604111671447754	False	[0 0 0 0 0 0 0 0 1]	[0 0 0 0 0 0 1 0 0]	[1 0 0 0 0 0]	[1 0 0 0 0 0]
5	-1.0	4.7589616775512695	1.3722257614135742	1.2659438848495483	1.0482853651046753	1.0725061893463135	False	[0 0 0 0 0 0 0 0 0]	[0 0 0 0 0 0 0 0 0]	[0 0 0 0 0 0]	[0 0 0 0 0 0]
5	0.23000000417232513	3.467176914215088	0.5708165168762207	1.0904215574264526	0.8696407079696655	0.936298131942749	False	[0 0 0 0 0 0 0 0 1]	[0 0 0 0 0 0 1 0 0]	[1 0 0 0 0 0]	[1 0 0 0 0 0]
5	-1.0	4.60310173034668	1.2828222513198853	1.244791865348816	0.9993540644645691	1.0761334896087646	False	[0 0 0 0 0 0 0 0 0]	[0 0 0 0 0 0 0 0 0]	[0 0 0 0 0 0]	[0 0 0 0 0 0]
6	0.24500000476837158	3.715744972229004	0.5951091647148132	1.182629108428955	0.5286571979522705	1.4093494415283203	False	[0 0 0 0 0 0 0 0 1]	[0 0 1 0 0 0 0 0 0]	[1 0 0 0 0 0]	[1 0 0 0 0 0]
6	-1.0	5.150264739990234	1.1976051330566406	1.6132456064224243	0.9054057598114014	1.4340083599090576	False	[0 0 0 0 0 0 0 0 0]	[0 0 0 0 0 0 0 0 0]	[0 0 0 0 0 0]	[0 0 0 0 0 0]
6	0.3050000071525574	3.7609643936157227	0.6019434332847595	1.2034358978271484	0.5357306599617004	1.4198545217514038	False	[0 0 0 0 0 0 0 0 1]	[0 0 1 0 0 0 0 0 0]	[1 0 0 0 0 0]	[1 0 0 0 0 0]
6	-0.5	5.058510780334473	1.1709492206573486	1.5913223028182983	0.8597317337989807	1.4365077018737793	False	[0 0 0 0 0 0 0 0 0]	[0 0 1 0 0 0 0 1 0]	[0 0 0 0 0 0]	[0 0 0 0 0 0]
6	0.23499999940395355	4.486706733703613	1.0073727369308472	1.4955549240112305	0.63386070728302	1.3499183654785156	False	[0 0 0 0 0 0 0 0 1]	[0 0 0 0 0 0 0 1 0]	[1 0 0 0 0 0]	[1 0 0 0 0 0]
6	-0.5	4.204676151275635	0.5810890793800354	1.6276699304580688	0.7046664357185364	1.2912507057189941	False	[0 0 0 0 0 0 0 0 0]	[0 0 1 0 0 0 0 1 0]	[0 0 0 0 0 0]	[0 0 0 0 0 0]
6	0.25999999046325684	4.384159564971924	0.9244698882102966	1.4792296886444092	0.6163076758384705	1.3641520738601685	False	[0 0 0 0 0 0 0 0 1]	[0 0 0 0 0 0 0 1 0]	[1 0 0 0 0 0]	[1 0 0 0 0 0]
6	-0.5	4.243026256561279	0.586717963218689	1.6472833156585693	0.709900438785553	1.2991245985031128	False	[0 0 0 0 0 0 0 0 0]	[0 0 0 0 0 0 1 1 0]	[0 0 0 0 0 0]	[0 0 0 0 0 0]
6	0.17000000178813934	4.679403305053711	1.0888711214065552	1.547437310218811	0.6736732721328735	1.3694214820861816	False	[0 0 0 0 0 0 0 0 1]	[0 0 1 0 0 0 1 1 0]	[1 0 0 0 0 0]	[1 0 0 0 0 0]
6	-0.5	5.092926025390625	1.321472406387329	1.4606797695159912	0.78188157081604	1.5288925170898438	False	[0 0 0 0 0 0 0 0 0]	[0 0 0 0 0 0 1 1 0]	[0 0 0 0 0 0]	[0 0 0 0 0 0]
6	0.22499999403953552	4.6802897453308105	1.0792820453643799	1.562528371810913	0.6650028228759766	1.373476505279541	False	[0 0 0 0 0 0 0 0 1]	[0 0 1 0 0 0 1 1 0]	[1 0 0 0 0 0]	[1 0 0 0 0 0]
6	-0.5	5.10733699798584	1.3195127248764038	1.4909770488739014	0.783532440662384	1.513314962387085	False	[0 0 0 0 0 0 0 0 0]	[0 0 0 0 0 0 1 1 0]	[0 0 0 0 0 0]	[0 0 0 0 0 0]
6	0.20000000298023224	4.720094680786133	1.1056920289993286	1.5515564680099487	0.6793334484100342	1.3835128545761108	False	[0 0 0 0 0 0 0 0 1]	[0 0 1 0 0 0 1 1 0]	[1 0 0 0 0 0]	[1 0 0 0 0 0]
6	-0.5	5.053126335144043	1.2704209089279175	1.455662727355957	0.7993524074554443	1.527690052986145	False	[0 0 0 0 0 0 0 0 0]	[0 0 0 0 0 0 1 1 0]	[0 0 0 0 0 0]	[0 0 0 0 0 0]
6	0.2199999988079071	4.682257652282715	1.0571154356002808	1.5542094707489014	0.6725833415985107	1.398349404335022	False	[0 0 0 0 0 0 0 0 1]	[0 0 1 0 0 0 1 1 0]	[1 0 0 0 0 0]	[1 0 0 0 0 0]
6	-0.5	5.098302841186523	1.276419997215271	1.4977149963378906	0.7941094636917114	1.5300586223602295	False	[0 0 0 0 0 0 0 0 0]	[0 0 0 0 0 0 1 1 0]	[0 0 0 0 0 0]	[0 0 0 0 0 0]
6	0.20000000298023224	4.796723365783691	1.1348206996917725	1.5507436990737915	0.7181907296180725	1.392967939376831	False	[0 0 0 0 0 0 0 0 1]	[0 0 1 0 0 0 1 1 0]	[1 0 0 0 0 0]	[1 0 0 0 0 0]
6	-0.5	5.034430503845215	1.272221326828003	1.4555660486221313	0.7813447713851929	1.5252981185913086	False	[0 0 0 0 0 0 0 0 0]	[0 0 0 0 0 0 1 1 0]	[0 0 0 0 0 0]	[0 0 0 0 0 0]
6	0.19499999284744263	4.672860145568848	1.0573678016662598	1.5744047164916992	0.6641271710395813	1.3769606351852417	False	[0 0 0 0 0 0 0 0 1]	[0 0 1 0 0 0 1 1 0]	[1 0 0 0 0 0]	[1 0 0 0 0 0]
6	-0.5	5.064812183380127	1.287013053894043	1.462643027305603	0.7894017696380615	1.5257543325424194	False	[0 0 0 0 0 0 0 0 0]	[0 0 0 0 0 0 1 1 0]	[0 0 0 0 0 0]	[0 0 0 0 0 0]
6	0.23000000417232513	4.685416221618652	1.046020746231079	1.5618404150009155	0.6703024506568909	1.407252550125122	False	[0 0 0 0 0 0 0 0 1]	[0 0 1 0 0 0 1 1 0]	[1 0 0 0 0 0]	[1 0 0 0 0 0]
6	-0.5	5.092063903808594	1.2917016744613647	1.4788119792938232	0.8005161285400391	1.5210343599319458	False	[0 0 0 0 0 0 0 0 0]	[0 0 0 0 0 0 1 1 0]	[0 0 0 0 0 0]	[0 0 0 0 0 0]
6	0.2199999988079071	4.720583915710449	1.1171045303344727	1.5455583333969116	0.6853309869766235	1.3725899457931519	False	[0 0 0 0 0 0 0 0 1]	[0 0 1 0 0 0 1 1 0]	[1 0 0 0 0 0]	[1 0 0 0 0 0]
6	-0.5	5.13408088684082	1.2801085710525513	1.5285004377365112	0.8089985251426697	1.5164730548858643	False	[0 0 0 0 0 0 0 0 0]	[0 0 0 0 0 0 1 1 0]	[0 0 0 0 0 0]	[0 0 0 0 0 0]
6	0.2150000035762787	4.768617153167725	1.0855988264083862	1.5768593549728394	0.6912460327148438	1.4149129390716553	False	[0 0 0 0 0 0 0 0 1]	[0 0 1 0 0 0 1 1 0]	[1 0 0 0 0 0]	[1 0 0 0 0 0]
6	-0.5	5.06239652633667	1.2616620063781738	1.4613386392593384	0.8032520413398743	1.5361440181732178	False	[0 0 0 0 0 0 0 0 0]	[0 0 0 0 0 0 1 1 0]	[0 0 0 0 0 0]	[0 0 0 0 0 0]
6	0.17499999701976776	4.6871490478515625	1.0796840190887451	1.5604404211044312	0.6800578832626343	1.366966962814331	False	[0 0 0 0 0 0 0 0 1]	[0 0 1 0 0 0 1 1 0]	[1 0 0 0 0 0]	[1 0 0 0 0 0]
6	-0.5	5.104351043701172	1.2731127738952637	1.495936393737793	0.8026865720748901	1.532615065574646	False	[0 0 0 0 0 0 0 0 0]	[0 0 0 0 0 0 1 1 0]	[0 0 0 0 0 0]	[0 0 0 0 0 0]
6	0.23000000417232513	4.73402214050293	1.100801944732666	1.5360218286514282	0.7039127945899963	1.3932857513427734	False	[0 0 0 0 0 0 0 0 1]	[0 0 1 0 0 0 1 1 0]	[1 0 0 0 0 0]	[1 0 0 0 0 0]
6	-0.5	5.075467109680176	1.2792549133300781	1.4866007566452026	0.7810859680175781	1.528525471687317	False	[0 0 0 0 0 0 0 0 0]	[0 0 0 0 0 0 1 1 0]	[0 0 0 0 0 0]	[0 0 0 0 0 0]
7	0.20999999344348907	2.776705026626587	0.31473401188850403	1.61008620262146	0.14401133358478546	0.7078736424446106	False	[0 0 0 0 0 0 0 0 1]	[0 0 0 0 0 0 0 1 0]	[1 0 0 0 0 0]	[1 0 0 0 0 0]
7	-0.5	3.6809897422790527	0.28092437982559204	1.776222586631775	0.5667084455490112	1.0571341514587402	False	[0 0 0 0 0 0 0 0 0]	[0 0 0 0 0 0 1 1 0]	[0 0 0 0 0 0]	[0 0 0 0 0 0]
7	0.23000000417232513	3.5828452110290527	0.6801468133926392	1.7478303909301758	0.3232851028442383	0.8315829038619995	False	[0 0 0 0 0 0 0 0 1]	[0 0 0 0 0 0 0 1 0]	[1 0 0 0 0 0]	[1 0 0 0 0 0]
7	-0.5	3.6076202392578125	0.3183664083480835	1.757173776626587	0.5858584642410278	0.9462218284606934	False	[0 0 0 0 0 0 0 0 0]	[0 0 0 1 0 0 0 1 0]	[0 0 0 0 0 0]	[0 0 0 0 0 0]
7	0.1899999976158142	3.4096109867095947	0.5611170530319214	1.8040701150894165	0.2530064582824707	0.7914173603057861	False	[0 0 0 0 0 0 0 0 1]	[0 0 0 1 0 0 1 1 0]	[1 0 0 0 0 0]	[1 0 0 0 0 0]
7	-0.5	3.4959020614624023	0.560319185256958	1.7924611568450928	0.27676376700401306	0.8663581609725952	False	[0 0 0 0 0 0 0 0 0]	[0 0 0 1 0 0 0 1 0]	[0 0 0 0 0 0]	[0 0 0 0 0 0]
7	0.2150000035762787	3.4454708099365234	0.5624297857284546	1.8154613971710205	0.25644823908805847	0.811131477355957	False	[0 0 0 0 0 0 0 0 1]	[0 0 0 1 0 0 1 1 0]	[1 0 0 0 0 0]	[1 0 0 0 0 0]
7	-0.5	3.4614973068237305	0.6188961267471313	1.7607131004333496	0.28905951976776123	0.7928284406661987	False	[0 0 0 0 0 0 0 0 0]	[0 0 0 1 0 0 0 1 0]	[0 0 0 0 0 0]	[0 0 0 0 0 0]
7	0.23499999940395355	3.451690912246704	0.5654040575027466	1.8018031120300293	0.25217097997665405	0.832312822341919	False	[0 0 0 0 0 0 0 0 1]	[0 0 0 1 0 0 1 1 0]	[1 0 0 0 0 0]	[1 0 0 0 0 0]
7	-0.5	3.568570137023926	0.665931761264801	1.7530267238616943	0.3099386692047119	0.8396731615066528	False	[0 0 0 0 0 0 0 0 0]	[0 0 0 1 0 0 0 1 0]	[0 0 0 0 0 0]	[0 0 0 0 0 0]
7	0.19499999284744263	3.4592390060424805	0.5440114736557007	1.8064303398132324	0.2640506625175476	0.8447463512420654	False	[0 0 0 0 0 0 0 0 1]	[0 0 0 1 0 0 1 1 0]	[1 0 0 0 0 0]	[1 0 0 0 0 0]
7	-0.5	3.491607666015625	0.5498327016830444	1.7959747314453125	0.2749544084072113	0.8708459138870239	False	[0 0 0 0 0 0 0 0 0]	[0 0 0 1 0 0 0 1 0]	[0 0 0 0 0 0]	[0 0 0 0 0 0]
7	0.2150000035762787	3.4158496856689453	0.5340104699134827	1.8142458200454712	0.2555687427520752	0.8120245933532715	False	[0 0 0 0 0 0 0 0 1]	[0 0 0 1 0 0 1 1 0]	[1 0 0 0 0 0]	[1 0 0 0 0 0]
7	-0.5	3.500810146331787	0.5554007291793823	1.78774094581604	0.28051406145095825	0.8771547079086304	False	[0 0 0 0 0 0 0 0 0]	[0 0 0 1 0 0 0 1 0]	[0 0 0 0 0 0]	[0 0 0 0 0 0]
7	0.22499999403953552	3.4442524909973145	0.5743575096130371	1.7985650300979614	0.25446563959121704	0.8168644905090332	False	[0 0 0 0 0 0 0 0 1]	[0 0 0 1 0 0 1 1 0]	[1 0 0 0 0 0]	[1 0 0 0 0 0]
7	-0.5	3.50691556930542	0.6198490858078003	1.7573211193084717	0.2904885709285736	0.839257001876831	False	[0 0 0 0 0 0 0 0 0]	[0 0 0 1 0 0 0 1 0]	[0 0 0 0 0 0]	[0 0 0 0 0 0]
7	0.2199999988079071	3.4454798698425293	0.5833131074905396	1.8002653121948242	0.24952471256256104	0.8123769760131836	False	[0 0 0 0 0 0 0 0 1]	[0 0 0 1 0 0 1 1 0]	[1 0 0 0 0 0]	[1 0 0 0 0 0]
7	-0.5	3.525761604309082	0.6202340722084045	1.7569127082824707	0.29373258352279663	0.8548821806907654	False	[0 0 0 0 0 0 0 0 0]	[0 0 0 1 0 0 0 1 0]	[0 0 0 0 0 0]	[0 0 0 0 0 0]
7	0.25	3.481571674346924	0.5590500235557556	1.8028461933135986	0.26375576853752136	0.8559197187423706	False	[0 0 0 0 0 0 0 0 1]	[0 0 0 1 0 0 1 1 0]	[1 0 0 0 0 0]	[1 0 0 0 0 0]
7	-0.5	3.4852230548858643	0.5763478875160217	1.780071496963501	0.29000699520111084	0.838796854019165	False	[0 0 0 0 0 0 0 0 0]	[0 0 0 1 0 0 0 1 0]	[0 0 0 0 0 0]	[0 0 0 0 0 0]
7	0.2199999988079071	3.454631805419922	0.5147362351417542	1.8116047382354736	0.2645246684551239	0.8637661337852478	False	[0 0 0 0 0 0 0 0 1]	[0 0 0 1 0 0 1 1 0]	[1 0 0 0 0 0]	[1 0 0 0 0 0]
7	-0.5	3.494565963745117	0.5575478076934814	1.7905292510986328	0.2745366096496582	0.8719521760940552	False	[0 0 0 0 0 0 0 0 0]	[0 0 0 1 0 0 0 1 0]	[0 0 0 0 0 0]	[0 0 0 0 0 0]
7	0.2199999988079071	3.450369119644165	0.5443769097328186	1.8121893405914307	0.2531382441520691	0.8406646251678467	False	[0 0 0 0 0 0 0 0 1]	[0 0 0 1 0 0 1 1 0]	[1 0 0 0 0 0]	[1 0 0 0 0 0]
7	-0.5	3.4823663234710693	0.5703461170196533	1.7886625528335571	0.2798708975315094	0.843486487865448	False	[0 0 0 0 0 0 0 0 0]	[0 0 0 1 0 0 0 1 0]	[0 0 0 0 0 0]	[0 0 0 0 0 0]
7	0.1899999976158142	3.484724521636963	0.5744169354438782	1.8049613237380981	0.2623925507068634	0.8429538011550903	False	[0 0 0 0 0 0 0 0 1]	[0 0 0 1 0 0 1 1 0]	[1 0 0 0 0 0]	[1 0 0 0 0 0]
7	-0.5	3.480168342590332	0.5912194848060608	1.764107346534729	0.2910699248313904	0.8337714672088623	False	[0 0 0 0 0 0 0 0 0]	[0 0 0 1 0 0 0 1 0]	[0 0 0 0 0 0]	[0 0 0 0 0 0]
7	0.22499999403953552	3.493420362472534	0.5942424535751343	1.7916011810302734	0.265778511762619	0.8417980670928955	False	[0 0 0 0 0 0 0 0 1]	[0 0 0 1 0 0 1 1 0]	[1 0 0 0 0 0]	[1 0 0 0 0 0]
7	-0.5	3.558774471282959	0.6158775091171265	1.7604968547821045	0.3071061372756958	0.8752940893173218	False	[0 0 0 0 0 0 0 0 0]	[0 0 0 1 0 0 0 1 0]	[0 0 0 0 0 0]	[0 0 0 0 0 0]
7	0.24500000476837158	3.476835012435913	0.5996789932250977	1.7903361320495605	0.27213555574417114	0.8146843910217285	False	[0 0 0 0 0 0 0 0 1]	[0 0 0 1 0 0 1 1 0]	[1 0 0 0 0 0]	[1 0 0 0 0 0]
7	-0.5	3.5406551361083984	0.5943970680236816	1.7696499824523926	0.29229000210762024	0.8843181133270264	False	[0 0 0 0 0 0 0 0 0]	[0 0 0 1 0 0 0 1 0]	[0 0 0 0 0 0]	[0 0 0 0 0 0]
8	0.2750000059604645	1.8035321235656738	0.2830471694469452	1.379935383796692	0.05195742845535278	0.08859206736087799	False	[0 0 0 0 0 0 0 0 1]	[0 0 0 0 0 0 0 1 0]	[1 0 0 0 0 0]	[1 0 0 0 0 0]
8	-1.0	2.680521249771118	0.7384801506996155	1.5982489585876465	0.13427221775054932	0.20952002704143524	False	[0 0 0 0 0 0 0 0 0]	[0 0 0 0 0 0 0 0 0]	[0 0 0 0 0 0]	[0 0 0 0 0 0]
8	0.23999999463558197	1.8486049175262451	0.2678271234035492	1.4296619892120361	0.05224567651748657	0.09887002408504486	False	[0 0 0 0 0 0 0 0 1]	[0 0 0 0 0 0 0 1 0]	[1 0 0 0 0 0]	[1 0 0 0 0 0]
8	-1.0	2.7253034114837646	0.7545053958892822	1.6056984663009644	0.13930682837963104	0.22579282522201538	False	[0 0 0 0 0 0 0 0 0]	[0 0 0 0 0 0 0 0 0]	[0 0 0 0 0 0]	[0 0 0 0 0 0]
8	0.24500000476837158	1.7840147018432617	0.2867313623428345	1.3617298603057861	0.052193060517311096	0.08336041867733002	False	[0 0 0 0 0 0 0 0 1]	[0 0 0 0 0 0 0 1 0]	[1 0 0 0 0 0]	[1 0 0 0 0 0]
8	-1.0	2.773214340209961	0.7381064295768738	1.6318219900131226	0.14440588653087616	0.2588801980018616	False	[0 0 0 0 0 0 0 0 0]	[0 0 0 0 0 0 0 0 0]	[0 0 0 0 0 0]	[0 0 0 0 0 0]
8	0.25	1.8238449096679688	0.27151501178741455	1.4030544757843018	0.05291297659277916	0.09636243432760239	False	[0 0 0 0 0 0 0 0 1]	[0 0 0 0 0 0 0 1 0]	[1 0 0 0 0 0]	[1 0 0 0 0 0]
8	-1.0	2.6700267791748047	0.6893683075904846	1.62040114402771	0.13747183978557587	0.2227855920791626	False	[0 0 0 0 0 0 0 0 0]	[0 0 0 0 0 0 0 0 0]	[0 0 0 0 0 0]	[0 0 0 0 0 0]
8	0.24500000476837158	1.8316863775253296	0.26412078738212585	1.410338282585144	0.0544329434633255	0.10279428958892822	False	[0 0 0 0 0 0 0 0 1]	[0 0 0 0 0 0 0 1 0]	[1 0 0 0 0 0]	[1 0 0 0 0 0]
8	-1.0	2.711184024810791	0.7440344095230103	1.6364566087722778	0.12986688315868378	0.20082621276378632	False	[0 0 0 0 0 0 0 0 0]	[0 0 0 0 0 0 0 0 0]	[0 0 0 0 0 0]	[0 0 0 0 0 0]
8	0.25	1.8328683376312256	0.27180516719818115	1.4048943519592285	0.0529027134180069	0.10326611995697021	False	[0 0 0 0 0 0 0 0 1]	[0 0 0 0 0 0 0 1 0]	[1 0 0 0 0 0]	[1 0 0 0 0 0]
8	-1.0	2.725689649581909	0.7242034673690796	1.642148733139038	0.13432057201862335	0.22501704096794128	False	[0 0 0 0 0 0 0 0 0]	[0 0 0 0 0 0 0 0 0]	[0 0 0 0 0 0]	[0 0 0 0 0 0]
8	0.22499999403953552	1.8484280109405518	0.2695240080356598	1.430605411529541	0.05257483944296837	0.09572368860244751	False	[0 0 0 0 0 0 0 0 1]	[0 0 0 0 0 0 0 1 0]	[1 0 0 0 0 0]	[1 0 0 0 0 0]
8	-1.0	2.7906951904296875	0.7490860223770142	1.6416398286819458	0.1389075517654419	0.2610616981983185	False	[0 0 0 0 0 0 0 0 0]	[0 0 0 0 0 0 0 0 0]	[0 0 0 0 0 0]	[0 0 0 0 0 0]
8	0.2199999988079071	1.8473728895187378	0.29664045572280884	1.4006174802780151	0.05440517142415047	0.09570969641208649	False	[0 0 0 0 0 0 0 0 1]	[0 0 0 0 0 0 0 1 0]	[1 0 0 0 0 0]	[1 0 0 0 0 0]
8	-1.0	2.6661088466644287	0.6885861158370972	1.6172802448272705	0.13687899708747864	0.22336357831954956	False	[0 0 0 0 0 0 0 0 0]	[0 0 0 0 0 0 0 0 0]	[0 0 0 0 0 0]	[0 0 0 0 0 0]
8	0.2150000035762787	1.8065555095672607	0.265024870634079	1.3878297805786133	0.054189760237932205	0.09951100498437881	False	[0 0 0 0 0 0 0 0 1]	[0 0 0 0 0 0 0 1 0]	[1 0 0 0 0 0]	[1 0 0 0 0 0]
8	-1.0	2.7401955127716064	0.7498845458030701	1.6042137145996094	0.14891299605369568	0.23718437552452087	False	[0 0 0 0 0 0 0 0 0]	[0 0 0 0 0 0 0 0 0]	[0 0 0 0 0 0]	[0 0 0 0 0 0]
8	0.29499998688697815	1.8209398984909058	0.2570492923259735	1.4119763374328613	0.05219424515962601	0.09972002357244492	False	[0 0 0 0 0 0 0 0 1]	[0 0 0 0 0 0 0 1 0]	[1 0 0 0 0 0]	[1 0 0 0 0 0]
8	-1.0	2.780937433242798	0.7205440998077393	1.6462031602859497	0.14579814672470093	0.26839178800582886	False	[0 0 0 0 0 0 0 0 0]	[0 0 0 0 0 0 0 0 0]	[0 0 0 0 0 0]	[0 0 0 0 0 0]
8	0.23000000417232513	1.8182041645050049	0.26518890261650085	1.3988935947418213	0.05423381179571152	0.09988783299922943	False	[0 0 0 0 0 0 0 0 1]	[0 0 0 0 0 0 0 1 0]	[1 0 0 0 0 0]	[1 0 0 0 0 0]
8	-1.0	2.696479558944702	0.7481409311294556	1.6119831800460815	0.13024351000785828	0.20611190795898438	False	[0 0 0 0 0 0 0 0 0]	[0 0 0 0 0 0 0 0 0]	[0 0 0 0 0 0]	[0 0 0 0 0 0]
8	0.23499999940395355	1.8030929565429688	0.2737128436565399	1.3940141201019287	0.051485538482666016	0.08388040959835052	False	[0 0 0 0 0 0 0 0 1]	[0 0 0 0 0 0 0 1 0]	[1 0 0 0 0 0]	[1 0 0 0 0 0]
8	-1.0	2.68515682220459	0.6623863577842712	1.6096265316009521	0.14690431952476501	0.26623964309692383	False	[0 0 0 0 0 0 0 0 0]	[0 0 0 0 0 0 0 0 0]	[0 0 0 0 0 0]	[0 0 0 0 0 0]
8	0.23999999463558197	1.84567391872406	0.2736586332321167	1.4079176187515259	0.056764621287584305	0.10733306407928467	False	[0 0 0 0 0 0 0 0 1]	[0 0 0 0 0 0 0 1 0]	[1 0 0 0 0 0]	[1 0 0 0 0 0]
8	-1.0	2.6727824211120605	0.7294507622718811	1.6207941770553589	0.13045422732830048	0.19208315014839172	False	[0 0 0 0 0 0 0 0 0]	[0 0 0 0 0 0 0 0 0]	[0 0 0 0 0 0]	[0 0 0 0 0 0]
8	0.23999999463558197	1.7990199327468872	0.27256134152412415	1.3745715618133545	0.05428417772054672	0.09760282188653946	False	[0 0 0 0 0 0 0 0 1]	[0 0 0 0 0 0 0 1 0]	[1 0 0 0 0 0]	[1 0 0 0 0 0]
8	-1.0	2.6800990104675293	0.7009416818618774	1.6063448190689087	0.13718682527542114	0.23562565445899963	False	[0 0 0 0 0 0 0 0 0]	[0 0 0 0 0 0 0 0 0]	[0 0 0 0 0 0]	[0 0 0 0 0 0]
8	0.3100000023841858	1.8429466485977173	0.277274489402771	1.4156959056854248	0.05170455574989319	0.09827173501253128	False	[0 0 0 0 0 0 0 0 1]	[0 0 0 0 0 0 0 1 0]	[1 0 0 0 0 0]	[1 0 0 0 0 0]
8	-1.0	2.63131046295166	0.6864153146743774	1.6146730184555054	0.12980565428733826	0.2004166543483734	False	[0 0 0 0 0 0 0 0 0]	[0 0 0 0 0 0 0 0 0]	[0 0 0 0 0 0]	[0 0 0 0 0 0]
9	0.2750000059604645	1.783858299255371	0.5035268664360046	1.0815505981445312	0.01377898920327425	0.1850016713142395	False	[0 0 0 0 0 0 0 0 1]	[0 0 0 0 0 0 0 1 0]	[1 0 0 0 0 0]	[1 0 0 0 0 0]
9	-1.0	2.473848581314087	0.6046561598777771	1.6648926734924316	0.0635390356183052	0.14076073467731476	False	[0 0 0 0 0 0 0 0 0]	[0 0 0 0 0 0 0 0 0]	[0 0 0 0 0 0]	[0 0 0 0 0 0]
9	0.25	1.7665114402770996	0.4857383668422699	1.077993631362915	0.013425150886178017	0.1893543004989624	False	[0 0 0 0 0 0 0 0 1]	[0 0 0 0 0 0 0 1 0]	[1 0 0 0 0 0]	[1 0 0 0 0 0]
9	-1.0	2.4476122856140137	0.5945090055465698	1.658846139907837	0.058779627084732056	0.13547752797603607	False	[0 0 0 0 0 0 0 0 0]	[0 0 0 0 0 0 0 0 0]	[0 0 0 0 0 0]	[0 0 0 0 0 0]
9	0.25	1.8179768323898315	0.5130181312561035	1.091994047164917	0.013647157698869705	0.19931747019290924	False	[0 0 0 0 0 0 0 0 1]	[0 0 0 0 0 0 0 1 0]	[1 0 0 0 0 0]	[1 0 0 0 0 0]
9	-1.0	2.4781694412231445	0.6121828556060791	1.677068829536438	0.05925597622990608	0.12966154515743256	False	[0 0 0 0 0 0 0 0 0]	[0 0 0 0 0 0 0 0 0]	[0 0 0 0 0 0]	[0 0 0 0 0 0]
9	0.25	1.7562357187271118	0.4764063060283661	1.0779149532318115	0.013830039650201797	0.18808433413505554	False	[0 0 0 0 0 0 0 0 1]	[0 0 0 0 0 0 0 1 0]	[1 0 0 0 0 0]	[1 0 0 0 0 0]
9	-1.0	2.475170850753784	0.5947777628898621	1.6878621578216553	0.058394115418195724	0.13413666188716888	False	[0 0 0 0 0 0 0 0 0]	[0 0 0 0 0 0 0 0 0]	[0 0 0 0 0 0]	[0 0 0 0 0 0]
9	0.25999999046325684	1.7658512592315674	0.4976809620857239	1.0732148885726929	0.013136867433786392	0.18181850016117096	False	[0 0 0 0 0 0 0 0 1]	[0 0 0 0 0 0 0 1 0]	[1 0 0 0 0 0]	[1 0 0 0 0 0]
9	-1.0	2.4340271949768066	0.5472608208656311	1.67914617061615	0.06284795701503754	0.1447722315788269	False	[0 0 0 0 0 0 0 0 0]	[0 0 0 0 0 0 0 0 0]	[0 0 0 0 0 0]	[0 0 0 0 0 0]
9	0.25999999046325684	1.783571720123291	0.5173627138137817	1.0750962495803833	0.012718936428427696	0.17839378118515015	False	[0 0 0 0 0 0 0 0 1]	[0 0 0 0 0 0 0 1 0]	[1 0 0 0 0 0]	[1 0 0 0 0 0]
9	-1.0	2.4750256538391113	0.6119093894958496	1.6752771139144897	0.05739026889204979	0.13044892251491547	False	[0 0 0 0 0 0 0 0 0]	[0 0 0 0 0 0 0 0 0]	[0 0 0 0 0 0]	[0 0 0 0 0 0]
9	0.2800000011920929	1.7820440530776978	0.5132725834846497	1.070441484451294	0.01395614817738533	0.1843738555908203	False	[0 0 0 0 0 0 0 0 1]	[0 0 0 0 0 0 0 1 0]	[1 0 0 0 0 0]	[1 0 0 0 0 0]
9	-1.0	2.4863367080688477	0.5680933594703674	1.7054861783981323	0.05741798132658005	0.1553393453359604	False	[0 0 0 0 0 0 0 0 0]	[0 0 0 0 0 0 0 0 0]	[0 0 0 0 0 0]	[0 0 0 0 0 0]
9	0.25	1.8001972436904907	0.4989800751209259	1.0897510051727295	0.013559930957853794	0.1979062855243683	False	[0 0 0 0 0 0 0 0 1]	[0 0 0 0 0 0 0 1 0]	[1 0 0 0 0 0]	[1 0 0 0 0 0]
9	-1.0	2.482607364654541	0.6202709078788757	1.6677076816558838	0.05981622636318207	0.1348126083612442	False	[0 0 0 0 0 0 0 0 0]	[0 0 0 0 0 0 0 0 0]	[0 0 0 0 0 0]	[0 0 0 0 0 0]
9	0.26499998569488525	1.7715303897857666	0.5184701681137085	1.065241813659668	0.013304455205798149	0.17451395094394684	False	[0 0 0 0 0 0 0 0 1]	[0 0 0 0 0 0 0 1 0]	[1 0 0 0 0 0]	[1 0 0 0 0 0]
9	-1.0	2.4393882751464844	0.5957019329071045	1.6546958684921265	0.05750027298927307	0.13149014115333557	False	[0 0 0 0 0 0 0 0 0]	[0 0 0 0 0 0 0 0 0]	[0 0 0 0 0 0]	[0 0 0 0 0 0]
9	0.24500000476837158	1.7892961502075195	0.5083433389663696	1.0997140407562256	0.012867648154497147	0.1683710664510727	False	[0 0 0 0 0 0 0 0 1]	[0 0 0 0 0 0 0 1 0]	[1 0 0 0 0 0]	[1 0 0 0 0 0]
9	-1.0	2.4604220390319824	0.6108968257904053	1.654576063156128	0.06607117503881454	0.12887778878211975	False	[0 0 0 0 0 0 0 0 0]	[0 0 0 0 0 0 0 0 0]	[0 0 0 0 0 0]	[0 0 0 0 0 0]
9	0.2800000011920929	1.763226866722107	0.49783533811569214	1.0754358768463135	0.013777647167444229	0.176177978515625	False	[0 0 0 0 0 0 0 0 1]	[0 0 0 0 0 0 0 1 0]	[1 0 0 0 0 0]	[1 0 0 0 0 0]
9	-1.0	2.4660608768463135	0.5893689393997192	1.6829907894134521	0.056778453290462494	0.13692249357700348	False	[0 0 0 0 0 0 0 0 0]	[0 0 0 0 0 0 0 0 0]	[0 0 0 0 0 0]	[0 0 0 0 0 0]
9	0.23000000417232513	1.7736958265304565	0.49660050868988037	1.0794947147369385	0.013332131318747997	0.18426844477653503	False	[0 0 0 0 0 0 0 0 1]	[0 0 0 0 0 0 0 1 0]	[1 0 0 0 0 0]	[1 0 0 0 0 0]
9	-1.0	2.4695801734924316	0.58883136510849	1.6818658113479614	0.062459513545036316	0.13642360270023346	False	[0 0 0 0 0 0 0 0 0]	[0 0 0 0 0 0 0 0 0]	[0 0 0 0 0 0]	[0 0 0 0 0 0]
9	0.25999999046325684	1.8013267517089844	0.4838947653770447	1.1096034049987793	0.01290082186460495	0.19492773711681366	False	[0 0 0 0 0 0 0 0 1]	[0 0 0 0 0 0 0 1 0]	[1 0 0 0 0 0]	[1 0 0 0 0 0]
9	-1.0	2.4300951957702637	0.5841537714004517	1.6540863513946533	0.06095704063773155	0.13089808821678162	False	[0 0 0 0 0 0 0 0 0]	[0 0 0 0 0 0 0 0 0]	[0 0 0 0 0 0]	[0 0 0 0 0 0]
9	0.2549999952316284	1.765350103378296	0.5031684041023254	1.0757076740264893	0.013244517147541046	0.17322957515716553	False	[0 0 0 0 0 0 0 0 1]	[0 0 0 0 0 0 0 1 0]	[1 0 0 0 0 0]	[1 0 0 0 0 0]
9	-1.0	2.456216812133789	0.6251775026321411	1.6533615589141846	0.05868428945541382	0.11899339407682419	False	[0 0 0 0 0 0 0 0 0]	[0 0 0 0 0 0 0 0 0]	[0 0 0 0 0 0]	[0 0 0 0 0 0]
9	0.2549999952316284	1.7932653427124023	0.49219056963920593	1.0996744632720947	0.012869331054389477	0.18853098154067993	False	[0 0 0 0 0 0 0 0 1]	[0 0 0 0 0 0 0 1 0]	[1 0 0 0 0 0]	[1 0 0 0 0 0]
9	-1.0	2.414486885070801	0.6068052649497986	1.6190396547317505	0.060640133917331696	0.12800198793411255	False	[0 0 0 0 0 0 0 0 0]	[0 0 0 0 0 0 0 0 0]	[0 0 0 0 0 0]	[0 0 0 0 0 0]
10	0.25999999046325684	2.86861515045166	0.932175874710083	1.783214807510376	0.004178185947239399	0.14904609322547913	False	[0 0 0 0 0 0 0 0 1]	[0 0 0 0 0 0 1 0 0]	[1 0 0 0 0 0]	[1 0 0 0 0 0]
10	-1.0	3.4605560302734375	1.2736999988555908	1.8558058738708496	0.014163493178784847	0.3168865740299225	False	[0 0 0 0 0 0 0 0 0]	[0 0 0 0 0 0 0 0 0]	[0 0 0 0 0 0]	[0 0 0 0 0 0]
10	0.2849999964237213	2.864621162414551	0.9479420185089111	1.7736570835113525	0.004105571191757917	0.13891638815402985	False	[0 0 0 0 0 0 0 0 1]	[0 0 0 0 0 0 1 0 0]	[1 0 0 0 0 0]	[1 0 0 0 0 0]
10	-0.5	3.4484806060791016	1.2720929384231567	1.860123634338379	0.015826839953660965	0.3004372715950012	False	[0 0 0 0 0 0 0 0 0]	[0 0 0 1 0 0 1 0 0]	[0 0 0 0 0 0]	[0 0 0 0 0 0]
10	0.20999999344348907	2.9981589317321777	0.9319664239883423	1.7041285037994385	0.004754559136927128	0.3573094606399536	False	[0 0 0 0 0 0 0 0 1]	[0 0 0 1 0 0 0 0 0]	[1 0 0 0 0 0]	[1 0 0 0 0 0]
10	-0.5	3.4286744594573975	1.229636788368225	1.8798472881317139	0.015613502822816372	0.30357664823532104	False	[0 0 0 0 0 0 0 0 0]	[0 0 0 1 0 0 1 0 0]	[0 0 0 0 0 0]	[0 0 0 0 0 0]
10	0.2549999952316284	3.034910202026367	0.9252409934997559	1.7218880653381348	0.00467285281047225	0.3831084668636322	False	[0 0 0 0 0 0 0 0 1]	[0 0 0 1 0 0 0 0 0]	[1 0 0 0 0 0]	[1 0 0 0 0 0]
10	-0.5	3.4395570755004883	1.2440383434295654	1.881812572479248	0.017382681369781494	0.2963234782218933	False	[0 0 0 0 0 0 0 0 0]	[0 0 0 1 0 0 1 0 0]	[0 0 0 0 0 0]	[0 0 0 0 0 0]
10	0.23499999940395355	2.9998340606689453	0.9346163868904114	1.7059552669525146	0.004815101157873869	0.35444745421409607	False	[0 0 0 0 0 0 0 0 1]	[0 0 0 1 0 0 0 0 0]	[1 0 0 0 0 0]	[1 0 0 0 0 0]
10	-0.5	3.4611215591430664	1.2570743560791016	1.8746154308319092	0.01805555447936058	0.3113763928413391	False	[0 0 0 0 0 0 0 0 0]	[0 0 0 1 0 0 1 0 0]	[0 0 0 0 0 0]	[0 0 0 0 0 0]
10	0.25	3.0009102821350098	0.9278209209442139	1.7115108966827393	0.004503447096794844	0.357075035572052	False	[0 0 0 0 0 0 0 0 1]	[0 0 0 1 0 0 0 0 0]	[1 0 0 0 0 0]	[1 0 0 0 0 0]
10	-0.5	3.4650402069091797	1.249155879020691	1.887197732925415	0.01906147412955761	0.3096252381801605	False	[0 0 0 0 0 0 0 0 0]	[0 0 0 1 0 0 1 0 0]	[0 0 0 0 0 0]	[0 0 0 0 0 0]
10	0.2199999988079071	3.048856735229492	0.930064857006073	1.714895248413086	0.004880184307694435	0.39901649951934814	False	[0 0 0 0 0 0 0 0 1]	[0 0 0 1 0 0 0 0 0]	[1 0 0 0 0 0]	[1 0 0 0 0 0]
10	-0.5	3.4038381576538086	1.2184605598449707	1.8721096515655518	0.015378670766949654	0.2978891134262085	False	[0 0 0 0 0 0 0 0 0]	[0 0 0 1 0 0 1 0 0]	[0 0 0 0 0 0]	[0 0 0 0 0 0]
10	0.3149999976158142	3.0146102905273438	0.9237144589424133	1.7116765975952148	0.004765567369759083	0.3744537830352783	False	[0 0 0 0 0 0 0 0 1]	[0 0 0 1 0 0 0 0 0]	[1 0 0 0 0 0]	[1 0 0 0 0 0]
10	-0.5	3.4533004760742188	1.239912509918213	1.883313536643982	0.016177628189325333	0.3138965368270874	False	[0 0 0 0 0 0 0 0 0]	[0 0 0 1 0 0 1 0 0]	[0 0 0 0 0 0]	[0 0 0 0 0 0]
10	0.2150000035762787	3.020681619644165	0.9367966651916504	1.7117319107055664	0.004733446519821882	0.3674195408821106	False	[0 0 0 0 0 0 0 0 1]	[0 0 0 1 0 0 0 0 0]	[1 0 0 0 0 0]	[1 0 0 0 0 0]
10	-0.5	3.461893081665039	1.2392226457595825	1.8945014476776123	0.0182131789624691	0.3099554777145386	False	[0 0 0 0 0 0 0 0 0]	[0 0 0 1 0 0 1 0 0]	[0 0 0 0 0 0]	[0 0 0 0 0 0]
10	0.20499999821186066	3.0143861770629883	0.9457349181175232	1.709679126739502	0.004766504280269146	0.3542057275772095	False	[0 0 0 0 0 0 0 0 1]	[0 0 0 1 0 0 0 0 0]	[1 0 0 0 0 0]	[1 0 0 0 0 0]
10	-0.5	3.422628879547119	1.2238003015518188	1.8760813474655151	0.015613129362463951	0.30713406205177307	False	[0 0 0 0 0 0 0 0 0]	[0 0 0 1 0 0 1 0 0]	[0 0 0 0 0 0]	[0 0 0 0 0 0]
10	0.20999999344348907	3.0219271183013916	0.9389669895172119	1.7099058628082275	0.004801939707249403	0.3682522773742676	False	[0 0 0 0 0 0 0 0 1]	[0 0 0 1 0 0 0 0 0]	[1 0 0 0 0 0]	[1 0 0 0 0 0]
10	-0.5	3.451169967651367	1.2375068664550781	1.8792721033096313	0.01754920557141304	0.31684184074401855	False	[0 0 0 0 0 0 0 0 0]	[0 0 0 1 0 0 1 0 0]	[0 0 0 0 0 0]	[0 0 0 0 0 0]
10	0.24500000476837158	2.9879307746887207	0.9309642910957336	1.6959307193756104	0.004679505247622728	0.35635626316070557	False	[0 0 0 0 0 0 0 0 1]	[0 0 0 1 0 0 0 0 0]	[1 0 0 0 0 0]	[1 0 0 0 0 0]
10	-0.5	3.4279158115386963	1.2413532733917236	1.8910439014434814	0.015620909631252289	0.2798977792263031	False	[0 0 0 0 0 0 0 0 0]	[0 0 0 1 0 0 1 0 0]	[0 0 0 0 0 0]	[0 0 0 0 0 0]
10	0.23000000417232513	3.0025634765625	0.9226529598236084	1.7120074033737183	0.0046967389062047005	0.36320650577545166	False	[0 0 0 0 0 0 0 0 1]	[0 0 0 1 0 0 0 0 0]	[1 0 0 0 0 0]	[1 0 0 0 0 0]
10	-0.5	3.426553249359131	1.2194013595581055	1.88362717628479	0.015818625688552856	0.3077060878276825	False	[0 0 0 0 0 0 0 0 0]	[0 0 0 1 0 0 1 0 0]	[0 0 0 0 0 0]	[0 0 0 0 0 0]
10	0.29499998688697815	3.023023843765259	0.9427721500396729	1.7008389234542847	0.00486553693190217	0.37454724311828613	False	[0 0 0 0 0 0 0 0 1]	[0 0 0 1 0 0 0 0 0]	[1 0 0 0 0 0]	[1 0 0 0 0 0]
10	-0.5	3.3891680240631104	1.2423551082611084	1.875212550163269	0.016703834757208824	0.25489670038223267	False	[0 0 0 0 0 0 0 0 0]	[0 0 0 1 0 0 1 0 0]	[0 0 0 0 0 0]	[0 0 0 0 0 0]
10	0.23499999940395355	3.021928310394287	0.9315144419670105	1.6897308826446533	0.005190305411815643	0.3954924941062927	False	[0 0 0 0 0 0 0 0 1]	[0 0 0 1 0 0 0 0 0]	[1 0 0 0 0 0]	[1 0 0 0 0 0]
10	-0.5	3.4217960834503174	1.242215871810913	1.8832423686981201	0.017142008990049362	0.2791956961154938	False	[0 0 0 0 0 0 0 0 0]	[0 0 0 1 0 0 1 0 0]	[0 0 0 0 0 0]	[0 0 0 0 0 0]
