# num_workers = 96
# num_cells = 256
# seed_for_environment = 4601982
# lr = 0.0003
# max_grad_norm = 1.0
# eval_rollout_length = 30
# scaling_factor = 1000
# frames_per_batch = 100
# sub_batch_size = 64
# num_epochs = 15
# clip_epsilon = 0.2
# gamma = 0.99
# lmbda = 0.95
# entropy_eps = 0.001
# env_reward_engineering = True
# env_minimum_number_of_qubits = 6
# log_name = None
# env_version = qecc/bbcode-ldpc-v0
# env_bit_flipping = True
# env_l = 6
# env_m = 6
# env_use_dict_observation = True
# env_number_of_decoder_iterations = 50
# env_number_of_samples = 50
# env_code_logging = False
# model_architecture = hybrid
# model_surrogate_model_path = /vol/bitbucket/osella/rl-qecc-data//supervisedLearning/2026-07-12_20-18-32/surrogate_6x6.pth
# index_to_unfreeze_encoder_updates = 10
# encoder_lr_factor = 0.1
# Just for information, not used in actual run: SLURM CPUS queried from os environment: 96
# Number of workers: 96
# Does torch identify cuda: False
evaluation number	reward	policy entropy	Encoder freeze
0	-0.6666666865348816	7.583151817321777	True
0	0.3199999928474426	7.680471420288086	True
0	-0.6666666865348816	7.683187484741211	True
0	-0.6666666865348816	7.668097496032715	True
0	-0.3333333432674408	7.680241584777832	True
0	0.2549999952316284	7.692389011383057	True
0	-0.6666666865348816	7.680041313171387	True
0	0.33000001311302185	7.662685394287109	True
0	-0.6666666865348816	7.679997444152832	True
0	0.35499998927116394	7.664403438568115	True
0	-0.6666666865348816	7.686877727508545	True
0	0.29499998688697815	7.671994209289551	True
0	-0.3333333432674408	7.683588981628418	True
0	0.33500000834465027	7.687697887420654	True
0	-0.3333333432674408	7.684743404388428	True
0	0.20999999344348907	7.696518421173096	True
0	-0.3333333432674408	7.6859965324401855	True
0	-0.6666666865348816	7.67765474319458	True
0	0.38999998569488525	7.676436424255371	True
0	0.13500000536441803	7.677579879760742	True
0	0.2199999988079071	7.6791672706604	True
0	0.17000000178813934	7.685606002807617	True
0	0.4099999964237213	7.648416042327881	True
0	0.30000001192092896	7.672389507293701	True
0	0.32499998807907104	7.674188137054443	True
0	0.2800000011920929	7.696814060211182	True
0	0.30000001192092896	7.675724029541016	True
0	0.3199999928474426	7.699521064758301	True
0	0.27000001072883606	7.67557954788208	True
0	0.24500000476837158	7.699010848999023	True
1	-0.3333333432674408	7.109968662261963	False
1	-0.6666666865348816	6.966495037078857	False
1	-0.3333333432674408	6.963221073150635	False
1	-0.6666666865348816	7.007434844970703	False
1	-0.3333333432674408	6.875252723693848	False
1	-0.6666666865348816	6.959972858428955	False
1	-0.3333333432674408	6.883181571960449	False
1	-0.6666666865348816	7.033343315124512	False
1	-0.3333333432674408	6.909390449523926	False
1	-0.6666666865348816	6.998972415924072	False
1	-0.3333333432674408	6.900468826293945	False
1	-0.6666666865348816	6.993873119354248	False
1	-0.3333333432674408	6.902462959289551	False
1	-0.6666666865348816	7.003579616546631	False
1	-0.3333333432674408	6.900972843170166	False
1	-0.6666666865348816	7.000098705291748	False
1	-0.3333333432674408	6.915492057800293	False
1	-0.6666666865348816	7.012923240661621	False
1	-0.3333333432674408	6.879635810852051	False
1	-0.6666666865348816	6.98804235458374	False
1	-0.3333333432674408	6.886435508728027	False
1	-0.6666666865348816	6.996542930603027	False
1	-0.3333333432674408	6.886965751647949	False
1	-0.6666666865348816	7.003054141998291	False
1	-0.3333333432674408	6.898240089416504	False
1	-0.6666666865348816	6.961881637573242	False
1	-0.3333333432674408	6.887239933013916	False
1	-0.6666666865348816	6.987739562988281	False
1	-0.3333333432674408	6.880165100097656	False
1	-0.6666666865348816	7.0046796798706055	False
2	-1.0	6.698863983154297	False
2	0.11999999731779099	6.704133987426758	False
2	-1.0	6.648978233337402	False
2	0.12999999523162842	6.641242504119873	False
2	-1.0	6.6847076416015625	False
2	0.12250000238418579	6.636218547821045	False
2	-1.0	6.652037143707275	False
2	0.12999999523162842	6.685255527496338	False
2	-1.0	6.665207862854004	False
2	0.12250000238418579	6.652889728546143	False
2	-1.0	6.661981582641602	False
2	0.11749999970197678	6.669426918029785	False
2	-1.0	6.642288684844971	False
2	0.11999999731779099	6.686335563659668	False
2	-1.0	6.659652233123779	False
2	0.11999999731779099	6.640401363372803	False
2	-1.0	6.696798801422119	False
2	0.12250000238418579	6.671019554138184	False
2	-1.0	6.674739360809326	False
2	0.12250000238418579	6.631533622741699	False
2	-1.0	6.656744480133057	False
2	0.11999999731779099	6.680962562561035	False
2	-1.0	6.693861484527588	False
2	0.12250000238418579	6.693115234375	False
2	-1.0	6.673211574554443	False
2	0.12250000238418579	6.664772033691406	False
2	-1.0	6.685759544372559	False
2	0.12250000238418579	6.659082412719727	False
2	-1.0	6.675405502319336	False
2	0.12250000238418579	6.663365840911865	False
3	0.20499999821186066	6.360410690307617	False
3	0.18000000715255737	6.595998764038086	False
3	0.18000000715255737	6.583094120025635	False
3	0.1525000035762787	6.615439414978027	False
3	0.1599999964237213	6.626707077026367	False
3	0.17499999701976776	6.570950031280518	False
3	0.17249999940395355	6.574542999267578	False
3	0.18000000715255737	6.561741828918457	False
3	0.17499999701976776	6.609785079956055	False
3	0.12999999523162842	6.615499973297119	False
3	0.17499999701976776	6.3553314208984375	False
3	0.1574999988079071	6.540785789489746	False
3	0.16249999403953552	6.590358734130859	False
3	0.12250000238418579	6.571453094482422	False
3	0.1850000023841858	6.3738555908203125	False
3	0.17499999701976776	6.587567329406738	False
3	0.17499999701976776	6.549716949462891	False
3	0.16750000417232513	6.601047992706299	False
3	0.17749999463558197	6.598018646240234	False
3	0.1850000023841858	6.5970683097839355	False
3	0.17000000178813934	6.546287536621094	False
3	0.1599999964237213	6.527411937713623	False
3	0.14000000059604645	6.389206409454346	False
3	0.14499999582767487	6.394085884094238	False
3	0.14000000059604645	6.426756381988525	False
3	0.15000000596046448	6.397390842437744	False
3	0.14749999344348907	6.45583438873291	False
3	0.1599999964237213	6.411355972290039	False
3	0.12999999523162842	6.4326910972595215	False
3	0.1599999964237213	6.4033918380737305	False
4	0.14499999582767487	4.813747882843018	False
4	0.125	5.205436706542969	False
4	0.13750000298023224	4.820709705352783	False
4	0.12250000238418579	5.162100791931152	False
4	0.13500000536441803	4.828718185424805	False
4	0.125	5.181643486022949	False
4	0.14000000059604645	4.823436260223389	False
4	0.125	5.179563999176025	False
4	0.125	4.802785396575928	False
4	0.125	5.182268142700195	False
4	0.13500000536441803	4.8288702964782715	False
4	0.12250000238418579	5.1749749183654785	False
4	0.13249999284744263	4.82552433013916	False
4	0.12250000238418579	5.1717848777771	False
4	0.12999999523162842	4.8087029457092285	False
4	0.12250000238418579	5.192982196807861	False
4	0.14000000059604645	4.830766677856445	False
4	0.125	5.180363655090332	False
4	0.13500000536441803	4.827852725982666	False
4	0.125	5.186129570007324	False
4	0.125	4.824430465698242	False
4	0.11999999731779099	5.218026161193848	False
4	0.1274999976158142	4.822720050811768	False
4	0.12250000238418579	5.2117509841918945	False
4	0.11500000208616257	4.817864894866943	False
4	0.12250000238418579	5.186478614807129	False
4	0.125	4.820920944213867	False
4	0.12250000238418579	5.210695266723633	False
4	0.13750000298023224	4.823869228363037	False
4	0.12250000238418579	5.17805290222168	False
5	0.13249999284744263	4.7343645095825195	False
5	0.11999999731779099	5.1904730796813965	False
5	0.13500000536441803	4.757632255554199	False
5	0.12250000238418579	5.186588764190674	False
5	0.13249999284744263	4.733422756195068	False
5	0.11999999731779099	5.226658344268799	False
5	0.14499999582767487	4.749668598175049	False
5	0.125	5.159407138824463	False
5	0.125	4.7492828369140625	False
5	0.11749999970197678	5.26914119720459	False
5	0.12999999523162842	4.747611045837402	False
5	0.12250000238418579	5.170909881591797	False
5	0.125	4.75644588470459	False
5	0.11999999731779099	5.214363098144531	False
5	0.13750000298023224	4.752652168273926	False
5	0.12250000238418579	5.176539421081543	False
5	0.14499999582767487	4.766639232635498	False
5	0.12250000238418579	5.182140827178955	False
5	0.12999999523162842	4.7687153816223145	False
5	0.125	5.163211822509766	False
5	0.13750000298023224	4.738432884216309	False
5	0.12250000238418579	5.218883514404297	False
5	0.13500000536441803	4.7729644775390625	False
5	0.11999999731779099	5.169911861419678	False
5	0.12999999523162842	4.7439494132995605	False
5	0.11999999731779099	5.209671497344971	False
5	0.13249999284744263	4.738835334777832	False
5	0.12250000238418579	5.232028961181641	False
5	0.125	4.755189895629883	False
5	0.11999999731779099	5.200688362121582	False
6	0.13750000298023224	3.977238655090332	False
6	0.1274999976158142	4.4851837158203125	False
6	0.12999999523162842	3.998551368713379	False
6	0.12250000238418579	4.483436584472656	False
6	0.13500000536441803	3.947242021560669	False
6	0.11999999731779099	4.5029683113098145	False
6	0.13249999284744263	3.959808349609375	False
6	0.12250000238418579	4.49406623840332	False
6	0.13500000536441803	3.9870519638061523	False
6	0.11749999970197678	4.43470573425293	False
6	0.14249999821186066	3.972154378890991	False
6	0.11999999731779099	4.524871826171875	False
6	0.14499999582767487	3.9734039306640625	False
6	0.125	4.453478813171387	False
6	0.13249999284744263	3.935206890106201	False
6	0.11999999731779099	4.459081172943115	False
6	0.125	3.960832118988037	False
6	0.125	4.479572772979736	False
6	0.1274999976158142	3.9271695613861084	False
6	0.11999999731779099	4.537298202514648	False
6	0.12250000238418579	3.9445438385009766	False
6	0.125	4.498937129974365	False
6	0.13750000298023224	3.9767603874206543	False
6	0.11999999731779099	4.499820709228516	False
6	0.12999999523162842	3.928070068359375	False
6	0.12250000238418579	4.505250453948975	False
6	0.12999999523162842	3.9568686485290527	False
6	0.125	4.484856605529785	False
6	0.14000000059604645	3.903357744216919	False
6	0.125	4.495434761047363	False
7	0.11999999731779099	2.633477210998535	False
7	0.1274999976158142	2.60766339302063	False
7	0.1274999976158142	2.956049680709839	False
7	0.1274999976158142	2.6333770751953125	False
7	0.12250000238418579	2.9730491638183594	False
7	0.13750000298023224	2.6347761154174805	False
7	0.14499999582767487	2.920569658279419	False
7	0.14000000059604645	2.9926793575286865	False
7	0.11999999731779099	2.927757740020752	False
7	0.12999999523162842	2.5864250659942627	False
7	0.12250000238418579	2.89996075630188	False
7	0.13249999284744263	2.5868425369262695	False
7	0.125	2.9357998371124268	False
7	0.14000000059604645	2.603144407272339	False
7	0.13249999284744263	2.976358413696289	False
7	0.12999999523162842	2.972677230834961	False
7	0.14000000059604645	2.6054883003234863	False
7	0.12250000238418579	2.9918036460876465	False
7	0.11999999731779099	2.6003060340881348	False
7	0.13750000298023224	2.606642007827759	False
7	0.12250000238418579	2.9629805088043213	False
7	0.125	3.0011253356933594	False
7	0.125	2.949092149734497	False
7	0.14499999582767487	2.5518131256103516	False
7	0.12250000238418579	3.0114638805389404	False
7	0.13500000536441803	2.656317710876465	False
7	0.12999999523162842	2.8504014015197754	False
7	0.125	2.9072201251983643	False
7	0.13249999284744263	2.589909315109253	False
7	0.11999999731779099	2.954885482788086	False
8	0.12250000238418579	0.703894853591919	False
8	0.125	0.6972668766975403	False
8	0.12250000238418579	0.6981186866760254	False
8	0.125	0.6839586496353149	False
8	0.11749999970197678	0.6814658641815186	False
8	0.12250000238418579	0.7072762846946716	False
8	0.125	0.6778329610824585	False
8	0.11999999731779099	0.7036816477775574	False
8	0.12250000238418579	0.6785587072372437	False
8	0.125	0.6869630813598633	False
8	0.1274999976158142	0.683384120464325	False
8	0.12250000238418579	0.6856803894042969	False
8	0.11999999731779099	0.6957269906997681	False
8	0.12999999523162842	0.6926606893539429	False
8	0.125	0.684314489364624	False
8	0.11749999970197678	0.7228133678436279	False
8	0.12250000238418579	0.6887474656105042	False
8	0.125	0.6973285675048828	False
8	0.1274999976158142	0.691720724105835	False
8	0.12250000238418579	0.6895626783370972	False
8	0.12250000238418579	0.7054397463798523	False
8	0.11999999731779099	0.7056539058685303	False
8	0.125	0.6849774122238159	False
8	0.11999999731779099	0.7062693238258362	False
8	0.11749999970197678	0.6849498748779297	False
8	0.125	0.6817438006401062	False
8	0.11999999731779099	0.687976598739624	False
8	0.11999999731779099	0.6928074359893799	False
8	0.11999999731779099	0.6961658000946045	False
8	0.11500000208616257	0.6828717589378357	False
9	0.125	0.16257500648498535	False
9	0.125	0.15809985995292664	False
9	0.12999999523162842	0.16531985998153687	False
9	0.12250000238418579	0.16141165792942047	False
9	0.125	0.15939761698246002	False
9	0.125	0.16120117902755737	False
9	0.11500000208616257	0.16360539197921753	False
9	0.125	0.16650250554084778	False
9	0.11999999731779099	0.16469469666481018	False
9	0.12250000238418579	0.15960636734962463	False
9	0.11749999970197678	0.1688196361064911	False
9	0.125	0.16023626923561096	False
9	0.1274999976158142	0.157855823636055	False
9	0.125	0.16410312056541443	False
9	0.1274999976158142	0.16761285066604614	False
9	0.12250000238418579	0.16541630029678345	False
9	0.11749999970197678	0.16558068990707397	False
9	0.12250000238418579	0.16286522150039673	False
9	0.125	0.16450157761573792	False
9	0.12250000238418579	0.1597764939069748	False
9	0.11999999731779099	0.16181504726409912	False
9	0.11999999731779099	0.16229590773582458	False
9	0.125	0.1634349524974823	False
9	0.11999999731779099	0.15741926431655884	False
9	0.1274999976158142	0.16597183048725128	False
9	0.125	0.16062387824058533	False
9	0.125	0.17020976543426514	False
9	0.125	0.1651310920715332	False
9	0.11749999970197678	0.1669423133134842	False
9	0.12250000238418579	0.1650230586528778	False
10	0.11749999970197678	0.11841296404600143	False
10	0.11999999731779099	0.11544890701770782	False
10	0.125	0.11945965886116028	False
10	0.12250000238418579	0.12200024724006653	False
10	0.10999999940395355	0.11865923553705215	False
10	0.125	0.12035705149173737	False
10	0.11999999731779099	0.11848101019859314	False
10	0.12250000238418579	0.1155824288725853	False
10	0.11999999731779099	0.1236138790845871	False
10	0.12250000238418579	0.11716575920581818	False
10	0.125	0.11636509001255035	False
10	0.11749999970197678	0.12055225670337677	False
10	0.11999999731779099	0.11761843413114548	False
10	0.125	0.11936142295598984	False
10	0.11999999731779099	0.11986593902111053	False
10	0.11999999731779099	0.11665763705968857	False
10	0.125	0.11877076327800751	False
10	0.11749999970197678	0.12168744206428528	False
10	0.11749999970197678	0.11763934791088104	False
10	0.12250000238418579	0.1152501031756401	False
10	0.12250000238418579	0.11781854182481766	False
10	0.12250000238418579	0.12135109305381775	False
10	0.125	0.113860122859478	False
10	0.11999999731779099	0.11392608284950256	False
10	0.1274999976158142	0.11681989580392838	False
10	0.11749999970197678	0.11610304564237595	False
10	0.125	0.12025405466556549	False
10	0.1274999976158142	0.11481493711471558	False
10	0.12250000238418579	0.1174292117357254	False
10	0.125	0.11977940797805786	False
11	0.125	0.04868117719888687	False
11	0.12250000238418579	0.047445736825466156	False
11	0.125	0.04822104424238205	False
11	0.125	0.046097446233034134	False
11	0.125	0.04632925987243652	False
11	0.12250000238418579	0.04781671613454819	False
11	0.125	0.0483427420258522	False
11	0.125	0.047049667686223984	False
11	0.1274999976158142	0.04724707454442978	False
11	0.11999999731779099	0.04834780842065811	False
11	0.12250000238418579	0.04709620773792267	False
11	0.12250000238418579	0.047284550964832306	False
11	0.11999999731779099	0.04822923615574837	False
11	0.125	0.04822373390197754	False
11	0.125	0.04865710437297821	False
11	0.125	0.04816071316599846	False
11	0.125	0.04881706088781357	False
11	0.11999999731779099	0.04896168038249016	False
11	0.12250000238418579	0.04789821431040764	False
11	0.125	0.047593388706445694	False
11	0.11999999731779099	0.048194944858551025	False
11	0.12999999523162842	0.04741211235523224	False
11	0.11999999731779099	0.048505641520023346	False
11	0.11749999970197678	0.04820782691240311	False
11	0.125	0.04757407307624817	False
11	0.12999999523162842	0.047078683972358704	False
11	0.125	0.04817159101366997	False
11	0.1274999976158142	0.04796440899372101	False
11	0.125	0.04814312607049942	False
11	0.12250000238418579	0.04688507691025734	False
12	0.125	0.026452932506799698	False
12	0.11749999970197678	0.02551330253481865	False
12	0.12250000238418579	0.026824694126844406	False
12	0.11999999731779099	0.026595115661621094	False
12	0.12250000238418579	0.02632899582386017	False
12	0.12250000238418579	0.026354404166340828	False
12	0.125	0.027658209204673767	False
12	0.11999999731779099	0.026758268475532532	False
12	0.12250000238418579	0.02611449733376503	False
12	0.12250000238418579	0.02584216184914112	False
12	0.125	0.026299839839339256	False
12	0.11999999731779099	0.026796771213412285	False
12	0.12250000238418579	0.02660067193210125	False
12	0.125	0.027074849233031273	False
12	0.125	0.026888219639658928	False
12	0.12250000238418579	0.026510195806622505	False
12	0.125	0.02699350379407406	False
12	0.12250000238418579	0.02632742188870907	False
12	0.125	0.026767566800117493	False
12	0.12999999523162842	0.02568475902080536	False
12	0.12250000238418579	0.026263564825057983	False
12	0.12250000238418579	0.02549627609550953	False
12	0.12250000238418579	0.02637963928282261	False
12	0.12250000238418579	0.027177520096302032	False
12	0.11999999731779099	0.02665802650153637	False
12	0.12250000238418579	0.026121873408555984	False
12	0.11999999731779099	0.02675553783774376	False
12	0.11749999970197678	0.026041708886623383	False
12	0.12250000238418579	0.026570778340101242	False
12	0.125	0.026783552020788193	False
13	0.1274999976158142	0.021748967468738556	False
13	0.12250000238418579	0.020855609327554703	False
13	0.125	0.02126314863562584	False
13	0.125	0.02129691280424595	False
13	0.12250000238418579	0.021544525399804115	False
13	0.11749999970197678	0.021112434566020966	False
13	0.125	0.02220987342298031	False
13	0.11999999731779099	0.022264933213591576	False
13	0.125	0.020727254450321198	False
13	0.125	0.021005261689424515	False
13	0.125	0.021214284002780914	False
13	0.12250000238418579	0.021236561238765717	False
13	0.12250000238418579	0.021675368770956993	False
13	0.12250000238418579	0.021781418472528458	False
13	0.11999999731779099	0.021292220801115036	False
13	0.12250000238418579	0.02225003018975258	False
13	0.12250000238418579	0.022225432097911835	False
13	0.12250000238418579	0.021435169503092766	False
13	0.125	0.02201402559876442	False
13	0.12250000238418579	0.021483909338712692	False
13	0.125	0.02197960764169693	False
13	0.125	0.021932799369096756	False
13	0.11999999731779099	0.02208893373608589	False
13	0.11500000208616257	0.021612994372844696	False
13	0.1274999976158142	0.02164139784872532	False
13	0.125	0.021496018394827843	False
13	0.125	0.021709809079766273	False
13	0.11999999731779099	0.02154545672237873	False
13	0.12999999523162842	0.021734368056058884	False
13	0.12250000238418579	0.02188945934176445	False
14	0.125	0.01516890898346901	False
14	0.125	0.014060975052416325	False
14	0.125	0.01417673472315073	False
14	0.11999999731779099	0.014445070177316666	False
14	0.11999999731779099	0.01434454508125782	False
14	0.12250000238418579	0.01430012658238411	False
14	0.12999999523162842	0.014139065518975258	False
14	0.125	0.014206410385668278	False
14	0.11999999731779099	0.014104836620390415	False
14	0.125	0.01414541620761156	False
14	0.11999999731779099	0.0143935177475214	False
14	0.13249999284744263	0.014260686933994293	False
14	0.12250000238418579	0.014557303860783577	False
14	0.125	0.014488978311419487	False
14	0.12250000238418579	0.014472588896751404	False
14	0.125	0.014015519991517067	False
14	0.125	0.01420474611222744	False
14	0.125	0.013758838176727295	False
14	0.11500000208616257	0.014223368838429451	False
14	0.125	0.01392810046672821	False
14	0.125	0.013937590643763542	False
14	0.125	0.01427446585148573	False
14	0.125	0.014442271552979946	False
14	0.125	0.014016712084412575	False
14	0.12250000238418579	0.01432134211063385	False
14	0.125	0.013598203659057617	False
14	0.11999999731779099	0.014349495992064476	False
14	0.12250000238418579	0.013974225148558617	False
14	0.125	0.014207497239112854	False
14	0.125	0.014378189109265804	False
15	0.1274999976158142	0.014005263336002827	False
15	0.125	0.014478486031293869	False
15	0.125	0.014956403523683548	False
15	0.12250000238418579	0.014738224446773529	False
15	0.11999999731779099	0.01454225368797779	False
15	0.12250000238418579	0.013505437411367893	False
15	0.11749999970197678	0.01431179977953434	False
15	0.125	0.014273406937718391	False
15	0.12250000238418579	0.014062867499887943	False
15	0.1274999976158142	0.014667976647615433	False
15	0.11999999731779099	0.014557121321558952	False
15	0.12999999523162842	0.013997379690408707	False
15	0.125	0.014152825810015202	False
15	0.11999999731779099	0.014080232009291649	False
15	0.125	0.01477869600057602	False
15	0.12999999523162842	0.014196525327861309	False
15	0.125	0.014477338641881943	False
15	0.13249999284744263	0.014181653037667274	False
15	0.12999999523162842	0.014187190681695938	False
15	0.12250000238418579	0.01427927054464817	False
15	0.11500000208616257	0.014817561954259872	False
15	0.125	0.01401203591376543	False
15	0.12250000238418579	0.014581479132175446	False
15	0.12250000238418579	0.014931024983525276	False
15	0.11999999731779099	0.015039803460240364	False
15	0.1274999976158142	0.014274807646870613	False
15	0.1274999976158142	0.014710750430822372	False
15	0.11999999731779099	0.014310557395219803	False
15	0.125	0.01434354204684496	False
15	0.125	0.013727573677897453	False
16	0.12250000238418579	0.014604723080992699	False
16	0.12999999523162842	0.015054496005177498	False
16	0.125	0.015347717329859734	False
16	0.11999999731779099	0.014280922710895538	False
16	0.12250000238418579	0.01498628780245781	False
16	0.125	0.014836356043815613	False
16	0.11999999731779099	0.015048046596348286	False
16	0.125	0.014717433601617813	False
16	0.12250000238418579	0.015112851746380329	False
16	0.11999999731779099	0.015413152053952217	False
16	0.11999999731779099	0.014858286827802658	False
16	0.125	0.0144469253718853	False
16	0.125	0.01491359993815422	False
16	0.1274999976158142	0.014773348346352577	False
16	0.11749999970197678	0.014904864132404327	False
16	0.125	0.014909481629729271	False
16	0.12250000238418579	0.014824234880506992	False
16	0.12250000238418579	0.014622602611780167	False
16	0.12250000238418579	0.015024621039628983	False
16	0.12250000238418579	0.015067880041897297	False
16	0.125	0.014888951554894447	False
16	0.125	0.014277891255915165	False
16	0.125	0.014651956968009472	False
16	0.11999999731779099	0.014646507799625397	False
16	0.12250000238418579	0.015269291587173939	False
16	0.12250000238418579	0.015155156143009663	False
16	0.12250000238418579	0.014868258498609066	False
16	0.12250000238418579	0.015160657465457916	False
16	0.125	0.015188670717179775	False
16	0.12250000238418579	0.014820273965597153	False
17	0.125	0.018432756885886192	False
17	0.1274999976158142	0.019000334665179253	False
17	0.12999999523162842	0.01903599128127098	False
17	0.11749999970197678	0.018090693280100822	False
17	0.12250000238418579	0.018270045518875122	False
17	0.125	0.018213234841823578	False
17	0.12250000238418579	0.01828722283244133	False
17	0.11999999731779099	0.018172552809119225	False
17	0.125	0.01801462098956108	False
17	0.125	0.017225956544280052	False
17	0.11999999731779099	0.018362343311309814	False
17	0.11999999731779099	0.01721983775496483	False
17	0.125	0.01787308044731617	False
17	0.12250000238418579	0.018491581082344055	False
17	0.11749999970197678	0.018814902752637863	False
17	0.125	0.01778906024992466	False
17	0.12250000238418579	0.018223606050014496	False
17	0.125	0.01881713606417179	False
17	0.125	0.01833890937268734	False
17	0.12250000238418579	0.0175715833902359	False
17	0.125	0.01854763552546501	False
17	0.12250000238418579	0.019196536391973495	False
17	0.11999999731779099	0.01748417317867279	False
17	0.125	0.018296394497156143	False
17	0.12999999523162842	0.017855387181043625	False
17	0.125	0.018742015585303307	False
17	0.125	0.019020672887563705	False
17	0.125	0.01837526261806488	False
17	0.125	0.017704719677567482	False
17	0.11500000208616257	0.017841758206486702	False
18	0.125	0.03400357812643051	False
18	0.1274999976158142	0.03544827178120613	False
18	0.11749999970197678	0.03442872315645218	False
18	0.12250000238418579	0.03514346480369568	False
18	0.125	0.034730859100818634	False
18	0.11749999970197678	0.034884095191955566	False
18	0.11749999970197678	0.03379831463098526	False
18	0.125	0.03441181406378746	False
18	0.125	0.034796975553035736	False
18	0.12250000238418579	0.03462504222989082	False
18	0.125	0.034676507115364075	False
18	0.11999999731779099	0.03395348787307739	False
18	0.125	0.034998442977666855	False
18	0.12250000238418579	0.03419140726327896	False
18	0.11999999731779099	0.03493627905845642	False
18	0.11999999731779099	0.034638866782188416	False
18	0.12250000238418579	0.034950729459524155	False
18	0.11749999970197678	0.03355031833052635	False
18	0.125	0.03663111478090286	False
18	0.125	0.03510359674692154	False
18	0.12250000238418579	0.03515181690454483	False
18	0.11999999731779099	0.035219594836235046	False
18	0.12999999523162842	0.03544151782989502	False
18	0.12250000238418579	0.03429560735821724	False
18	0.125	0.03481698036193848	False
18	0.12250000238418579	0.034200556576251984	False
18	0.12250000238418579	0.036724548786878586	False
18	0.11999999731779099	0.03412950411438942	False
18	0.11999999731779099	0.03452568128705025	False
18	0.11999999731779099	0.034496109932661057	False
19	0.12250000238418579	0.04185004532337189	False
19	0.125	0.04089959338307381	False
19	0.12250000238418579	0.04277617856860161	False
19	0.11999999731779099	0.04198338836431503	False
19	0.125	0.04200207442045212	False
19	0.12250000238418579	0.04091368615627289	False
19	0.125	0.04131951183080673	False
19	0.12250000238418579	0.040537603199481964	False
19	0.13249999284744263	0.04104943946003914	False
19	0.1274999976158142	0.04215816780924797	False
19	0.12250000238418579	0.042155921459198	False
19	0.12250000238418579	0.04124515876173973	False
19	0.125	0.04107523709535599	False
19	0.125	0.041665442287921906	False
19	0.12250000238418579	0.042429402470588684	False
19	0.1274999976158142	0.04145578667521477	False
19	0.12250000238418579	0.040691979229450226	False
19	0.12250000238418579	0.04209701716899872	False
19	0.12999999523162842	0.04088500514626503	False
19	0.125	0.0403360053896904	False
19	0.11999999731779099	0.04205389693379402	False
19	0.12250000238418579	0.040981072932481766	False
19	0.11999999731779099	0.04041215777397156	False
19	0.12250000238418579	0.04098374396562576	False
19	0.125	0.04063224419951439	False
19	0.12999999523162842	0.04108509421348572	False
19	0.12250000238418579	0.041080355644226074	False
19	0.125	0.042215876281261444	False
19	0.11999999731779099	0.042860083281993866	False
19	0.11999999731779099	0.03987061232328415	False
20	0.12250000238418579	0.01709873415529728	False
20	0.12250000238418579	0.01743296906352043	False
20	0.11999999731779099	0.016402103006839752	False
20	0.125	0.017369920387864113	False
20	0.11500000208616257	0.01693721115589142	False
20	0.12250000238418579	0.018571527674794197	False
20	0.125	0.017586003988981247	False
20	0.125	0.016942661255598068	False
20	0.11999999731779099	0.018142005428671837	False
20	0.125	0.018120555207133293	False
20	0.11749999970197678	0.016628289595246315	False
20	0.12999999523162842	0.017183512449264526	False
20	0.125	0.017178593203425407	False
20	0.12250000238418579	0.016999073326587677	False
20	0.11999999731779099	0.017747823148965836	False
20	0.12250000238418579	0.01627754047513008	False
20	0.125	0.017151374369859695	False
20	0.11999999731779099	0.01715180277824402	False
20	0.1274999976158142	0.017955902963876724	False
20	0.11749999970197678	0.01724645495414734	False
20	0.11999999731779099	0.017280563712120056	False
20	0.125	0.01811419054865837	False
20	0.1274999976158142	0.01785741187632084	False
20	0.11999999731779099	0.017732348293066025	False
20	0.12250000238418579	0.016520550474524498	False
20	0.12250000238418579	0.017600931227207184	False
20	0.11749999970197678	0.017381735146045685	False
20	0.12250000238418579	0.017311668023467064	False
20	0.12250000238418579	0.016844701021909714	False
20	0.125	0.01701442524790764	False
21	0.125	0.007626430131494999	False
21	0.125	0.007657569833099842	False
21	0.11749999970197678	0.007416880689561367	False
21	0.12250000238418579	0.007485772483050823	False
21	0.11999999731779099	0.007445758208632469	False
21	0.12250000238418579	0.007726076990365982	False
21	0.12250000238418579	0.007484907750040293	False
21	0.11500000208616257	0.007509465329349041	False
21	0.11999999731779099	0.007369926664978266	False
21	0.12250000238418579	0.007372633554041386	False
21	0.125	0.007578762248158455	False
21	0.125	0.0073370905593037605	False
21	0.125	0.007586577441543341	False
21	0.12250000238418579	0.007398347835987806	False
21	0.11999999731779099	0.007411062717437744	False
21	0.12250000238418579	0.007709916681051254	False
21	0.1274999976158142	0.007502664811909199	False
21	0.12250000238418579	0.007675210013985634	False
21	0.125	0.0073516713455319405	False
21	0.11999999731779099	0.007445915602147579	False
21	0.12250000238418579	0.007309825625270605	False
21	0.125	0.007506569381803274	False
21	0.125	0.007474311627447605	False
21	0.1274999976158142	0.007619432173669338	False
21	0.125	0.007510317489504814	False
21	0.12250000238418579	0.007595107890665531	False
21	0.12250000238418579	0.007591147907078266	False
21	0.125	0.0073720430955290794	False
21	0.125	0.007298601791262627	False
21	0.125	0.0074117062613368034	False
22	0.1274999976158142	0.014559297822415829	False
22	0.11999999731779099	0.016410745680332184	False
22	0.125	0.014726337045431137	False
22	0.125	0.014348974451422691	False
22	0.12250000238418579	0.015099754557013512	False
22	0.11500000208616257	0.015638677403330803	False
22	0.1274999976158142	0.0158807672560215	False
22	0.12999999523162842	0.015522677451372147	False
22	0.11999999731779099	0.01504591479897499	False
22	0.125	0.015291707590222359	False
22	0.1274999976158142	0.014847484417259693	False
22	0.12250000238418579	0.015665480867028236	False
22	0.12999999523162842	0.01525458786636591	False
22	0.12250000238418579	0.016646068543195724	False
22	0.12250000238418579	0.015879806131124496	False
22	0.125	0.014890111982822418	False
22	0.125	0.01535607036203146	False
22	0.125	0.014976187609136105	False
22	0.125	0.014856384135782719	False
22	0.12250000238418579	0.014914282597601414	False
22	0.11999999731779099	0.015318249352276325	False
22	0.11999999731779099	0.015503517352044582	False
22	0.1274999976158142	0.014937803149223328	False
22	0.12250000238418579	0.015281216241419315	False
22	0.125	0.015124978497624397	False
22	0.11999999731779099	0.016453254967927933	False
22	0.12999999523162842	0.01628083549439907	False
22	0.12999999523162842	0.01574239693582058	False
22	0.125	0.014560972340404987	False
22	0.125	0.015548162162303925	False
23	0.12250000238418579	0.003935310058295727	False
23	0.11500000208616257	0.004163385834544897	False
23	0.12250000238418579	0.003954505547881126	False
23	0.12250000238418579	0.004324429202824831	False
23	0.125	0.004238610155880451	False
23	0.12250000238418579	0.004450895823538303	False
23	0.1274999976158142	0.004158211871981621	False
23	0.12250000238418579	0.004308812785893679	False
23	0.11999999731779099	0.004073825199157	False
23	0.12250000238418579	0.004393476527184248	False
23	0.11999999731779099	0.004326485097408295	False
23	0.11749999970197678	0.004208078142255545	False
23	0.11749999970197678	0.004148510284721851	False
23	0.12250000238418579	0.004193182568997145	False
23	0.12250000238418579	0.004068402573466301	False
23	0.11999999731779099	0.004336404614150524	False
23	0.125	0.004346860572695732	False
23	0.12250000238418579	0.004393807612359524	False
23	0.125	0.004254922736436129	False
23	0.12250000238418579	0.004238850437104702	False
23	0.125	0.004193625878542662	False
23	0.12250000238418579	0.004501935560256243	False
23	0.125	0.004253979306668043	False
23	0.12250000238418579	0.00425673509016633	False
23	0.125	0.004240141250193119	False
23	0.125	0.004402817692607641	False
23	0.125	0.0041986810974776745	False
23	0.11999999731779099	0.0042338985949754715	False
23	0.125	0.004414770286530256	False
23	0.125	0.004256990738213062	False
24	0.11999999731779099	0.0009570344700478017	False
24	0.1274999976158142	0.0010027270764112473	False
24	0.12250000238418579	0.0009870632784441113	False
24	0.1274999976158142	0.001014445791952312	False
24	0.11999999731779099	0.0009238049387931824	False
24	0.12250000238418579	0.0009823087602853775	False
24	0.12250000238418579	0.0009544767672196031	False
24	0.12250000238418579	0.0009651421569287777	False
24	0.12999999523162842	0.0009532036492601037	False
24	0.125	0.0009864030871540308	False
24	0.125	0.000965117767918855	False
24	0.11749999970197678	0.0010003793286159635	False
24	0.12250000238418579	0.0009741366375237703	False
24	0.125	0.0009776272345334291	False
24	0.12250000238418579	0.000927425455302	False
24	0.125	0.0009995419532060623	False
24	0.11999999731779099	0.0010579016525298357	False
24	0.11999999731779099	0.0010068223346024752	False
24	0.12250000238418579	0.0009561058250255883	False
24	0.12250000238418579	0.0010107243433594704	False
24	0.1274999976158142	0.0009020150755532086	False
24	0.125	0.0009852731600403786	False
24	0.12999999523162842	0.0009473506361246109	False
24	0.11999999731779099	0.000946624728385359	False
24	0.11999999731779099	0.0009443501476198435	False
24	0.1274999976158142	0.0009836505632847548	False
24	0.125	0.0009502196335233748	False
24	0.12999999523162842	0.0009585490915924311	False
24	0.12999999523162842	0.0009695296175777912	False
24	0.12250000238418579	0.0009650035062804818	False
25	0.125	0.0009529374074190855	False
25	0.11749999970197678	0.0009656756883487105	False
25	0.125	0.000997726572677493	False
25	0.1274999976158142	0.0010043452493846416	False
25	0.11749999970197678	0.0010071301367133856	False
25	0.125	0.0010012860875576735	False
25	0.11999999731779099	0.001019299728795886	False
25	0.12250000238418579	0.0009783923160284758	False
25	0.12250000238418579	0.000962168094702065	False
25	0.125	0.0010013403370976448	False
25	0.12250000238418579	0.0009545098291710019	False
25	0.12999999523162842	0.0009835284436121583	False
25	0.11999999731779099	0.0009740185923874378	False
25	0.125	0.00100492755882442	False
25	0.1274999976158142	0.0009430759819224477	False
25	0.12250000238418579	0.0009899314027279615	False
25	0.11999999731779099	0.0009679416543804109	False
25	0.11999999731779099	0.0010501719079911709	False
25	0.12250000238418579	0.0009810863994061947	False
25	0.11999999731779099	0.0010159409139305353	False
25	0.11999999731779099	0.0009638331248424947	False
25	0.11999999731779099	0.0010204679565504193	False
25	0.125	0.0009714944753795862	False
25	0.12250000238418579	0.0010363517794758081	False
25	0.11999999731779099	0.00096072384621948	False
25	0.125	0.0009498903527855873	False
25	0.125	0.001004811841994524	False
25	0.12250000238418579	0.0009760578395798802	False
25	0.12250000238418579	0.0009918822906911373	False
25	0.11999999731779099	0.0009641217766329646	False
26	0.11749999970197678	0.0008055932121351361	False
26	0.11999999731779099	0.000812650891020894	False
26	0.12250000238418579	0.0008054368663579226	False
26	0.1274999976158142	0.0008365903049707413	False
26	0.12250000238418579	0.0008218629518523812	False
26	0.12999999523162842	0.0008260476170107722	False
26	0.125	0.0007975626504048705	False
26	0.11749999970197678	0.0008181029697880149	False
26	0.12250000238418579	0.0008041536784730852	False
26	0.125	0.0008172322995960712	False
26	0.11500000208616257	0.0007450245320796967	False
26	0.125	0.0008241621544584632	False
26	0.12250000238418579	0.0007682904251851141	False
26	0.12250000238418579	0.0007979147485457361	False
26	0.12250000238418579	0.0008475069189444184	False
26	0.125	0.0007904674857854843	False
26	0.125	0.0008198025170713663	False
26	0.125	0.0008218837901949883	False
26	0.11999999731779099	0.0007783890468999743	False
26	0.12250000238418579	0.000802605994977057	False
26	0.11749999970197678	0.0007721685105934739	False
26	0.1274999976158142	0.0008364616660401225	False
26	0.11999999731779099	0.000849572999868542	False
26	0.125	0.0008315342129208148	False
26	0.125	0.0007878463948145509	False
26	0.125	0.0008269191021099687	False
26	0.12250000238418579	0.0008299718610942364	False
26	0.12250000238418579	0.000838233798276633	False
26	0.125	0.0007950094295665622	False
26	0.12250000238418579	0.000780359492637217	False
27	0.125	0.000547955627553165	False
27	0.12250000238418579	0.0005633461405523121	False
27	0.125	0.0005590937798842788	False
27	0.12250000238418579	0.0005556084215641022	False
27	0.125	0.0005450950702652335	False
27	0.11999999731779099	0.0005824542022310197	False
27	0.125	0.0005395386833697557	False
27	0.11749999970197678	0.0005542106227949262	False
27	0.12250000238418579	0.0005422094836831093	False
27	0.12250000238418579	0.0005859066732227802	False
27	0.11749999970197678	0.0005491608171723783	False
27	0.11749999970197678	0.0005671733524650335	False
27	0.12250000238418579	0.0005522639257833362	False
27	0.125	0.0005677066510543227	False
27	0.11999999731779099	0.0005516967503353953	False
27	0.125	0.0005481564439833164	False
27	0.12250000238418579	0.0005959150148555636	False
27	0.12250000238418579	0.0005517794052138925	False
27	0.11500000208616257	0.000545342976693064	False
27	0.125	0.000535894010681659	False
27	0.12250000238418579	0.0005673589766956866	False
27	0.12250000238418579	0.0005805803230032325	False
27	0.125	0.0005483839195221663	False
27	0.11999999731779099	0.0005835230113007128	False
27	0.1274999976158142	0.0005233949050307274	False
27	0.125	0.0005851553869433701	False
27	0.11999999731779099	0.0005903275450691581	False
27	0.125	0.0005525844171643257	False
27	0.1274999976158142	0.0005243975319899619	False
27	0.125	0.0005712502752430737	False
28	0.11999999731779099	0.0006007910706102848	False
28	0.11749999970197678	0.0006311478209681809	False
28	0.125	0.0006072693504393101	False
28	0.1274999976158142	0.0006323201232589781	False
28	0.125	0.0005880225216969848	False
28	0.11749999970197678	0.0005964495940133929	False
28	0.12250000238418579	0.0005718816537410021	False
28	0.12250000238418579	0.0006210762076079845	False
28	0.11749999970197678	0.000619999598711729	False
28	0.11749999970197678	0.0006183853838592768	False
28	0.12250000238418579	0.0005949774058535695	False
28	0.125	0.0006355771329253912	False
28	0.125	0.0006265614065341651	False
28	0.125	0.0006321400287561119	False
28	0.12250000238418579	0.0006510040257126093	False
28	0.125	0.0006090357201173902	False
28	0.125	0.0006014623213559389	False
28	0.125	0.0006124358624219894	False
28	0.12250000238418579	0.0005994875682517886	False
28	0.1274999976158142	0.0006036526756361127	False
28	0.12250000238418579	0.000598206534050405	False
28	0.125	0.0006128769600763917	False
28	0.12250000238418579	0.0006078456062823534	False
28	0.125	0.0006228663260117173	False
28	0.125	0.0006047678180038929	False
28	0.125	0.0005929317558184266	False
28	0.12250000238418579	0.000626963737886399	False
28	0.12250000238418579	0.0006163724465295672	False
28	0.12250000238418579	0.000596777128521353	False
28	0.12999999523162842	0.0006469525396823883	False
29	0.11999999731779099	0.0005604110192507505	False
29	0.11500000208616257	0.0005724331131204963	False
29	0.11749999970197678	0.000544777256436646	False
29	0.12250000238418579	0.0005707304226234555	False
29	0.125	0.0005675143329426646	False
29	0.1274999976158142	0.0005596175324171782	False
29	0.11749999970197678	0.0005640349700115621	False
29	0.125	0.0005524022271856666	False
29	0.11999999731779099	0.0005701828049495816	False
29	0.11999999731779099	0.0005914782523177564	False
29	0.12999999523162842	0.0005491868359968066	False
29	0.11999999731779099	0.0005599174182862043	False
29	0.11999999731779099	0.0005758565384894609	False
29	0.12250000238418579	0.0005924796569161117	False
29	0.13500000536441803	0.0005357481422834098	False
29	0.125	0.0005516819655895233	False
29	0.12250000238418579	0.0005623569013550878	False
29	0.12250000238418579	0.0005827629938721657	False
29	0.125	0.0005481381085701287	False
29	0.12250000238418579	0.0005604315083473921	False
29	0.12250000238418579	0.0005313343135640025	False
29	0.12250000238418579	0.0005778418853878975	False
29	0.12999999523162842	0.0005601078737527132	False
29	0.11999999731779099	0.0005625950871035457	False
29	0.125	0.0005438063526526093	False
29	0.12250000238418579	0.0005756308673880994	False
29	0.125	0.0005622057942673564	False
29	0.11999999731779099	0.0005432547768577933	False
29	0.125	0.0005686314543709159	False
29	0.12999999523162842	0.0005423681577667594	False
30	0.12250000238418579	0.0004110808076802641	False
30	0.12999999523162842	0.00043075322173535824	False
30	0.11500000208616257	0.0004335838893894106	False
30	0.125	0.00041658926056697965	False
30	0.12250000238418579	0.00042254553409293294	False
30	0.125	0.00042071990901604295	False
30	0.125	0.0004189974279142916	False
30	0.12250000238418579	0.00041355681605637074	False
30	0.11999999731779099	0.0004204101860523224	False
30	0.1274999976158142	0.00041021700599230826	False
30	0.12250000238418579	0.0004382637853268534	False
30	0.1274999976158142	0.0004214872606098652	False
30	0.11999999731779099	0.00040614083991385996	False
30	0.11999999731779099	0.00042049214243888855	False
30	0.11999999731779099	0.0004289488715585321	False
30	0.12999999523162842	0.00043432138045318425	False
30	0.12250000238418579	0.00041487489943392575	False
30	0.12250000238418579	0.0004404423525556922	False
30	0.11749999970197678	0.0004084955726284534	False
30	0.12250000238418579	0.00043379099224694073	False
30	0.13500000536441803	0.00040916044963523746	False
30	0.125	0.00042419100645929575	False
30	0.125	0.0004403039929457009	False
30	0.125	0.00042787642451003194	False
30	0.1274999976158142	0.0003994533035438508	False
30	0.11999999731779099	0.0004031084827147424	False
30	0.11999999731779099	0.0004211232881061733	False
30	0.12250000238418579	0.0004193150089122355	False
30	0.11749999970197678	0.00042357921483926475	False
30	0.12250000238418579	0.0004130303277634084	False
31	0.125	0.0004868829855695367	False
31	0.125	0.0005079120164737105	False
31	0.125	0.0005090056220069528	False
31	0.11999999731779099	0.0005095489323139191	False
31	0.125	0.00050187180750072	False
31	0.12999999523162842	0.0005262003978714347	False
31	0.11999999731779099	0.000508782803080976	False
31	0.12999999523162842	0.0005101044662296772	False
31	0.12250000238418579	0.00047765072667971253	False
31	0.11999999731779099	0.0005103005096316338	False
31	0.125	0.0005021358374506235	False
31	0.125	0.00048053005593828857	False
31	0.12250000238418579	0.000520765723194927	False
31	0.125	0.0005016277427785099	False
31	0.12999999523162842	0.0004927887348458171	False
31	0.12250000238418579	0.0005015282658860087	False
31	0.10999999940395355	0.0004903804510831833	False
31	0.12250000238418579	0.0004972117603756487	False
31	0.11749999970197678	0.0005048514576628804	False
31	0.125	0.0004985183477401733	False
31	0.125	0.00048208475345745683	False
31	0.12250000238418579	0.0005206719506531954	False
31	0.125	0.00045776914339512587	False
31	0.125	0.0005145685281604528	False
31	0.125	0.0004968376597389579	False
31	0.12999999523162842	0.0004907939583063126	False
31	0.12250000238418579	0.0004995277849957347	False
31	0.125	0.0005078238318674266	False
31	0.1274999976158142	0.0004700742429122329	False
31	0.11999999731779099	0.00046154623851180077	False
32	0.11999999731779099	0.000846273556817323	False
32	0.12250000238418579	0.0007876275340095162	False
32	0.125	0.0007084670942276716	False
32	0.125	0.0008106798632070422	False
32	0.12250000238418579	0.0007852569106034935	False
32	0.1274999976158142	0.000812190119177103	False
32	0.125	0.0008230583043769002	False
32	0.11749999970197678	0.0008736869203858078	False
32	0.12250000238418579	0.0007791240932419896	False
32	0.12250000238418579	0.000776053755544126	False
32	0.125	0.000797965214587748	False
32	0.12250000238418579	0.0008362752851098776	False
32	0.125	0.0008485249127261341	False
32	0.11999999731779099	0.0008593907114118338	False
32	0.12250000238418579	0.0008089325856417418	False
32	0.12250000238418579	0.0008247911464422941	False
32	0.12250000238418579	0.0007760743610560894	False
32	0.125	0.0008239923045039177	False
32	0.125	0.0008243077900260687	False
32	0.11999999731779099	0.0008731439593248069	False
32	0.12250000238418579	0.0008367275586351752	False
32	0.11999999731779099	0.0008111944189295173	False
32	0.12250000238418579	0.0007932277512736619	False
32	0.11999999731779099	0.0008157467236742377	False
32	0.11999999731779099	0.0008124088635668159	False
32	0.125	0.0007916794857010245	False
32	0.12250000238418579	0.0007856511510908604	False
32	0.125	0.0007930162828415632	False
32	0.12999999523162842	0.0008274507126770914	False
32	0.11500000208616257	0.0008352152071893215	False
33	0.12250000238418579	0.002007268602028489	False
33	0.125	0.0019906882662326097	False
33	0.125	0.002129582455381751	False
33	0.125	0.0021314918994903564	False
33	0.12250000238418579	0.0019213967025279999	False
33	0.1274999976158142	0.0019666519947350025	False
33	0.11749999970197678	0.0019637709483504295	False
33	0.11749999970197678	0.0019763908348977566	False
33	0.125	0.0019197241635993123	False
33	0.11249999701976776	0.0019850791431963444	False
33	0.125	0.001936531625688076	False
33	0.11749999970197678	0.0020552868954837322	False
33	0.11749999970197678	0.0019158670911565423	False
33	0.11500000208616257	0.0019439285388216376	False
33	0.12250000238418579	0.002043777611106634	False
33	0.11999999731779099	0.001912636449560523	False
33	0.11999999731779099	0.0019515733001753688	False
33	0.12250000238418579	0.002007764298468828	False
33	0.125	0.001951394835487008	False
33	0.125	0.0019505603704601526	False
33	0.12250000238418579	0.0018673776648938656	False
33	0.12250000238418579	0.0019319835118949413	False
33	0.125	0.0017975671216845512	False
33	0.125	0.001965695060789585	False
33	0.13500000536441803	0.0021534257102757692	False
33	0.12250000238418579	0.002046903595328331	False
33	0.12250000238418579	0.0018602431518957019	False
33	0.125	0.001990302000194788	False
33	0.125	0.0018920173170045018	False
33	0.125	0.0020269094966351986	False
34	0.12250000238418579	0.0008674440905451775	False
34	0.125	0.0008893453632481396	False
34	0.12250000238418579	0.0008421889506280422	False
34	0.12250000238418579	0.0008838908979669213	False
34	0.11999999731779099	0.000822541827801615	False
34	0.125	0.0008553066872991621	False
34	0.11999999731779099	0.0008265702053904533	False
34	0.125	0.0009177802130579948	False
34	0.12250000238418579	0.0008345337118953466	False
34	0.12250000238418579	0.0008660670137032866	False
34	0.12250000238418579	0.0008266910444945097	False
34	0.12250000238418579	0.0008632143726572394	False
34	0.125	0.0008117594989016652	False
34	0.125	0.0008537667454220355	False
34	0.125	0.000813589955214411	False
34	0.12250000238418579	0.000888950889930129	False
34	0.11999999731779099	0.0008287876844406128	False
34	0.13249999284744263	0.0008451599278487265	False
34	0.12250000238418579	0.0008730775443837047	False
34	0.12250000238418579	0.0008630116935819387	False
34	0.12250000238418579	0.0008351537981070578	False
34	0.11999999731779099	0.0008954033255577087	False
34	0.125	0.0008498141542077065	False
34	0.12999999523162842	0.0009082410833798349	False
34	0.125	0.0008202273165807128	False
34	0.11500000208616257	0.0009213738376274705	False
34	0.11999999731779099	0.0008513128268532455	False
34	0.12250000238418579	0.0008299259934574366	False
34	0.11999999731779099	0.0008445440325886011	False
34	0.125	0.0008346037357114255	False
35	0.11999999731779099	0.0006704377592541277	False
35	0.125	0.0007033333531580865	False
35	0.125	0.0006790806073695421	False
35	0.1274999976158142	0.0007031644927337766	False
35	0.12250000238418579	0.0006866169860586524	False
35	0.1274999976158142	0.0007032799767330289	False
35	0.11999999731779099	0.0006964009953662753	False
35	0.11500000208616257	0.0007142284885048866	False
35	0.125	0.0006768825696781278	False
35	0.12250000238418579	0.0006905137561261654	False
35	0.11749999970197678	0.0006806492456234992	False
35	0.125	0.0007206714944913983	False
35	0.12250000238418579	0.0006945377681404352	False
35	0.12250000238418579	0.0007101123337633908	False
35	0.125	0.0006909847725182772	False
35	0.125	0.0006897452985867858	False
35	0.125	0.0006898414576426148	False
35	0.12250000238418579	0.0006753589259460568	False
35	0.11749999970197678	0.0006963536143302917	False
35	0.12250000238418579	0.0006893697427585721	False
35	0.125	0.0006559888133779168	False
35	0.125	0.0006731465109623969	False
35	0.12250000238418579	0.0007113015744835138	False
35	0.125	0.000696158385835588	False
35	0.125	0.0006493559340015054	False
35	0.1274999976158142	0.0006887068157084286	False
35	0.11249999701976776	0.0006844355375505984	False
35	0.12250000238418579	0.0007450977573171258	False
35	0.11749999970197678	0.000663195620290935	False
35	0.11999999731779099	0.0007168492302298546	False
36	0.11999999731779099	0.00046938841114751995	False
36	0.125	0.000454954628366977	False
36	0.12250000238418579	0.000465321762021631	False
36	0.12250000238418579	0.00044542434625327587	False
36	0.1274999976158142	0.00044691585935652256	False
36	0.1274999976158142	0.00045916991075500846	False
36	0.12999999523162842	0.0004365326021797955	False
36	0.11999999731779099	0.0004600929096341133	False
36	0.12250000238418579	0.0004435658920556307	False
36	0.12250000238418579	0.0004419749020598829	False
36	0.11749999970197678	0.0004544045659713447	False
36	0.12250000238418579	0.00044605997391045094	False
36	0.125	0.0004582793917506933	False
36	0.11500000208616257	0.00044600284309126437	False
36	0.12250000238418579	0.00046453712275251746	False
36	0.12250000238418579	0.00044840731425210834	False
36	0.12999999523162842	0.00045119842980057	False
36	0.125	0.00046405813191086054	False
36	0.125	0.000450387189630419	False
36	0.11999999731779099	0.00046433170791715384	False
36	0.12250000238418579	0.0004287269548512995	False
36	0.12250000238418579	0.0004865559167228639	False
36	0.125	0.0004612705670297146	False
36	0.11999999731779099	0.000449027749709785	False
36	0.125	0.00045705982483923435	False
36	0.12250000238418579	0.00044541514944285154	False
36	0.12250000238418579	0.000459985836641863	False
36	0.1274999976158142	0.000448716979008168	False
36	0.12250000238418579	0.00044644009904004633	False
36	0.125	0.0004497953341342509	False
37	0.12250000238418579	0.00027566193602979183	False
37	0.11999999731779099	0.000278084771707654	False
37	0.11749999970197678	0.00025771031505428255	False
37	0.12250000238418579	0.0002741412026807666	False
37	0.125	0.0002687931410036981	False
37	0.1274999976158142	0.0002764019009191543	False
37	0.125	0.0002628411166369915	False
37	0.12250000238418579	0.00027743144892156124	False
37	0.125	0.00027371745090931654	False
37	0.11999999731779099	0.0002755084715317935	False
37	0.125	0.0002671284892130643	False
37	0.11249999701976776	0.0002722991048358381	False
37	0.11999999731779099	0.0002719417097978294	False
37	0.12250000238418579	0.00028632284374907613	False
37	0.1274999976158142	0.00026808667462319136	False
37	0.11500000208616257	0.0002789641439449042	False
37	0.125	0.0002703132922761142	False
37	0.12250000238418579	0.0002771705621853471	False
37	0.12250000238418579	0.0002735028974711895	False
37	0.11749999970197678	0.00028382078744471073	False
37	0.125	0.00027567707002162933	False
37	0.125	0.00027499347925186157	False
37	0.12250000238418579	0.00026997984969057143	False
37	0.125	0.00026462977984920144	False
37	0.125	0.0002726141538005322	False
37	0.11749999970197678	0.0002773461164906621	False
37	0.13249999284744263	0.0002726507082115859	False
37	0.12999999523162842	0.0002744856756180525	False
37	0.125	0.00027238024631515145	False
37	0.12250000238418579	0.00027662652428261936	False
38	0.12250000238418579	0.0003184000379405916	False
38	0.11999999731779099	0.00030731671722605824	False
38	0.12250000238418579	0.00030781642999500036	False
38	0.11749999970197678	0.0003121398913208395	False
38	0.125	0.00031744077568873763	False
38	0.12250000238418579	0.00029366835951805115	False
38	0.12250000238418579	0.000314927427098155	False
38	0.12250000238418579	0.00032204476883634925	False
38	0.125	0.0003163944638799876	False
38	0.125	0.00031956579186953604	False
38	0.12250000238418579	0.00030607954249717295	False
38	0.11749999970197678	0.0003280099481344223	False
38	0.12250000238418579	0.0003043078468181193	False
38	0.12250000238418579	0.0003209936839994043	False
38	0.11999999731779099	0.0002956638636533171	False
38	0.125	0.0002956526295747608	False
38	0.12999999523162842	0.0003291003522463143	False
38	0.12250000238418579	0.0003195040044374764	False
38	0.125	0.00031651818426325917	False
38	0.11999999731779099	0.0003029248327948153	False
38	0.12250000238418579	0.0003127114614471793	False
38	0.125	0.00031481837504543364	False
38	0.125	0.0003277548821642995	False
38	0.125	0.00030974013498052955	False
38	0.12250000238418579	0.0003040905576199293	False
38	0.125	0.0003104397328570485	False
38	0.11749999970197678	0.0002972383808810264	False
38	0.11999999731779099	0.0003200374194420874	False
38	0.125	0.00031907239463180304	False
38	0.12250000238418579	0.00031250054598785937	False
39	0.11749999970197678	0.00031044770730659366	False
39	0.12250000238418579	0.0003091981343459338	False
39	0.11749999970197678	0.00031419939477927983	False
39	0.1274999976158142	0.0003065440396312624	False
39	0.12250000238418579	0.0003083331394009292	False
39	0.12250000238418579	0.00031539189512841403	False
39	0.11749999970197678	0.00030646109371446073	False
39	0.11999999731779099	0.00031872655381448567	False
39	0.125	0.00030641883495263755	False
39	0.12999999523162842	0.0003030600491911173	False
39	0.125	0.0003096595173701644	False
39	0.12250000238418579	0.00031009019585326314	False
39	0.125	0.0003159019397571683	False
39	0.125	0.00031066033989191055	False
39	0.125	0.00029720342718064785	False
39	0.1274999976158142	0.0003022751770913601	False
39	0.125	0.00031020567985251546	False
39	0.12250000238418579	0.0003055876586586237	False
39	0.125	0.00030883235740475357	False
39	0.11999999731779099	0.00031177254277281463	False
39	0.125	0.00031315675005316734	False
39	0.12250000238418579	0.00032285862835124135	False
39	0.13249999284744263	0.00032283770269714296	False
39	0.1274999976158142	0.00031779002165421844	False
39	0.125	0.00030074722599238157	False
39	0.11999999731779099	0.00031224891426973045	False
39	0.11999999731779099	0.00031729298643767834	False
39	0.125	0.000310861854813993	False
39	0.12250000238418579	0.000317040306981653	False
39	0.125	0.00030455159139819443	False
40	0.125	0.00029128926689736545	False
40	0.12250000238418579	0.00029299280140548944	False
40	0.11999999731779099	0.00029339719912968576	False
40	0.12250000238418579	0.0002720602788031101	False
40	0.125	0.000282273133052513	False
40	0.11749999970197678	0.0002924298169091344	False
40	0.12250000238418579	0.00028698256937786937	False
40	0.12250000238418579	0.0002811019658111036	False
40	0.125	0.000283872417639941	False
40	0.12250000238418579	0.000282692548353225	False
40	0.12250000238418579	0.00029590504709631205	False
40	0.12250000238418579	0.0002881124964915216	False
40	0.12250000238418579	0.00027652521384879947	False
40	0.125	0.00029627198819071054	False
40	0.125	0.00028363559977151453	False
40	0.12250000238418579	0.0003022119344677776	False
40	0.125	0.0002979229320771992	False
40	0.1274999976158142	0.0002983802405651659	False
40	0.125	0.0002918709651567042	False
40	0.12250000238418579	0.00029767025262117386	False
40	0.125	0.00028572743758559227	False
40	0.125	0.00028940121410414577	False
40	0.125	0.00029146188171580434	False
40	0.12999999523162842	0.0002932259230874479	False
40	0.11999999731779099	0.00029819473274983466	False
40	0.1274999976158142	0.00029560900293290615	False
40	0.12250000238418579	0.00029157567769289017	False
40	0.12250000238418579	0.00029739225283265114	False
40	0.11999999731779099	0.00027848753961734474	False
40	0.12250000238418579	0.00029233787790872157	False
41	0.11749999970197678	0.00035162284621037543	False
41	0.12250000238418579	0.0003434139071032405	False
41	0.12250000238418579	0.00034428341314196587	False
41	0.11999999731779099	0.00035599814145825803	False
41	0.125	0.0003510214446578175	False
41	0.125	0.00035118998493999243	False
41	0.125	0.0003445082693360746	False
41	0.125	0.0003636475303210318	False
41	0.11999999731779099	0.0003444690373726189	False
41	0.12250000238418579	0.00034845698974095285	False
41	0.11999999731779099	0.00036299871862865984	False
41	0.11999999731779099	0.00036640287726186216	False
41	0.12250000238418579	0.0003561113553587347	False
41	0.125	0.0003500010061543435	False
41	0.12250000238418579	0.000338456011377275	False
41	0.12999999523162842	0.0003556847805157304	False
41	0.11999999731779099	0.00036316190380603075	False
41	0.125	0.0003563212521839887	False
41	0.11999999731779099	0.0003391986829228699	False
41	0.11749999970197678	0.0003619445487856865	False
41	0.12999999523162842	0.0003543751663528383	False
41	0.125	0.000352301518432796	False
41	0.125	0.0003510017995722592	False
41	0.11749999970197678	0.0003652120940387249	False
41	0.12999999523162842	0.0003550521214492619	False
41	0.125	0.000358472898369655	False
41	0.12250000238418579	0.00034946008236147463	False
41	0.125	0.0003539785975590348	False
41	0.12999999523162842	0.00033927662298083305	False
41	0.12250000238418579	0.0003419582499191165	False
42	0.125	0.0004594012862071395	False
42	0.125	0.0004259126144461334	False
42	0.11999999731779099	0.00045747734839096665	False
42	0.12250000238418579	0.0004403945931699127	False
42	0.11999999731779099	0.0004692270595114678	False
42	0.1274999976158142	0.00047511712182313204	False
42	0.11749999970197678	0.00046147400280460715	False
42	0.12250000238418579	0.00046647642739117146	False
42	0.1274999976158142	0.0004485436948016286	False
42	0.11999999731779099	0.0004660720587708056	False
42	0.11999999731779099	0.0004634039069060236	False
42	0.12250000238418579	0.0004557842039503157	False
42	0.12250000238418579	0.0004642056010197848	False
42	0.125	0.0004524617688730359	False
42	0.11999999731779099	0.0004782126343343407	False
42	0.12250000238418579	0.00047126872232183814	False
42	0.11999999731779099	0.00047457506298087537	False
42	0.12999999523162842	0.0004446171224117279	False
42	0.11999999731779099	0.000460298266261816	False
42	0.12250000238418579	0.0004732423694804311	False
42	0.12999999523162842	0.00043392987572588027	False
42	0.125	0.00045089254854246974	False
42	0.125	0.00046205197577364743	False
42	0.12250000238418579	0.0004572228353936225	False
42	0.125	0.0004549630102701485	False
42	0.12999999523162842	0.0004550640005618334	False
42	0.1274999976158142	0.0004396422882564366	False
42	0.125	0.0004607143928296864	False
42	0.12250000238418579	0.00044874599552713335	False
42	0.11749999970197678	0.0004568455624394119	False
43	0.11749999970197678	0.0003330785548314452	False
43	0.12250000238418579	0.00033274851739406586	False
43	0.125	0.0003252931637689471	False
43	0.12999999523162842	0.0003291457542218268	False
43	0.1274999976158142	0.0003333474160172045	False
43	0.125	0.00032237698906101286	False
43	0.12999999523162842	0.0003226315602660179	False
43	0.125	0.00033192953560501337	False
43	0.11999999731779099	0.0003283754922449589	False
43	0.12250000238418579	0.00032679265132173896	False
43	0.12250000238418579	0.00033711304422467947	False
43	0.11999999731779099	0.000327389279846102	False
43	0.12250000238418579	0.0003279039519838989	False
43	0.125	0.00033509533386677504	False
43	0.12250000238418579	0.00031715125078335404	False
43	0.1274999976158142	0.000332094234181568	False
43	0.125	0.0003207838162779808	False
43	0.125	0.0003209735150448978	False
43	0.12250000238418579	0.00033842853736132383	False
43	0.11999999731779099	0.0003443945897743106	False
43	0.125	0.00032344897044822574	False
43	0.125	0.00033368042204529047	False
43	0.11500000208616257	0.0003207210102118552	False
43	0.12250000238418579	0.00032617695978842676	False
43	0.125	0.00031458379817195237	False
43	0.11999999731779099	0.00033815266215242445	False
43	0.12250000238418579	0.0003259750083088875	False
43	0.12250000238418579	0.00033627686207182705	False
43	0.125	0.000315363344270736	False
43	0.11999999731779099	0.0003261003876104951	False
44	0.125	0.00020954720093868673	False
44	0.11999999731779099	0.00021048258349765092	False
44	0.1274999976158142	0.00020325148943811655	False
44	0.12250000238418579	0.0002169832878280431	False
44	0.12250000238418579	0.00020969629986211658	False
44	0.125	0.00021166555234231055	False
44	0.1274999976158142	0.0002121889847330749	False
44	0.11999999731779099	0.00021531403763219714	False
44	0.125	0.00021907051268499345	False
44	0.125	0.00021517249115277082	False
44	0.125	0.0002121521974913776	False
44	0.125	0.00021147237566765398	False
44	0.11749999970197678	0.0002131381188519299	False
44	0.12250000238418579	0.0002090753405354917	False
44	0.12250000238418579	0.00020843357197009027	False
44	0.13500000536441803	0.00022044623619876802	False
44	0.125	0.00021947885397821665	False
44	0.12250000238418579	0.00021688154083676636	False
44	0.12250000238418579	0.00020967033924534917	False
44	0.12250000238418579	0.0002106954052578658	False
44	0.12250000238418579	0.00020851381123065948	False
44	0.12250000238418579	0.00021905184257775545	False
44	0.11999999731779099	0.00021745468256995082	False
44	0.11999999731779099	0.000219621229916811	False
44	0.12250000238418579	0.00021096249110996723	False
44	0.125	0.00021345792629290372	False
44	0.12250000238418579	0.00021219003247097135	False
44	0.11999999731779099	0.0002074106887448579	False
44	0.12250000238418579	0.00021752902830485255	False
44	0.11749999970197678	0.00021036654652561992	False
45	0.125	0.0014741700142621994	False
45	0.1274999976158142	0.0015092218527570367	False
45	0.125	0.0014349955599755049	False
45	0.12250000238418579	0.0013865468790754676	False
45	0.11999999731779099	0.001542152022011578	False
45	0.125	0.0012978422455489635	False
45	0.1274999976158142	0.001494040945544839	False
45	0.12250000238418579	0.0014488366432487965	False
45	0.125	0.0012977742590010166	False
45	0.125	0.0013433295534923673	False
45	0.125	0.0014315228909254074	False
45	0.12250000238418579	0.0014703135238960385	False
45	0.11999999731779099	0.0013470029225572944	False
45	0.12250000238418579	0.0013352376408874989	False
45	0.1274999976158142	0.0015531664248555899	False
45	0.125	0.0014149310300126672	False
45	0.125	0.0014833677560091019	False
45	0.12250000238418579	0.0014668178046122193	False
45	0.11749999970197678	0.0014638093998655677	False
45	0.125	0.0014932912308722734	False
45	0.11999999731779099	0.0013834141427651048	False
45	0.12250000238418579	0.001365438336506486	False
45	0.11999999731779099	0.0014233572874218225	False
45	0.125	0.001357083790935576	False
45	0.12250000238418579	0.0014315093867480755	False
45	0.11500000208616257	0.0014369826531037688	False
45	0.12250000238418579	0.0014226794010028243	False
45	0.12250000238418579	0.001444786787033081	False
45	0.125	0.001401160261593759	False
45	0.12999999523162842	0.0012767963344231248	False
46	0.12250000238418579	0.0021149665117263794	False
46	0.1274999976158142	0.0022843112237751484	False
46	0.125	0.002139822579920292	False
46	0.125	0.002237145323306322	False
46	0.12250000238418579	0.0020017833448946476	False
46	0.12250000238418579	0.002383484970778227	False
46	0.125	0.0020067160949110985	False
46	0.11749999970197678	0.0022058289032429457	False
46	0.125	0.0020381822250783443	False
46	0.125	0.002134823240339756	False
46	0.11999999731779099	0.0021894765086472034	False
46	0.12999999523162842	0.0020613130182027817	False
46	0.11999999731779099	0.0020362273789942265	False
46	0.11749999970197678	0.002038846956565976	False
46	0.11999999731779099	0.002149292267858982	False
46	0.125	0.0022412023972719908	False
46	0.11999999731779099	0.002085150685161352	False
46	0.12999999523162842	0.002100891899317503	False
46	0.125	0.00196418771520257	False
46	0.125	0.0021270536817610264	False
46	0.11999999731779099	0.002456518355756998	False
46	0.11749999970197678	0.002081279642879963	False
46	0.12250000238418579	0.0020227134227752686	False
46	0.125	0.0021798117086291313	False
46	0.11999999731779099	0.0020148679614067078	False
46	0.12250000238418579	0.002307046437636018	False
46	0.11999999731779099	0.0022498706821352243	False
46	0.125	0.00215861271135509	False
46	0.125	0.002331826603040099	False
46	0.12250000238418579	0.0021590571850538254	False
47	0.125	0.0014228133950382471	False
47	0.11999999731779099	0.001482343184761703	False
47	0.11999999731779099	0.0017979067051783204	False
47	0.11999999731779099	0.0016553287860006094	False
47	0.11999999731779099	0.00148808304220438	False
47	0.11749999970197678	0.001506497384980321	False
47	0.1274999976158142	0.0016424768837168813	False
47	0.11999999731779099	0.0016257461393252015	False
47	0.12250000238418579	0.0016256440430879593	False
47	0.125	0.001727359602227807	False
47	0.125	0.0014808186097070575	False
47	0.12250000238418579	0.0018229205161333084	False
47	0.12250000238418579	0.001494984608143568	False
47	0.11500000208616257	0.0014104951405897737	False
47	0.12250000238418579	0.0013284441083669662	False
47	0.11999999731779099	0.001573144574649632	False
47	0.11999999731779099	0.0014605562901124358	False
47	0.11999999731779099	0.0015316397184506059	False
47	0.12250000238418579	0.0013911616988480091	False
47	0.11999999731779099	0.0018475583055987954	False
47	0.12250000238418579	0.00145530398003757	False
47	0.11749999970197678	0.0015908950008451939	False
47	0.11249999701976776	0.0014960599364712834	False
47	0.12999999523162842	0.0017140759155154228	False
47	0.11500000208616257	0.0015849292976781726	False
47	0.125	0.0015613946598023176	False
47	0.12999999523162842	0.0014863531105220318	False
47	0.125	0.0016531615983694792	False
47	0.12250000238418579	0.0013398444280028343	False
47	0.12999999523162842	0.0016895721200853586	False
48	0.12250000238418579	7.089794235071167e-05	False
48	0.11749999970197678	6.67892672936432e-05	False
48	0.12250000238418579	6.705641862936318e-05	False
48	0.12250000238418579	6.675358599750325e-05	False
48	0.11500000208616257	7.020799966994673e-05	False
48	0.12250000238418579	6.815562664996833e-05	False
48	0.11999999731779099	7.137335342122242e-05	False
48	0.12250000238418579	6.883805326651782e-05	False
48	0.12250000238418579	6.738957017660141e-05	False
48	0.1274999976158142	6.968930392758921e-05	False
48	0.125	7.073604501783848e-05	False
48	0.125	6.894412217661738e-05	False
48	0.12250000238418579	6.993232818786055e-05	False
48	0.12250000238418579	6.787208985770121e-05	False
48	0.125	6.738871888956055e-05	False
48	0.125	6.888366624480113e-05	False
48	0.11999999731779099	6.921897147549316e-05	False
48	0.12250000238418579	7.070347783155739e-05	False
48	0.11749999970197678	7.061785436235368e-05	False
48	0.11999999731779099	7.053598528727889e-05	False
48	0.12250000238418579	6.848281918792054e-05	False
48	0.1274999976158142	6.908706563990563e-05	False
48	0.125	7.042353536235169e-05	False
48	0.125	6.991095142439008e-05	False
48	0.11749999970197678	6.719163502566516e-05	False
48	0.11999999731779099	7.10011663613841e-05	False
48	0.12250000238418579	7.151039608288556e-05	False
48	0.12250000238418579	7.191641634562984e-05	False
48	0.125	6.885630136821419e-05	False
48	0.11999999731779099	6.841794674983248e-05	False
49	0.11999999731779099	9.534593118587509e-05	False
49	0.125	0.00010291641228832304	False
49	0.125	9.477481944486499e-05	False
49	0.1274999976158142	0.00010158037912333384	False
49	0.11999999731779099	9.53698909142986e-05	False
49	0.1274999976158142	0.00010115397890331224	False
49	0.12250000238418579	9.110350219998509e-05	False
49	0.12999999523162842	9.563197090756148e-05	False
49	0.125	9.74920840235427e-05	False
49	0.125	9.215270983986557e-05	False
49	0.12250000238418579	9.134916035691276e-05	False
49	0.1274999976158142	9.508407674729824e-05	False
49	0.12250000238418579	9.574979048920795e-05	False
49	0.11999999731779099	9.1898487880826e-05	False
49	0.125	8.961858839029446e-05	False
49	0.11999999731779099	9.216657053912058e-05	False
49	0.125	8.925668953452259e-05	False
49	0.12250000238418579	9.502366447122768e-05	False
49	0.125	9.066499478649348e-05	False
49	0.12250000238418579	9.184151713270694e-05	False
49	0.12250000238418579	9.674184548202902e-05	False
49	0.125	9.47606167756021e-05	False
49	0.12250000238418579	9.292994946008548e-05	False
49	0.125	9.191167919198051e-05	False
49	0.125	9.245635737897828e-05	False
49	0.11999999731779099	9.600265184417367e-05	False
49	0.125	9.172047430183738e-05	False
49	0.12250000238418579	9.46801810641773e-05	False
49	0.12999999523162842	9.444911847822368e-05	False
49	0.12999999523162842	9.248262358596548e-05	False
50	0.12250000238418579	8.342384535353631e-05	False
50	0.125	8.188686479115859e-05	False
50	0.125	7.441767957061529e-05	False
50	0.125	8.25275928946212e-05	False
50	0.125	7.954773172968999e-05	False
50	0.125	8.127379260258749e-05	False
50	0.11749999970197678	7.69633479649201e-05	False
50	0.125	8.326365787070245e-05	False
50	0.12250000238418579	8.098244143184274e-05	False
50	0.12999999523162842	8.408362918999046e-05	False
50	0.125	7.403144263662398e-05	False
50	0.12250000238418579	8.156623516697437e-05	False
50	0.12250000238418579	8.138671546475962e-05	False
50	0.125	8.658321166876704e-05	False
50	0.12999999523162842	7.980113150551915e-05	False
50	0.11999999731779099	7.973352330736816e-05	False
50	0.12250000238418579	7.854661089368165e-05	False
50	0.12250000238418579	7.7052965934854e-05	False
50	0.125	7.864974031690508e-05	False
50	0.12250000238418579	7.751103112241253e-05	False
50	0.12250000238418579	8.035247446969151e-05	False
50	0.12250000238418579	7.60191906010732e-05	False
50	0.11999999731779099	7.822961924830452e-05	False
50	0.125	7.809348608134314e-05	False
50	0.12250000238418579	8.203955076169223e-05	False
50	0.13249999284744263	7.776296115480363e-05	False
50	0.11500000208616257	7.62169947847724e-05	False
50	0.125	8.680381870362908e-05	False
50	0.12999999523162842	7.988631841726601e-05	False
50	0.125	8.005753625184298e-05	False
51	0.125	6.9584340963047e-05	False
51	0.11999999731779099	6.703870894853026e-05	False
51	0.11749999970197678	6.862948794150725e-05	False
51	0.125	6.691629823762923e-05	False
51	0.11749999970197678	6.73899776302278e-05	False
51	0.12250000238418579	6.746830331394449e-05	False
51	0.11999999731779099	7.05979618942365e-05	False
51	0.125	7.305839972104877e-05	False
51	0.125	6.887941708555445e-05	False
51	0.1274999976158142	7.037939940346405e-05	False
51	0.11999999731779099	7.205115252872929e-05	False
51	0.12250000238418579	6.655728066107258e-05	False
51	0.125	6.93297479301691e-05	False
51	0.12999999523162842	7.060976349748671e-05	False
51	0.125	6.680734077235684e-05	False
51	0.12999999523162842	6.70695080771111e-05	False
51	0.11999999731779099	7.250640919664875e-05	False
51	0.12250000238418579	6.862080044811592e-05	False
51	0.11999999731779099	6.439532444346696e-05	False
51	0.12250000238418579	7.428869866998866e-05	False
51	0.1274999976158142	6.495161505881697e-05	False
51	0.1274999976158142	6.787344318581745e-05	False
51	0.12250000238418579	6.473893154179677e-05	False
51	0.11999999731779099	6.733556801918894e-05	False
51	0.125	6.989382382016629e-05	False
51	0.11999999731779099	7.270555943250656e-05	False
51	0.11999999731779099	6.833614315837622e-05	False
51	0.11749999970197678	6.737450166838244e-05	False
51	0.1274999976158142	6.433147063944489e-05	False
51	0.125	6.80491139064543e-05	False
52	0.125	6.276257772697136e-05	False
52	0.12999999523162842	6.781204865546897e-05	False
52	0.11999999731779099	6.50280126137659e-05	False
52	0.11999999731779099	6.366183515638113e-05	False
52	0.12250000238418579	6.377873796736822e-05	False
52	0.125	6.97727664373815e-05	False
52	0.12250000238418579	6.664991087745875e-05	False
52	0.12250000238418579	6.982412014622241e-05	False
52	0.125	6.321594992186874e-05	False
52	0.12250000238418579	6.236848275875673e-05	False
52	0.12250000238418579	6.529821257572621e-05	False
52	0.125	6.636210309807211e-05	False
52	0.12999999523162842	6.589227268705145e-05	False
52	0.125	6.836037937318906e-05	False
52	0.125	6.0986538301222026e-05	False
52	0.11999999731779099	6.500860035885125e-05	False
52	0.125	6.503290933324024e-05	False
52	0.11749999970197678	6.846486940048635e-05	False
52	0.125	6.422901060432196e-05	False
52	0.11999999731779099	6.215649773366749e-05	False
52	0.11500000208616257	6.0983446019236e-05	False
52	0.125	6.345786823658273e-05	False
52	0.125	6.461829616455361e-05	False
52	0.125	6.30351496511139e-05	False
52	0.125	6.453182140830904e-05	False
52	0.11749999970197678	6.50589499855414e-05	False
52	0.11999999731779099	6.591541750822216e-05	False
52	0.125	6.769801984773949e-05	False
52	0.125	6.398876575985923e-05	False
52	0.11999999731779099	6.091230170568451e-05	False
