# num_workers = 2
# num_cells = 256
# seed_for_environment = 397755542
# lr = 0.0003
# max_grad_norm = 1.0
# eval_rollout_length = 30
# scaling_factor = 100000
# frames_per_batch = 500
# sub_batch_size = 64
# num_epochs = 15
# clip_epsilon = 0.2
# gamma = 0.99
# lmbda = 0.95
# entropy_eps = 0.5
# env_reward_engineering = True
# env_minimum_number_of_qubits = 1
# log_name = None
# env_error_range = dataCollection
# env_version = qecc/bbcode-ldpc-v0
# env_bit_flipping = True
# env_l = 12
# env_m = 6
# env_use_dict_observation = True
# env_number_of_decoder_iterations = 50
# env_number_of_samples = 50
# env_code_logging = True
# model_architecture = mlp
# model_surrogate_model_path = /vol/bitbucket/osella/rl-qecc-data/supervisedLearning/2026-07-12_20-18-32/surrogate_6x6.pth
# model_use_pretrained_encoder = True
# index_to_unfreeze_encoder_updates = 10
# encoder_lr_factor = 0.1
# training_device = cpu
# Resolved arguments:
# Resolved_env_reward_engineering = True
# Resolved_env_reward_integral = Between prob. of no error and curve.
# Resolved_env_bit_flipping = True
# Resolved_env_useDictObservation = True
# Resolved_env_code_logging = True
# Resolved_env_error_range = [np.float64(0.0001), np.float64(0.000215), np.float64(0.000464), np.float64(0.001), np.float64(0.002154), np.float64(0.003162), np.float64(0.004642), np.float64(0.01), np.float64(0.021544), np.float64(0.025075), np.float64(0.031623), np.float64(0.046416), np.float64(0.05005), np.float64(0.075025), np.float64(0.1)]
# Resolved_model_use_pretrained_encoder = True
# Resolved_trainingDevice = cpu
# Resolved_model_architecture = hybrid
# Number of workers: 2
# Does torch identify cuda: True
evaluation number	reward	policy entropy	policy entropy aX	policy entropy bX	policy entropy aY	policy entropy bY	Encoder freeze	postAction_aX	postAction_bX	postAction_aY	postAction_bY
0	0.3935040235519409	8.924079895019531	2.5336344242095947	2.5458483695983887	1.9266893863677979	1.917907953262329	True	[0 0 0 0 0 0 0 1 0 0 0 0]	[0 0 0 0 0 0 0 0 0 0 0 1]	[0 0 0 0 0 1]	[0 0 0 1 0 0]
0	0.21929720044136047	8.982320785522461	2.5485105514526367	2.55934476852417	1.9372271299362183	1.937238335609436	True	[0 0 0 0 0 0 0 1 1 0 0 0]	[0 0 0 0 0 0 0 0 0 0 1 1]	[0 0 0 0 0 0]	[1 0 0 1 0 0]
0	-1.0	8.98460578918457	2.550778865814209	2.5566346645355225	1.9351298809051514	1.9420621395111084	True	[0 0 0 0 0 0 0 1 0 0 0 0]	[0 0 0 0 0 0 0 0 0 0 1 1]	[0 0 0 1 0 0]	[0 0 0 1 0 0]
0	0.36986830830574036	8.997652053833008	2.5529136657714844	2.5625672340393066	1.9397568702697754	1.9424140453338623	True	[0 0 0 0 0 0 0 1 1 0 0 0]	[0 0 0 0 0 0 0 0 0 0 1 1]	[0 0 0 1 1 0]	[1 0 0 1 0 0]
0	0.32959580421447754	8.993354797363281	2.5551369190216064	2.5588788986206055	1.9380145072937012	1.9413249492645264	True	[0 0 0 0 0 0 0 0 1 0 0 0]	[0 0 0 0 0 0 0 0 0 0 0 1]	[0 0 0 0 1 0]	[0 0 0 1 0 0]
0	-0.5	8.984018325805664	2.5473878383636475	2.5584557056427	1.9394104480743408	1.9387646913528442	True	[0 0 0 0 0 0 0 0 0 0 0 0]	[0 0 0 0 0 0 0 0 0 0 0 0]	[0 0 0 0 1 1]	[0 0 0 0 0 0]
0	0.44913187623023987	8.959762573242188	2.542867660522461	2.554189682006836	1.934289813041687	1.9284155368804932	True	[0 0 1 0 0 0 0 0 0 0 0 0]	[0 0 0 0 0 0 0 0 0 0 0 1]	[0 0 0 0 1 0]	[0 0 0 1 0 0]
0	-1.0	8.9817533493042	2.5480880737304688	2.5584716796875	1.937982439994812	1.9372111558914185	True	[0 0 1 0 0 0 0 0 1 0 0 0]	[0 0 0 0 0 0 0 0 0 0 0 1]	[0 0 0 0 1 1]	[1 0 0 1 0 0]
0	-1.0	8.991077423095703	2.5519943237304688	2.560943126678467	1.9394333362579346	1.938706874847412	True	[0 0 1 0 0 0 0 0 0 0 0 0]	[0 0 0 0 0 0 0 0 0 0 0 0]	[0 0 0 0 1 0]	[1 1 0 1 0 0]
0	0.08216780424118042	8.993895530700684	2.5526015758514404	2.5599169731140137	1.9392828941345215	1.9420945644378662	True	[0 0 1 0 0 0 0 0 1 0 0 0]	[0 0 0 0 0 0 0 0 0 0 0 0]	[0 0 0 0 0 0]	[0 1 0 1 0 0]
0	-1.0	8.977843284606934	2.550353527069092	2.554144859313965	1.9344305992126465	1.938914179801941	True	[0 0 1 0 0 0 0 0 1 1 0 0]	[0 0 0 0 0 0 0 0 0 0 0 0]	[0 0 0 1 0 0]	[1 1 0 1 0 0]
0	-1.0	8.99716567993164	2.5543506145477295	2.5592682361602783	1.9406338930130005	1.9429130554199219	True	[0 0 1 0 0 0 0 0 0 1 0 0]	[0 0 0 0 0 0 1 0 0 0 0 0]	[0 0 0 1 1 0]	[0 1 0 1 0 0]
0	0.2679394483566284	8.998954772949219	2.5542497634887695	2.559913158416748	1.9412176609039307	1.9435744285583496	True	[0 0 1 0 0 0 0 0 1 1 0 0]	[0 1 0 0 0 0 1 0 0 0 0 0]	[0 0 0 1 0 0]	[1 1 0 1 0 0]
0	-1.0	8.986625671386719	2.5545880794525146	2.5562777519226074	1.936354637145996	1.939405918121338	True	[0 0 1 0 0 0 0 0 0 1 0 0]	[0 0 0 0 0 0 1 0 0 0 0 0]	[0 0 0 0 0 0]	[0 1 0 1 0 0]
0	0.287315309047699	8.99476146697998	2.5533316135406494	2.5607376098632812	1.9389492273330688	1.9417434930801392	True	[0 0 1 0 0 0 0 0 1 1 0 0]	[0 0 0 0 0 0 1 0 0 0 0 0]	[0 0 0 0 1 0]	[1 1 0 1 0 0]
0	0.3419738709926605	8.983697891235352	2.554814577102661	2.5547754764556885	1.9355897903442383	1.9385178089141846	True	[0 0 1 0 0 0 0 0 0 1 0 0]	[0 0 0 0 0 0 1 0 0 0 1 0]	[0 0 0 1 1 0]	[0 1 0 1 0 0]
0	-1.0	8.993281364440918	2.556612014770508	2.5560288429260254	1.9390124082565308	1.9416279792785645	True	[0 0 1 0 0 0 0 1 0 1 0 0]	[0 0 0 0 0 0 1 0 0 0 1 0]	[0 0 0 0 1 0]	[1 1 0 1 0 0]
0	0.2639750838279724	8.999823570251465	2.5566325187683105	2.5591320991516113	1.9403374195098877	1.9437217712402344	True	[0 0 1 0 0 0 0 1 1 1 0 0]	[0 0 0 0 0 0 1 0 0 0 1 0]	[0 0 0 1 1 0]	[1 1 1 1 0 0]
0	0.2135462909936905	8.992198944091797	2.5588371753692627	2.5573570728302	1.937536597251892	1.9384675025939941	True	[0 0 1 0 0 0 0 0 1 1 0 0]	[0 0 0 0 0 0 1 0 0 0 0 0]	[0 0 0 0 1 0]	[1 1 1 1 1 0]
0	0.26319262385368347	8.985745429992676	2.5579781532287598	2.556173324584961	1.9341413974761963	1.9374521970748901	True	[0 0 1 0 0 0 0 1 1 1 0 0]	[0 0 0 0 0 0 1 0 0 0 1 0]	[0 0 0 1 1 0]	[0 1 1 1 1 0]
0	0.2788747549057007	8.99150276184082	2.557692527770996	2.556910991668701	1.9380288124084473	1.9388701915740967	True	[0 0 1 0 0 0 0 0 1 1 0 0]	[0 0 0 0 0 0 1 0 0 0 0 0]	[0 0 0 0 1 0]	[0 1 1 1 0 0]
0	0.23553334176540375	8.987950325012207	2.556621551513672	2.5576775074005127	1.9332363605499268	1.940415620803833	True	[0 0 1 0 0 0 0 1 1 1 0 0]	[0 0 0 0 0 0 1 0 0 0 1 0]	[0 0 0 1 1 0]	[1 1 1 1 0 0]
0	0.19961751997470856	8.991291046142578	2.557950735092163	2.556368112564087	1.9374150037765503	1.9395568370819092	True	[0 0 1 0 0 0 0 0 1 1 0 0]	[0 0 0 0 0 0 1 0 0 0 0 0]	[0 0 0 0 1 0]	[1 1 1 1 1 0]
0	0.26071086525917053	8.984832763671875	2.557569742202759	2.5561399459838867	1.9340771436691284	1.9370464086532593	True	[0 0 1 0 0 0 0 1 1 1 0 0]	[0 0 0 0 0 0 1 0 0 0 1 0]	[0 0 0 1 1 0]	[0 1 1 1 1 0]
0	0.29197123646736145	8.990019798278809	2.5590059757232666	2.5559606552124023	1.936779499053955	1.9382742643356323	True	[0 0 1 0 0 0 0 0 1 1 0 0]	[0 0 0 0 0 0 1 0 0 0 0 0]	[0 0 0 0 1 0]	[0 1 1 0 1 0]
0	0.3070093095302582	8.992025375366211	2.5577781200408936	2.5581929683685303	1.9351307153701782	1.9409241676330566	True	[0 0 1 0 0 0 0 0 0 1 0 0]	[0 0 0 0 0 0 1 0 0 0 1 0]	[0 0 0 1 1 0]	[1 1 1 0 1 0]
0	0.21658696234226227	8.992063522338867	2.5562663078308105	2.558384656906128	1.9368174076080322	1.9405959844589233	True	[0 0 1 0 0 0 0 1 0 1 0 0]	[0 0 0 0 0 0 1 0 0 0 0 0]	[0 0 0 0 1 0]	[1 1 1 1 1 0]
0	0.2796276807785034	8.98837661743164	2.5581440925598145	2.556786060333252	1.936097264289856	1.937349557876587	True	[0 0 1 0 0 0 0 0 0 1 0 0]	[0 0 0 0 0 0 1 0 0 0 1 0]	[0 0 0 1 1 0]	[0 1 1 1 1 0]
0	-1.0	8.993646621704102	2.558140993118286	2.5567970275878906	1.9390301704406738	1.9396790266036987	True	[0 0 1 0 0 0 0 1 0 1 0 0]	[0 0 0 0 0 0 1 0 0 0 1 0]	[0 0 0 0 1 0]	[1 1 1 1 1 0]
0	0.20718929171562195	9.002602577209473	2.5579380989074707	2.5598409175872803	1.9410374164581299	1.9437869787216187	True	[0 0 1 0 0 0 0 0 0 1 0 0]	[0 0 0 0 0 0 1 0 0 0 0 0]	[0 0 0 1 1 0]	[1 1 1 1 1 0]
1	0.42496076226234436	8.563673973083496	2.462836742401123	2.428457260131836	1.804186463356018	1.8681936264038086	False	[0 0 0 0 0 0 0 0 0 0 1 0]	[0 0 0 0 0 0 1 0 0 0 0 0]	[0 0 0 0 1 0]	[0 1 0 0 0 0]
1	-0.00047206925228238106	8.839031219482422	2.4966766834259033	2.508415937423706	1.907895803451538	1.9260423183441162	False	[0 0 0 0 1 0 0 0 0 0 1 0]	[1 0 0 0 0 0 1 0 0 0 0 0]	[0 0 0 0 0 0]	[0 0 0 0 0 0]
1	0.22959867119789124	8.741544723510742	2.5011374950408936	2.4954845905303955	1.8419795036315918	1.9029436111450195	False	[0 0 0 0 1 0 0 0 0 0 0 0]	[1 0 0 0 0 0 0 0 0 0 0 0]	[0 0 0 0 1 0]	[0 0 0 0 1 0]
1	0.017322294414043427	8.797382354736328	2.495476722717285	2.4829938411712646	1.9049246311187744	1.9139869213104248	False	[0 0 0 0 1 0 0 0 0 0 1 0]	[1 0 0 0 0 0 1 0 0 0 0 0]	[0 0 0 0 0 0]	[0 1 0 0 1 0]
1	0.20971927046775818	8.823220252990723	2.5159401893615723	2.518326997756958	1.8651401996612549	1.923812747001648	False	[0 0 0 0 1 0 0 0 0 0 0 0]	[1 0 0 0 0 0 0 0 0 0 0 0]	[0 0 0 0 1 0]	[0 0 0 0 1 0]
1	0.009836568497121334	8.796695709228516	2.4984545707702637	2.4892055988311768	1.901146411895752	1.907888650894165	False	[0 0 0 0 1 0 0 0 0 0 1 0]	[1 0 0 0 0 0 1 0 0 0 0 0]	[0 0 0 0 0 0]	[0 1 0 0 1 0]
1	0.30865493416786194	8.838485717773438	2.5172059535980225	2.521496534347534	1.8731451034545898	1.9266384840011597	False	[0 0 0 0 1 0 0 0 0 0 0 0]	[1 0 0 0 0 0 0 0 0 0 0 0]	[0 0 0 0 1 0]	[0 1 0 0 0 0]
1	-1.0	8.868417739868164	2.513439178466797	2.527125597000122	1.9019873142242432	1.9258660078048706	False	[0 0 0 0 0 0 0 0 0 0 0 0]	[0 0 0 0 0 0 0 0 0 0 0 0]	[0 0 0 0 0 0]	[0 0 0 0 0 0]
1	0.2726675868034363	8.564620971679688	2.4654958248138428	2.428112506866455	1.8058303594589233	1.865182876586914	False	[0 0 0 0 0 0 0 0 0 0 1 0]	[0 0 0 0 0 0 1 0 0 0 0 0]	[0 0 0 0 1 0]	[0 0 0 0 1 0]
1	0.021813660860061646	8.81096363067627	2.4959659576416016	2.493837594985962	1.900416612625122	1.920743703842163	False	[0 0 0 0 1 0 0 0 0 0 1 0]	[1 0 0 0 0 0 1 0 0 0 0 0]	[0 0 0 0 0 0]	[0 0 0 1 1 0]
1	0.3037697672843933	8.855066299438477	2.519756555557251	2.5231690406799316	1.886404275894165	1.9257367849349976	False	[0 0 0 0 0 0 0 0 0 0 1 0]	[0 0 0 0 0 0 1 0 0 0 0 0]	[0 0 0 0 1 0]	[0 0 0 0 1 0]
1	0.021426089107990265	8.82861328125	2.503394603729248	2.5051753520965576	1.8996652364730835	1.92037832736969	False	[0 0 0 0 1 0 0 0 0 0 1 0]	[1 0 0 0 0 0 1 0 0 0 0 0]	[0 0 0 0 0 0]	[0 0 0 1 1 0]
1	0.34261709451675415	8.836299896240234	2.5160505771636963	2.517836093902588	1.8808856010437012	1.9215277433395386	False	[0 0 0 0 0 0 0 0 0 0 1 0]	[1 0 0 0 0 1 1 0 0 0 0 0]	[0 0 0 0 1 0]	[0 0 0 0 1 0]
1	0.039035264402627945	8.911561965942383	2.5262861251831055	2.529047727584839	1.9231696128845215	1.9330579042434692	False	[0 0 0 0 1 0 0 0 0 0 1 0]	[0 0 0 0 0 1 1 0 0 0 0 0]	[0 0 0 0 0 0]	[0 1 0 0 1 0]
1	0.28246334195137024	8.862367630004883	2.5253424644470215	2.5250930786132812	1.8859121799468994	1.926019310951233	False	[0 0 0 0 1 0 0 0 0 0 0 0]	[0 0 0 0 0 0 1 0 0 0 0 0]	[0 0 0 0 1 0]	[0 1 0 0 0 0]
1	-0.5	8.856802940368652	2.511134147644043	2.5129802227020264	1.9059045314788818	1.926783800125122	False	[0 0 0 0 0 0 0 0 0 0 0 0]	[1 0 0 0 0 0 1 0 0 0 0 0]	[0 0 0 0 0 0]	[0 0 0 0 0 0]
1	0.3096517026424408	8.654050827026367	2.4816946983337402	2.4692747592926025	1.8191807270050049	1.88390052318573	False	[0 0 0 0 0 0 0 0 0 0 1 0]	[1 0 0 0 0 0 0 0 0 0 0 0]	[0 0 0 0 1 0]	[0 0 0 0 1 0]
1	0.055465925484895706	8.79715347290039	2.4933559894561768	2.487644672393799	1.9006028175354004	1.9155492782592773	False	[0 0 0 0 1 0 0 0 0 0 1 0]	[0 0 0 0 0 0 0 0 0 0 0 0]	[0 0 0 1 1 0]	[0 1 0 0 1 0]
1	0.43902942538261414	8.834306716918945	2.532499074935913	2.5105350017547607	1.8756977319717407	1.9155755043029785	False	[0 0 0 0 1 0 0 1 0 0 1 0]	[0 0 0 0 0 1 0 0 0 0 0 0]	[0 0 0 1 0 0]	[0 1 0 0 0 0]
1	0.479626327753067	8.908790588378906	2.527172327041626	2.5338401794433594	1.9112874269485474	1.9364906549453735	False	[0 0 0 0 0 0 0 1 0 0 1 0]	[1 0 0 0 0 1 0 0 0 0 0 0]	[0 0 0 1 1 0]	[0 0 0 0 0 0]
1	0.43188780546188354	8.889226913452148	2.53481388092041	2.530911445617676	1.887862205505371	1.935639500617981	False	[0 0 0 0 1 0 0 1 0 0 1 0]	[0 0 0 0 0 1 0 0 0 0 0 0]	[0 0 0 1 0 0]	[0 1 0 0 0 0]
1	0.4976179003715515	8.90922737121582	2.528501510620117	2.5356485843658447	1.906645655632019	1.9384315013885498	False	[0 0 0 0 0 0 0 1 0 0 1 0]	[1 0 0 0 0 1 0 0 0 0 0 0]	[0 0 0 1 1 0]	[0 0 0 0 0 0]
1	0.3065815567970276	8.914149284362793	2.5238006114959717	2.5377440452575684	1.9156761169433594	1.936928629875183	False	[0 0 0 0 1 0 0 1 0 0 1 0]	[1 0 0 0 0 0 0 0 0 0 0 0]	[0 0 0 1 0 0]	[0 0 0 0 1 0]
1	0.06706051528453827	8.900582313537598	2.5192458629608154	2.5217983722686768	1.9247286319732666	1.934809923171997	False	[0 0 0 0 0 0 0 1 0 0 1 0]	[0 0 0 0 0 0 0 0 0 0 0 0]	[0 0 0 1 1 0]	[0 1 0 0 1 0]
1	0.5183672308921814	8.852468490600586	2.5293028354644775	2.517420768737793	1.8798139095306396	1.9259305000305176	False	[0 0 0 0 0 0 0 0 0 0 1 0]	[0 0 0 0 0 1 0 0 0 0 0 0]	[0 0 0 1 0 0]	[0 1 0 0 0 0]
1	0.47396910190582275	8.782594680786133	2.467339277267456	2.503911256790161	1.8950047492980957	1.9163390398025513	False	[0 0 0 0 1 0 0 0 0 0 1 0]	[1 0 0 0 0 1 0 0 0 0 0 0]	[0 0 0 1 1 0]	[0 0 0 0 0 0]
1	0.3349081575870514	8.920415878295898	2.5277092456817627	2.5387234687805176	1.917515516281128	1.9364668130874634	False	[0 0 0 0 0 0 0 0 0 0 1 0]	[1 0 0 0 0 0 0 0 0 0 0 0]	[0 0 0 1 0 0]	[0 0 0 0 1 0]
1	0.046670541167259216	8.777960777282715	2.471421718597412	2.491117000579834	1.8953956365585327	1.9200263023376465	False	[0 0 0 0 1 0 0 0 0 0 1 0]	[0 0 0 0 0 0 0 0 0 0 0 0]	[0 0 0 1 1 0]	[0 1 0 0 1 0]
1	0.4155716300010681	8.817156791687012	2.5306179523468018	2.504063367843628	1.8653634786605835	1.9171115159988403	False	[0 0 0 0 1 0 0 1 0 0 1 0]	[0 0 0 0 0 1 0 0 0 0 0 0]	[0 0 0 1 0 0]	[0 1 0 0 0 0]
1	0.5099226236343384	8.899192810058594	2.5191285610198975	2.533158302307129	1.911201000213623	1.9357043504714966	False	[0 0 0 0 0 0 0 1 0 0 1 0]	[1 0 0 0 0 1 0 0 0 0 0 0]	[0 0 0 1 1 0]	[0 0 0 0 0 0]
2	0.3678050637245178	8.71664047241211	2.476264715194702	2.4785549640655518	1.8745014667510986	1.887319803237915	False	[0 0 0 0 0 0 0 0 0 0 0 1]	[0 0 0 0 0 1 0 0 0 0 0 0]	[0 0 0 0 0 1]	[0 1 0 0 0 0]
2	-0.5	8.88956069946289	2.547427177429199	2.5227127075195312	1.904978632926941	1.9144418239593506	False	[0 0 0 0 1 0 0 0 0 0 0 1]	[0 0 0 0 0 0 0 0 0 0 0 0]	[0 0 0 0 0 0]	[0 0 0 0 0 0]
2	0.5476062893867493	8.822096824645996	2.521536350250244	2.498027801513672	1.8909920454025269	1.9115407466888428	False	[0 0 0 0 1 0 0 0 0 0 0 0]	[0 0 0 0 0 1 0 0 0 0 0 0]	[0 0 0 0 0 1]	[0 0 0 1 0 0]
2	0.2988455891609192	8.87704849243164	2.5546493530273438	2.517225503921509	1.895469069480896	1.9097042083740234	False	[0 0 0 0 1 0 0 1 0 0 0 0]	[0 0 0 0 0 0 0 0 0 0 0 0]	[0 0 1 0 0 1]	[0 1 0 1 0 0]
2	0.4404481053352356	8.878954887390137	2.5480945110321045	2.5264105796813965	1.8890323638916016	1.9154176712036133	False	[0 1 0 0 1 0 0 1 0 0 0 0]	[0 0 0 0 0 1 0 0 0 0 0 0]	[0 0 0 0 0 1]	[0 1 1 1 0 0]
2	0.2374163568019867	8.904705047607422	2.55617356300354	2.525691270828247	1.90723717212677	1.9156036376953125	False	[0 1 0 0 0 0 0 1 0 0 0 0]	[0 0 0 0 0 1 0 1 0 0 0 0]	[0 0 1 0 0 1]	[0 1 0 1 0 0]
2	0.5066932439804077	8.919767379760742	2.548107862472534	2.545273542404175	1.9070398807525635	1.9193456172943115	False	[0 0 0 0 0 0 0 1 0 0 0 0]	[0 0 0 0 0 0 0 1 0 0 0 0]	[0 0 0 0 0 1]	[0 1 1 1 0 0]
2	0.29342201352119446	8.919649124145508	2.5523908138275146	2.5382676124572754	1.9052826166152954	1.9237089157104492	False	[0 0 0 0 0 0 0 1 0 0 1 0]	[0 0 0 0 0 0 0 0 0 0 0 0]	[0 0 0 0 0 0]	[0 1 0 1 0 0]
2	0.42528030276298523	8.828096389770508	2.537846565246582	2.5095951557159424	1.8776166439056396	1.9030382633209229	False	[0 0 1 0 0 0 0 1 0 0 1 0]	[0 0 0 0 0 1 0 0 0 0 0 0]	[0 0 0 0 0 1]	[0 1 1 1 0 0]
2	0.29588693380355835	8.922943115234375	2.546332359313965	2.5380311012268066	1.9146230220794678	1.9239563941955566	False	[0 0 1 0 1 0 0 1 0 0 1 0]	[0 0 0 0 0 1 0 1 0 0 0 0]	[0 0 1 0 0 1]	[0 1 0 1 0 0]
2	0.40853890776634216	8.929620742797852	2.5485455989837646	2.543785810470581	1.9129525423049927	1.9243364334106445	False	[0 1 1 0 1 0 0 1 0 0 1 0]	[0 0 0 0 0 0 0 1 0 0 0 0]	[0 0 0 0 0 1]	[0 0 0 1 0 0]
2	0.30100491642951965	8.92624568939209	2.5449538230895996	2.5439107418060303	1.9143779277801514	1.9230029582977295	False	[0 1 1 0 1 0 0 0 0 0 1 0]	[0 0 0 0 0 1 0 1 0 0 0 0]	[0 0 1 0 0 1]	[0 1 0 1 0 0]
2	0.4129602313041687	8.910041809082031	2.544440746307373	2.5399558544158936	1.908280611038208	1.917365312576294	False	[0 1 0 0 1 0 0 0 0 0 1 0]	[0 0 0 0 0 0 0 1 0 0 0 0]	[0 0 0 0 0 1]	[0 0 0 1 0 0]
2	0.28321483731269836	8.899531364440918	2.5367825031280518	2.5375232696533203	1.9101381301879883	1.9150876998901367	False	[0 1 0 0 1 0 0 1 0 0 1 0]	[0 0 0 0 0 1 0 1 0 0 0 0]	[0 0 0 0 1 1]	[0 1 0 1 0 0]
2	0.3616400957107544	8.92233657836914	2.5521252155303955	2.540269136428833	1.911656379699707	1.9182857275009155	False	[0 1 0 0 1 0 0 0 0 0 1 0]	[0 0 0 0 0 1 0 0 0 0 0 0]	[0 0 1 0 1 1]	[0 0 0 1 0 0]
2	0.29828789830207825	8.91298770904541	2.548039197921753	2.540083408355713	1.90962553024292	1.9152395725250244	False	[0 1 0 0 1 0 0 1 0 0 1 0]	[0 0 0 0 0 1 0 1 0 0 0 0]	[0 0 0 0 1 1]	[0 1 0 1 0 0]
2	0.3585096001625061	8.915632247924805	2.550443410873413	2.5430500507354736	1.9063069820404053	1.9158320426940918	False	[0 1 0 0 1 0 1 1 0 0 1 0]	[0 0 0 0 0 1 0 0 0 0 0 0]	[0 0 1 0 1 1]	[0 0 0 1 0 0]
2	0.31009694933891296	8.948436737060547	2.557262897491455	2.548269748687744	1.918778896331787	1.9241254329681396	False	[0 1 0 0 1 0 1 0 0 0 1 0]	[0 0 0 0 0 1 0 1 0 0 0 0]	[0 0 0 0 1 1]	[0 1 0 1 0 0]
2	0.38360488414764404	8.921531677246094	2.5494635105133057	2.5449395179748535	1.9123165607452393	1.914811611175537	False	[0 1 0 0 1 0 0 0 0 0 1 0]	[0 0 0 0 0 1 0 0 0 0 0 0]	[0 0 1 0 1 1]	[0 0 0 1 0 0]
2	0.28033632040023804	8.9234619140625	2.544745683670044	2.545315980911255	1.9154090881347656	1.9179911613464355	False	[0 1 0 0 1 0 0 1 0 0 1 0]	[0 0 0 0 0 1 0 1 0 0 0 0]	[0 0 0 0 1 1]	[0 1 0 1 0 0]
2	0.34560930728912354	8.923609733581543	2.552402973175049	2.5377228260040283	1.9143797159194946	1.9191043376922607	False	[0 1 0 0 1 0 1 1 0 0 1 0]	[0 0 0 0 0 0 0 1 0 0 0 0]	[0 0 1 0 1 1]	[0 0 0 1 0 0]
2	0.315524697303772	8.92840576171875	2.541666269302368	2.5458145141601562	1.9206578731536865	1.9202666282653809	False	[0 1 0 0 1 0 1 0 0 0 1 0]	[0 0 0 0 0 1 0 1 0 0 0 0]	[0 0 0 0 1 1]	[0 1 0 1 0 0]
2	0.429571270942688	8.92937183380127	2.5518994331359863	2.544778347015381	1.9138931035995483	1.918801188468933	False	[0 0 0 0 1 0 1 0 0 0 1 0]	[0 0 0 0 0 1 0 0 0 0 0 0]	[0 0 1 0 1 1]	[0 0 0 1 0 0]
2	0.32445964217185974	8.929840087890625	2.548464298248291	2.5485377311706543	1.914513349533081	1.9183244705200195	False	[0 0 0 0 1 0 1 0 0 0 1 1]	[0 0 0 0 0 0 0 0 0 0 0 0]	[0 0 0 0 1 1]	[0 1 0 1 0 0]
2	0.32524487376213074	8.878809928894043	2.5451598167419434	2.530776262283325	1.8873845338821411	1.9154894351959229	False	[0 1 0 0 1 0 1 0 0 0 1 1]	[0 0 0 0 0 1 0 0 0 0 0 0]	[0 0 1 0 1 1]	[0 1 1 1 0 0]
2	0.31378844380378723	8.929190635681152	2.5557799339294434	2.546818971633911	1.9138307571411133	1.9127603769302368	False	[0 1 0 0 1 0 1 0 0 0 1 0]	[0 0 0 0 0 1 0 1 0 0 0 0]	[0 0 0 0 1 1]	[0 1 0 1 0 0]
2	0.3632407784461975	8.92032241821289	2.5506083965301514	2.5425260066986084	1.9104567766189575	1.9167308807373047	False	[0 1 0 0 1 0 0 0 0 0 1 0]	[0 0 0 0 0 0 0 1 0 0 0 0]	[0 0 1 0 1 1]	[0 0 0 1 0 0]
2	0.32259804010391235	8.907316207885742	2.5393285751342773	2.5416224002838135	1.9119004011154175	1.914465308189392	False	[0 1 0 0 1 0 0 0 0 0 1 1]	[0 0 0 0 0 1 0 1 0 0 0 0]	[0 0 0 0 1 1]	[0 1 0 1 0 0]
2	0.4185885488986969	8.911812782287598	2.551121711730957	2.536173105239868	1.9086047410964966	1.9159135818481445	False	[0 1 1 0 1 0 0 0 0 0 1 1]	[0 0 0 0 0 1 0 0 0 0 0 0]	[0 0 1 0 1 1]	[0 0 0 1 0 0]
2	0.22953256964683533	8.935769081115723	2.5484259128570557	2.5487418174743652	1.918209195137024	1.920392394065857	False	[0 1 1 0 1 0 0 1 0 0 1 1]	[0 0 0 0 0 0 0 0 0 0 0 0]	[0 0 0 0 1 1]	[0 1 0 1 0 0]
3	0.48465418815612793	8.770263671875	2.5120537281036377	2.490560531616211	1.8921079635620117	1.8755416870117188	False	[0 0 0 0 0 0 0 0 0 0 0 1]	[0 0 0 0 0 1 0 0 0 0 0 0]	[0 0 1 0 0 0]	[0 1 0 0 0 0]
3	0.5333697199821472	8.93743896484375	2.5473451614379883	2.53733491897583	1.921378254890442	1.9313805103302002	False	[0 0 0 0 0 0 0 0 0 0 1 1]	[0 0 0 1 0 1 0 0 0 0 0 0]	[0 0 0 0 0 0]	[0 1 1 0 0 0]
3	0.3116837441921234	8.934243202209473	2.55159068107605	2.5363681316375732	1.928882360458374	1.9174020290374756	False	[0 0 0 0 0 0 0 0 1 0 1 1]	[0 0 0 1 0 1 0 1 0 0 0 0]	[1 0 0 0 0 0]	[0 0 1 0 0 0]
3	0.36450880765914917	8.9674654006958	2.556689739227295	2.5467894077301025	1.9308850765228271	1.933100938796997	False	[0 0 0 0 0 0 0 0 0 0 1 1]	[0 0 0 1 0 1 0 1 0 0 0 1]	[1 0 0 1 0 0]	[0 1 1 0 0 0]
3	0.39265286922454834	8.942280769348145	2.5540590286254883	2.544508934020996	1.9243464469909668	1.9193663597106934	False	[0 0 0 0 0 0 0 0 0 0 0 1]	[0 0 0 1 0 1 0 1 0 0 0 0]	[1 0 0 0 0 0]	[0 0 1 0 0 0]
3	0.27751147747039795	8.928783416748047	2.545572519302368	2.5252156257629395	1.9342375993728638	1.9237573146820068	False	[0 0 0 0 0 0 0 0 0 0 0 0]	[0 0 0 0 0 1 0 1 0 0 0 0]	[1 0 1 0 0 0]	[0 0 1 1 0 0]
3	0.2983710765838623	8.92798137664795	2.5488147735595703	2.534956932067871	1.9187302589416504	1.925479531288147	False	[0 0 0 0 0 0 0 0 0 0 1 0]	[0 0 0 1 0 1 0 1 0 0 0 0]	[1 0 1 1 0 0]	[0 1 1 1 0 0]
3	0.37670642137527466	8.927102088928223	2.549650192260742	2.5385937690734863	1.9206490516662598	1.9182093143463135	False	[0 0 0 0 1 0 0 0 0 0 1 0]	[0 0 0 1 0 1 0 0 0 0 0 0]	[1 0 1 0 0 0]	[0 0 1 1 0 0]
3	0.2703075110912323	8.9589262008667	2.5545215606689453	2.543166160583496	1.9300549030303955	1.9311838150024414	False	[0 0 0 0 1 0 0 0 1 0 1 0]	[0 0 0 1 0 1 0 1 0 0 0 0]	[1 0 1 0 1 0]	[0 1 1 1 0 0]
3	0.29184097051620483	8.964601516723633	2.557595729827881	2.547607421875	1.9305248260498047	1.9288735389709473	False	[0 0 0 0 1 0 0 0 1 0 0 0]	[0 0 0 1 0 1 0 1 0 1 0 0]	[1 0 1 0 0 0]	[0 0 1 1 0 0]
3	0.3398345410823822	8.942150115966797	2.5460472106933594	2.531855344772339	1.9280508756637573	1.9361964464187622	False	[0 0 0 0 1 0 0 0 0 0 0 0]	[0 0 0 1 0 1 0 1 0 1 0 1]	[1 0 1 1 0 0]	[0 1 1 1 0 0]
3	0.30183282494544983	8.976707458496094	2.556490182876587	2.5469412803649902	1.9345932006835938	1.938682198524475	False	[0 0 0 0 1 0 0 0 0 0 1 0]	[0 0 0 1 0 1 0 1 0 1 0 0]	[1 0 1 0 0 0]	[0 0 1 1 0 0]
3	0.2772046625614166	8.965934753417969	2.555779218673706	2.548464775085449	1.927833080291748	1.9338573217391968	False	[0 0 0 0 1 0 0 0 1 0 1 0]	[0 0 0 1 0 1 0 1 0 1 0 1]	[1 0 1 1 0 0]	[0 1 1 1 0 0]
3	0.3172682523727417	8.978598594665527	2.555553436279297	2.5531232357025146	1.933601975440979	1.9363197088241577	False	[0 0 0 0 1 0 0 0 0 0 1 0]	[0 0 0 1 0 1 0 1 0 1 0 0]	[1 0 1 0 0 0]	[0 0 1 1 0 0]
3	0.30266958475112915	8.967086791992188	2.554929494857788	2.547985553741455	1.9281339645385742	1.936037540435791	False	[0 0 0 0 1 0 0 0 1 0 1 0]	[0 0 0 1 0 1 0 0 0 1 0 0]	[1 0 1 1 0 0]	[0 1 1 1 0 0]
3	0.3711099326610565	8.977155685424805	2.5550734996795654	2.5523905754089355	1.9317543506622314	1.9379380941390991	False	[0 0 0 0 1 0 0 0 0 0 1 0]	[0 0 0 1 0 1 0 0 0 0 0 0]	[1 0 1 0 0 0]	[0 0 1 1 0 0]
3	0.35400310158729553	8.9621000289917	2.554749011993408	2.5459771156311035	1.934739351272583	1.9266351461410522	False	[0 0 0 0 1 0 0 0 1 0 1 0]	[0 0 0 1 0 1 0 0 0 0 0 1]	[1 0 1 1 0 0]	[0 1 1 1 0 0]
3	0.330911785364151	8.968568801879883	2.5527560710906982	2.54886531829834	1.9335170984268188	1.9334297180175781	False	[0 0 0 0 1 0 0 0 0 0 1 0]	[0 0 0 1 0 1 0 1 0 0 0 1]	[1 0 1 0 0 0]	[0 0 1 1 0 0]
3	0.2651548981666565	8.951034545898438	2.5550365447998047	2.5405819416046143	1.9228203296661377	1.93259596824646	False	[0 0 0 0 1 0 0 0 1 0 1 0]	[0 0 0 1 0 1 0 1 0 0 0 0]	[1 0 1 1 0 0]	[0 1 1 1 0 0]
3	0.302847683429718	8.948152542114258	2.5490286350250244	2.5404086112976074	1.931016445159912	1.9276983737945557	False	[0 0 0 0 1 0 0 0 0 0 1 0]	[0 0 0 1 0 1 0 1 0 1 0 0]	[1 0 1 0 0 0]	[0 0 1 1 0 0]
3	0.28677260875701904	8.963908195495605	2.554910659790039	2.5427732467651367	1.9311226606369019	1.9351017475128174	False	[0 0 0 0 1 0 0 0 1 0 1 0]	[0 0 0 1 0 1 0 1 0 1 0 1]	[1 0 1 1 0 0]	[0 1 1 1 0 0]
3	0.23525765538215637	8.975147247314453	2.55473256111145	2.5495481491088867	1.9348700046539307	1.9359971284866333	False	[0 0 0 0 1 0 0 0 0 0 1 0]	[0 0 0 1 0 1 0 1 0 0 0 1]	[1 0 1 0 0 0]	[0 1 0 1 0 0]
3	0.3697490692138672	8.94218635559082	2.5564475059509277	2.5417182445526123	1.9177415370941162	1.926279067993164	False	[0 0 0 0 1 0 0 0 1 0 1 0]	[0 0 0 1 0 1 0 1 0 0 0 0]	[1 0 1 1 0 0]	[0 0 0 1 0 0]
3	0.3098132908344269	8.956246376037598	2.550806999206543	2.552643060684204	1.926706314086914	1.926090121269226	False	[0 0 0 0 1 0 0 0 1 1 1 0]	[0 0 0 1 0 1 0 0 0 0 0 0]	[1 0 1 0 0 0]	[0 1 0 1 0 0]
3	0.25812146067619324	8.976147651672363	2.559863328933716	2.5480780601501465	1.9328794479370117	1.9353268146514893	False	[0 0 0 0 1 0 0 0 0 1 1 0]	[0 0 0 1 0 1 0 0 0 0 0 1]	[1 0 1 0 1 0]	[0 0 0 1 0 0]
3	0.2715161442756653	8.952868461608887	2.5569369792938232	2.5401978492736816	1.927271842956543	1.928462028503418	False	[0 0 0 0 1 0 0 0 1 1 1 0]	[0 0 0 1 0 1 0 0 0 0 0 0]	[1 0 1 1 1 0]	[0 1 0 1 0 0]
3	0.2913738191127777	8.955716133117676	2.5559275150299072	2.5493834018707275	1.9263529777526855	1.9240518808364868	False	[0 0 0 0 1 0 0 0 0 1 1 0]	[0 0 0 1 0 0 0 0 0 0 0 0]	[1 0 1 1 0 0]	[0 0 0 1 0 0]
3	0.3119598925113678	8.910616874694824	2.547969341278076	2.525709867477417	1.9214680194854736	1.9154701232910156	False	[0 0 0 0 1 0 0 0 1 1 1 0]	[0 0 0 1 0 0 0 1 0 0 0 0]	[1 0 1 0 0 0]	[0 1 0 1 0 0]
3	0.35741788148880005	8.946386337280273	2.555957555770874	2.5410261154174805	1.9244824647903442	1.9249200820922852	False	[0 0 0 0 1 0 0 0 0 1 1 0]	[0 0 0 1 0 1 0 1 0 0 0 0]	[1 0 1 0 1 0]	[0 0 0 1 0 0]
3	0.2973715364933014	8.954057693481445	2.554687738418579	2.551097869873047	1.91962468624115	1.9286471605300903	False	[0 0 0 0 1 0 0 0 0 1 0 0]	[0 0 0 1 0 1 0 0 0 0 0 0]	[1 0 1 1 1 0]	[0 1 0 1 0 0]
