# num_workers = 7
# num_cells = 256
# seed_for_environment = 3141592
# lr = 0.0003
# max_grad_norm = 1.0
# eval_rollout_length = 30
# scaling_factor = 1000
# frames_per_batch = 500
# sub_batch_size = 64
# num_epochs = 15
# clip_epsilon = 0.2
# gamma = 0.99
# lmbda = 0.95
# entropy_eps = 0.003
# env_reward_engineering = True
# env_minimum_number_of_qubits = 8
# log_name = search_9_6_seed_3141592
# env_error_range = linear5
# env_version = qecc/bbcode-ldpc-v0
# env_bit_flipping = True
# env_l = 9
# env_m = 6
# env_use_dict_observation = True
# env_number_of_decoder_iterations = 50
# env_number_of_samples = 50
# env_code_logging = False
# model_architecture = hybrid
# model_surrogate_model_path = /vol/bitbucket/osella/rl-qecc-data//supervisedLearning/2026-07-12_21-15-58/surrogate_6x6.pth
# model_use_pretrained_encoder = True
# index_to_unfreeze_encoder_updates = 10
# encoder_lr_factor = 0.1
# training_device = cpu
# Resolved arguments:
# Resolved_env_reward_engineering = True
# Resolved_env_bit_flipping = True
# Resolved_env_useDictObservation = True
# Resolved_env_code_logging = False
# Resolved_env_error_range = [np.float64(0.0001), np.float64(0.025075), np.float64(0.05005), np.float64(0.075025), np.float64(0.1)]
# Resolved_model_use_pretrained_encoder = True
# Resolved_trainingDevice = cpu
# Resolved_model_architecture = hybrid
# Just for information, not used in actual run: SLURM CPUS queried from os environment: 96
# Number of workers: 7
# Does torch identify cuda: False
evaluation number	reward	policy entropy	policy entropy aX	policy entropy bX	policy entropy aY	policy entropy bY	Encoder freeze	postAction_aX	postAction_bX	postAction_aY	postAction_bY
0	-0.75	8.286267280578613	2.22131085395813	2.265455961227417	1.9028273820877075	1.8966732025146484	True	[1 0 0 0 0 0 0 0 0]	[0 1 0 0 0 0 0 0 0]	[0 1 0 0 0 0]	[0 0 0 1 0 0]
0	-0.5	8.405160903930664	2.275958299636841	2.2864904403686523	1.9103449583053589	1.9323675632476807	True	[0 0 0 0 0 0 0 0 0]	[0 0 0 0 0 0 0 0 0]	[0 1 0 0 0 0]	[0 0 0 0 0 0]
0	-0.75	8.394998550415039	2.2724881172180176	2.2760050296783447	1.913152813911438	1.933351993560791	True	[1 0 0 0 0 0 0 0 0]	[0 1 0 0 0 0 0 0 0]	[0 1 0 0 0 0]	[0 0 0 1 0 0]
0	-0.5	8.398321151733398	2.2687571048736572	2.286579132080078	1.9128762483596802	1.9301093816757202	True	[0 0 0 0 0 0 0 0 0]	[0 0 0 0 0 0 0 0 0]	[0 1 0 0 0 0]	[0 0 0 0 0 0]
0	-0.75	8.384601593017578	2.265798330307007	2.2759618759155273	1.91267991065979	1.9301612377166748	True	[1 0 0 0 0 0 0 0 0]	[0 1 0 0 0 0 0 0 0]	[0 1 0 0 0 0]	[0 0 0 1 0 0]
0	-0.5	8.411266326904297	2.274292230606079	2.2874789237976074	1.915917158126831	1.9335777759552002	True	[0 0 0 0 0 0 0 0 0]	[0 0 0 0 0 0 0 0 0]	[0 1 0 0 0 0]	[0 0 0 0 0 0]
0	-0.75	8.39343547821045	2.268890142440796	2.28072452545166	1.9119471311569214	1.9318733215332031	True	[1 0 0 0 0 0 0 0 0]	[0 1 0 0 0 0 0 0 0]	[0 1 0 0 0 0]	[0 0 0 1 0 0]
0	-0.5	8.417741775512695	2.2772040367126465	2.287858486175537	1.9179444313049316	1.9347347021102905	True	[0 0 0 0 0 0 0 0 0]	[0 0 0 0 0 0 0 0 0]	[0 1 0 0 0 0]	[0 0 0 0 0 0]
0	-0.75	8.384246826171875	2.2656733989715576	2.2762346267700195	1.9114409685134888	1.9308977127075195	True	[1 0 0 0 0 0 0 0 0]	[0 1 0 0 0 0 0 0 0]	[0 1 0 0 0 0]	[0 0 0 1 0 0]
0	-0.5	8.3963623046875	2.27162504196167	2.2841639518737793	1.9090385437011719	1.931535243988037	True	[0 0 0 0 0 0 0 0 0]	[0 0 0 0 0 0 0 0 0]	[0 1 0 0 0 0]	[0 0 0 0 0 0]
0	-0.75	8.390937805175781	2.2692489624023438	2.2744598388671875	1.9155117273330688	1.9317171573638916	True	[1 0 0 0 0 0 0 0 0]	[0 1 0 0 0 0 0 0 0]	[0 1 0 0 0 0]	[0 0 0 1 0 0]
0	-0.5	8.405189514160156	2.272249460220337	2.2877581119537354	1.9116621017456055	1.9335194826126099	True	[0 0 0 0 0 0 0 0 0]	[0 0 0 0 0 0 0 0 0]	[0 1 0 0 0 0]	[0 0 0 0 0 0]
0	-0.75	8.387950897216797	2.266130208969116	2.276474952697754	1.915143370628357	1.9302020072937012	True	[1 0 0 0 0 0 0 0 0]	[0 1 0 0 0 0 0 0 0]	[0 1 0 0 0 0]	[0 0 0 1 0 0]
0	-0.5	8.40048599243164	2.271524429321289	2.2886886596679688	1.9073681831359863	1.9329051971435547	True	[0 0 0 0 0 0 0 0 0]	[0 0 0 0 0 0 0 0 0]	[0 1 0 0 0 0]	[0 0 0 0 0 0]
0	-0.75	8.378019332885742	2.2648704051971436	2.273287534713745	1.9122860431671143	1.9275754690170288	True	[1 0 0 0 0 0 0 0 0]	[0 1 0 0 0 0 0 0 0]	[0 1 0 0 0 0]	[0 0 0 1 0 0]
0	-0.5	8.403759002685547	2.270090103149414	2.288414716720581	1.913742184638977	1.9315119981765747	True	[0 0 0 0 0 0 0 0 0]	[0 0 0 0 0 0 0 0 0]	[0 1 0 0 0 0]	[0 0 0 0 0 0]
0	-0.75	8.403148651123047	2.2727010250091553	2.279872417449951	1.9179301261901855	1.9326448440551758	True	[1 0 0 0 0 0 0 0 0]	[0 1 0 0 0 0 0 0 0]	[0 1 0 0 0 0]	[0 0 0 1 0 0]
0	-0.5	8.412735939025879	2.276749610900879	2.286858081817627	1.9158422946929932	1.9332854747772217	True	[0 0 0 0 0 0 0 0 0]	[0 0 0 0 0 0 0 0 0]	[0 1 0 0 0 0]	[0 0 0 0 0 0]
0	-0.75	8.399351119995117	2.2713911533355713	2.27870512008667	1.914536476135254	1.934718370437622	True	[1 0 0 0 0 0 0 0 0]	[0 1 0 0 0 0 0 0 0]	[0 1 0 0 0 0]	[0 0 0 1 0 0]
0	-0.5	8.410442352294922	2.276207685470581	2.2866034507751465	1.9141979217529297	1.9334330558776855	True	[0 0 0 0 0 0 0 0 0]	[0 0 0 0 0 0 0 0 0]	[0 1 0 0 0 0]	[0 0 0 0 0 0]
0	-0.75	8.385233879089355	2.2647948265075684	2.278385877609253	1.9104154109954834	1.9316374063491821	True	[1 0 0 0 0 0 0 0 0]	[0 1 0 0 0 0 0 0 0]	[0 1 0 0 0 0]	[0 0 0 1 0 0]
0	-0.5	8.402535438537598	2.2732269763946533	2.287550926208496	1.9119491577148438	1.9298087358474731	True	[0 0 0 0 0 0 0 0 0]	[0 0 0 0 0 0 0 0 0]	[0 1 0 0 0 0]	[0 0 0 0 0 0]
0	-0.75	8.370484352111816	2.262326955795288	2.2722115516662598	1.9105530977249146	1.9253931045532227	True	[1 0 0 0 0 0 0 0 0]	[0 1 0 0 0 0 0 0 0]	[0 1 0 0 0 0]	[0 0 0 1 0 0]
0	-0.5	8.417224884033203	2.2763819694519043	2.2879672050476074	1.916519045829773	1.9363563060760498	True	[0 0 0 0 0 0 0 0 0]	[0 0 0 0 0 0 0 0 0]	[0 1 0 0 0 0]	[0 0 0 0 0 0]
0	-0.75	8.386598587036133	2.269902229309082	2.2759110927581787	1.9119105339050293	1.9288748502731323	True	[1 0 0 0 0 0 0 0 0]	[0 1 0 0 0 0 0 0 0]	[0 1 0 0 0 0]	[0 0 0 1 0 0]
0	-0.5	8.401898384094238	2.2725934982299805	2.289064645767212	1.912275791168213	1.927964687347412	True	[0 0 0 0 0 0 0 0 0]	[0 0 0 0 0 0 0 0 0]	[0 1 0 0 0 0]	[0 0 0 0 0 0]
0	-0.75	8.386740684509277	2.2658326625823975	2.276597023010254	1.9128484725952148	1.931462049484253	True	[1 0 0 0 0 0 0 0 0]	[0 1 0 0 0 0 0 0 0]	[0 1 0 0 0 0]	[0 0 0 1 0 0]
0	-0.5	8.408121109008789	2.273578405380249	2.2877533435821533	1.914146900177002	1.9326426982879639	True	[0 0 0 0 0 0 0 0 0]	[0 0 0 0 0 0 0 0 0]	[0 1 0 0 0 0]	[0 0 0 0 0 0]
0	-0.75	8.383015632629395	2.263878583908081	2.279489755630493	1.9095128774642944	1.9301340579986572	True	[1 0 0 0 0 0 0 0 0]	[0 1 0 0 0 0 0 0 0]	[0 1 0 0 0 0]	[0 0 0 1 0 0]
0	-0.5	8.403593063354492	2.269587755203247	2.2896344661712646	1.9137489795684814	1.9306219816207886	True	[0 0 0 0 0 0 0 0 0]	[0 0 0 0 0 0 0 0 0]	[0 1 0 0 0 0]	[0 0 0 0 0 0]
