# num_workers = 96
# num_cells = 256
# seed_for_environment = 101010
# lr = 0.0003
# max_grad_norm = 1.0
# eval_rollout_length = 30
# scaling_factor = 1000
# frames_per_batch = 500
# sub_batch_size = 64
# num_epochs = 15
# clip_epsilon = 0.2
# gamma = 0.99
# lmbda = 0.95
# entropy_eps = 0.003
# env_reward_engineering = True
# env_minimum_number_of_qubits = 8
# log_name = None
# env_version = qecc/bbcode-ldpc-v0
# env_bit_flipping = True
# env_l = 9
# env_m = 6
# env_use_dict_observation = True
# env_number_of_decoder_iterations = 50
# env_number_of_samples = 50
# env_code_logging = True
# model_architecture = hybrid
# model_surrogate_model_path = /vol/bitbucket/osella/rl-qecc-data//supervisedLearning/2026-07-12_21-15-58/surrogate_6x6.pth
# model_use_pretrained_encoder = False
# index_to_unfreeze_encoder_updates = 0
# encoder_lr_factor = 1.0
# training_device = cpu
# Resolved arguments:
# Resolved_env_reward_engineering = True
# Resolved_env_bit_flipping = True
# Resolved_env_useDictObservation = True
# Resolved_env_code_logging = True
# Resolved_model_use_pretrained_encoder = False
# Resolved_trainingDevice = cpu
# Resolved_model_architecture = hybrid
# Just for information, not used in actual run: SLURM CPUS queried from os environment: 96
# Number of workers: 96
# Does torch identify cuda: False
# encoder ***RANDOM WEIGHTS***
evaluation number	reward	policy entropy	policy entropy aX	policy entropy bX	policy entropy aY	policy entropy bY	Encoder freeze
0	-0.75	8.415714263916016	2.268580198287964	2.2826132774353027	1.9308202266693115	1.9337000846862793	False
0	0.12250000238418579	8.445047378540039	2.2790729999542236	2.29197359085083	1.9409246444702148	1.93307626247406	False
0	-0.75	8.416849136352539	2.268834114074707	2.2829530239105225	1.9311447143554688	1.933916687965393	False
0	0.11749999970197678	8.445106506347656	2.2792282104492188	2.2919905185699463	1.9409401416778564	1.9329484701156616	False
0	-0.75	8.416271209716797	2.2684245109558105	2.283198356628418	1.9307032823562622	1.9339454174041748	False
0	0.125	8.445545196533203	2.27925705909729	2.2919487953186035	1.9408783912658691	1.9334611892700195	False
0	-0.75	8.414695739746094	2.267624616622925	2.2829625606536865	1.9304473400115967	1.9336615800857544	False
0	0.11749999970197678	8.445491790771484	2.2790801525115967	2.2918038368225098	1.9408077001571655	1.9338006973266602	False
0	-0.75	8.415937423706055	2.268731117248535	2.282818078994751	1.9309502840042114	1.9334380626678467	False
0	0.125	8.444974899291992	2.2792155742645264	2.2913639545440674	1.9410094022750854	1.9333863258361816	False
0	-0.75	8.415654182434082	2.2683815956115723	2.2831568717956543	1.9307405948638916	1.9333752393722534	False
0	0.11999999731779099	8.445169448852539	2.2794580459594727	2.2919018268585205	1.9409608840942383	1.9328484535217285	False
0	-0.75	8.41539478302002	2.268099546432495	2.282824754714966	1.930737853050232	1.933732509613037	False
0	0.11999999731779099	8.444894790649414	2.2789175510406494	2.292163610458374	1.9408538341522217	1.932959794998169	False
0	-0.75	8.416345596313477	2.268526792526245	2.283241033554077	1.9308620691299438	1.933715581893921	False
0	0.11749999970197678	8.44508171081543	2.278989315032959	2.2916696071624756	1.9409984350204468	1.9334241151809692	False
0	-0.75	8.415178298950195	2.2680349349975586	2.2824645042419434	1.930610179901123	1.9340691566467285	False
0	0.11749999970197678	8.44555377960205	2.2797467708587646	2.291931629180908	1.9410651922225952	1.9328103065490723	False
0	-0.75	8.415084838867188	2.267871856689453	2.282853126525879	1.9306737184524536	1.9336862564086914	False
0	0.12250000238418579	8.444682121276855	2.2788777351379395	2.2921066284179688	1.9408254623413086	1.9328722953796387	False
0	-0.75	8.415471076965332	2.268071413040161	2.2829151153564453	1.9308274984359741	1.933657169342041	False
0	0.12250000238418579	8.445963859558105	2.279801607131958	2.292219400405884	1.9410653114318848	1.932877779006958	False
0	-0.75	8.417387962341309	2.2695469856262207	2.2830851078033447	1.9306590557098389	1.9340959787368774	False
0	0.11500000208616257	8.444887161254883	2.279146671295166	2.291679859161377	1.940916657447815	1.933144211769104	False
0	-0.75	8.41522216796875	2.2681081295013428	2.2825894355773926	1.9307972192764282	1.9337280988693237	False
0	0.125	8.444320678710938	2.2788243293762207	2.2915120124816895	1.9408711194992065	1.9331134557724	False
0	-0.75	8.416555404663086	2.2687509059906006	2.28288197517395	1.931105136871338	1.9338172674179077	False
0	0.11749999970197678	8.44526481628418	2.2791857719421387	2.292091131210327	1.9409458637237549	1.9330425262451172	False
0	-0.75	8.41536808013916	2.268219232559204	2.283109188079834	1.9303866624832153	1.933652639389038	False
0	0.11500000208616257	8.444572448730469	2.2785592079162598	2.291649103164673	1.941022276878357	1.9333419799804688	False
1	0.26499998569488525	6.019838333129883	1.68724524974823	1.165756106376648	1.6881366968154907	1.4786999225616455	False
1	0.11999999731779099	7.177969455718994	1.9750878810882568	1.752955436706543	1.8058544397354126	1.6440715789794922	False
1	0.29499998688697815	6.023921012878418	1.6883089542388916	1.164888858795166	1.6894272565841675	1.4812963008880615	False
1	0.12250000238418579	7.2147674560546875	1.987190842628479	1.7614718675613403	1.8068865537643433	1.6592180728912354	False
1	0.26499998569488525	6.002045631408691	1.6819080114364624	1.160062551498413	1.6854984760284424	1.4745770692825317	False
1	0.11749999970197678	7.2023091316223145	1.9858003854751587	1.7539191246032715	1.8079233169555664	1.654666543006897	False
1	0.3149999976158142	6.037062644958496	1.6950629949569702	1.1658847332000732	1.6885274648666382	1.487587571144104	False
1	0.12250000238418579	7.213472366333008	1.9875470399856567	1.7612762451171875	1.8082101345062256	1.656438946723938	False
1	0.2549999952316284	6.012886047363281	1.6869771480560303	1.1586315631866455	1.6877046823501587	1.4795728921890259	False
1	0.125	7.205909252166748	1.9838497638702393	1.7625658512115479	1.807051658630371	1.6524420976638794	False
1	0.29499998688697815	6.004170894622803	1.681832194328308	1.1581270694732666	1.6885879039764404	1.4756234884262085	False
1	0.125	7.200693130493164	1.9849659204483032	1.7545884847640991	1.8069193363189697	1.654219627380371	False
1	0.27000001072883606	6.006493091583252	1.6851321458816528	1.1661657094955444	1.6855614185333252	1.46963369846344	False
1	0.11749999970197678	7.227034568786621	1.9931129217147827	1.7618194818496704	1.808279275894165	1.6638232469558716	False
1	0.27000001072883606	6.051715850830078	1.70231294631958	1.1745269298553467	1.6895657777786255	1.4853099584579468	False
1	0.11999999731779099	7.212010383605957	1.9856438636779785	1.7632977962493896	1.8060145378112793	1.65705406665802	False
1	0.2750000059604645	6.024470806121826	1.6912260055541992	1.1602610349655151	1.688509225845337	1.4844746589660645	False
1	0.10999999940395355	7.208532810211182	1.9857652187347412	1.7631618976593018	1.8056659698486328	1.6539398431777954	False
1	0.24500000476837158	6.047975540161133	1.6993799209594727	1.1624811887741089	1.6910712718963623	1.4950430393218994	False
1	0.11749999970197678	7.232640743255615	1.9953709840774536	1.7648677825927734	1.809367299079895	1.6630349159240723	False
1	0.2800000011920929	6.0185980796813965	1.6900672912597656	1.1621265411376953	1.6864452362060547	1.4799588918685913	False
1	0.11999999731779099	7.174137592315674	1.9761714935302734	1.7458889484405518	1.8064689636230469	1.6456085443496704	False
1	0.28999999165534973	6.029786586761475	1.6919070482254028	1.165442705154419	1.6905560493469238	1.4818806648254395	False
1	0.11500000208616257	7.201210975646973	1.98526930809021	1.7558681964874268	1.806686282157898	1.6533868312835693	False
1	0.2549999952316284	5.992819786071777	1.679872989654541	1.1607277393341064	1.6852567195892334	1.4669623374938965	False
1	0.12250000238418579	7.205497741699219	1.9866023063659668	1.759407639503479	1.8083428144454956	1.6511448621749878	False
1	0.2549999952316284	5.999426364898682	1.6837258338928223	1.1616288423538208	1.6834431886672974	1.4706287384033203	False
1	0.12250000238418579	7.217566967010498	1.989135980606079	1.7600737810134888	1.808054804801941	1.6603022813796997	False
1	0.2824999988079071	6.000702857971191	1.6832016706466675	1.157894253730774	1.686346173286438	1.473260760307312	False
1	0.12250000238418579	7.186161041259766	1.9813591241836548	1.7465710639953613	1.8074688911437988	1.6507619619369507	False
2	0.12250000238418579	4.463380336761475	1.0766280889511108	0.5647724866867065	1.50520920753479	1.3167705535888672	False
2	0.11500000208616257	5.3020124435424805	1.3693821430206299	0.9941158890724182	1.4310671091079712	1.5074474811553955	False
2	0.11999999731779099	5.477867126464844	1.3740071058273315	1.02070152759552	1.517621397972107	1.5655372142791748	False
2	0.125	4.800310134887695	1.1746408939361572	0.792864203453064	1.4989776611328125	1.3338273763656616	False
2	0.11999999731779099	5.5106306076049805	1.3993746042251587	1.0376840829849243	1.5055248737335205	1.568047285079956	False
2	0.11749999970197678	4.81514310836792	1.1872354745864868	0.7967954874038696	1.4896763563156128	1.3414360284805298	False
2	0.12250000238418579	5.410980224609375	1.3570679426193237	0.9898561835289001	1.5236966609954834	1.5403594970703125	False
2	0.125	4.802867889404297	1.1723432540893555	0.8179681301116943	1.490645170211792	1.3219114542007446	False
2	0.11999999731779099	5.423805236816406	1.3631925582885742	0.9948583245277405	1.5179165601730347	1.547837495803833	False
2	0.11999999731779099	4.842877388000488	1.195886254310608	0.8047415018081665	1.5049428939819336	1.3373067378997803	False
2	0.125	5.457597255706787	1.376955270767212	1.004189372062683	1.5151926279067993	1.5612601041793823	False
2	0.11999999731779099	4.8019232749938965	1.1819323301315308	0.7950071096420288	1.497257113456726	1.3277268409729004	False
2	0.125	5.423482894897461	1.3812780380249023	0.9855898022651672	1.510732889175415	1.5458823442459106	False
2	0.125	4.806155204772949	1.178842544555664	0.8013206124305725	1.492138147354126	1.3338539600372314	False
2	0.125	5.464138031005859	1.3836179971694946	1.0157867670059204	1.5063623189926147	1.5583710670471191	False
2	0.11749999970197678	4.811521053314209	1.1895560026168823	0.7933209538459778	1.4891841411590576	1.3394598960876465	False
2	0.125	5.477725982666016	1.3853943347930908	1.0220906734466553	1.5049664974212646	1.5652742385864258	False
2	0.125	4.796998500823975	1.194629430770874	0.7894272804260254	1.4958029985427856	1.3171387910842896	False
2	0.12999999523162842	5.401179313659668	1.3615732192993164	0.9780098795890808	1.5258190631866455	1.5357773303985596	False
2	0.125	4.831188201904297	1.183841347694397	0.8155995607376099	1.4879440069198608	1.3438035249710083	False
2	0.11999999731779099	5.43125057220459	1.3742048740386963	0.9973058104515076	1.5131943225860596	1.5465452671051025	False
2	0.11999999731779099	4.844635009765625	1.1943533420562744	0.8213091492652893	1.4867604970932007	1.342212438583374	False
2	0.125	5.400971412658691	1.3637208938598633	0.9799603223800659	1.5098737478256226	1.5474162101745605	False
2	0.12250000238418579	4.817873001098633	1.190138816833496	0.8075491189956665	1.4840881824493408	1.3360968828201294	False
2	0.125	5.437159061431885	1.3662151098251343	1.0017870664596558	1.5233826637268066	1.545774221420288	False
2	0.125	4.8128767013549805	1.1688443422317505	0.823089599609375	1.4904686212539673	1.3304740190505981	False
2	0.12999999523162842	5.46153450012207	1.3697677850723267	1.0224707126617432	1.5180319547653198	1.551263689994812	False
2	0.125	4.8452301025390625	1.1918565034866333	0.804041862487793	1.5060722827911377	1.343259572982788	False
2	0.12250000238418579	5.422844409942627	1.351646900177002	1.0129138231277466	1.511543869972229	1.5467400550842285	False
2	0.12250000238418579	4.834835052490234	1.1922613382339478	0.8034732341766357	1.5070838928222656	1.3320163488388062	False
3	0.12250000238418579	1.938420295715332	0.882050096988678	0.1799587905406952	0.5979040265083313	0.2785075306892395	False
3	0.11999999731779099	2.692317485809326	1.1977510452270508	0.5596376061439514	0.5121724009513855	0.4227564334869385	False
3	0.12999999523162842	1.9514999389648438	0.8749653100967407	0.1747070997953415	0.6179201602935791	0.2839074730873108	False
3	0.11749999970197678	2.664146661758423	1.2277956008911133	0.5387609004974365	0.48546528816223145	0.4121248722076416	False
3	0.12250000238418579	1.943973183631897	0.8732163906097412	0.16242487728595734	0.6276781558990479	0.2806536853313446	False
3	0.11999999731779099	2.695528745651245	1.2102028131484985	0.5492411255836487	0.5121213793754578	0.4239632487297058	False
3	0.125	1.976190209388733	0.8608676195144653	0.1577838659286499	0.6675679683685303	0.2899707555770874	False
3	0.12250000238418579	2.5987446308135986	1.1819043159484863	0.5248458385467529	0.4914121627807617	0.4005822539329529	False
3	0.11500000208616257	1.93247652053833	0.8824663758277893	0.18823090195655823	0.5839284062385559	0.27785080671310425	False
3	0.11749999970197678	2.644138813018799	1.198340892791748	0.5165850520133972	0.5133719444274902	0.41584086418151855	False
3	0.12250000238418579	1.9370843172073364	0.8644975423812866	0.1652296632528305	0.6266553997993469	0.28070178627967834	False
3	0.125	2.7023377418518066	1.2020041942596436	0.5612110495567322	0.5138251185417175	0.4252972900867462	False
3	0.125	1.9571856260299683	0.851143479347229	0.16520611941814423	0.6537161469459534	0.2871200144290924	False
3	0.125	2.703861951828003	1.1999961137771606	0.5547128915786743	0.5206030011177063	0.42855003476142883	False
3	0.12250000238418579	1.9659537076950073	0.8825201988220215	0.17381691932678223	0.6235873699188232	0.28602924942970276	False
3	0.125	2.6033143997192383	1.1645934581756592	0.5252410173416138	0.5071970224380493	0.40628287196159363	False
3	0.12250000238418579	1.9371063709259033	0.8683189153671265	0.17407268285751343	0.6138217449188232	0.2808930575847626	False
3	0.11749999970197678	2.6715359687805176	1.2066730260849	0.5329965353012085	0.5118197798728943	0.42004644870758057	False
3	0.11999999731779099	1.9352900981903076	0.8712970614433289	0.16696591675281525	0.6176865100860596	0.2793406844139099	False
3	0.11500000208616257	2.69221830368042	1.2005109786987305	0.5360022783279419	0.5287191271781921	0.4269859790802002	False
3	0.12250000238418579	1.9329049587249756	0.8744433522224426	0.19470757246017456	0.5855980515480042	0.27815598249435425	False
3	0.12250000238418579	2.693674087524414	1.2111947536468506	0.5230738520622253	0.5319932699203491	0.4274120032787323	False
3	0.125	1.9080479145050049	0.8831974267959595	0.18778595328330994	0.5674340724945068	0.26963046193122864	False
3	0.12250000238418579	2.627164840698242	1.2000466585159302	0.5328330993652344	0.4881138205528259	0.4061713218688965	False
3	0.12250000238418579	1.9545928239822388	0.8546818494796753	0.16662614047527313	0.6461719870567322	0.28711286187171936	False
3	0.11999999731779099	2.694615602493286	1.2193714380264282	0.553226113319397	0.49958908557891846	0.42242875695228577	False
3	0.1274999976158142	1.9215736389160156	0.8935044407844543	0.1986323595046997	0.5573030710220337	0.2721337676048279	False
3	0.125	2.630023241043091	1.1915373802185059	0.510819137096405	0.513146162033081	0.4145204424858093	False
3	0.12250000238418579	1.9361590147018433	0.8953118920326233	0.19632792472839355	0.5671494603157043	0.277369886636734	False
3	0.11999999731779099	2.717174530029297	1.2114297151565552	0.5410666465759277	0.5318952798843384	0.43278297781944275	False
4	0.12250000238418579	1.1590018272399902	1.049636721611023	0.056307271122932434	0.027651268988847733	0.025406522676348686	False
4	0.11500000208616257	1.3063031435012817	0.9434426426887512	0.281161367893219	0.03482431545853615	0.046874769032001495	False
4	0.125	1.073233962059021	0.9676327109336853	0.05707830935716629	0.025514988228678703	0.023008031770586967	False
4	0.125	1.2909824848175049	0.9215078949928284	0.289094477891922	0.03348979353904724	0.04689020290970802	False
4	0.12250000238418579	1.1570769548416138	1.0526636838912964	0.05179598554968834	0.026610802859067917	0.026006517931818962	False
4	0.11999999731779099	1.264053463935852	0.9005534648895264	0.28381338715553284	0.03375381976366043	0.045932792127132416	False
4	0.11999999731779099	1.1464146375656128	1.0369560718536377	0.05563695356249809	0.028200842440128326	0.025620747357606888	False
4	0.11999999731779099	1.240391731262207	0.8936259746551514	0.2710361182689667	0.03103034943342209	0.04469931870698929	False
4	0.12250000238418579	1.1533806324005127	1.0450562238693237	0.05694442614912987	0.025942903012037277	0.025437112897634506	False
4	0.11999999731779099	1.2899163961410522	0.920469343662262	0.2873491644859314	0.034718990325927734	0.047378845512866974	False
4	0.12250000238418579	1.1666953563690186	1.0667301416397095	0.04590517655014992	0.026392191648483276	0.027667727321386337	False
4	0.11999999731779099	1.2305582761764526	0.8881338238716125	0.26670482754707336	0.03306503966450691	0.04265457019209862	False
4	0.125	1.1243929862976074	1.0127298831939697	0.060470908880233765	0.027003958821296692	0.02418811246752739	False
4	0.11749999970197678	1.2611548900604248	0.8837136030197144	0.2989007830619812	0.03278690576553345	0.04575377702713013	False
4	0.12250000238418579	1.0525721311569214	0.9358537197113037	0.0655074492096901	0.028180016204714775	0.023030946031212807	False
4	0.11999999731779099	1.2701934576034546	0.9075267314910889	0.2834031581878662	0.033288806676864624	0.045974746346473694	False
4	0.125	1.12697434425354	1.0233073234558105	0.05278589949011803	0.02601541206240654	0.024865757673978806	False
4	0.125	1.2787649631500244	0.9214863181114197	0.2772841453552246	0.0323462039232254	0.047648150473833084	False
4	0.12250000238418579	1.059125304222107	0.9518142938613892	0.059767596423625946	0.025154639035463333	0.022388767451047897	False
4	0.12250000238418579	1.2715181112289429	0.9085991382598877	0.2827039957046509	0.033610157668590546	0.04660486429929733	False
4	0.125	1.0991357564926147	0.9931871294975281	0.056186772882938385	0.02597655914723873	0.023785389959812164	False
4	0.11500000208616257	1.264332890510559	0.9200302362442017	0.2660406529903412	0.03140842914581299	0.046853549778461456	False
4	0.12250000238418579	1.158240556716919	1.0482912063598633	0.05641162395477295	0.02720087394118309	0.026336919516324997	False
4	0.125	1.2790855169296265	0.9350379705429077	0.262748122215271	0.03407961130142212	0.04721982777118683	False
4	0.12250000238418579	1.1693919897079468	1.067885398864746	0.04799515753984451	0.026562489569187164	0.026948871091008186	False
4	0.11999999731779099	1.319586992263794	0.9655980467796326	0.2707122564315796	0.03430154547095299	0.04897526651620865	False
4	0.13249999284744263	1.204099416732788	1.0950639247894287	0.04923798516392708	0.02873096987605095	0.03106647916138172	False
4	0.11999999731779099	1.2764619588851929	0.9033235311508179	0.2928982973098755	0.034248046576976776	0.04599212110042572	False
4	0.125	1.169921636581421	1.06399405002594	0.05160580947995186	0.027129901573061943	0.027191858738660812	False
4	0.11999999731779099	1.3005849123001099	0.948357343673706	0.27128303050994873	0.03230460733175278	0.0486399345099926	False
5	0.12999999523162842	1.1699461936950684	1.089720606803894	0.07326570898294449	0.003643708536401391	0.003316195448860526	False
5	0.11999999731779099	1.1515345573425293	1.0047749280929565	0.12602809071540833	0.007658527232706547	0.0130730289965868	False
5	0.125	1.1551895141601562	1.089353322982788	0.059596460312604904	0.0031800095457583666	0.003059766022488475	False
5	0.12250000238418579	1.1523865461349487	1.0015438795089722	0.12998300790786743	0.0076620620675385	0.013197585009038448	False
5	0.12250000238418579	1.1574257612228394	1.0852255821228027	0.06529533118009567	0.003525870619341731	0.003378939814865589	False
5	0.12250000238418579	1.1511247158050537	1.0039951801300049	0.12716785073280334	0.007386200595647097	0.012575514614582062	False
5	0.12250000238418579	1.157476544380188	1.0845595598220825	0.06631408631801605	0.0034066468942910433	0.0031962741632014513	False
5	0.12250000238418579	1.1609902381896973	0.9835933446884155	0.15531529486179352	0.007999193854629993	0.014082456938922405	False
5	0.11999999731779099	1.1637239456176758	1.0851932764053345	0.07198607176542282	0.003458012593910098	0.00308651989325881	False
5	0.12250000238418579	1.1476426124572754	0.9923195242881775	0.1336740255355835	0.007840579375624657	0.01380848977714777	False
5	0.11999999731779099	1.15934157371521	1.0828447341918945	0.06963702291250229	0.003517785109579563	0.003342036623507738	False
5	0.12250000238418579	1.1711931228637695	1.0066335201263428	0.1436358243227005	0.007595584727823734	0.013328250497579575	False
5	0.12250000238418579	1.1632035970687866	1.0860528945922852	0.07048369944095612	0.00344221293926239	0.0032248729839920998	False
5	0.12250000238418579	1.1677110195159912	1.0058209896087646	0.1404585838317871	0.008098144084215164	0.013333276845514774	False
5	0.11999999731779099	1.156754732131958	1.0742928981781006	0.07610024511814117	0.003265037201344967	0.003096596337854862	False
5	0.11999999731779099	1.1689472198486328	1.000465989112854	0.145969957113266	0.008097724989056587	0.014413462951779366	False
5	0.125	1.1583890914916992	1.0883779525756836	0.06370609253644943	0.0031791343353688717	0.0031258550006896257	False
5	0.11249999701976776	1.1433831453323364	1.0022724866867065	0.11985702812671661	0.007623308338224888	0.013630292378365993	False
5	0.12250000238418579	1.1728394031524658	1.0885415077209473	0.07633595913648605	0.0042798444628715515	0.0036821295507252216	False
5	0.125	1.1452556848526	0.9977856278419495	0.12608477473258972	0.007788178510963917	0.01359716709703207	False
5	0.12250000238418579	1.1559913158416748	1.0810004472732544	0.06831914931535721	0.0034242775291204453	0.0032473804894834757	False
5	0.11999999731779099	1.1656043529510498	1.0182949304580688	0.12746596336364746	0.007176193408668041	0.012667320668697357	False
5	0.125	1.16880464553833	1.088084101676941	0.07387043535709381	0.003564818063750863	0.003285236656665802	False
5	0.11749999970197678	1.1739524602890015	1.0092653036117554	0.1439308077096939	0.0076279472559690475	0.013128417544066906	False
5	0.11500000208616257	1.1610474586486816	1.0861655473709106	0.06865883618593216	0.003193761920556426	0.0030293392483145	False
5	0.11999999731779099	1.1479684114456177	0.9967272281646729	0.13116106390953064	0.007301035802811384	0.012779036536812782	False
5	0.11999999731779099	1.1721872091293335	1.084733486175537	0.08019355684518814	0.0037816741969436407	0.00347854383289814	False
5	0.11999999731779099	1.1442286968231201	0.9933431148529053	0.12847135961055756	0.007977193221449852	0.014437014237046242	False
5	0.125	1.150595784187317	1.0762395858764648	0.06852421164512634	0.00297820707783103	0.0028537719044834375	False
5	0.11999999731779099	1.1566121578216553	1.0048729181289673	0.13174891471862793	0.007395144551992416	0.012595118954777718	False
6	0.12250000238418579	1.282590627670288	1.0868079662322998	0.19125409424304962	0.0025647496804594994	0.001963748363777995	False
6	0.12250000238418579	1.3303159475326538	0.9381526708602905	0.3691461980342865	0.009545546025037766	0.01347147487103939	False
6	0.12250000238418579	1.2764099836349487	1.0849119424819946	0.18698906898498535	0.0025684570427984	0.0019404785707592964	False
6	0.12250000238418579	1.3316360712051392	0.9588674306869507	0.35224688053131104	0.008663292974233627	0.011858515441417694	False
6	0.11999999731779099	1.2696714401245117	1.0870860815048218	0.17857855558395386	0.0023656142875552177	0.0016412795521318913	False
6	0.12250000238418579	1.3583465814590454	0.9513282775878906	0.3867187798023224	0.009156371466815472	0.011143244802951813	False
6	0.125	1.278059959411621	1.0852302312850952	0.1887548267841339	0.0023786972742527723	0.0016962611116468906	False
6	0.12250000238418579	1.3547757863998413	0.962600588798523	0.3733057677745819	0.008592523634433746	0.01027695368975401	False
6	0.125	1.283726453781128	1.0845469236373901	0.19504579901695251	0.0024809888564050198	0.0016527685802429914	False
6	0.125	1.3331407308578491	0.9518750309944153	0.35847708582878113	0.00941302441060543	0.013375669717788696	False
6	0.11999999731779099	1.2793514728546143	1.0826131105422974	0.19220824539661407	0.0025337247643619776	0.001996374921873212	False
6	0.11749999970197678	1.3463513851165771	0.9500974416732788	0.37455475330352783	0.009508761577308178	0.012190413661301136	False
6	0.11999999731779099	1.280595302581787	1.0849560499191284	0.19154758751392365	0.0024283714592456818	0.0016632047481834888	False
6	0.11999999731779099	1.3378582000732422	0.9583005905151367	0.358684241771698	0.009080534800887108	0.011792733334004879	False
6	0.12250000238418579	1.291671633720398	1.085947036743164	0.20149226486682892	0.0025295717641711235	0.001702719833701849	False
6	0.11999999731779099	1.344077229499817	0.9669972658157349	0.3559989333152771	0.008872823789715767	0.012208249419927597	False
6	0.12250000238418579	1.2828772068023682	1.0812302827835083	0.19764159619808197	0.0023655188269913197	0.0016398293664678931	False
6	0.11999999731779099	1.3465509414672852	0.9447274804115295	0.3804935812950134	0.009303964674472809	0.0120259840041399	False
6	0.12250000238418579	1.2776260375976562	1.0841606855392456	0.18872033059597015	0.002660924568772316	0.002084088511765003	False
6	0.12250000238418579	1.355016827583313	0.9648874998092651	0.37188151478767395	0.008409281261265278	0.009838635101914406	False
6	0.125	1.278942346572876	1.0845056772232056	0.18999037146568298	0.002529660239815712	0.001916629495099187	False
6	0.12250000238418579	1.3313568830490112	0.9643229842185974	0.34520959854125977	0.008898429572582245	0.012925880961120129	False
6	0.12250000238418579	1.2760738134384155	1.0846734046936035	0.1869243085384369	0.0025601335801184177	0.0019159590592607856	False
6	0.12250000238418579	1.3395994901657104	0.9454054236412048	0.37172389030456543	0.009637005627155304	0.012833163142204285	False
6	0.125	1.272412657737732	1.0864444971084595	0.18176740407943726	0.0023913285695016384	0.0018094736151397228	False
6	0.12250000238418579	1.3521413803100586	0.9401006698608398	0.3905804455280304	0.009588416665792465	0.011871982365846634	False
6	0.125	1.2801955938339233	1.0840610265731812	0.19220902025699615	0.002318676095455885	0.0016069617122411728	False
6	0.11999999731779099	1.3448891639709473	0.9582263827323914	0.3659859597682953	0.008968005888164043	0.011708912439644337	False
6	0.125	1.2762540578842163	1.0816702842712402	0.19037535786628723	0.0024732304736971855	0.0017352207796648145	False
6	0.11999999731779099	1.341744303703308	0.9486321806907654	0.37105825543403625	0.00934644229710102	0.012707395479083061	False
