# num_workers = 32
# num_cells = 256
# seed_for_environment = 3003
# lr = 0.0003
# max_grad_norm = 1.0
# eval_rollout_length = 30
# scaling_factor = 1000
# frames_per_batch = 500
# sub_batch_size = 64
# num_epochs = 15
# clip_epsilon = 0.2
# gamma = 0.99
# lmbda = 0.95
# entropy_eps = 0.003
# env_reward_engineering = True
# env_minimum_number_of_qubits = 12
# log_name = None
# env_version = qecc/bbcode-ldpc-v0
# env_bit_flipping = True
# env_l = 6
# env_m = 6
# env_use_dict_observation = True
# env_number_of_decoder_iterations = 50
# env_number_of_samples = 50
# env_code_logging = False
# model_architecture = hybrid
# model_surrogate_model_path = /vol/bitbucket/osella/rl-qecc-data/supervisedLearning/2026-07-12_21-15-58/surrogate_6x6.pth
# model_use_pretrained_encoder = False
# index_to_unfreeze_encoder_updates = 0
# encoder_lr_factor = 0.1
# training_device = cpu
# Resolved arguments:
# Resolved_env_reward_engineering = True
# Resolved_env_bit_flipping = True
# Resolved_env_useDictObservation = True
# Resolved_env_code_logging = False
# Resolved_model_use_pretrained_encoder = False
# Resolved_trainingDevice = cpu
# Resolved_model_architecture = hybrid
# Just for information, not used in actual run: SLURM CPUS queried from os environment: 32
# Number of workers: 32
# Does torch identify cuda: False
# encoder ***RANDOM WEIGHTS***
evaluation number	reward	policy entropy	policy entropy aX	policy entropy bX	policy entropy aY	policy entropy bY	Encoder freeze	postAction_aX	postAction_bX	postAction_aY	postAction_bY
0	0.13249999284744263	7.624974250793457	1.916703462600708	1.8698463439941406	1.905979871749878	1.932444453239441	False	[1 0 0 0 0 0]	[0 1 0 0 0 0]	[1 0 0 0 0 0]	[1 0 0 0 0 0]
0	-0.5	7.673224925994873	1.9294898509979248	1.8975491523742676	1.9076497554779053	1.9385360479354858	False	[1 0 0 1 0 0]	[0 0 0 0 0 0]	[1 0 0 0 1 0]	[1 0 0 0 0 1]
0	-1.0	7.681183815002441	1.9264299869537354	1.9178460836410522	1.9120597839355469	1.9248483180999756	False	[1 0 0 0 0 0]	[0 0 0 1 0 0]	[0 0 0 0 1 0]	[1 0 0 0 0 1]
0	0.16750000417232513	7.69965934753418	1.9316823482513428	1.9118621349334717	1.941589593887329	1.9145249128341675	False	[0 0 0 0 0 0]	[0 0 0 0 0 0]	[0 0 0 0 1 1]	[1 0 0 0 0 1]
0	-0.8333333134651184	7.680141448974609	1.9210864305496216	1.9102020263671875	1.9147065877914429	1.934146523475647	False	[0 0 0 0 1 0]	[0 0 0 1 0 0]	[1 0 0 0 1 1]	[1 0 0 0 1 1]
0	-0.8333333134651184	7.7008466720581055	1.9341849088668823	1.9218136072158813	1.9382147789001465	1.9066333770751953	False	[0 0 0 0 1 1]	[0 0 0 1 0 0]	[1 0 0 0 1 0]	[1 0 0 0 1 1]
0	-0.3333333432674408	7.699449062347412	1.938058853149414	1.917809009552002	1.9417133331298828	1.9018679857254028	False	[0 0 0 0 1 0]	[0 0 0 0 0 0]	[0 0 0 0 1 0]	[1 0 0 0 1 1]
0	-0.8333333134651184	7.70770788192749	1.9350628852844238	1.9156936407089233	1.932364821434021	1.924586296081543	False	[0 0 0 1 1 0]	[0 0 0 1 0 0]	[1 0 0 0 1 0]	[1 0 0 0 1 1]
0	-1.0	7.693683624267578	1.9344661235809326	1.9220054149627686	1.9430317878723145	1.8941805362701416	False	[0 0 0 1 1 1]	[0 0 0 0 0 0]	[0 0 0 0 1 0]	[1 0 0 0 1 1]
0	-0.8333333134651184	7.664449691772461	1.9338546991348267	1.9118759632110596	1.9238994121551514	1.8948192596435547	False	[0 0 0 0 1 1]	[0 0 0 1 0 0]	[1 0 0 0 1 0]	[1 0 0 0 1 1]
0	-0.3333333432674408	7.69722843170166	1.938089370727539	1.9174845218658447	1.9415297508239746	1.900124430656433	False	[0 0 0 0 1 0]	[0 0 0 0 0 0]	[0 0 0 0 1 0]	[1 0 0 0 1 1]
0	-0.8333333134651184	7.707209587097168	1.9341763257980347	1.914978265762329	1.933176040649414	1.9248793125152588	False	[0 0 0 1 1 0]	[0 0 0 1 0 0]	[1 0 0 0 1 0]	[1 0 0 0 1 1]
0	-1.0	7.695505142211914	1.9349591732025146	1.9221497774124146	1.9432786703109741	1.8951172828674316	False	[0 0 0 1 1 1]	[0 0 0 0 0 0]	[0 0 0 0 1 0]	[1 0 0 0 1 1]
0	-0.8333333134651184	7.664294242858887	1.9339215755462646	1.911834955215454	1.9243550300598145	1.8941824436187744	False	[0 0 0 0 1 1]	[0 0 0 1 0 0]	[1 0 0 0 1 0]	[1 0 0 0 1 1]
0	-0.3333333432674408	7.7001237869262695	1.9382085800170898	1.918175220489502	1.94157874584198	1.902160882949829	False	[0 0 0 0 1 0]	[0 0 0 0 0 0]	[0 0 0 0 1 0]	[1 0 0 0 1 1]
0	-0.8333333134651184	7.707762718200684	1.9347546100616455	1.9156458377838135	1.9325023889541626	1.9248597621917725	False	[0 0 0 1 1 0]	[0 0 0 1 0 0]	[1 0 0 0 1 0]	[1 0 0 0 1 1]
0	-1.0	7.6937103271484375	1.9341185092926025	1.9219878911972046	1.9430997371673584	1.8945045471191406	False	[0 0 0 1 1 1]	[0 0 0 0 0 0]	[0 0 0 0 1 0]	[1 0 0 0 1 1]
0	-0.8333333134651184	7.66130256652832	1.9334522485733032	1.911345362663269	1.9231560230255127	1.8933489322662354	False	[0 0 0 0 1 1]	[0 0 0 1 0 0]	[1 0 0 0 1 0]	[1 0 0 0 1 1]
0	-0.3333333432674408	7.698596954345703	1.9377410411834717	1.9179937839508057	1.941884994506836	1.9009771347045898	False	[0 0 0 0 1 0]	[0 0 0 0 0 0]	[0 0 0 0 1 0]	[1 0 0 0 1 1]
0	-0.8333333134651184	7.707485198974609	1.934513807296753	1.9155690670013428	1.9324429035186768	1.924959421157837	False	[0 0 0 1 1 0]	[0 0 0 1 0 0]	[1 0 0 0 1 0]	[1 0 0 0 1 1]
0	-1.0	7.694228172302246	1.93448007106781	1.9219014644622803	1.942956566810608	1.894890308380127	False	[0 0 0 1 1 1]	[0 0 0 0 0 0]	[0 0 0 0 1 0]	[1 0 0 0 1 1]
0	-0.8333333134651184	7.664071559906006	1.9341336488723755	1.9121166467666626	1.9241952896118164	1.8936258554458618	False	[0 0 0 0 1 1]	[0 0 0 1 0 0]	[1 0 0 0 1 0]	[1 0 0 0 1 1]
0	-0.3333333432674408	7.700544834136963	1.9385908842086792	1.918999433517456	1.9416056871414185	1.9013489484786987	False	[0 0 0 0 1 0]	[0 0 0 0 0 0]	[0 0 0 0 1 0]	[1 0 0 0 1 1]
0	-0.8333333134651184	7.708275318145752	1.934561014175415	1.9157989025115967	1.9324994087219238	1.925416111946106	False	[0 0 0 1 1 0]	[0 0 0 1 0 0]	[1 0 0 0 1 0]	[1 0 0 0 1 1]
0	-1.0	7.695655345916748	1.9350075721740723	1.9224063158035278	1.943051815032959	1.8951897621154785	False	[0 0 0 1 1 1]	[0 0 0 0 0 0]	[0 0 0 0 1 0]	[1 0 0 0 1 1]
0	-0.8333333134651184	7.668313026428223	1.934538722038269	1.9133672714233398	1.9245545864105225	1.8958518505096436	False	[0 0 0 0 1 1]	[0 0 0 1 0 0]	[1 0 0 0 1 0]	[1 0 0 0 1 1]
0	-0.3333333432674408	7.700296878814697	1.9383825063705444	1.9181500673294067	1.9415165185928345	1.9022479057312012	False	[0 0 0 0 1 0]	[0 0 0 0 0 0]	[0 0 0 0 1 0]	[1 0 0 0 1 1]
0	-0.8333333134651184	7.709170341491699	1.934574007987976	1.9163553714752197	1.9327540397644043	1.9254872798919678	False	[0 0 0 1 1 0]	[0 0 0 1 0 0]	[1 0 0 0 1 0]	[1 0 0 0 1 1]
0	-0.3333333432674408	7.692920684814453	1.9342377185821533	1.9222824573516846	1.9429149627685547	1.8934853076934814	False	[0 0 0 1 1 1]	[0 0 0 0 0 0]	[1 0 0 0 1 1]	[1 0 0 0 1 1]
0	-0.8333333134651184	7.684933185577393	1.9338709115982056	1.9180487394332886	1.9301788806915283	1.902834415435791	False	[0 0 0 1 0 1]	[0 0 0 1 0 0]	[0 0 0 0 1 1]	[1 0 0 0 1 1]
