# num_workers = 64
# num_cells = 256
# seed_for_environment = 121111
# lr = 0.0003
# max_grad_norm = 1.0
# eval_rollout_length = 30
# scaling_factor = 1000
# frames_per_batch = 1000
# sub_batch_size = 64
# num_epochs = 10
# clip_epsilon = 0.2
# gamma = 0.99
# lmbda = 0.95
# entropy_eps = 0.1
# reward_engineering = False
# minimum_number_of_qubits = 6
# log_name = None
# Number of workers: 64
# Does torch identify cuda: False
evaluation number	reward	policy entropy
0	-1.0	98.73516845703125
0	-1.0	99.09989166259766
0	-1.0	99.07792663574219
0	-1.0	98.95110321044922
0	-1.0	99.40890502929688
0	-1.0	99.06890869140625
0	-1.0	99.29838562011719
0	0.02547449991106987	99.34954071044922
0	-0.3333333432674408	99.35533905029297
0	-1.0	99.19579315185547
0	-1.0	99.36302947998047
0	-1.0	99.12289428710938
0	0.013486499898135662	99.04536437988281
0	-1.0	98.97715759277344
0	-1.0	98.99281311035156
0	0.02847149968147278	99.03359985351562
0	-0.6666666865348816	99.27804565429688
0	-0.3333333432674408	99.24211120605469
0	-0.3333333432674408	99.30162048339844
0	0.03146849945187569	99.14387512207031
0	-1.0	99.10934448242188
0	-0.3333333432674408	99.32139587402344
0	-1.0	99.4388656616211
0	0.03146849945187569	99.14323425292969
0	-1.0	98.84330749511719
0	-0.6666666865348816	99.05846405029297
0	-1.0	99.18244934082031
0	-1.0	99.08648681640625
0	-1.0	99.06979370117188
0	-1.0	99.20820617675781
1	-1.0	98.42813873291016
1	-1.0	98.24966430664062
1	-0.3333333432674408	98.75288391113281
1	-0.6666666865348816	98.4541244506836
1	-1.0	98.6317138671875
1	-1.0	98.21434020996094
1	-1.0	97.85707092285156
1	-1.0	98.19397735595703
1	-1.0	97.9540786743164
1	-1.0	98.13601684570312
1	0.03646349906921387	98.16740417480469
1	-0.3333333432674408	98.32804870605469
1	-1.0	98.28768920898438
1	0.02047950029373169	98.38933563232422
1	-1.0	97.94673156738281
1	-1.0	98.51590728759766
1	-0.3333333432674408	97.86183166503906
1	0.029969999566674232	97.86099243164062
1	-1.0	98.30736541748047
1	-0.6666666865348816	98.16213989257812
1	-1.0	97.95277404785156
1	-1.0	98.12647247314453
1	-1.0	98.45451354980469
1	-0.3333333432674408	98.56413269042969
1	-1.0	98.2110824584961
1	-1.0	98.44588470458984
1	0.029969999566674232	98.64514923095703
1	-1.0	98.60859680175781
1	-0.3333333432674408	98.69170379638672
1	-1.0	98.30262756347656
2	-1.0	98.96405792236328
2	-0.3333333432674408	98.52693939208984
2	0.02247750014066696	99.28874969482422
2	0.016483500599861145	99.30068969726562
2	-0.3333333432674408	98.86265563964844
2	-1.0	98.67559051513672
2	-0.3333333432674408	98.67001342773438
2	0.02547449991106987	98.88377380371094
2	-1.0	99.04942321777344
2	0.02297700010240078	99.11503601074219
2	0.03346649929881096	98.5130615234375
2	-1.0	99.26007080078125
2	-1.0	99.0240478515625
2	-1.0	98.96456909179688
2	-1.0	98.82332611083984
2	-1.0	98.82675170898438
2	-1.0	98.9682388305664
2	-1.0	98.81044006347656
2	-0.3333333432674408	98.99922180175781
2	-1.0	98.72694396972656
2	-0.3333333432674408	98.88565063476562
2	-0.3333333432674408	98.63404083251953
2	0.02547449991106987	98.6334457397461
2	-0.6666666865348816	99.09838104248047
2	-1.0	98.97151947021484
2	-1.0	99.05704498291016
2	-1.0	99.05606842041016
2	-0.3333333432674408	99.01313781738281
2	-1.0	98.87026977539062
2	-1.0	99.13956451416016
3	-1.0	99.05322265625
3	-0.3333333432674408	98.35252380371094
3	-0.3333333432674408	98.99117279052734
3	-0.6666666865348816	98.89797973632812
3	-1.0	98.85655212402344
3	-1.0	98.7807388305664
3	-1.0	98.79048156738281
3	-1.0	98.89798736572266
3	-1.0	98.89739227294922
3	-1.0	98.92522430419922
3	-1.0	98.89314270019531
3	-1.0	99.10379028320312
3	-0.3333333432674408	98.30343627929688
3	-0.3333333432674408	98.55980682373047
3	-1.0	99.1982650756836
3	-1.0	98.98055267333984
3	-0.6666666865348816	98.81605529785156
3	-1.0	99.05384063720703
3	-0.3333333432674408	98.73794555664062
3	-1.0	98.89141082763672
3	-0.6666666865348816	98.75877380371094
3	-0.3333333432674408	98.93608093261719
3	-1.0	98.62571716308594
3	0.019480500370264053	98.52417755126953
3	-0.6666666865348816	98.88076782226562
3	-1.0	99.1318130493164
3	-1.0	98.62274169921875
3	-1.0	98.7618179321289
3	-1.0	98.92460632324219
3	-1.0	98.84561920166016
4	-1.0	99.11642456054688
4	-1.0	99.01138305664062
4	0.026972999796271324	98.31009674072266
4	-1.0	98.947265625
4	-0.6666666865348816	98.74340057373047
4	-0.3333333432674408	98.62716674804688
4	-0.3333333432674408	98.91099548339844
4	-0.3333333432674408	99.04393768310547
4	0.021978000178933144	98.95040893554688
4	-1.0	98.75896453857422
4	-0.3333333432674408	99.10411834716797
4	-0.6666666865348816	99.02147674560547
4	-0.3333333432674408	98.95545959472656
4	-1.0	98.4708251953125
4	0.03296700119972229	99.177001953125
4	-1.0	99.04024505615234
4	0.02547449991106987	98.59416198730469
4	-1.0	99.18048095703125
4	-0.3333333432674408	98.97704315185547
4	0.023476500064134598	99.07108306884766
4	-0.6666666865348816	99.05580139160156
4	0.021978000178933144	99.04930877685547
4	-1.0	98.62812805175781
4	-0.6666666865348816	98.6954345703125
4	-1.0	98.80992889404297
4	-1.0	99.13264465332031
4	-1.0	99.13768005371094
4	-1.0	98.90557098388672
4	-1.0	98.62399291992188
4	-1.0	98.74308776855469
5	-1.0	99.23117065429688
5	-0.3333333432674408	98.92146301269531
5	-0.3333333432674408	99.22417449951172
5	-1.0	99.28199768066406
5	-1.0	98.93965148925781
5	-1.0	99.30445098876953
5	-0.3333333432674408	99.08277893066406
5	-1.0	99.02831268310547
5	-0.3333333432674408	98.60395812988281
5	-1.0	99.13778686523438
5	-1.0	99.13987731933594
5	0.033966001123189926	98.84764099121094
5	-1.0	99.32179260253906
5	-1.0	99.00465393066406
5	-1.0	99.28408813476562
5	-0.3333333432674408	99.018310546875
5	-1.0	98.78252410888672
5	-1.0	98.55712890625
5	-0.3333333432674408	98.8659896850586
5	-0.6666666865348816	99.44384002685547
5	-1.0	99.19080352783203
5	-0.3333333432674408	98.94172668457031
5	-1.0	98.77796936035156
5	0.03296700119972229	98.94284057617188
5	-0.6666666865348816	99.24565887451172
5	-0.3333333432674408	99.1630859375
5	-0.3333333432674408	99.120361328125
5	-0.3333333432674408	99.27658081054688
5	-0.3333333432674408	98.45112609863281
5	-0.3333333432674408	99.0007095336914
6	-1.0	99.4341049194336
6	-1.0	99.17243957519531
6	-1.0	99.2863998413086
6	0.023976000025868416	99.2002182006836
6	0.021978000178933144	99.18070983886719
6	-1.0	99.16455841064453
6	-1.0	99.37418365478516
6	-0.3333333432674408	99.27222442626953
6	-0.3333333432674408	98.94422912597656
6	-0.3333333432674408	99.43513488769531
6	-1.0	99.15446472167969
6	0.02547449991106987	99.25055694580078
6	-0.3333333432674408	98.68678283691406
6	0.03146849945187569	99.4573974609375
6	-0.3333333432674408	99.30296325683594
6	0.02247750014066696	99.2125244140625
6	-1.0	99.36659240722656
6	-1.0	99.321044921875
6	-1.0	99.0837631225586
6	0.024974999949336052	99.0551986694336
6	-1.0	99.10951232910156
6	-0.3333333432674408	99.41060638427734
6	-1.0	99.254638671875
6	-1.0	99.17776489257812
6	-1.0	99.400390625
6	0.02797199971973896	99.35497283935547
6	-1.0	99.28934478759766
6	-1.0	98.97276306152344
6	0.012737249955534935	99.41252899169922
6	-0.3333333432674408	99.36652374267578
7	-1.0	99.41313171386719
7	-1.0	99.45257568359375
7	-1.0	99.33357238769531
7	-1.0	99.38693237304688
7	-0.6666666865348816	99.28984069824219
7	-1.0	99.48674774169922
7	-1.0	99.05142974853516
7	-0.3333333432674408	99.23130798339844
7	-0.3333333432674408	99.17365264892578
7	-1.0	99.26972961425781
7	-0.3333333432674408	98.87124633789062
7	0.023476500064134598	99.54244995117188
7	-1.0	99.14509582519531
7	-1.0	99.0586929321289
7	-0.3333333432674408	99.38438415527344
7	-0.3333333432674408	99.28338623046875
7	-0.6666666865348816	99.50407409667969
7	-1.0	99.2500991821289
7	-1.0	99.23990631103516
7	-1.0	99.40790557861328
7	-0.3333333432674408	99.36495971679688
7	-1.0	99.09378051757812
7	-1.0	99.4515151977539
7	-1.0	99.08880615234375
7	0.012487499974668026	99.41107940673828
7	0.029969999566674232	98.84213256835938
7	0.021478500217199326	99.42584228515625
7	0.015484499745070934	99.28044891357422
7	-1.0	98.90545654296875
7	-1.0	99.19849395751953
8	-1.0	99.30773162841797
8	-0.3333333432674408	99.32872009277344
8	-0.6666666865348816	99.52569580078125
8	0.026473499834537506	98.984619140625
8	-1.0	99.34147644042969
8	-1.0	99.35137176513672
8	-1.0	99.3614273071289
8	-1.0	99.39867401123047
8	-0.3333333432674408	99.24095153808594
8	-0.3333333432674408	99.32540130615234
8	-1.0	99.46937561035156
8	-1.0	99.59040069580078
8	-1.0	99.52507781982422
8	-1.0	99.46129608154297
8	-1.0	99.40296173095703
8	-1.0	99.33387756347656
8	-1.0	99.52847290039062
8	-0.6666666865348816	99.26800537109375
8	-0.6666666865348816	99.2685546875
8	0.033966001123189926	99.26710510253906
8	-1.0	99.34223937988281
8	-1.0	99.269775390625
8	-0.3333333432674408	99.45272827148438
8	-1.0	99.14970397949219
8	-0.3333333432674408	99.30235290527344
8	-1.0	99.43611145019531
8	0.033966001123189926	99.50598907470703
8	-1.0	99.50274658203125
8	-1.0	99.35437774658203
8	-1.0	99.1309814453125
9	0.025973999872803688	98.99717712402344
9	-0.3333333432674408	98.65570068359375
9	-1.0	99.538330078125
9	0.02297700010240078	99.317138671875
9	-1.0	98.65940856933594
9	-1.0	99.18595886230469
9	0.023476500064134598	99.23316955566406
9	-0.3333333432674408	99.33721923828125
9	-0.3333333432674408	99.36931610107422
9	-1.0	99.11680603027344
9	0.021978000178933144	98.87075805664062
9	-1.0	98.9749984741211
9	-1.0	99.43286895751953
9	-0.3333333432674408	99.50212097167969
9	-0.3333333432674408	99.23480224609375
9	-0.3333333432674408	99.03575897216797
9	-0.3333333432674408	99.21630859375
9	-0.3333333432674408	98.9843978881836
9	-1.0	99.12662506103516
9	-1.0	98.7655258178711
9	-0.3333333432674408	99.41085815429688
9	-1.0	99.20101928710938
9	0.021978000178933144	99.26931762695312
9	-0.3333333432674408	99.06486511230469
9	-1.0	99.32707214355469
9	0.02547449991106987	99.52910614013672
9	-1.0	99.35973358154297
9	-0.3333333432674408	99.11902618408203
9	-1.0	99.14692687988281
9	-0.3333333432674408	99.22566223144531
10	-0.3333333432674408	99.4267578125
10	-0.6666666865348816	99.24937438964844
10	-1.0	99.51199340820312
10	-1.0	99.63774871826172
10	-0.3333333432674408	99.59880828857422
10	-1.0	99.47218322753906
10	-0.3333333432674408	99.27318572998047
10	-1.0	99.51736450195312
10	-1.0	99.57695770263672
10	-1.0	99.45256805419922
10	0.03046949952840805	99.51720428466797
10	-0.3333333432674408	99.48899841308594
10	0.02797199971973896	99.47327423095703
10	-1.0	99.38795471191406
10	-0.3333333432674408	99.47286987304688
10	-1.0	99.52726745605469
10	-0.6666666865348816	99.3550033569336
10	-0.3333333432674408	99.575439453125
10	-1.0	99.5162124633789
10	0.025973999872803688	99.62651824951172
10	-1.0	99.40518188476562
10	-1.0	99.54230499267578
10	-1.0	99.48920440673828
10	0.016983000561594963	99.41007995605469
10	-1.0	99.52333068847656
10	-1.0	99.62006378173828
10	0.021978000178933144	99.52537536621094
10	-1.0	99.46882629394531
10	-0.6666666865348816	99.60735321044922
10	0.024475499987602234	99.57208251953125
11	-1.0	99.51871490478516
11	-1.0	99.48016357421875
11	-0.3333333432674408	99.44789123535156
11	-1.0	99.18797302246094
11	-1.0	99.6033706665039
11	-1.0	99.2300033569336
11	-1.0	99.17643737792969
11	-1.0	98.94552612304688
11	-0.6666666865348816	99.37933349609375
11	-1.0	99.35507202148438
11	-1.0	99.50033569335938
11	-1.0	99.48615264892578
11	-1.0	98.6155014038086
11	-1.0	99.4981689453125
11	-1.0	99.0412368774414
11	-1.0	99.4472885131836
11	0.029969999566674232	99.27093505859375
11	-1.0	99.56510162353516
11	-0.3333333432674408	99.03209686279297
11	-0.3333333432674408	99.57329559326172
11	-1.0	99.33001708984375
11	-1.0	99.49518585205078
11	-0.3333333432674408	99.23274993896484
11	0.02547449991106987	98.92475128173828
11	-0.3333333432674408	99.47515869140625
11	-1.0	99.26519012451172
11	-1.0	99.51205444335938
11	-1.0	99.56582641601562
11	0.02047950029373169	99.464599609375
11	-1.0	99.20423889160156
12	-1.0	99.0265884399414
12	-1.0	99.42572021484375
12	0.023476500064134598	99.42650604248047
12	-1.0	99.40077209472656
12	-1.0	99.06307983398438
12	-1.0	99.21688842773438
12	0.029969999566674232	99.27002716064453
12	-1.0	99.60317993164062
12	-1.0	99.457275390625
12	-1.0	99.40338134765625
12	-1.0	99.6666259765625
12	-1.0	98.99349212646484
12	-1.0	99.56083679199219
12	0.026473499834537506	99.40528869628906
12	-1.0	99.30271911621094
12	-1.0	99.38538360595703
12	-1.0	99.52574157714844
12	-1.0	98.82799530029297
12	-0.6666666865348816	99.54603576660156
12	-1.0	99.34796905517578
12	-0.3333333432674408	99.29528045654297
12	-1.0	99.2550277709961
12	-1.0	99.3276138305664
12	-0.3333333432674408	99.68769836425781
12	-0.3333333432674408	99.37155151367188
12	0.029969999566674232	99.41095733642578
12	-1.0	99.46876525878906
12	-1.0	99.35930633544922
12	-1.0	99.48114776611328
12	-1.0	99.06204223632812
13	-0.3333333432674408	99.4107894897461
13	-1.0	99.36709594726562
13	-1.0	99.18739318847656
13	-1.0	99.51603698730469
13	-0.3333333432674408	99.50211334228516
13	-0.3333333432674408	99.60710144042969
13	-1.0	99.30673217773438
13	-1.0	99.23680114746094
13	-0.3333333432674408	99.36843872070312
13	-1.0	99.3832015991211
13	-1.0	99.34400177001953
13	-1.0	99.24696350097656
13	-0.3333333432674408	99.33454132080078
13	-0.3333333432674408	99.40628814697266
13	-0.3333333432674408	99.4649658203125
13	0.03046949952840805	99.42888641357422
13	-1.0	99.5060806274414
13	-1.0	99.5106201171875
13	-1.0	99.23162841796875
13	-1.0	99.46924591064453
13	-0.3333333432674408	99.46031951904297
13	-1.0	99.42121124267578
13	-1.0	99.0238037109375
13	-0.3333333432674408	99.51499938964844
13	-1.0	99.42858123779297
13	-1.0	99.62149047851562
13	-1.0	99.47369384765625
13	-1.0	99.44265747070312
13	0.029969999566674232	99.38581848144531
13	-1.0	99.46017456054688
14	-1.0	99.58545684814453
14	0.033966001123189926	99.60505676269531
14	-1.0	99.56802368164062
14	-1.0	99.35482788085938
14	-1.0	99.32357788085938
14	0.021978000178933144	99.43190002441406
14	-0.3333333432674408	99.3473129272461
14	-1.0	99.30217742919922
14	-0.3333333432674408	99.52864837646484
14	-1.0	99.15866088867188
14	-0.3333333432674408	99.27526092529297
14	-1.0	99.55604553222656
14	-1.0	99.32962799072266
14	-1.0	99.24977111816406
14	-0.6666666865348816	99.57213592529297
14	0.029470499604940414	99.69877624511719
14	-1.0	99.44416809082031
14	-1.0	99.29414367675781
14	-0.3333333432674408	99.56793212890625
14	-1.0	99.47996520996094
14	-1.0	99.48270416259766
14	-1.0	99.32406616210938
14	-0.3333333432674408	99.31343841552734
14	-1.0	99.50374603271484
14	0.03296700119972229	99.54164123535156
14	-0.6666666865348816	99.38422393798828
14	-1.0	99.72854614257812
14	-0.3333333432674408	99.0298843383789
14	-1.0	99.29326629638672
14	-1.0	99.5735092163086
15	-0.6666666865348816	99.52465057373047
15	0.034465499222278595	99.3720703125
15	0.027472499758005142	99.34579467773438
15	-1.0	99.49063873291016
15	-1.0	99.40583801269531
15	-0.3333333432674408	99.27212524414062
15	-1.0	99.30003356933594
15	-0.3333333432674408	99.24603271484375
15	-1.0	99.07179260253906
15	-1.0	99.12244415283203
15	-0.3333333432674408	99.59638214111328
15	0.027472499758005142	99.45940399169922
15	-1.0	99.64774322509766
15	-1.0	99.58739471435547
15	-1.0	99.41142272949219
15	-1.0	99.3502197265625
15	-0.6666666865348816	99.26683044433594
15	-0.3333333432674408	99.57355499267578
15	-1.0	99.58173370361328
15	-0.3333333432674408	99.55697631835938
15	-0.3333333432674408	99.58137512207031
15	-1.0	99.32616424560547
15	-1.0	99.58916473388672
15	0.033966001123189926	99.40967559814453
15	-1.0	99.42269134521484
15	-0.3333333432674408	99.18952178955078
15	0.03496500104665756	99.51277160644531
15	-1.0	99.43568420410156
15	-1.0	99.54325866699219
15	-1.0	99.38418579101562
16	0.02547449991106987	99.50110626220703
16	-0.3333333432674408	99.49655151367188
16	-1.0	99.57827758789062
16	0.029470499604940414	99.6209716796875
16	-0.6666666865348816	99.58837127685547
16	-0.3333333432674408	99.62457275390625
16	-1.0	99.58981323242188
16	-0.3333333432674408	99.35200500488281
16	0.03096899949014187	99.4289779663086
16	-1.0	99.66444396972656
16	-0.6666666865348816	99.6148681640625
16	-1.0	99.1877670288086
16	0.023976000025868416	99.4311752319336
16	0.027472499758005142	99.41769409179688
16	0.03546449914574623	99.67768859863281
16	-1.0	99.43846893310547
16	-1.0	99.58477020263672
16	-0.3333333432674408	99.12236022949219
16	-0.3333333432674408	99.57432556152344
16	0.03046949952840805	99.54935455322266
16	-0.3333333432674408	99.6410903930664
16	-1.0	99.47794342041016
16	-1.0	99.39739990234375
16	-0.3333333432674408	99.64036560058594
16	-0.6666666865348816	99.50898742675781
16	-1.0	99.45492553710938
16	-0.3333333432674408	99.32662963867188
16	-0.6666666865348816	99.41429138183594
16	-1.0	99.71180725097656
16	0.025973999872803688	99.3943099975586
17	0.01873124949634075	99.55001831054688
17	-1.0	99.55583190917969
17	-0.3333333432674408	99.60485076904297
17	-0.3333333432674408	99.49134826660156
17	-1.0	99.48175048828125
17	-1.0	99.66511535644531
17	-0.3333333432674408	99.65596008300781
17	-1.0	99.46418762207031
17	-1.0	99.50975799560547
17	-0.3333333432674408	99.55738830566406
17	-0.6666666865348816	99.5818099975586
17	-1.0	99.51921081542969
17	0.024974999949336052	99.39485931396484
17	-1.0	99.49439239501953
17	0.027472499758005142	99.69528198242188
17	0.03246749937534332	99.51341247558594
17	-0.3333333432674408	99.3460693359375
17	-1.0	99.2887954711914
17	-0.3333333432674408	99.42153930664062
17	-1.0	99.5787582397461
17	-1.0	99.54146575927734
17	-1.0	99.15887451171875
17	-1.0	99.37418365478516
17	-1.0	99.4521484375
17	-0.6666666865348816	99.32938385009766
17	-0.3333333432674408	99.41242218017578
17	-1.0	99.35266876220703
17	-1.0	99.50166320800781
17	-1.0	99.47801971435547
17	-0.3333333432674408	99.39784240722656
18	-1.0	99.54681396484375
18	-1.0	99.74710083007812
18	-1.0	99.68856048583984
18	-1.0	99.443115234375
18	-0.6666666865348816	99.63542175292969
18	-1.0	99.2337646484375
18	-1.0	99.46841430664062
18	-1.0	99.41708374023438
18	-1.0	99.5198974609375
18	-0.3333333432674408	99.46765899658203
18	-1.0	99.58133697509766
18	0.02847149968147278	99.68045806884766
18	-1.0	99.70362854003906
18	-0.3333333432674408	99.49897766113281
18	0.026473499834537506	99.56745910644531
18	0.024475499987602234	99.6714096069336
18	-1.0	99.51658630371094
18	-1.0	99.2320327758789
18	-0.3333333432674408	99.53836059570312
18	-1.0	99.58172607421875
18	-1.0	99.5265121459961
18	-1.0	99.69782257080078
18	-0.6666666865348816	99.55252075195312
18	-1.0	99.3349609375
18	-0.3333333432674408	99.58580017089844
18	-1.0	99.34819030761719
18	0.03146849945187569	99.62329864501953
18	0.02847149968147278	99.66998291015625
18	-1.0	99.59844970703125
18	-1.0	99.53292846679688
19	-0.6666666865348816	99.49513244628906
19	-1.0	99.67179870605469
19	0.029470499604940414	99.30037689208984
19	-1.0	99.09124755859375
19	-1.0	99.53527069091797
19	0.019480500370264053	99.41680908203125
19	-1.0	99.42710876464844
19	-0.3333333432674408	99.33223724365234
19	-1.0	99.2481689453125
19	-0.3333333432674408	99.36167907714844
19	-1.0	99.43209075927734
19	-1.0	99.19048309326172
19	-1.0	99.47184753417969
19	-1.0	99.2337646484375
19	-0.6666666865348816	99.18174743652344
19	-1.0	99.31451416015625
19	-1.0	99.40617370605469
19	-0.3333333432674408	99.4937973022461
19	-1.0	99.49838256835938
19	-0.3333333432674408	99.21299743652344
19	-0.6666666865348816	99.41082763671875
19	-1.0	99.59528350830078
19	-1.0	99.08980560302734
19	-0.3333333432674408	99.43933868408203
19	0.01998000033199787	99.21418762207031
19	-0.3333333432674408	99.08488464355469
19	-1.0	99.63080596923828
19	-1.0	99.51616668701172
19	-0.3333333432674408	99.39900207519531
19	-0.6666666865348816	99.56546783447266
20	0.02547449991106987	99.52681732177734
20	-1.0	99.12568664550781
20	-0.3333333432674408	99.47999572753906
20	-0.3333333432674408	99.36865234375
20	-1.0	99.51362609863281
20	-1.0	99.54869079589844
20	-0.3333333432674408	99.3416748046875
20	-1.0	99.58016204833984
20	-1.0	99.53055572509766
20	-1.0	99.15847778320312
20	-0.3333333432674408	99.45171356201172
20	-1.0	99.55247497558594
20	-0.3333333432674408	99.2716064453125
20	-1.0	99.40035247802734
20	-1.0	99.38968658447266
20	0.028970999643206596	99.3984603881836
20	0.025973999872803688	99.42520141601562
20	-0.3333333432674408	99.42288970947266
20	-1.0	99.30075073242188
20	0.028970999643206596	99.29621124267578
20	-1.0	99.308349609375
20	-1.0	99.46294403076172
20	0.025973999872803688	99.30093383789062
20	-1.0	99.68785095214844
20	-1.0	99.47605895996094
20	-1.0	99.31339263916016
20	-0.6666666865348816	99.52754974365234
20	-1.0	99.26606750488281
20	-1.0	99.16033935546875
20	-0.3333333432674408	99.231201171875
21	-1.0	98.79999542236328
21	-1.0	99.46136474609375
21	-1.0	99.07853698730469
21	-1.0	99.01072692871094
21	-1.0	99.60118865966797
21	-1.0	99.1489486694336
21	0.019480500370264053	99.40727996826172
21	-1.0	99.54944610595703
21	-1.0	98.7591552734375
21	-0.3333333432674408	99.14198303222656
21	-0.6666666865348816	98.77287292480469
21	-0.3333333432674408	98.5079574584961
21	-1.0	99.20345306396484
21	-1.0	99.20425415039062
21	-1.0	99.4229736328125
21	-1.0	99.45419311523438
21	-1.0	99.5345687866211
21	0.024475499987602234	99.65179443359375
21	0.029969999566674232	99.65545654296875
21	-1.0	99.58250427246094
21	-1.0	99.43385314941406
21	-0.6666666865348816	99.40885925292969
21	-1.0	99.44100952148438
21	-1.0	99.47693634033203
21	-1.0	99.58283996582031
21	-1.0	99.33395385742188
21	0.03046949952840805	99.60575866699219
21	-1.0	99.54926300048828
21	-0.6666666865348816	99.10498046875
21	-1.0	99.60404205322266
22	0.02847149968147278	99.47174072265625
22	0.023976000025868416	99.67183685302734
22	-1.0	99.56062316894531
22	-1.0	99.58491516113281
22	-1.0	99.5654067993164
22	-1.0	99.36869812011719
22	-1.0	99.51981353759766
22	-0.3333333432674408	99.3547134399414
22	-1.0	99.47095489501953
22	-1.0	99.52925109863281
22	-0.6666666865348816	99.55619049072266
22	-1.0	99.3191909790039
22	-1.0	99.3814468383789
22	-0.3333333432674408	99.33126831054688
22	-0.3333333432674408	99.344970703125
22	-1.0	99.2711181640625
22	-1.0	99.19025421142578
22	0.03546449914574623	99.49798583984375
22	-1.0	99.59548950195312
22	-0.3333333432674408	99.6612548828125
22	-1.0	99.23515319824219
22	-1.0	99.57696533203125
22	-0.3333333432674408	99.4595718383789
22	-0.3333333432674408	99.40385437011719
22	0.02547449991106987	99.55618286132812
22	-1.0	99.32881927490234
22	-1.0	99.46731567382812
22	-0.3333333432674408	99.43143463134766
22	0.026972999796271324	99.401123046875
22	0.024475499987602234	99.3293685913086
23	-1.0	99.58322143554688
23	-1.0	99.56471252441406
23	-1.0	99.53491973876953
23	-1.0	99.73242950439453
23	-1.0	99.54238891601562
23	-0.3333333432674408	99.38212585449219
23	-0.3333333432674408	99.72722625732422
23	-1.0	99.64373016357422
23	-1.0	99.57933807373047
23	-1.0	99.69817352294922
23	-1.0	99.55196380615234
23	-1.0	99.26176452636719
23	-0.6666666865348816	99.62906646728516
23	-1.0	99.59624481201172
23	-1.0	99.72077941894531
23	-1.0	99.64506530761719
23	-1.0	99.46307373046875
23	-0.3333333432674408	99.726318359375
23	-0.6666666865348816	99.58950805664062
23	-0.3333333432674408	99.65032958984375
23	-1.0	99.50894927978516
23	-1.0	99.62883758544922
23	-1.0	99.54196166992188
23	-1.0	99.50740814208984
23	-1.0	99.55752563476562
23	0.02547449991106987	99.67328643798828
23	-1.0	99.52947998046875
23	0.026473499834537506	99.52478790283203
23	-1.0	99.48645782470703
23	-1.0	99.7387924194336
24	-1.0	99.11050415039062
24	-1.0	99.49818420410156
24	-0.3333333432674408	99.47254943847656
24	-1.0	99.63232421875
24	-1.0	99.421630859375
24	-1.0	99.51041412353516
24	-1.0	99.42655181884766
24	-0.3333333432674408	99.52920532226562
24	-1.0	99.54179382324219
24	-0.3333333432674408	99.50076293945312
24	-0.6666666865348816	99.19786834716797
24	0.026473499834537506	99.57415771484375
24	-1.0	99.5354232788086
24	-1.0	99.6966781616211
24	-1.0	99.6346206665039
24	-0.3333333432674408	99.4861068725586
24	-1.0	99.57518768310547
24	0.026972999796271324	99.57431030273438
24	-1.0	99.58175659179688
24	0.03146849945187569	99.64111328125
24	0.018481500446796417	99.51407623291016
24	0.02547449991106987	99.43943786621094
24	-1.0	99.46280670166016
24	0.02847149968147278	99.58930206298828
24	-1.0	99.4751205444336
24	-0.6666666865348816	99.39327239990234
24	-1.0	99.63075256347656
24	0.03046949952840805	99.48020935058594
24	-1.0	99.21765899658203
24	-1.0	99.32414245605469
25	-1.0	99.4201889038086
25	0.03646349906921387	99.7147445678711
25	-1.0	99.28070068359375
25	0.028970999643206596	99.56839752197266
25	-0.3333333432674408	99.57911682128906
25	-1.0	99.4342041015625
25	-1.0	99.74687194824219
25	-1.0	99.73655700683594
25	-0.6666666865348816	99.37812042236328
25	-1.0	99.39714050292969
25	-1.0	99.64376068115234
25	-1.0	99.63519287109375
25	0.02847149968147278	99.64836120605469
25	-0.3333333432674408	99.52623748779297
25	-1.0	99.54706573486328
25	-0.3333333432674408	99.64946746826172
25	-0.6666666865348816	99.46292114257812
25	-0.3333333432674408	99.40940856933594
25	-1.0	99.47599029541016
25	-1.0	99.41432189941406
25	-0.3333333432674408	99.64701843261719
25	0.02847149968147278	99.42342376708984
25	-0.3333333432674408	99.44100189208984
25	0.03296700119972229	99.36192321777344
25	-0.3333333432674408	99.612060546875
25	-0.3333333432674408	99.6020278930664
25	0.02847149968147278	99.74856567382812
25	-1.0	99.72117614746094
25	-1.0	99.48768615722656
25	-1.0	99.74180603027344
26	-1.0	99.5345230102539
26	-1.0	99.40492248535156
26	-1.0	99.5056381225586
26	-1.0	98.91219329833984
26	-1.0	99.46488952636719
26	-1.0	99.60017395019531
26	-1.0	99.05535888671875
26	-0.3333333432674408	99.06707000732422
26	-0.3333333432674408	99.48865509033203
26	-1.0	99.4931869506836
26	-1.0	99.37236022949219
26	-0.6666666865348816	99.36056518554688
26	-0.6666666865348816	99.51828002929688
26	-0.6666666865348816	99.28126525878906
26	-0.3333333432674408	99.14286041259766
26	0.029969999566674232	99.412109375
26	-1.0	99.11100769042969
26	-1.0	98.93144226074219
26	-1.0	99.28803253173828
26	-0.6666666865348816	99.3453598022461
26	-0.6666666865348816	99.53758239746094
26	-1.0	99.29736328125
26	0.03046949952840805	99.017333984375
26	-0.3333333432674408	99.36883544921875
26	-1.0	99.31289672851562
26	-0.3333333432674408	99.43119812011719
26	-1.0	99.26573181152344
26	-0.3333333432674408	99.45877838134766
26	-0.6666666865348816	99.31109619140625
26	-0.6666666865348816	99.19559478759766
27	-1.0	99.61070251464844
27	0.027472499758005142	99.42525482177734
27	-0.3333333432674408	99.6720199584961
27	-1.0	99.69033813476562
27	0.03346649929881096	99.54373931884766
27	-1.0	99.60337829589844
27	0.026972999796271324	99.68344116210938
27	0.027472499758005142	99.59288024902344
27	-1.0	99.6197509765625
27	-1.0	99.54017639160156
27	-0.3333333432674408	99.74514770507812
27	-0.3333333432674408	99.70895385742188
27	-1.0	99.60384368896484
27	-1.0	99.5792236328125
27	0.03296700119972229	99.65917205810547
27	-1.0	99.64990234375
27	-1.0	99.58309173583984
27	-0.6666666865348816	99.57551574707031
27	-1.0	99.67756652832031
27	-1.0	99.58297729492188
27	-1.0	99.64314270019531
27	0.02847149968147278	99.50907897949219
27	-1.0	99.47722625732422
27	-1.0	99.54695892333984
27	-1.0	99.28478240966797
27	-0.3333333432674408	99.55338287353516
27	0.012237749993801117	99.5510482788086
27	0.034465499222278595	99.7029037475586
27	-1.0	99.48575592041016
27	-0.6666666865348816	99.64413452148438
28	-0.6666666865348816	99.61474609375
28	0.02797199971973896	99.5501480102539
28	-1.0	99.486328125
28	-0.6666666865348816	98.81304931640625
28	-0.3333333432674408	99.1256103515625
28	-1.0	99.41728210449219
28	0.013736249879002571	99.4072036743164
28	-0.3333333432674408	99.48815155029297
28	-1.0	99.4286117553711
28	-0.3333333432674408	99.29666137695312
28	-1.0	99.38927459716797
28	-1.0	99.33757781982422
28	-0.6666666865348816	99.51921844482422
28	-1.0	99.44497680664062
28	-1.0	99.20341491699219
28	-0.3333333432674408	99.54574584960938
28	0.018981000408530235	99.35663604736328
28	-0.3333333432674408	98.91207885742188
28	-1.0	99.3720474243164
28	-0.3333333432674408	99.54430389404297
28	-1.0	99.61153411865234
28	-0.6666666865348816	99.49396514892578
28	-0.3333333432674408	99.52693176269531
28	-1.0	99.59310150146484
28	0.026473499834537506	99.67543029785156
28	-0.6666666865348816	99.619140625
28	-1.0	99.63656616210938
28	-1.0	99.27220153808594
28	-1.0	99.2518310546875
28	-1.0	99.445068359375
29	-1.0	99.29727172851562
29	-1.0	99.45355224609375
29	-1.0	99.48501586914062
29	-0.3333333432674408	99.70294189453125
29	-1.0	99.59210205078125
29	-0.3333333432674408	99.66757202148438
29	-0.3333333432674408	99.18254089355469
29	-1.0	99.53800964355469
29	0.033966001123189926	99.67760467529297
29	0.026972999796271324	99.53187561035156
29	-1.0	99.56828308105469
29	-1.0	99.58946228027344
29	-0.3333333432674408	99.63432312011719
29	-1.0	99.42833709716797
29	-0.3333333432674408	99.40280151367188
29	-1.0	99.24003601074219
29	-1.0	99.57785034179688
29	0.024974999949336052	99.63720703125
29	-1.0	99.5685806274414
29	-1.0	99.27272033691406
29	-0.6666666865348816	99.63558959960938
29	0.03146849945187569	99.31159973144531
29	-1.0	99.33600616455078
29	-0.3333333432674408	99.53775024414062
29	-0.3333333432674408	99.55277252197266
29	-0.3333333432674408	99.53074645996094
29	-1.0	99.51141357421875
29	-0.6666666865348816	99.53912353515625
29	-1.0	99.63743591308594
29	-0.6666666865348816	99.57437133789062
30	-0.6666666865348816	99.67791748046875
30	0.026473499834537506	99.66822814941406
30	-0.6666666865348816	99.65118408203125
30	-0.6666666865348816	99.42446899414062
30	-1.0	99.59397888183594
30	-0.6666666865348816	99.50794219970703
30	-1.0	99.69903564453125
30	0.03346649929881096	99.73860931396484
30	-0.3333333432674408	99.68607330322266
30	-1.0	99.58993530273438
30	-0.6666666865348816	99.64952087402344
30	-1.0	99.58055114746094
30	0.019480500370264053	99.65576171875
30	0.02797199971973896	99.64190673828125
30	-1.0	99.58625030517578
30	-1.0	99.74906158447266
30	-1.0	99.33173370361328
30	-0.3333333432674408	99.67070007324219
30	0.026473499834537506	99.72197723388672
30	-1.0	99.62416076660156
30	-1.0	99.6059799194336
30	0.02797199971973896	99.56047058105469
30	-1.0	99.66038513183594
30	-1.0	99.45528411865234
30	-0.3333333432674408	99.73796844482422
30	-1.0	99.35009765625
30	-0.3333333432674408	99.61514282226562
30	0.03296700119972229	99.39423370361328
30	0.02297700010240078	99.50289154052734
30	0.03096899949014187	99.64839172363281
31	-0.3333333432674408	99.63270568847656
31	-1.0	99.59854888916016
31	-1.0	99.4327392578125
31	-0.3333333432674408	99.2468032836914
31	-0.3333333432674408	99.64916229248047
31	-1.0	99.66121673583984
31	-1.0	99.22248077392578
31	-1.0	99.3829116821289
31	-1.0	99.61625671386719
31	-0.6666666865348816	99.46656036376953
31	-0.6666666865348816	99.4884033203125
31	-0.3333333432674408	99.63085174560547
31	-1.0	99.41285705566406
31	-1.0	99.56519317626953
31	-0.3333333432674408	99.59048461914062
31	0.03146849945187569	99.5918197631836
31	-1.0	99.60565948486328
31	-0.3333333432674408	99.6607894897461
31	-0.6666666865348816	99.59335327148438
31	0.026972999796271324	99.40556335449219
31	-1.0	99.39908599853516
31	0.03096899949014187	99.4997787475586
31	0.028970999643206596	99.51596069335938
31	-0.3333333432674408	99.40599060058594
31	-0.3333333432674408	99.57341766357422
31	0.024475499987602234	99.50655364990234
31	-1.0	99.73003387451172
31	-1.0	99.41102600097656
31	-1.0	99.50126647949219
31	-1.0	99.6370620727539
32	0.029470499604940414	99.40690612792969
32	-0.3333333432674408	99.32337951660156
32	-1.0	99.50213623046875
32	0.024475499987602234	99.44322204589844
32	-0.6666666865348816	99.43257904052734
32	-0.6666666865348816	99.63980102539062
32	-1.0	99.52085876464844
32	-1.0	99.65930938720703
32	0.016983000561594963	99.6806640625
32	-1.0	99.46235656738281
32	0.03146849945187569	99.48075866699219
32	-0.3333333432674408	99.56259155273438
32	-1.0	99.63282775878906
32	-0.3333333432674408	99.56939697265625
32	-0.6666666865348816	99.56269073486328
32	-1.0	99.60822296142578
32	0.028970999643206596	99.66703796386719
32	-1.0	99.5442886352539
32	-1.0	99.61994934082031
32	-1.0	99.55191040039062
32	-1.0	99.47587585449219
32	-1.0	99.5556411743164
32	-1.0	99.48042297363281
32	-0.3333333432674408	99.60428619384766
32	-1.0	99.56571197509766
32	-1.0	99.53089904785156
32	-0.3333333432674408	99.51309204101562
32	-1.0	99.64522552490234
32	-1.0	99.38262176513672
32	-0.3333333432674408	99.53492736816406
33	-0.3333333432674408	99.61947631835938
33	0.021978000178933144	99.51515197753906
33	-1.0	99.54755401611328
33	-0.3333333432674408	99.49507904052734
33	-1.0	99.51045989990234
33	-1.0	99.57627868652344
33	-1.0	99.59689331054688
33	-1.0	99.60699462890625
33	-1.0	99.43934631347656
33	-1.0	99.51013946533203
33	-1.0	99.66765594482422
33	-0.3333333432674408	99.52070617675781
33	-1.0	99.5693359375
33	-1.0	99.44256591796875
33	-1.0	99.48857116699219
33	-0.3333333432674408	99.62792205810547
33	-1.0	99.70082092285156
33	-1.0	99.26611328125
33	0.028970999643206596	99.37325286865234
33	-0.3333333432674408	99.26457214355469
33	-1.0	99.58724975585938
33	-0.3333333432674408	99.39897155761719
33	-1.0	99.58550262451172
33	-1.0	99.4348373413086
33	-0.3333333432674408	99.2931900024414
33	-0.3333333432674408	99.21781921386719
33	-1.0	99.38278198242188
33	-0.3333333432674408	99.3685073852539
33	-1.0	99.5830078125
33	-0.3333333432674408	99.46641540527344
34	-1.0	99.47016906738281
34	-1.0	99.57776641845703
34	-0.6666666865348816	99.50981903076172
34	-1.0	99.42731475830078
34	-1.0	98.9068374633789
34	-1.0	99.1007080078125
34	-1.0	99.51168823242188
34	-0.3333333432674408	99.43553161621094
34	-1.0	99.40914154052734
34	-0.3333333432674408	99.60734558105469
34	-1.0	99.60091400146484
34	-1.0	99.62153625488281
34	-1.0	99.44662475585938
34	-0.3333333432674408	99.45881652832031
34	-1.0	99.55342864990234
34	-1.0	99.37188720703125
34	-1.0	99.18102264404297
34	0.023976000025868416	99.56909942626953
34	-0.6666666865348816	99.47681427001953
34	-1.0	99.42292022705078
34	-1.0	99.57233428955078
34	-1.0	99.4518051147461
34	-1.0	99.56444549560547
34	-0.3333333432674408	99.51771545410156
34	-0.3333333432674408	99.69445037841797
34	-1.0	99.30532836914062
34	0.023976000025868416	99.56195831298828
34	-1.0	99.53874969482422
34	0.03346649929881096	99.48532104492188
34	0.029470499604940414	99.57489013671875
35	-0.3333333432674408	99.5902328491211
35	-1.0	99.6427001953125
35	-1.0	99.64099884033203
35	-0.3333333432674408	99.65520477294922
35	-1.0	99.68199920654297
35	-1.0	99.59829711914062
35	-1.0	99.66224670410156
35	-1.0	99.70670318603516
35	-1.0	99.58013916015625
35	-0.3333333432674408	99.68302917480469
35	-0.3333333432674408	99.64665222167969
35	-1.0	99.55858612060547
35	-1.0	99.65916442871094
35	-0.3333333432674408	99.6207275390625
35	-0.3333333432674408	99.67733764648438
35	-1.0	99.65319061279297
35	-0.3333333432674408	99.56640625
35	-1.0	99.49336242675781
35	-1.0	99.65751647949219
35	0.03296700119972229	99.68701171875
35	-0.3333333432674408	99.62870788574219
35	-1.0	99.6983871459961
35	-1.0	99.60823059082031
35	-1.0	99.49754333496094
35	-0.3333333432674408	99.55854034423828
35	-1.0	99.36410522460938
35	-1.0	99.66148376464844
35	-1.0	99.58184814453125
35	-1.0	99.54674530029297
35	-1.0	99.68745422363281
36	-0.6666666865348816	99.70259857177734
36	-1.0	99.6343994140625
36	-0.3333333432674408	99.61933898925781
36	-1.0	99.66943359375
36	-1.0	99.57754516601562
36	0.023476500064134598	99.6806869506836
36	0.012487499974668026	99.61231231689453
36	-0.3333333432674408	99.69261932373047
36	-0.3333333432674408	99.28164672851562
36	-1.0	99.66062927246094
36	0.02797199971973896	99.66622161865234
36	-0.3333333432674408	99.44921875
36	-1.0	99.63829803466797
36	-0.3333333432674408	99.51251220703125
36	0.033966001123189926	99.66388702392578
36	-1.0	99.57257080078125
36	0.03046949952840805	99.65438842773438
36	0.02547449991106987	99.48287963867188
36	-0.3333333432674408	99.60763549804688
36	-1.0	99.66444396972656
36	-0.6666666865348816	99.6761245727539
36	-1.0	99.65142822265625
36	-0.3333333432674408	99.39293670654297
36	-0.3333333432674408	99.50446319580078
36	-0.3333333432674408	99.67572021484375
36	-1.0	99.26527404785156
36	-1.0	99.39749145507812
36	-1.0	99.55475616455078
36	-1.0	99.5677719116211
36	-1.0	99.67042541503906
37	-1.0	99.51361083984375
37	-1.0	99.60497283935547
37	-0.3333333432674408	99.4626693725586
37	-1.0	99.56108093261719
37	-1.0	99.46849060058594
37	-1.0	99.61808776855469
37	-0.3333333432674408	99.34143829345703
37	-1.0	99.66852569580078
37	-1.0	99.36885070800781
37	0.024974999949336052	99.41666412353516
37	-1.0	99.59391021728516
37	-1.0	99.69052124023438
37	-0.3333333432674408	99.61798095703125
37	-1.0	99.44232940673828
37	-0.3333333432674408	99.57302856445312
37	-1.0	99.4912338256836
37	-0.3333333432674408	99.66165161132812
37	0.028970999643206596	99.48149108886719
37	-1.0	99.66069793701172
37	-1.0	99.62134552001953
37	-1.0	99.7374496459961
37	-1.0	99.63383483886719
37	-0.3333333432674408	99.45695495605469
37	-1.0	99.66261291503906
37	-0.3333333432674408	99.64083862304688
37	-1.0	99.54316711425781
37	-1.0	99.59648895263672
37	-1.0	99.60250854492188
37	-1.0	99.69911193847656
37	-1.0	99.50456237792969
38	0.02847149968147278	99.58663940429688
38	0.03146849945187569	99.68305206298828
38	0.02797199971973896	99.64009857177734
38	-0.3333333432674408	99.03909301757812
38	-0.6666666865348816	99.60491943359375
38	-0.6666666865348816	99.41988372802734
38	-1.0	99.6675033569336
38	-1.0	99.64936065673828
38	-1.0	99.64138793945312
38	-1.0	99.61170959472656
38	-1.0	99.60074615478516
38	-1.0	99.50516510009766
38	-1.0	99.38282012939453
38	-1.0	99.24480438232422
38	0.03096899949014187	99.55843353271484
38	-0.3333333432674408	99.63014221191406
38	-1.0	99.67425537109375
38	-0.3333333432674408	99.46027374267578
38	-1.0	99.61486053466797
38	-0.3333333432674408	99.48974609375
38	-1.0	99.72820281982422
38	-1.0	99.50186157226562
38	-1.0	99.55731964111328
38	-1.0	99.57354736328125
38	0.023976000025868416	99.51383972167969
38	-1.0	99.60423278808594
38	-1.0	99.54670715332031
38	0.026972999796271324	99.58186340332031
38	-1.0	99.7037124633789
38	-0.3333333432674408	99.39022064208984
39	-0.3333333432674408	99.63736724853516
39	-1.0	99.64301300048828
39	-1.0	99.48783111572266
39	-0.6666666865348816	99.6748046875
39	-1.0	99.66366577148438
39	-1.0	99.64540100097656
39	-1.0	99.4094467163086
39	0.027472499758005142	99.67710876464844
39	-1.0	99.53074645996094
39	-1.0	99.63145446777344
39	-1.0	99.68610382080078
39	-1.0	99.62035369873047
39	-1.0	99.56043243408203
39	-1.0	99.57257080078125
39	-0.6666666865348816	99.49054718017578
39	-1.0	99.59938049316406
39	-0.3333333432674408	99.62305450439453
39	-0.3333333432674408	99.60584259033203
39	-0.3333333432674408	99.01107788085938
39	-1.0	99.6620864868164
39	-1.0	99.70030212402344
39	0.024475499987602234	99.60603332519531
39	-1.0	99.42617797851562
39	-1.0	99.592529296875
39	-1.0	99.43588256835938
39	-1.0	99.68781280517578
39	-1.0	99.58909606933594
39	0.03346649929881096	99.42774963378906
39	-1.0	99.50952911376953
39	-1.0	99.63887023925781
40	-1.0	99.32881164550781
40	0.023476500064134598	99.27420043945312
40	-0.3333333432674408	99.52671813964844
40	-1.0	99.4918441772461
40	0.029969999566674232	99.64550018310547
40	-0.3333333432674408	99.63855743408203
40	-1.0	99.58120727539062
40	-0.3333333432674408	99.6279296875
40	-1.0	99.73944854736328
40	-1.0	99.69558715820312
40	-1.0	99.63036346435547
40	-1.0	99.57115936279297
40	0.029470499604940414	99.58282470703125
40	-1.0	99.68437957763672
40	-1.0	99.62421417236328
40	-1.0	99.71343994140625
40	-0.6666666865348816	99.16049194335938
40	-1.0	99.65620422363281
40	-1.0	99.6776123046875
40	0.02547449991106987	99.63755798339844
40	-1.0	99.73079681396484
40	-1.0	99.57625579833984
40	-1.0	99.60783386230469
40	-1.0	99.22775268554688
40	-0.6666666865348816	99.71846008300781
40	-1.0	99.66690063476562
40	-1.0	99.55525207519531
40	-1.0	99.57225036621094
40	-0.3333333432674408	99.32842254638672
40	-0.6666666865348816	99.55728912353516
41	0.026972999796271324	99.68533325195312
41	-0.3333333432674408	99.53104400634766
41	-0.3333333432674408	99.57270812988281
41	0.029470499604940414	99.68412780761719
41	-1.0	99.5352554321289
41	-1.0	99.59183502197266
41	-0.3333333432674408	99.5136947631836
41	-1.0	99.50814056396484
41	-0.3333333432674408	99.47755432128906
41	-1.0	99.349365234375
41	-1.0	99.53904724121094
41	-1.0	99.22176361083984
41	-1.0	99.67071533203125
41	-0.3333333432674408	99.638671875
41	-1.0	99.68431091308594
41	-0.3333333432674408	99.6690444946289
41	-1.0	99.66525268554688
41	-1.0	99.34742736816406
41	-1.0	99.69075012207031
41	-1.0	99.43360137939453
41	-0.6666666865348816	99.62434387207031
41	-0.3333333432674408	99.50454711914062
41	-1.0	99.66138458251953
41	-1.0	99.74419403076172
41	-1.0	99.6636962890625
41	-1.0	99.49335479736328
41	-1.0	99.39604949951172
41	-0.3333333432674408	99.43924713134766
41	-1.0	99.60633850097656
41	-1.0	99.73066711425781
42	-1.0	99.59623718261719
42	-0.3333333432674408	99.64058685302734
42	-1.0	99.69026947021484
42	0.034465499222278595	99.70673370361328
42	-0.6666666865348816	99.71707153320312
42	0.024974999949336052	99.63606262207031
42	-0.3333333432674408	99.60799407958984
42	-1.0	99.65120697021484
42	-0.3333333432674408	99.56780242919922
42	-1.0	99.5734634399414
42	-0.3333333432674408	99.72209167480469
42	0.02297700010240078	99.64006042480469
42	-0.6666666865348816	99.63868713378906
42	-1.0	99.56233978271484
42	0.03296700119972229	99.68020629882812
42	-0.6666666865348816	99.52359771728516
42	-0.3333333432674408	99.6736068725586
42	-1.0	99.6790542602539
42	-1.0	99.58767700195312
42	-0.6666666865348816	99.58663940429688
42	0.02797199971973896	99.64229583740234
42	-1.0	99.57027435302734
42	-1.0	99.70005798339844
42	-1.0	99.56784057617188
42	-1.0	99.53693389892578
42	-1.0	99.51963806152344
42	-1.0	99.42138671875
42	-0.3333333432674408	99.55266571044922
42	-0.3333333432674408	99.67361450195312
42	-1.0	99.60246276855469
43	0.012487499974668026	99.68418884277344
43	-1.0	99.6954116821289
43	0.02547449991106987	99.67304992675781
43	0.029969999566674232	99.66972351074219
43	-1.0	99.6429443359375
43	-1.0	99.65039825439453
43	-1.0	99.51648712158203
43	-1.0	99.678466796875
43	-0.3333333432674408	99.69058990478516
43	-1.0	99.63102722167969
43	-1.0	99.62709045410156
43	-1.0	99.63648986816406
43	0.02297700010240078	99.61444091796875
43	-1.0	99.60111999511719
43	-1.0	99.7093734741211
43	-1.0	99.73907470703125
43	0.02547449991106987	99.60653686523438
43	-0.3333333432674408	99.62821960449219
43	0.024974999949336052	99.55625915527344
43	0.03096899949014187	99.69380187988281
43	-1.0	99.641357421875
43	-1.0	99.49461364746094
43	-1.0	99.63770294189453
43	-1.0	99.70673370361328
43	-1.0	99.52388000488281
43	-1.0	99.63660430908203
43	-1.0	99.72918701171875
43	0.024475499987602234	99.66217041015625
43	-1.0	99.66716003417969
43	-1.0	99.55110168457031
44	0.024475499987602234	99.59242248535156
44	-0.6666666865348816	99.61331939697266
44	-1.0	99.72572326660156
44	0.03096899949014187	99.65802001953125
44	-0.3333333432674408	99.6072998046875
44	-0.3333333432674408	99.75688171386719
44	-1.0	99.63670349121094
44	-0.3333333432674408	99.57408905029297
44	-1.0	99.49437713623047
44	0.023476500064134598	99.49342346191406
44	-1.0	99.35003662109375
44	-1.0	99.38220977783203
44	-1.0	99.40888977050781
44	-1.0	99.6510238647461
44	0.028970999643206596	99.6092529296875
44	-1.0	99.72664642333984
44	-1.0	99.59324645996094
44	-0.3333333432674408	99.73336029052734
44	0.033966001123189926	99.61652374267578
44	-1.0	99.68608093261719
44	-0.6666666865348816	99.57670593261719
44	-1.0	99.69612121582031
44	-1.0	99.43450164794922
44	-1.0	99.6373062133789
44	0.02847149968147278	99.68521881103516
44	-0.3333333432674408	99.68901062011719
44	0.03246749937534332	99.59491729736328
44	-0.3333333432674408	99.58476257324219
44	-1.0	99.61890411376953
44	-0.3333333432674408	99.58783721923828
45	-1.0	99.63865661621094
45	-1.0	99.47845458984375
45	-1.0	99.684326171875
45	-1.0	99.41850280761719
45	0.024974999949336052	99.57533264160156
45	-1.0	99.62594604492188
45	0.024475499987602234	99.53353881835938
45	-1.0	99.68621063232422
45	-1.0	99.50812530517578
45	-1.0	99.38628387451172
45	-1.0	99.57389068603516
45	-0.3333333432674408	99.69812774658203
45	0.03346649929881096	99.67047119140625
45	-0.6666666865348816	99.666748046875
45	-1.0	99.60175323486328
45	-1.0	99.63835144042969
45	-1.0	99.54688262939453
45	-1.0	99.50181579589844
45	-1.0	99.67866516113281
45	-1.0	99.54749298095703
45	-0.3333333432674408	99.70914459228516
45	-1.0	99.47276306152344
45	0.036963000893592834	99.61164855957031
45	-0.6666666865348816	99.48222351074219
45	-1.0	99.61488342285156
45	0.02247750014066696	99.63532257080078
45	0.02797199971973896	99.64644622802734
45	-1.0	99.65040588378906
45	-0.3333333432674408	99.67911529541016
45	-1.0	99.57488250732422
46	-1.0	99.66869354248047
46	-1.0	99.53652954101562
46	-0.3333333432674408	99.39483642578125
46	-1.0	99.58861541748047
46	-1.0	99.3520278930664
46	-1.0	99.55343627929688
46	-1.0	99.59606170654297
46	-1.0	99.64201354980469
46	-0.6666666865348816	99.49442291259766
46	-1.0	99.47447204589844
46	-1.0	99.61536407470703
46	-1.0	99.60546112060547
46	-1.0	99.69725036621094
46	0.03146849945187569	99.20845031738281
46	-1.0	99.373291015625
46	-1.0	99.51496887207031
46	-1.0	99.48722076416016
46	-0.3333333432674408	99.384521484375
46	-0.3333333432674408	99.60037231445312
46	-1.0	99.31834411621094
46	-0.3333333432674408	99.65191650390625
46	0.018481500446796417	99.58850860595703
46	-1.0	99.58717346191406
46	-1.0	99.5929946899414
46	-0.3333333432674408	99.63240051269531
46	-1.0	99.02240753173828
46	-1.0	99.37397766113281
46	-1.0	99.29592895507812
46	-0.3333333432674408	99.44756317138672
46	-1.0	99.52047729492188
47	-0.3333333432674408	99.66287994384766
47	-1.0	99.54483795166016
47	-0.3333333432674408	99.29821014404297
47	-0.3333333432674408	99.66012573242188
47	-1.0	99.65666198730469
47	0.01998000033199787	99.47978210449219
47	-1.0	99.46356201171875
47	-1.0	99.65641021728516
47	-1.0	99.43812561035156
47	0.02847149968147278	99.68450927734375
47	0.03496500104665756	99.60897827148438
47	-0.6666666865348816	99.56175994873047
47	-1.0	99.66117858886719
47	-0.3333333432674408	99.49071502685547
47	-0.3333333432674408	99.54360961914062
47	-1.0	99.6916732788086
47	-0.3333333432674408	99.64016723632812
47	-1.0	99.65241241455078
47	-1.0	99.62267303466797
47	-1.0	99.69334411621094
47	-1.0	99.66548919677734
47	-1.0	99.56424713134766
47	-1.0	99.6651382446289
47	-0.3333333432674408	99.70293426513672
47	-1.0	99.69831848144531
47	-1.0	99.55897521972656
47	-1.0	99.43611145019531
47	-1.0	99.68328857421875
47	-1.0	99.51231384277344
47	-0.6666666865348816	99.66278076171875
48	-0.6666666865348816	99.43424224853516
48	-1.0	99.58489227294922
48	-1.0	99.36590576171875
48	-0.6666666865348816	99.49774932861328
48	-1.0	99.61312866210938
48	-1.0	99.25022888183594
48	0.023976000025868416	99.65223693847656
48	-0.3333333432674408	99.54362487792969
48	-1.0	99.55442810058594
48	-1.0	99.53082275390625
48	-0.3333333432674408	99.69984436035156
48	-1.0	99.43629455566406
48	-1.0	99.43817901611328
48	-1.0	99.64579772949219
48	-0.3333333432674408	99.5414810180664
48	-1.0	99.26898956298828
48	-0.3333333432674408	99.56165313720703
48	-0.3333333432674408	99.59846496582031
48	-0.3333333432674408	99.5915298461914
48	-1.0	99.53408813476562
48	-1.0	99.48594665527344
48	-1.0	99.47190856933594
48	-1.0	99.29891967773438
48	-0.6666666865348816	99.533935546875
48	-1.0	99.60733032226562
48	-1.0	99.14790344238281
48	-1.0	99.68370056152344
48	-1.0	99.46540069580078
48	-0.3333333432674408	99.5130844116211
48	-1.0	99.2903060913086
49	-0.6666666865348816	99.47369384765625
49	-1.0	99.55610656738281
49	-0.3333333432674408	99.6617202758789
49	-1.0	99.70116424560547
49	-1.0	99.60450744628906
49	-1.0	99.44034576416016
49	-0.6666666865348816	99.48249816894531
49	-0.3333333432674408	99.4117202758789
49	-1.0	99.51171875
49	-1.0	99.63899230957031
49	-1.0	99.60394287109375
49	-1.0	99.56288146972656
49	0.023476500064134598	99.60556030273438
49	-1.0	99.609619140625
49	-1.0	99.60678100585938
49	0.029969999566674232	99.53524017333984
49	0.03646349906921387	99.4683837890625
49	0.03096899949014187	99.47676849365234
49	-1.0	99.60462188720703
49	-1.0	99.62584686279297
49	-1.0	99.60558319091797
49	0.021978000178933144	99.61101531982422
49	-1.0	99.59483337402344
49	-1.0	99.5615005493164
49	-0.3333333432674408	99.43022155761719
49	-0.6666666865348816	99.59241485595703
49	-1.0	99.64059448242188
49	-1.0	99.65435791015625
49	0.03346649929881096	99.48886108398438
49	-1.0	99.6796646118164
50	-1.0	99.7026138305664
50	-1.0	99.4696044921875
50	-1.0	99.65419006347656
50	0.03296700119972229	99.52456665039062
50	-1.0	99.7283706665039
50	-0.6666666865348816	99.64307403564453
50	-1.0	99.6357650756836
50	-0.3333333432674408	99.62434387207031
50	-1.0	99.57545471191406
50	-1.0	99.56002807617188
50	-1.0	99.67599487304688
50	-1.0	99.5859375
50	-1.0	99.62456512451172
50	-0.6666666865348816	99.60811614990234
50	-0.3333333432674408	99.52093505859375
50	-1.0	99.68974304199219
50	-1.0	99.68285369873047
50	-0.3333333432674408	99.7015609741211
50	-1.0	99.66881561279297
50	-1.0	99.60614776611328
50	-1.0	99.65715789794922
50	-0.3333333432674408	99.7110595703125
50	-1.0	99.67083740234375
50	-1.0	99.66452026367188
50	-1.0	99.709716796875
50	-0.6666666865348816	99.72760772705078
50	0.0179820004850626	99.72735595703125
50	-1.0	99.64250183105469
50	-1.0	99.74031066894531
50	-1.0	99.67843627929688
51	-1.0	99.48442077636719
51	0.024974999949336052	99.642578125
51	-0.6666666865348816	99.6806869506836
51	-1.0	99.73765563964844
51	0.014485499821603298	99.53759765625
51	-1.0	99.6541976928711
51	-0.6666666865348816	99.59851837158203
51	-1.0	99.612060546875
51	-1.0	99.61454010009766
51	-1.0	99.73332214355469
51	-1.0	99.56834411621094
51	0.03046949952840805	99.73497009277344
51	0.02547449991106987	99.52467346191406
51	-1.0	99.69288635253906
51	-0.6666666865348816	99.44949340820312
51	-0.3333333432674408	99.65324401855469
51	-0.3333333432674408	99.63873291015625
51	-1.0	99.75391387939453
51	-1.0	99.5719985961914
51	-0.3333333432674408	99.37696838378906
51	-1.0	99.5685806274414
51	-1.0	99.63591003417969
51	0.029969999566674232	99.55644989013672
51	-1.0	99.69078826904297
51	-1.0	99.68701171875
51	-1.0	99.64530944824219
51	-1.0	99.66043090820312
51	-1.0	99.61774444580078
51	0.02297700010240078	99.52470397949219
51	-1.0	99.70784759521484
52	-1.0	99.54080200195312
52	-1.0	99.39912414550781
52	-0.3333333432674408	99.6926498413086
52	-1.0	99.53401947021484
52	0.023976000025868416	99.6798324584961
52	-1.0	99.75788116455078
52	-1.0	99.65594482421875
52	-0.6666666865348816	99.66087341308594
52	0.024475499987602234	99.64965057373047
52	-1.0	99.49859619140625
52	0.025973999872803688	99.49549102783203
52	-0.6666666865348816	99.54842376708984
52	-1.0	99.56541442871094
52	-1.0	99.61785125732422
52	-1.0	99.53964233398438
52	0.03296700119972229	99.59803009033203
52	-0.3333333432674408	99.5388412475586
52	-1.0	99.52314758300781
52	0.02047950029373169	99.59188079833984
52	-0.6666666865348816	99.61742401123047
52	-1.0	99.5356674194336
52	-1.0	99.6509017944336
52	-1.0	99.4869155883789
52	0.02797199971973896	99.63252258300781
52	-0.6666666865348816	99.64387512207031
52	-0.3333333432674408	99.67545318603516
52	-0.3333333432674408	99.64204406738281
52	-0.3333333432674408	99.55238342285156
52	-0.3333333432674408	99.58616638183594
52	-1.0	99.59600830078125
53	0.02847149968147278	99.5489501953125
53	-1.0	99.47657775878906
53	-1.0	99.64598083496094
53	-0.3333333432674408	99.58039855957031
53	-1.0	99.52345275878906
53	-1.0	99.4791030883789
53	-0.3333333432674408	99.6961669921875
53	-1.0	99.61883544921875
53	-1.0	99.64766693115234
53	0.024974999949336052	99.6282730102539
53	-1.0	99.72693634033203
53	-1.0	99.58385467529297
53	0.01398599985986948	99.60857391357422
53	-1.0	99.63906860351562
53	-0.3333333432674408	99.58483123779297
53	-1.0	99.55011749267578
53	0.028970999643206596	99.53129577636719
53	-0.3333333432674408	99.55229949951172
53	-1.0	99.6967544555664
53	-1.0	99.60789489746094
53	-1.0	99.72014617919922
53	-0.3333333432674408	99.4037857055664
53	-1.0	99.49867248535156
53	-1.0	99.67054748535156
53	-1.0	99.5189437866211
53	-1.0	99.56253814697266
53	-1.0	99.64891052246094
53	-1.0	99.63741302490234
53	-0.3333333432674408	99.7269515991211
53	-0.3333333432674408	99.73114776611328
54	-0.3333333432674408	99.655517578125
54	-1.0	99.5420913696289
54	-1.0	99.66978454589844
54	-0.6666666865348816	99.72079467773438
54	-0.6666666865348816	99.53266143798828
54	-1.0	99.6801986694336
54	-0.3333333432674408	99.53044128417969
54	-1.0	99.63996124267578
54	-1.0	99.62298583984375
54	-0.6666666865348816	99.68505859375
54	-1.0	99.47722625732422
54	-0.3333333432674408	99.58959197998047
54	-1.0	99.67161560058594
54	-0.3333333432674408	99.52760314941406
54	-0.3333333432674408	99.58858489990234
54	-0.3333333432674408	99.59436798095703
54	-1.0	99.7179946899414
54	-1.0	99.5467300415039
54	-1.0	99.25605010986328
54	-1.0	99.3128890991211
54	-1.0	99.70308685302734
54	0.024974999949336052	99.38509368896484
54	0.026473499834537506	99.70223999023438
54	-1.0	99.67866516113281
54	-0.6666666865348816	99.65469360351562
54	-1.0	99.68863677978516
54	0.014984999783337116	99.65718078613281
54	-1.0	99.68070983886719
54	-1.0	99.55998992919922
54	-1.0	99.56477355957031
55	-1.0	99.54879760742188
55	-0.3333333432674408	99.71454620361328
55	-0.6666666865348816	99.61797332763672
55	-1.0	99.69017028808594
55	0.03146849945187569	99.56916809082031
55	-1.0	99.51602935791016
55	-1.0	99.63595581054688
55	-0.3333333432674408	99.66870880126953
55	-1.0	99.58507537841797
55	-0.3333333432674408	99.59221649169922
55	-1.0	99.71635437011719
55	-1.0	99.71607971191406
55	0.028970999643206596	99.69224548339844
55	-1.0	99.64820861816406
55	0.03346649929881096	99.659423828125
55	-0.6666666865348816	99.60806274414062
55	-1.0	99.64215087890625
55	-1.0	99.70286560058594
55	-0.6666666865348816	99.65443420410156
55	-0.6666666865348816	99.72953796386719
55	-1.0	99.58958435058594
55	-0.3333333432674408	99.65924835205078
55	0.013486499898135662	99.65817260742188
55	-1.0	99.66110229492188
55	-1.0	99.6172866821289
55	0.02297700010240078	99.60294342041016
55	-0.3333333432674408	99.57926940917969
55	-0.3333333432674408	99.5925521850586
55	-1.0	99.62348937988281
55	-1.0	99.62173461914062
56	-0.3333333432674408	99.57395935058594
56	-0.3333333432674408	99.52651977539062
56	-0.6666666865348816	99.61685943603516
56	0.03096899949014187	99.38750457763672
56	-1.0	99.55247497558594
56	0.026473499834537506	99.50765228271484
56	-1.0	99.58537292480469
56	-1.0	99.62761688232422
56	-0.3333333432674408	99.5916519165039
56	-1.0	99.69424438476562
56	-0.3333333432674408	99.60357666015625
56	0.024475499987602234	99.57063293457031
56	-0.3333333432674408	99.7105484008789
56	-0.3333333432674408	99.7038345336914
56	-1.0	99.5932388305664
56	-1.0	99.56121063232422
56	-0.6666666865348816	99.7105941772461
56	-1.0	99.56587219238281
56	-1.0	99.63848114013672
56	-1.0	99.65034484863281
56	-0.3333333432674408	99.7101821899414
56	0.02547449991106987	99.65718078613281
56	-0.3333333432674408	99.7352294921875
56	0.02247750014066696	99.56433868408203
56	-1.0	99.65788269042969
56	-0.3333333432674408	99.6207046508789
56	-1.0	99.58377075195312
56	-1.0	99.5257568359375
56	-1.0	99.66844177246094
56	-1.0	99.4892349243164
57	-1.0	99.70179748535156
57	-0.3333333432674408	99.64594268798828
57	-0.6666666865348816	99.66361236572266
57	-1.0	99.67852783203125
57	-1.0	99.7128677368164
57	-0.3333333432674408	99.70730590820312
57	-0.6666666865348816	99.61969757080078
57	-0.3333333432674408	99.60649108886719
57	0.02847149968147278	99.72840118408203
57	-1.0	99.67510986328125
57	-1.0	99.692138671875
57	-1.0	99.68646240234375
57	-1.0	99.67232513427734
57	0.033966001123189926	99.54985046386719
57	-0.3333333432674408	99.56375122070312
57	-1.0	99.63992309570312
57	-1.0	99.61764526367188
57	-1.0	99.65522003173828
57	-0.3333333432674408	99.53013610839844
57	0.023976000025868416	99.60150146484375
57	-1.0	99.54972839355469
57	-1.0	99.67430114746094
57	-0.3333333432674408	99.6529312133789
57	-1.0	99.74698638916016
57	-1.0	99.68220520019531
57	-0.6666666865348816	99.61375427246094
57	-1.0	99.6110610961914
57	-0.3333333432674408	99.6460189819336
57	-1.0	99.66167449951172
57	-0.6666666865348816	99.69122314453125
58	-1.0	99.3465805053711
58	-0.6666666865348816	99.48217010498047
58	0.03346649929881096	99.6834487915039
58	-0.3333333432674408	99.44271850585938
58	0.024475499987602234	99.65657043457031
58	-1.0	99.59620666503906
58	-0.3333333432674408	99.64307403564453
58	0.025973999872803688	99.55387115478516
58	-1.0	99.6526870727539
58	-0.3333333432674408	99.63250732421875
58	-1.0	99.69381713867188
58	-1.0	99.44558715820312
58	-1.0	99.50531005859375
58	-0.3333333432674408	99.68122100830078
58	-0.3333333432674408	99.6429214477539
58	-1.0	99.51377868652344
58	-1.0	99.43708801269531
58	0.02247750014066696	99.54463195800781
58	-1.0	99.6087875366211
58	0.027472499758005142	99.64153289794922
58	-0.3333333432674408	99.58625793457031
58	-1.0	99.55449676513672
58	-1.0	99.65120697021484
58	-0.6666666865348816	99.38650512695312
58	0.03046949952840805	99.61072540283203
58	-1.0	99.60950469970703
58	-1.0	99.57170104980469
58	-0.3333333432674408	99.6462173461914
58	-1.0	99.55525970458984
58	-1.0	99.62520599365234
59	-1.0	99.61557006835938
59	0.016983000561594963	99.65138244628906
59	-1.0	99.60334777832031
59	-0.3333333432674408	99.6600112915039
59	-1.0	99.67535400390625
59	-1.0	99.69933319091797
59	-1.0	99.66403198242188
59	0.03146849945187569	99.66096496582031
59	-1.0	99.60667419433594
59	-1.0	99.53837585449219
59	-1.0	99.643798828125
59	0.02797199971973896	99.71001434326172
59	0.02247750014066696	99.63919067382812
59	-0.3333333432674408	99.66024017333984
59	-1.0	99.61911010742188
59	-0.3333333432674408	99.62511444091797
59	-1.0	99.60877227783203
59	-1.0	99.70011901855469
59	-1.0	99.67059326171875
59	-1.0	99.58194732666016
59	0.025973999872803688	99.64262390136719
59	-1.0	99.73895263671875
59	-0.3333333432674408	99.68700408935547
59	-0.3333333432674408	99.64476776123047
59	-1.0	99.70083618164062
59	0.03546449914574623	99.59799194335938
59	-0.3333333432674408	99.69682312011719
59	0.013486499898135662	99.68616485595703
59	0.026473499834537506	99.66116333007812
59	-1.0	99.66984558105469
60	-1.0	99.6628646850586
60	-1.0	99.49031829833984
60	-1.0	99.73302459716797
60	-0.3333333432674408	99.70974731445312
60	-1.0	99.60892486572266
60	-0.3333333432674408	99.568603515625
60	-1.0	99.56043243408203
60	-1.0	99.66529083251953
60	-1.0	99.56781768798828
60	-1.0	99.62698364257812
60	-0.3333333432674408	99.43160247802734
60	-1.0	99.73660278320312
60	-1.0	99.61112976074219
60	-1.0	99.55628204345703
60	-1.0	99.5782699584961
60	-0.6666666865348816	99.66278076171875
60	-1.0	99.62893676757812
60	-1.0	99.49359893798828
60	-1.0	99.66449737548828
60	-1.0	99.61476135253906
60	0.02297700010240078	99.7361068725586
60	-0.6666666865348816	99.6275634765625
60	-1.0	99.684326171875
60	-1.0	99.5236587524414
60	-1.0	99.60587310791016
60	-1.0	99.63178253173828
60	-1.0	99.46884155273438
60	-0.3333333432674408	99.6686782836914
60	-1.0	99.52591705322266
60	0.02297700010240078	99.52887725830078
61	-1.0	99.55683898925781
61	-0.3333333432674408	99.54881286621094
61	-1.0	99.5289306640625
61	-1.0	99.63174438476562
61	-0.3333333432674408	99.68865966796875
61	-0.6666666865348816	99.69679260253906
61	0.02797199971973896	99.4542236328125
61	0.02047950029373169	99.61090087890625
61	0.02797199971973896	99.54449462890625
61	-0.3333333432674408	99.68950653076172
61	-1.0	99.52708435058594
61	-1.0	99.48587799072266
61	-1.0	99.58522033691406
61	-0.3333333432674408	99.46369934082031
61	-1.0	99.61265563964844
61	-1.0	99.62198638916016
61	-1.0	99.55850982666016
61	-0.3333333432674408	99.55372619628906
61	-1.0	99.5179214477539
61	-0.3333333432674408	99.5931625366211
61	0.027472499758005142	99.67120361328125
61	-1.0	99.69293212890625
61	-1.0	99.63636779785156
61	-0.3333333432674408	99.46759033203125
61	0.021478500217199326	99.65000915527344
61	-1.0	99.58631134033203
61	-1.0	99.71842956542969
61	-1.0	99.60252380371094
61	0.034465499222278595	99.69745635986328
61	-1.0	99.53289031982422
62	-0.3333333432674408	99.65753173828125
62	-0.3333333432674408	99.69917297363281
62	-0.3333333432674408	99.59185791015625
62	-1.0	99.60265350341797
62	-1.0	99.68358612060547
62	0.03496500104665756	99.57167053222656
62	0.025973999872803688	99.73477172851562
62	-0.3333333432674408	99.51534271240234
62	-0.3333333432674408	99.63294219970703
62	-1.0	99.57337951660156
62	0.02797199971973896	99.62035369873047
62	-1.0	99.48300170898438
62	0.026972999796271324	99.670654296875
62	-0.3333333432674408	99.63900756835938
62	-0.3333333432674408	99.46682739257812
62	-0.3333333432674408	99.69306945800781
62	-0.3333333432674408	99.6255874633789
62	0.029969999566674232	99.67921447753906
62	-0.3333333432674408	99.56867218017578
62	-1.0	99.62805938720703
62	-1.0	99.56935119628906
62	-0.3333333432674408	99.68313598632812
62	0.025973999872803688	99.70543670654297
62	-1.0	99.55809783935547
62	-0.3333333432674408	99.53021240234375
62	-0.3333333432674408	99.71351623535156
62	-1.0	99.64336395263672
62	-1.0	99.60604858398438
62	-1.0	99.69564056396484
62	-1.0	99.56135559082031
63	-1.0	99.47958374023438
63	0.03096899949014187	99.69023132324219
63	0.023476500064134598	99.70573425292969
63	-0.3333333432674408	99.42993927001953
63	-0.6666666865348816	99.6556396484375
63	-0.6666666865348816	99.57009887695312
63	-1.0	99.66645050048828
63	-0.6666666865348816	99.61152648925781
63	-0.6666666865348816	99.70954895019531
63	-0.3333333432674408	99.52999114990234
63	-0.6666666865348816	99.6135482788086
63	-1.0	99.59125518798828
63	-1.0	99.56513214111328
63	-1.0	99.51863861083984
63	-0.6666666865348816	99.54926300048828
63	-1.0	99.51104736328125
63	-1.0	99.55633544921875
63	-1.0	99.64598846435547
63	-0.3333333432674408	99.69915771484375
63	-1.0	99.61442565917969
63	-1.0	99.64678192138672
63	-0.3333333432674408	99.68307495117188
63	-1.0	99.55924987792969
63	-1.0	99.54044342041016
63	-0.3333333432674408	99.59559631347656
63	-1.0	99.50491333007812
63	-1.0	99.74864959716797
63	-1.0	99.54256439208984
63	-0.3333333432674408	99.61862182617188
63	-1.0	99.6762924194336
64	0.03246749937534332	99.65234375
64	-1.0	99.38129425048828
64	-1.0	99.65223693847656
64	-1.0	99.33065795898438
64	-0.3333333432674408	99.70059204101562
64	-0.3333333432674408	99.46089935302734
64	-1.0	99.69184112548828
64	-1.0	99.6158676147461
64	-1.0	99.35282135009766
64	-1.0	99.6253433227539
64	-1.0	99.53366088867188
64	-0.3333333432674408	99.5537338256836
64	-1.0	99.6277084350586
64	0.025973999872803688	99.57633209228516
64	-1.0	99.71755981445312
64	-1.0	99.44744110107422
64	-1.0	99.7388916015625
64	-1.0	99.67616271972656
64	-1.0	99.69847106933594
64	-1.0	99.68412017822266
64	0.025973999872803688	99.63360595703125
64	-1.0	99.64388275146484
64	-1.0	99.50791931152344
64	-1.0	99.63898468017578
64	-1.0	99.61286926269531
64	-0.3333333432674408	99.67711639404297
64	-0.6666666865348816	99.65296936035156
64	-1.0	99.62625122070312
64	-1.0	99.63124084472656
64	-1.0	99.5575942993164
65	-0.3333333432674408	99.61292266845703
65	-1.0	99.65379333496094
65	-0.3333333432674408	99.51094818115234
65	-1.0	99.58731842041016
65	-0.3333333432674408	99.59284210205078
65	-1.0	99.47383117675781
65	-0.3333333432674408	99.6624755859375
65	-1.0	99.63419342041016
65	-1.0	99.55484008789062
65	-0.3333333432674408	99.519287109375
65	-1.0	99.61810302734375
65	-1.0	99.61643981933594
65	-1.0	99.50746154785156
65	-1.0	99.61386108398438
65	-1.0	99.44930267333984
65	-1.0	99.29386901855469
65	-1.0	99.63770294189453
65	-1.0	99.57278442382812
65	-1.0	99.71430206298828
65	-1.0	99.58824920654297
65	-0.3333333432674408	99.70108032226562
65	-0.3333333432674408	99.71786499023438
65	0.03346649929881096	99.66014099121094
65	-0.3333333432674408	99.56417083740234
65	-0.3333333432674408	99.62091827392578
65	-1.0	99.57051849365234
65	-0.3333333432674408	99.63314056396484
65	-1.0	99.5308837890625
65	-0.3333333432674408	99.66320037841797
65	-1.0	99.60429382324219
66	-1.0	99.57560729980469
66	-1.0	99.67193603515625
66	0.01998000033199787	99.6606216430664
66	-1.0	99.5973892211914
66	-0.3333333432674408	99.52882385253906
66	-0.6666666865348816	99.59650421142578
66	-0.3333333432674408	99.52471160888672
66	-1.0	99.62741088867188
66	-1.0	99.67096710205078
66	-0.3333333432674408	99.64337158203125
66	-0.3333333432674408	99.5084457397461
66	-0.3333333432674408	99.65670776367188
66	-1.0	99.65304565429688
66	-0.6666666865348816	99.55352020263672
66	-1.0	99.64093017578125
66	-1.0	99.49513244628906
66	-1.0	99.700927734375
66	-1.0	99.60231018066406
66	-0.3333333432674408	99.54801940917969
66	-1.0	99.37840270996094
66	-0.6666666865348816	99.61869812011719
66	-1.0	99.65482330322266
66	-1.0	99.5863037109375
66	-0.3333333432674408	99.53462219238281
66	0.03146849945187569	99.49579620361328
66	-1.0	99.75074768066406
66	-1.0	99.5929946899414
66	-0.3333333432674408	99.70011901855469
66	-0.3333333432674408	99.56302642822266
66	-1.0	99.65819549560547
67	-1.0	99.54060363769531
67	-1.0	99.66000366210938
67	-1.0	99.64207458496094
67	-1.0	99.59744262695312
67	-0.3333333432674408	99.59550476074219
67	-1.0	99.50641632080078
67	-1.0	99.57006072998047
67	-1.0	99.6666030883789
67	0.021978000178933144	99.59407806396484
67	-1.0	99.65406799316406
67	-1.0	99.49967193603516
67	-0.3333333432674408	99.65116882324219
67	-0.3333333432674408	99.64785766601562
67	0.014485499821603298	99.65910339355469
67	-1.0	99.57959747314453
67	-0.3333333432674408	99.67941284179688
67	-1.0	99.63854217529297
67	-1.0	99.59043884277344
67	-0.6666666865348816	99.71070861816406
67	-0.3333333432674408	99.57878112792969
67	-0.3333333432674408	99.61312103271484
67	-0.3333333432674408	99.67378997802734
67	-1.0	99.69832611083984
67	0.03146849945187569	99.66165161132812
67	-1.0	99.6667251586914
67	-1.0	99.54853057861328
67	-1.0	99.64414978027344
67	0.019480500370264053	99.61094665527344
67	-1.0	99.64550018310547
67	-1.0	99.67094421386719
68	0.02297700010240078	99.5994873046875
68	-0.3333333432674408	99.66213989257812
68	-0.3333333432674408	99.51517486572266
68	-1.0	99.61717224121094
68	-1.0	99.66209411621094
68	-1.0	99.60871124267578
68	-1.0	99.68013763427734
68	-1.0	99.5951919555664
68	-1.0	99.39091491699219
68	-1.0	99.56812286376953
68	-1.0	99.5408706665039
68	-1.0	99.63142395019531
68	-1.0	99.6332778930664
68	-1.0	99.53836059570312
68	-1.0	99.66265869140625
68	-1.0	99.69189453125
68	-1.0	99.43834686279297
68	-1.0	99.69375610351562
68	-0.6666666865348816	99.57041931152344
68	0.023976000025868416	99.50399780273438
68	-0.6666666865348816	99.60433959960938
68	-0.3333333432674408	99.5823974609375
68	-1.0	99.64514923095703
68	-0.3333333432674408	99.603759765625
68	-1.0	99.6785888671875
68	-0.3333333432674408	99.6861801147461
68	-0.3333333432674408	99.4474868774414
68	-1.0	99.74394989013672
68	-0.6666666865348816	99.68577575683594
68	-1.0	99.6064224243164
69	-0.3333333432674408	99.6719970703125
69	-0.3333333432674408	99.5880355834961
69	-1.0	99.5788803100586
69	0.024974999949336052	99.68370819091797
69	-0.3333333432674408	99.54696655273438
69	-1.0	99.65302276611328
69	-1.0	99.6793212890625
69	-0.6666666865348816	99.58261108398438
69	-0.3333333432674408	99.59677124023438
69	-0.3333333432674408	99.65545654296875
69	0.029969999566674232	99.69786834716797
69	0.02297700010240078	99.57467651367188
69	-0.3333333432674408	99.58485412597656
69	-1.0	99.66708374023438
69	-0.6666666865348816	99.63065338134766
69	-1.0	99.61691284179688
69	0.03096899949014187	99.44418334960938
69	-0.3333333432674408	99.66255950927734
69	-1.0	99.65180206298828
69	-1.0	99.72627258300781
69	-0.3333333432674408	99.49449157714844
69	-1.0	99.51828002929688
69	-1.0	99.69849395751953
69	-1.0	99.7085189819336
69	-1.0	99.63674926757812
69	-1.0	99.71097564697266
69	-1.0	99.65607452392578
69	-1.0	99.5396499633789
69	-0.3333333432674408	99.60871887207031
69	-0.6666666865348816	99.6772232055664
70	0.029470499604940414	99.61050415039062
70	-1.0	99.7184829711914
70	-1.0	99.61431884765625
70	-0.3333333432674408	99.46856689453125
70	-0.3333333432674408	99.5217514038086
70	0.02797199971973896	99.76394653320312
70	-1.0	99.50758361816406
70	-0.3333333432674408	99.61473846435547
70	-1.0	99.61654663085938
70	-0.6666666865348816	99.61803436279297
70	-1.0	99.6220703125
70	-1.0	99.64276123046875
70	-0.3333333432674408	99.63172912597656
70	-0.3333333432674408	99.64851379394531
70	-0.3333333432674408	99.70610809326172
70	-1.0	99.6824722290039
70	-1.0	99.59817504882812
70	-1.0	99.67074584960938
70	-1.0	99.71765899658203
70	-1.0	99.63652038574219
70	-1.0	99.71151733398438
70	-0.6666666865348816	99.69368743896484
70	-1.0	99.57310485839844
70	-0.3333333432674408	99.53662872314453
70	-1.0	99.65544891357422
70	0.02547449991106987	99.73434448242188
70	-1.0	99.70338439941406
70	-1.0	99.39611053466797
70	-1.0	99.58889770507812
70	0.026972999796271324	99.67987060546875
71	-1.0	99.69329833984375
71	-1.0	99.65105438232422
71	-1.0	99.6185073852539
71	-0.3333333432674408	99.64942169189453
71	-1.0	99.68545532226562
71	-0.3333333432674408	99.67682647705078
71	-1.0	99.6662826538086
71	-1.0	99.65773010253906
71	-1.0	99.6892318725586
71	-1.0	99.58048248291016
71	-1.0	99.68103790283203
71	-0.3333333432674408	99.49867248535156
71	-1.0	99.68473815917969
71	-1.0	99.69401550292969
71	-1.0	99.68209075927734
71	-0.3333333432674408	99.69204711914062
71	-1.0	99.56278991699219
71	-0.3333333432674408	99.62818145751953
71	-1.0	99.69731140136719
71	-1.0	99.62108612060547
71	0.02297700010240078	99.67741394042969
71	-0.6666666865348816	99.70220184326172
71	-0.3333333432674408	99.71806335449219
71	0.02297700010240078	99.69354248046875
71	-0.6666666865348816	99.66934204101562
71	-1.0	99.6512222290039
71	-0.6666666865348816	99.6310806274414
71	-1.0	99.57359313964844
71	-1.0	99.63032531738281
71	-0.3333333432674408	99.67594146728516
72	-1.0	99.59397888183594
72	-0.3333333432674408	99.56401062011719
72	-1.0	99.6134033203125
72	0.029470499604940414	99.72225952148438
72	0.021978000178933144	99.56748962402344
72	-1.0	99.60956573486328
72	0.03296700119972229	99.70470428466797
72	-1.0	99.53433990478516
72	-1.0	99.59184265136719
72	-1.0	99.58067321777344
72	-1.0	99.52693939208984
72	-1.0	99.69480895996094
72	-1.0	99.6723403930664
72	-0.3333333432674408	99.54071044921875
72	-1.0	99.62976837158203
72	-0.6666666865348816	99.56291961669922
72	-0.3333333432674408	99.6485824584961
72	-0.6666666865348816	99.52025604248047
72	-1.0	99.63654327392578
72	-1.0	99.58576965332031
72	0.026972999796271324	99.6759033203125
72	-1.0	99.56307983398438
72	-1.0	99.58011627197266
72	-0.3333333432674408	99.67484283447266
72	-0.3333333432674408	99.52230072021484
72	-1.0	99.71702575683594
72	-1.0	99.49996185302734
72	-1.0	99.56328582763672
72	-0.6666666865348816	99.7147216796875
72	-0.6666666865348816	99.68791961669922
73	-1.0	99.55502319335938
73	-1.0	99.64178466796875
73	0.02547449991106987	99.69218444824219
73	-1.0	99.72216796875
73	-0.3333333432674408	99.57901000976562
73	-1.0	99.26773071289062
73	-1.0	99.62094116210938
73	-1.0	99.68341064453125
73	-1.0	99.5494613647461
73	-1.0	99.60673522949219
73	0.01998000033199787	99.47595977783203
73	-1.0	99.58831024169922
73	-1.0	99.59901428222656
73	0.02297700010240078	99.48381042480469
73	0.02247750014066696	99.63451385498047
73	-0.3333333432674408	99.60626983642578
73	-0.3333333432674408	99.56163024902344
73	-1.0	99.60404968261719
73	-1.0	99.47907257080078
73	-1.0	99.65298461914062
73	-0.3333333432674408	99.52780151367188
73	-0.3333333432674408	99.62835693359375
73	-1.0	99.5969009399414
73	-1.0	99.72891998291016
73	0.02847149968147278	99.59593963623047
73	0.029969999566674232	99.613037109375
73	-1.0	99.5572280883789
73	-0.6666666865348816	99.72581481933594
73	-1.0	99.45219421386719
73	0.03096899949014187	99.56504821777344
74	0.033966001123189926	99.70362854003906
74	-1.0	99.61663818359375
74	-0.6666666865348816	99.4568862915039
74	0.03646349906921387	99.70667266845703
74	-1.0	99.54104614257812
74	-1.0	99.63395690917969
74	-1.0	99.63721466064453
74	-1.0	99.66151428222656
74	-0.3333333432674408	99.65420532226562
74	-0.6666666865348816	99.6807632446289
74	-0.3333333432674408	99.49076843261719
74	-1.0	99.55374145507812
74	-1.0	99.59730529785156
74	-1.0	99.61210632324219
74	-0.3333333432674408	99.6338119506836
74	0.03096899949014187	99.40789031982422
74	-1.0	99.430908203125
74	-0.3333333432674408	99.4455337524414
74	-1.0	99.578369140625
74	-0.3333333432674408	99.71226501464844
74	-0.3333333432674408	99.71350860595703
74	0.02297700010240078	99.39177703857422
74	-1.0	99.53581237792969
74	0.01748250052332878	99.67069244384766
74	0.029470499604940414	99.50569915771484
74	-1.0	99.55419921875
74	-1.0	99.45011138916016
74	-0.3333333432674408	99.4395523071289
74	0.0359640009701252	99.57815551757812
74	-1.0	99.63128662109375
75	-1.0	99.59381866455078
75	-1.0	99.53530883789062
75	-1.0	99.58193969726562
75	-0.3333333432674408	99.5689468383789
75	-0.3333333432674408	99.53343963623047
75	-0.3333333432674408	99.55545043945312
75	-1.0	99.55325317382812
75	-1.0	99.50891876220703
75	-1.0	99.49978637695312
75	-1.0	99.658203125
75	-1.0	99.64611053466797
75	-0.3333333432674408	99.59967041015625
75	-1.0	99.61507415771484
75	0.02847149968147278	99.56664276123047
75	-1.0	99.63758850097656
75	-0.6666666865348816	99.69233703613281
75	-1.0	99.51077270507812
75	-1.0	99.51412963867188
75	-0.3333333432674408	99.53436279296875
75	0.03246749937534332	99.48839569091797
75	-1.0	99.76022338867188
75	-1.0	99.65474700927734
75	-1.0	99.49746704101562
75	-1.0	99.44463348388672
75	-1.0	99.49880981445312
75	-1.0	99.62904357910156
75	-0.3333333432674408	99.64131164550781
75	-0.3333333432674408	99.6429672241211
75	-1.0	99.5432357788086
75	-0.3333333432674408	99.58830261230469
76	-1.0	99.6482925415039
76	-1.0	99.58642578125
76	-1.0	99.6147689819336
76	-0.6666666865348816	99.57180786132812
76	-1.0	99.65338134765625
76	-1.0	99.2426528930664
76	-1.0	99.6009521484375
76	-1.0	99.65245056152344
76	-0.3333333432674408	99.64021301269531
76	-1.0	99.6645736694336
76	-0.3333333432674408	99.62075805664062
76	0.025724250823259354	99.61420440673828
76	-0.3333333432674408	99.46839904785156
76	-0.6666666865348816	99.6407470703125
76	-1.0	99.58597564697266
76	-0.3333333432674408	99.44116973876953
76	0.02297700010240078	99.3864974975586
76	-1.0	99.57933044433594
76	-1.0	99.62989807128906
76	-1.0	99.65885925292969
76	-1.0	99.52305603027344
76	-1.0	99.72146606445312
76	0.03096899949014187	99.59534454345703
76	-1.0	99.629638671875
76	-1.0	99.68965911865234
76	-1.0	99.65870666503906
76	-0.6666666865348816	99.67831420898438
76	-1.0	99.55286407470703
76	-1.0	99.62539672851562
76	-1.0	99.676025390625
77	-1.0	99.63908386230469
77	-0.3333333432674408	99.65113830566406
77	-0.3333333432674408	99.70121002197266
77	-0.3333333432674408	99.58314514160156
77	0.026473499834537506	99.5602035522461
77	0.028970999643206596	99.60861206054688
77	-0.6666666865348816	99.63612365722656
77	-1.0	99.46464538574219
77	-1.0	99.62421417236328
77	-1.0	99.47410583496094
77	-1.0	99.66809844970703
77	-0.3333333432674408	99.44932556152344
77	-1.0	99.512451171875
77	-1.0	99.70838165283203
77	-1.0	99.66293334960938
77	-0.3333333432674408	99.54290008544922
77	-1.0	99.51837921142578
77	-1.0	99.64612579345703
77	-1.0	99.47086334228516
77	-1.0	99.434814453125
77	0.03146849945187569	99.59649658203125
77	-0.6666666865348816	99.52682495117188
77	-0.3333333432674408	99.56495666503906
77	-0.3333333432674408	99.62641906738281
77	-1.0	99.63761138916016
77	-1.0	99.6647720336914
77	0.02247750014066696	99.70392608642578
77	-1.0	99.56832885742188
77	0.024974999949336052	99.4618148803711
77	-1.0	99.54357147216797
78	-0.6666666865348816	99.6437759399414
78	-0.3333333432674408	99.69984436035156
78	-1.0	99.53480529785156
78	-1.0	99.63067626953125
78	-1.0	99.67308044433594
78	-0.3333333432674408	99.60470581054688
78	-1.0	99.62997436523438
78	-1.0	99.49703216552734
78	0.027472499758005142	99.56592559814453
78	-0.3333333432674408	99.6231918334961
78	-1.0	99.6441879272461
78	-0.3333333432674408	99.6644515991211
78	-0.6666666865348816	99.680908203125
78	-1.0	99.60482788085938
78	0.023976000025868416	99.65574645996094
78	-1.0	99.67930603027344
78	-1.0	99.51954650878906
78	-1.0	99.56560516357422
78	-1.0	99.60999298095703
78	-1.0	99.53170013427734
78	-0.6666666865348816	99.71492004394531
78	0.021978000178933144	99.60372924804688
78	-1.0	99.58761596679688
78	-1.0	99.63545989990234
78	-1.0	99.58301544189453
78	-1.0	99.59532165527344
78	0.024974999949336052	99.62617492675781
78	-1.0	99.62380981445312
78	0.03346649929881096	99.49762725830078
78	-0.3333333432674408	99.6162338256836
79	-1.0	99.55996704101562
79	0.029969999566674232	99.62619018554688
79	-0.3333333432674408	99.62989044189453
79	-0.3333333432674408	99.583740234375
79	-1.0	99.49616241455078
79	-0.3333333432674408	99.69889831542969
79	-1.0	99.6558609008789
79	0.026473499834537506	99.58757781982422
79	-0.3333333432674408	99.55931854248047
79	0.031968001276254654	99.66744232177734
79	-1.0	99.57125854492188
79	0.027472499758005142	99.59497833251953
79	0.023976000025868416	99.6865234375
79	-0.3333333432674408	99.66304779052734
79	-1.0	99.53075408935547
79	-1.0	99.55067443847656
79	-1.0	99.58198547363281
79	0.018481500446796417	99.64105224609375
79	-0.3333333432674408	99.63643646240234
79	-1.0	99.68998718261719
79	0.02547449991106987	99.52326965332031
79	-1.0	99.64286804199219
79	-1.0	99.55441284179688
79	-1.0	99.55718994140625
79	-1.0	99.67394256591797
79	-1.0	99.69264221191406
79	-1.0	99.68399047851562
79	0.023976000025868416	99.61012268066406
79	-1.0	99.68123626708984
79	-1.0	99.5974349975586
80	-1.0	99.4674072265625
80	-1.0	99.6171875
80	-1.0	99.6410140991211
80	-0.3333333432674408	99.65354919433594
80	-1.0	99.65779113769531
80	-0.3333333432674408	99.6606674194336
80	-1.0	99.64955139160156
80	-1.0	99.6325454711914
80	-1.0	99.42570495605469
80	-1.0	99.46778869628906
80	-1.0	99.60260772705078
80	-1.0	99.66687774658203
80	-0.3333333432674408	99.5675277709961
80	-1.0	99.6296615600586
80	-0.3333333432674408	99.49779510498047
80	-1.0	99.64105224609375
80	-1.0	99.61136627197266
80	0.027472499758005142	99.5191650390625
80	0.024475499987602234	99.5440673828125
80	-1.0	99.51142120361328
80	0.03346649929881096	99.65006256103516
80	-1.0	99.68531036376953
80	0.03896100074052811	99.663330078125
80	0.02047950029373169	99.552734375
80	0.026972999796271324	99.63810729980469
80	0.03346649929881096	99.52055358886719
80	-1.0	99.53075408935547
80	-1.0	99.62844848632812
80	-1.0	99.63455200195312
80	-1.0	99.5504150390625
81	-0.3333333432674408	99.60249328613281
81	-0.6666666865348816	99.60960388183594
81	0.026972999796271324	99.6541519165039
81	-0.3333333432674408	99.71836853027344
81	-1.0	99.65591430664062
81	-0.3333333432674408	99.69915771484375
81	-1.0	99.62069702148438
81	0.024974999949336052	99.6998291015625
81	-1.0	99.62409973144531
81	-0.3333333432674408	99.51776123046875
81	-0.3333333432674408	99.59004974365234
81	0.03146849945187569	99.6231689453125
81	-0.3333333432674408	99.64955139160156
81	-1.0	99.55311584472656
81	-0.6666666865348816	99.62444305419922
81	-0.3333333432674408	99.63340759277344
81	0.03046949952840805	99.59371948242188
81	-1.0	99.67662048339844
81	-1.0	99.68193054199219
81	-1.0	99.61639404296875
81	-0.3333333432674408	99.65107727050781
81	-1.0	99.65574645996094
81	-0.3333333432674408	99.71500396728516
81	-1.0	99.57872009277344
81	-0.3333333432674408	99.68987274169922
81	-0.6666666865348816	99.5924072265625
81	-1.0	99.68354797363281
81	0.029470499604940414	99.64862060546875
81	-0.3333333432674408	99.58256530761719
81	-1.0	99.64463806152344
82	-0.3333333432674408	99.62223815917969
82	-1.0	99.61112976074219
82	0.018981000408530235	99.58452606201172
82	0.020979000255465508	99.65087127685547
82	-1.0	99.64434051513672
82	-0.3333333432674408	99.47239685058594
82	-1.0	99.53450775146484
82	-0.6666666865348816	99.50276947021484
82	-0.3333333432674408	99.62937927246094
82	-1.0	99.654296875
82	-1.0	99.51350402832031
82	-0.3333333432674408	99.62696838378906
82	0.0374624989926815	99.6082992553711
82	-1.0	99.56143188476562
82	-1.0	99.34391784667969
82	-1.0	99.58636474609375
82	0.03846149891614914	99.59278106689453
82	-1.0	99.67878723144531
82	-1.0	99.57574462890625
82	-0.3333333432674408	99.58177947998047
82	0.034465499222278595	99.47331237792969
82	-1.0	99.58718872070312
82	-1.0	99.64825439453125
82	-0.6666666865348816	99.616455078125
82	-0.3333333432674408	99.6522445678711
82	-1.0	99.64918518066406
82	0.02847149968147278	99.65969848632812
82	-1.0	99.54278564453125
82	-0.3333333432674408	99.58160400390625
82	-0.3333333432674408	99.62806701660156
83	-1.0	99.68460845947266
83	-1.0	99.48390197753906
83	-1.0	99.68904113769531
83	-1.0	99.53421020507812
83	-1.0	99.5464859008789
83	-1.0	99.64695739746094
83	0.03146849945187569	99.6851806640625
83	-0.3333333432674408	99.62934112548828
83	-1.0	99.67122650146484
83	-1.0	99.553955078125
83	-1.0	99.65565490722656
83	0.01998000033199787	99.63673400878906
83	-1.0	99.46888732910156
83	-1.0	99.5971450805664
83	0.03046949952840805	99.59388732910156
83	-0.3333333432674408	99.54246520996094
83	-1.0	99.49253845214844
83	-1.0	99.46483612060547
83	-1.0	99.51387023925781
83	-1.0	99.43952178955078
83	-1.0	99.60884094238281
83	-1.0	99.6904525756836
83	-0.3333333432674408	99.68204498291016
83	-1.0	99.67613983154297
83	-1.0	99.57049560546875
83	-0.3333333432674408	99.66546630859375
83	-1.0	99.61628723144531
83	-0.6666666865348816	99.59478759765625
83	-1.0	99.69427490234375
83	-0.3333333432674408	99.67230224609375
84	-1.0	99.67888641357422
84	-1.0	99.61034393310547
84	-1.0	99.66853332519531
84	-0.3333333432674408	99.57530975341797
84	-1.0	99.70294189453125
84	-1.0	99.6398696899414
84	-1.0	99.677978515625
84	-1.0	99.69923400878906
84	-0.3333333432674408	99.48841857910156
84	-1.0	99.68236541748047
84	-0.3333333432674408	99.71965789794922
84	-1.0	99.67369842529297
84	-0.3333333432674408	99.72731018066406
84	-0.6666666865348816	99.52200317382812
84	-1.0	99.67328643798828
84	-1.0	99.47120666503906
84	-1.0	99.54891967773438
84	-0.3333333432674408	99.62108612060547
84	-1.0	99.59963989257812
84	-1.0	99.67074584960938
84	-1.0	99.6755599975586
84	-0.3333333432674408	99.63102722167969
84	-1.0	99.5430908203125
84	-1.0	99.60667419433594
84	-1.0	99.61172485351562
84	-0.6666666865348816	99.66863250732422
84	0.013236749917268753	99.58478546142578
84	-1.0	99.62599182128906
84	-1.0	99.64996337890625
84	0.024475499987602234	99.59117126464844
85	-1.0	99.6282730102539
85	-1.0	99.50048065185547
85	-1.0	99.53253936767578
85	-1.0	99.65850830078125
85	-0.3333333432674408	99.57232666015625
85	0.024974999949336052	99.67447662353516
85	-1.0	99.60061645507812
85	-1.0	99.61244201660156
85	-0.6666666865348816	99.62879180908203
85	0.018481500446796417	99.55250549316406
85	-1.0	99.64425659179688
85	-1.0	99.64678192138672
85	-1.0	99.56471252441406
85	0.020979000255465508	99.66260528564453
85	-1.0	99.60563659667969
85	-0.6666666865348816	99.45597839355469
85	-1.0	99.66981506347656
85	-1.0	99.65750122070312
85	-1.0	99.64384460449219
85	-0.3333333432674408	99.50440979003906
85	0.029969999566674232	99.667236328125
85	-1.0	99.65718841552734
85	0.014485499821603298	99.62429809570312
85	-1.0	99.6779556274414
85	0.029470499604940414	99.53009033203125
85	-1.0	99.72127532958984
85	-0.3333333432674408	99.51972961425781
85	-1.0	99.59634399414062
85	-0.3333333432674408	99.40873718261719
85	-0.3333333432674408	99.56582641601562
86	0.014485499821603298	99.64524841308594
86	-0.3333333432674408	99.62705993652344
86	0.026473499834537506	99.66514587402344
86	0.026972999796271324	99.51628112792969
86	-0.3333333432674408	99.64153289794922
86	0.024974999949336052	99.66136169433594
86	-1.0	99.65384674072266
86	-1.0	99.51840209960938
86	-1.0	99.61878967285156
86	-1.0	99.70096588134766
86	-0.3333333432674408	99.54910278320312
86	-1.0	99.64581298828125
86	-1.0	99.64000701904297
86	-1.0	99.5495376586914
86	-0.3333333432674408	99.55989074707031
86	-1.0	99.5555191040039
86	-1.0	99.59156799316406
86	-0.6666666865348816	99.51897430419922
86	-1.0	99.57217407226562
86	0.02847149968147278	99.5993881225586
86	-0.3333333432674408	99.68434143066406
86	-1.0	99.5339584350586
86	0.024475499987602234	99.61186218261719
86	-1.0	99.57112884521484
86	-1.0	99.70572662353516
86	-0.6666666865348816	99.62468719482422
86	-1.0	99.48545837402344
86	-1.0	99.62638854980469
86	-0.3333333432674408	99.69198608398438
86	-1.0	99.59526062011719
87	-1.0	99.66390991210938
87	-1.0	99.52334594726562
87	-0.3333333432674408	99.55204010009766
87	-1.0	99.60894775390625
87	0.02847149968147278	99.62268829345703
87	0.024475499987602234	99.48900604248047
87	-0.3333333432674408	99.59689331054688
87	0.0374624989926815	99.38648986816406
87	-0.3333333432674408	99.67427062988281
87	-1.0	99.5935287475586
87	-0.3333333432674408	99.57820892333984
87	-1.0	99.49935150146484
87	-1.0	99.64665222167969
87	-1.0	99.64392852783203
87	-0.3333333432674408	99.53825378417969
87	-1.0	99.50044250488281
87	-0.6666666865348816	99.63582611083984
87	0.028970999643206596	99.61344909667969
87	-0.6666666865348816	99.59077453613281
87	-0.3333333432674408	99.3963623046875
87	-1.0	99.43950653076172
87	-0.3333333432674408	99.65618896484375
87	0.025973999872803688	99.51901245117188
87	-0.3333333432674408	99.61254119873047
87	-1.0	99.59917449951172
87	0.026972999796271324	99.54065704345703
87	0.015984000638127327	99.48967742919922
87	-1.0	99.60430145263672
87	0.029470499604940414	99.57212829589844
87	-1.0	99.54727172851562
88	-1.0	99.65611267089844
88	-1.0	99.64682006835938
88	-0.3333333432674408	99.70779418945312
88	-0.3333333432674408	99.56352996826172
88	-1.0	99.60907745361328
88	-1.0	99.65119934082031
88	-0.6666666865348816	99.57659149169922
88	-0.3333333432674408	99.56761169433594
88	-0.3333333432674408	99.61738586425781
88	-0.3333333432674408	99.66817474365234
88	-0.3333333432674408	99.51409912109375
88	-1.0	99.67153930664062
88	0.02797199971973896	99.62159729003906
88	-1.0	99.54180145263672
88	-1.0	99.59258270263672
88	-0.3333333432674408	99.63301086425781
88	-1.0	99.47611236572266
88	-0.3333333432674408	99.33984375
88	-1.0	99.66356658935547
88	-1.0	99.44720458984375
88	-1.0	99.64031219482422
88	-1.0	99.66405487060547
88	0.021978000178933144	99.55213928222656
88	-1.0	99.59080505371094
88	-1.0	99.67596435546875
88	-1.0	99.5984115600586
88	-0.3333333432674408	99.55721282958984
88	-0.6666666865348816	99.57666778564453
88	-0.3333333432674408	99.66524505615234
88	0.021978000178933144	99.58284759521484
89	-1.0	99.7115478515625
89	-0.6666666865348816	99.66509246826172
89	0.03246749937534332	99.65630340576172
89	-1.0	99.69922637939453
89	-0.3333333432674408	99.6511001586914
89	-0.3333333432674408	99.60160064697266
89	-1.0	99.51387023925781
89	-1.0	99.61827087402344
89	-0.3333333432674408	99.66071319580078
89	-0.3333333432674408	99.60694885253906
89	-1.0	99.63455963134766
89	-1.0	99.64695739746094
89	-1.0	99.63005828857422
89	-0.3333333432674408	99.67506408691406
89	0.026473499834537506	99.69579315185547
89	-1.0	99.63670349121094
89	-0.3333333432674408	99.67601013183594
89	-1.0	99.6319580078125
89	-0.3333333432674408	99.67719268798828
89	-1.0	99.71776580810547
89	-1.0	99.66036224365234
89	0.019480500370264053	99.71428680419922
89	-1.0	99.57390594482422
89	-1.0	99.71797943115234
89	0.028970999643206596	99.62367248535156
89	-1.0	99.69369506835938
89	-1.0	99.61433410644531
89	-1.0	99.64015197753906
89	-1.0	99.6568603515625
89	-1.0	99.64820098876953
90	-1.0	99.7091293334961
90	-0.3333333432674408	99.73846435546875
90	-1.0	99.69288635253906
90	-1.0	99.6964340209961
90	-1.0	99.69499206542969
90	-1.0	99.69920349121094
90	-1.0	99.66703796386719
90	-0.3333333432674408	99.65821838378906
90	-1.0	99.70097351074219
90	-1.0	99.7225341796875
90	-1.0	99.5335464477539
90	-1.0	99.69231414794922
90	0.02847149968147278	99.53388977050781
90	-1.0	99.66839599609375
90	-1.0	99.65946960449219
90	-0.3333333432674408	99.6893310546875
90	-1.0	99.66314697265625
90	-0.3333333432674408	99.65503692626953
90	-1.0	99.64900970458984
90	-1.0	99.6678466796875
90	0.023976000025868416	99.61750030517578
90	-0.3333333432674408	99.61878967285156
90	-0.6666666865348816	99.62517547607422
90	-1.0	99.67973327636719
90	-1.0	99.61940002441406
90	-1.0	99.7087173461914
90	-1.0	99.71210479736328
90	-1.0	99.67742919921875
90	0.02247750014066696	99.70700073242188
90	0.016983000561594963	99.63130950927734
