# num_workers = 8
# num_cells = 256
# seed_for_environment = 468
# lr = 0.0003
# max_grad_norm = 1.0
# eval_rollout_length = 30
# scaling_factor = 1000
# frames_per_batch = 500
# sub_batch_size = 64
# num_epochs = 15
# clip_epsilon = 0.2
# gamma = 0.99
# lmbda = 0.95
# entropy_eps = 0.5
# env_reward_engineering = True
# env_minimum_number_of_qubits = 1
# log_name = None
# env_error_range = dataCollection
# env_version = qecc/bbcode-ldpc-v0
# env_bit_flipping = True
# env_l = 12
# env_m = 6
# env_use_dict_observation = True
# env_number_of_decoder_iterations = 50
# env_number_of_samples = 50
# env_code_logging = True
# model_architecture = hybrid
# model_surrogate_model_path = /rds/general/user/osella/home/rl-qecc-data//supervisedLearning/2026-07-12_20-18-32/surrogate_6x6.pth
# model_use_pretrained_encoder = False
# index_to_unfreeze_encoder_updates = 20
# encoder_lr_factor = 0.1
# training_device = cpu
# Resolved arguments:
# Resolved_env_reward_engineering = True
# Resolved_env_reward_integral = Between prob. of no error and curve.
# Resolved_env_bit_flipping = True
# Resolved_env_useDictObservation = True
# Resolved_env_code_logging = True
# Resolved_env_error_range = [np.float64(0.0001), np.float64(0.000215), np.float64(0.000464), np.float64(0.001), np.float64(0.002154), np.float64(0.003162), np.float64(0.004642), np.float64(0.01), np.float64(0.021544), np.float64(0.025075), np.float64(0.031623), np.float64(0.046416), np.float64(0.05005), np.float64(0.075025), np.float64(0.1)]
# Resolved_model_use_pretrained_encoder = False
# Resolved_trainingDevice = cpu
# Resolved_model_architecture = hybrid
# Number of workers: 8
# Does torch identify cuda: False
# encoder ***RANDOM WEIGHTS***
evaluation number	reward	policy entropy	policy entropy aX	policy entropy bX	policy entropy aY	policy entropy bY	Encoder freeze	postAction_aX	postAction_bX	postAction_aY	postAction_bY
0	0.3952621817588806	8.975177764892578	2.5508627891540527	2.5516536235809326	1.9382680654525757	1.9343935251235962	True	[0 0 0 0 0 0 0 0 0 1 0 0]	[0 0 0 0 0 0 0 0 0 0 0 1]	[0 1 0 0 0 0]	[0 1 0 0 0 0]
0	0.24464325606822968	8.988712310791016	2.55580735206604	2.555677890777588	1.9370819330215454	1.9401447772979736	True	[0 0 0 0 0 0 0 0 0 0 0 0]	[0 0 0 0 0 0 0 0 1 0 0 1]	[0 1 0 1 0 0]	[0 1 0 0 0 1]
0	0.39273345470428467	8.98659896850586	2.554619550704956	2.5552632808685303	1.9377455711364746	1.9389705657958984	True	[0 0 0 0 0 0 0 0 0 1 0 0]	[0 0 0 0 0 0 0 0 0 0 0 1]	[0 1 0 0 0 0]	[0 0 0 0 0 1]
0	0.27590519189834595	8.988384246826172	2.5557260513305664	2.5557069778442383	1.937150478363037	1.9398002624511719	True	[0 0 0 0 0 0 0 0 0 0 0 0]	[0 0 0 0 0 0 0 0 1 0 0 1]	[0 1 0 1 0 0]	[0 0 0 0 0 0]
0	0.39060938358306885	8.987075805664062	2.5548369884490967	2.555307388305664	1.9376481771469116	1.939283013343811	True	[0 0 0 0 0 0 0 0 0 1 0 0]	[0 0 0 0 0 0 0 0 0 0 0 1]	[0 1 0 0 0 0]	[0 1 0 0 0 0]
0	0.22446641325950623	8.988325119018555	2.555678606033325	2.555647373199463	1.9370121955871582	1.9399871826171875	True	[0 0 0 0 0 0 0 0 0 0 0 0]	[0 0 0 0 0 0 0 0 1 0 0 1]	[0 1 0 1 0 0]	[0 1 0 0 0 1]
0	0.4062446355819702	8.986703872680664	2.5546724796295166	2.5553181171417236	1.9376287460327148	1.9390850067138672	True	[0 0 0 0 0 0 0 0 0 1 0 0]	[0 0 0 0 0 0 0 0 0 0 0 1]	[0 1 0 0 0 0]	[0 0 0 0 0 1]
0	0.3001856803894043	8.988457679748535	2.555664300918579	2.5558266639709473	1.9371256828308105	1.93984055519104	True	[0 0 0 0 0 0 0 0 0 0 0 0]	[0 0 0 0 0 0 0 0 1 0 0 1]	[0 1 0 1 0 0]	[0 0 0 0 0 0]
0	0.39045917987823486	8.987617492675781	2.5546674728393555	2.5554676055908203	1.9379785060882568	1.9395031929016113	True	[0 0 0 0 0 0 0 0 0 1 0 0]	[0 0 0 0 0 0 0 0 0 0 0 1]	[0 1 0 0 0 0]	[0 1 0 0 0 0]
0	0.2347487211227417	8.988727569580078	2.5556447505950928	2.5559699535369873	1.9372745752334595	1.939838171005249	True	[0 0 0 0 0 0 0 0 0 0 0 0]	[0 0 0 0 0 0 0 0 1 0 0 1]	[0 1 0 1 0 0]	[0 1 0 0 0 1]
0	0.38771042227745056	8.986549377441406	2.554500102996826	2.55513334274292	1.937853455543518	1.9390629529953003	True	[0 0 0 0 0 0 0 0 0 1 0 0]	[0 0 0 0 0 0 0 0 0 0 0 1]	[0 1 0 0 0 0]	[0 0 0 0 0 1]
0	0.28255385160446167	8.988256454467773	2.555699586868286	2.5556607246398926	1.9370911121368408	1.939805030822754	True	[0 0 0 0 0 0 0 0 0 0 0 0]	[0 0 0 0 0 0 0 0 1 0 0 1]	[0 1 0 1 0 0]	[0 0 0 0 0 0]
0	0.3908323049545288	8.986690521240234	2.5546469688415527	2.5553293228149414	1.937584638595581	1.9391303062438965	True	[0 0 0 0 0 0 0 0 0 1 0 0]	[0 0 0 0 0 0 0 0 0 0 0 1]	[0 1 0 0 0 0]	[0 1 0 0 0 0]
0	0.24999725818634033	8.988037109375	2.55558180809021	2.5557289123535156	1.9366512298583984	1.9400748014450073	True	[0 0 0 0 0 0 0 0 0 0 0 0]	[0 0 0 0 0 0 0 0 1 0 0 1]	[0 1 0 1 0 0]	[0 1 0 0 0 1]
0	0.39021825790405273	8.986846923828125	2.554640293121338	2.5552148818969727	1.9375807046890259	1.9394110441207886	True	[0 0 0 0 0 0 0 0 0 1 0 0]	[0 0 0 0 0 0 0 0 0 0 0 1]	[0 1 0 0 0 0]	[0 0 0 0 0 1]
0	0.28662601113319397	8.98845386505127	2.555558681488037	2.5557336807250977	1.937253475189209	1.9399076700210571	True	[0 0 0 0 0 0 0 0 0 0 0 0]	[0 0 0 0 0 0 0 0 1 0 0 1]	[0 1 0 1 0 0]	[0 0 0 0 0 0]
0	0.40758103132247925	8.987081527709961	2.554509401321411	2.5552868843078613	1.9380028247833252	1.939282774925232	True	[0 0 0 0 0 0 0 0 0 1 0 0]	[0 0 0 0 0 0 0 0 0 0 0 1]	[0 1 0 0 0 0]	[0 1 0 0 0 0]
0	0.24536234140396118	8.988543510437012	2.555542469024658	2.555873155593872	1.937084674835205	1.9400429725646973	True	[0 0 0 0 0 0 0 0 0 0 0 0]	[0 0 0 0 0 0 0 0 1 0 0 1]	[0 1 0 1 0 0]	[0 1 0 0 0 1]
0	0.3335985839366913	8.986814498901367	2.554638624191284	2.5552260875701904	1.937803030014038	1.9391473531723022	True	[0 0 0 0 0 0 0 0 0 1 0 0]	[0 0 0 0 0 0 0 0 0 0 0 1]	[0 1 0 0 0 0]	[0 0 0 0 0 1]
0	0.25580894947052	8.98930549621582	2.555845022201538	2.5559372901916504	1.9375419616699219	1.9399819374084473	True	[0 0 0 0 0 0 0 0 0 0 0 0]	[0 0 0 0 0 0 0 0 1 0 0 1]	[0 1 0 1 0 0]	[0 0 0 0 0 0]
0	0.3638133704662323	8.987168312072754	2.5547311305999756	2.5554468631744385	1.9377716779708862	1.9392181634902954	True	[0 0 0 0 0 0 0 0 0 1 0 0]	[0 0 0 0 0 0 0 0 0 0 0 1]	[0 1 0 0 0 0]	[0 1 0 0 0 0]
0	0.23147138953208923	8.988530158996582	2.555523157119751	2.5558269023895264	1.9371086359024048	1.9400718212127686	True	[0 0 0 0 0 0 0 0 0 0 0 0]	[0 0 0 0 0 0 0 0 1 0 0 1]	[0 1 0 1 0 0]	[0 1 0 0 0 1]
0	0.35878807306289673	8.987128257751465	2.5547142028808594	2.555278778076172	1.9378118515014648	1.9393236637115479	True	[0 0 0 0 0 0 0 0 0 1 0 0]	[0 0 0 0 0 0 0 0 0 0 0 1]	[0 1 0 0 0 0]	[0 0 0 0 0 1]
0	0.2760097086429596	8.988308906555176	2.5554802417755127	2.555739164352417	1.9368458986282349	1.9402437210083008	True	[0 0 0 0 0 0 0 0 0 0 0 0]	[0 0 0 0 0 0 0 0 1 0 0 1]	[0 1 0 1 0 0]	[0 0 0 0 0 0]
0	0.3735952377319336	8.986873626708984	2.554753065109253	2.555232048034668	1.9378318786621094	1.9390562772750854	True	[0 0 0 0 0 0 0 0 0 1 0 0]	[0 0 0 0 0 0 0 0 0 0 0 1]	[0 1 0 0 0 0]	[0 1 0 0 0 0]
0	0.2150207757949829	8.988466262817383	2.5557169914245605	2.5557861328125	1.9369133710861206	1.9400501251220703	True	[0 0 0 0 0 0 0 0 0 0 0 0]	[0 0 0 0 0 0 0 0 1 0 0 1]	[0 1 0 1 0 0]	[0 1 0 0 0 1]
0	0.39008334279060364	8.98747444152832	2.5549466609954834	2.5552990436553955	1.9378070831298828	1.9394217729568481	True	[0 0 0 0 0 0 0 0 0 1 0 0]	[0 0 0 0 0 0 0 0 0 0 0 1]	[0 1 0 0 0 0]	[0 0 0 0 0 1]
0	0.2810785174369812	8.988694190979004	2.555722713470459	2.555734634399414	1.9372167587280273	1.9400198459625244	True	[0 0 0 0 0 0 0 0 0 0 0 0]	[0 0 0 0 0 0 0 0 1 0 0 1]	[0 1 0 1 0 0]	[0 0 0 0 0 0]
0	0.37450289726257324	8.98690414428711	2.5545477867126465	2.5553441047668457	1.9379363059997559	1.9390758275985718	True	[0 0 0 0 0 0 0 0 0 1 0 0]	[0 0 0 0 0 0 0 0 0 0 0 1]	[0 1 0 0 0 0]	[0 1 0 0 0 0]
0	0.23245197534561157	8.988567352294922	2.555708646774292	2.5560240745544434	1.9369817972183228	1.9398536682128906	True	[0 0 0 0 0 0 0 0 0 0 0 0]	[0 0 0 0 0 0 0 0 1 0 0 1]	[0 1 0 1 0 0]	[0 1 0 0 0 1]
